Quarter,QuarterQF,HB,HBQF,Location,LocationQF,AdmissionType,AdmissionTypeQF,SIMD,SIMDQF,Episodes,LengthOfEpisode,AverageLengthOfEpisode,AverageLengthOfEpisodeQF,Stays,LengthOfStay,AverageLengthOfStay,AverageLengthOfStayQF
2017Q4,,S08000015,,S12000008,,Elective Inpatients,,1,,260,842,3.23846153846154,,265,1153,4.35094339622642,
2018Q1,,S08000015,,S12000008,,Elective Inpatients,,1,,233,563,2.41630901287554,,230,750,3.26086956521739,
2018Q2,,S08000015,,S12000008,,Elective Inpatients,,1,,239,665,2.78242677824268,,245,875,3.57142857142857,
2018Q3,,S08000015,,S12000008,,Elective Inpatients,,1,,204,465,2.27941176470588,,215,821,3.81860465116279,
2018Q4,,S08000015,,S12000008,,Elective Inpatients,,1,,204,518,2.53921568627451,,215,664,3.08837209302326,
2019Q1,,S08000015,,S12000008,,Elective Inpatients,,1,,211,378,1.7914691943128,,215,746,3.46976744186047,
2019Q2,,S08000015,,S12000008,,Elective Inpatients,,1,,220,493,2.24090909090909,,225,640,2.84444444444444,
2019Q3,,S08000015,,S12000008,,Elective Inpatients,,1,,189,605,3.2010582010582,,204,769,3.76960784313725,
2019Q4,,S08000015,,S12000008,,Elective Inpatients,,1,,194,431,2.22164948453608,,200,574,2.87,
2020Q1,,S08000015,,S12000008,,Elective Inpatients,,1,,190,365,1.92105263157895,,200,577,2.885,
2020Q2,,S08000015,,S12000008,,Elective Inpatients,,1,,65,146,2.24615384615385,,65,350,5.38461538461539,
2020Q3,,S08000015,,S12000008,,Elective Inpatients,,1,,101,305,3.01980198019802,,100,369,3.69,
2020Q4,,S08000015,,S12000008,,Elective Inpatients,,1,,139,318,2.28776978417266,,140,498,3.55714285714286,
2021Q1,,S08000015,,S12000008,,Elective Inpatients,,1,,71,290,4.08450704225352,,70,344,4.91428571428571,
2021Q2,,S08000015,,S12000008,,Elective Inpatients,,1,,165,415,2.51515151515152,,165,598,3.62424242424242,
2021Q3,,S08000015,,S12000008,,Elective Inpatients,,1,,113,251,2.2212389380531,,125,498,3.984,
2021Q4,,S08000015,,S12000008,,Elective Inpatients,,1,,124,284,2.29032258064516,,125,453,3.624,
2022Q1,,S08000015,,S12000008,,Elective Inpatients,,1,,109,255,2.3394495412844,,115,384,3.33913043478261,
2022Q2,,S08000015,,S12000008,,Elective Inpatients,,1,,113,307,2.71681415929204,,120,565,4.70833333333333,
2022Q3,,S08000015,,S12000008,,Elective Inpatients,,1,,168,474,2.82142857142857,,180,561,3.11666666666667,
2022Q4,p,S08000015,,S12000008,,Elective Inpatients,,1,,156,475,3.0448717948718,,165,625,3.78787878787879,
2017Q4,,S08000015,,S12000008,,Elective Inpatients,,2,,200,695,3.475,,205,802,3.91219512195122,
2018Q1,,S08000015,,S12000008,,Elective Inpatients,,2,,155,577,3.72258064516129,,170,762,4.48235294117647,
2018Q2,,S08000015,,S12000008,,Elective Inpatients,,2,,191,613,3.20942408376963,,195,622,3.18974358974359,
2018Q3,,S08000015,,S12000008,,Elective Inpatients,,2,,165,408,2.47272727272727,,175,788,4.50285714285714,
2018Q4,,S08000015,,S12000008,,Elective Inpatients,,2,,173,604,3.49132947976879,,180,718,3.98888888888889,
2019Q1,,S08000015,,S12000008,,Elective Inpatients,,2,,214,484,2.26168224299065,,222,678,3.05405405405405,
2019Q2,,S08000015,,S12000008,,Elective Inpatients,,2,,185,370,2,,188,611,3.25,
2019Q3,,S08000015,,S12000008,,Elective Inpatients,,2,,157,445,2.8343949044586,,165,603,3.65454545454545,
2019Q4,,S08000015,,S12000008,,Elective Inpatients,,2,,179,527,2.94413407821229,,190,755,3.97368421052632,
2020Q1,,S08000015,,S12000008,,Elective Inpatients,,2,,124,333,2.68548387096774,,135,509,3.77037037037037,
2020Q2,,S08000015,,S12000008,,Elective Inpatients,,2,,30,75,2.5,,26,80,3.07692307692308,
2020Q3,,S08000015,,S12000008,,Elective Inpatients,,2,,97,434,4.47422680412371,,100,555,5.55,
2020Q4,,S08000015,,S12000008,,Elective Inpatients,,2,,95,262,2.75789473684211,,100,324,3.24,
2021Q1,,S08000015,,S12000008,,Elective Inpatients,,2,,91,319,3.50549450549451,,90,581,6.45555555555556,
2021Q2,,S08000015,,S12000008,,Elective Inpatients,,2,,117,280,2.39316239316239,,125,428,3.424,
2021Q3,,S08000015,,S12000008,,Elective Inpatients,,2,,103,403,3.9126213592233,,100,488,4.88,
2021Q4,,S08000015,,S12000008,,Elective Inpatients,,2,,123,369,3,,125,464,3.712,
2022Q1,,S08000015,,S12000008,,Elective Inpatients,,2,,94,313,3.32978723404255,,100,491,4.91,
2022Q2,,S08000015,,S12000008,,Elective Inpatients,,2,,128,333,2.6015625,,130,431,3.31538461538462,
2022Q3,,S08000015,,S12000008,,Elective Inpatients,,2,,129,378,2.93023255813953,,135,704,5.21481481481482,
2022Q4,p,S08000015,,S12000008,,Elective Inpatients,,2,,128,300,2.34375,,130,433,3.33076923076923,
2017Q4,,S08000015,,S12000008,,Elective Inpatients,,3,,128,458,3.578125,,126,530,4.20634920634921,
2018Q1,,S08000015,,S12000008,,Elective Inpatients,,3,,129,548,4.24806201550388,,135,746,5.52592592592593,
2018Q2,,S08000015,,S12000008,,Elective Inpatients,,3,,113,209,1.84955752212389,,115,269,2.33913043478261,
2018Q3,,S08000015,,S12000008,,Elective Inpatients,,3,,118,328,2.77966101694915,,125,517,4.136,
2018Q4,,S08000015,,S12000008,,Elective Inpatients,,3,,136,253,1.86029411764706,,140,371,2.65,
2019Q1,,S08000015,,S12000008,,Elective Inpatients,,3,,146,307,2.1027397260274,,150,487,3.24666666666667,
2019Q2,,S08000015,,S12000008,,Elective Inpatients,,3,,140,370,2.64285714285714,,145,544,3.75172413793103,
2019Q3,,S08000015,,S12000008,,Elective Inpatients,,3,,128,388,3.03125,,134,508,3.7910447761194,
2019Q4,,S08000015,,S12000008,,Elective Inpatients,,3,,112,370,3.30357142857143,,116,393,3.38793103448276,
2020Q1,,S08000015,,S12000008,,Elective Inpatients,,3,,100,280,2.8,,105,637,6.06666666666667,
2020Q2,,S08000015,,S12000008,,Elective Inpatients,,3,,28,62,2.21428571428571,,25,80,3.2,
2020Q3,,S08000015,,S12000008,,Elective Inpatients,,3,,69,166,2.40579710144928,,71,240,3.38028169014085,
2020Q4,,S08000015,,S12000008,,Elective Inpatients,,3,,70,147,2.1,,70,216,3.08571428571429,
2021Q1,,S08000015,,S12000008,,Elective Inpatients,,3,,46,103,2.23913043478261,,50,134,2.68,
2021Q2,,S08000015,,S12000008,,Elective Inpatients,,3,,75,177,2.36,,80,196,2.45,
2021Q3,,S08000015,,S12000008,,Elective Inpatients,,3,,64,172,2.6875,,70,249,3.55714285714286,
2021Q4,,S08000015,,S12000008,,Elective Inpatients,,3,,70,216,3.08571428571429,,70,377,5.38571428571429,
2022Q1,,S08000015,,S12000008,,Elective Inpatients,,3,,73,307,4.2054794520548,,75,387,5.16,
2022Q2,,S08000015,,S12000008,,Elective Inpatients,,3,,91,272,2.98901098901099,,90,354,3.93333333333333,
2022Q3,,S08000015,,S12000008,,Elective Inpatients,,3,,98,295,3.01020408163265,,105,423,4.02857142857143,
2022Q4,p,S08000015,,S12000008,,Elective Inpatients,,3,,101,372,3.6831683168316798,,105,517,4.92380952380952,
2017Q4,,S08000015,,S12000008,,Elective Inpatients,,4,,122,381,3.12295081967213,,123,415,3.3739837398374,
2018Q1,,S08000015,,S12000008,,Elective Inpatients,,4,,100,289,2.89,,100,426,4.26,
2018Q2,,S08000015,,S12000008,,Elective Inpatients,,4,,103,199,1.93203883495146,,105,315,3,
2018Q3,,S08000015,,S12000008,,Elective Inpatients,,4,,107,267,2.49532710280374,,110,345,3.13636363636364,
2018Q4,,S08000015,,S12000008,,Elective Inpatients,,4,,115,328,2.85217391304348,,110,394,3.58181818181818,
2019Q1,,S08000015,,S12000008,,Elective Inpatients,,4,,117,245,2.09401709401709,,119,279,2.34453781512605,
2019Q2,,S08000015,,S12000008,,Elective Inpatients,,4,,109,238,2.18348623853211,,114,422,3.70175438596491,
2019Q3,,S08000015,,S12000008,,Elective Inpatients,,4,,111,341,3.07207207207207,,110,500,4.54545454545455,
2019Q4,,S08000015,,S12000008,,Elective Inpatients,,4,,100,321,3.21,,100,430,4.3,
2020Q1,,S08000015,,S12000008,,Elective Inpatients,,4,,79,166,2.1012658227848098,,80,233,2.9125,
2020Q2,,S08000015,,S12000008,,Elective Inpatients,,4,,26,75,2.88461538461538,,25,93,3.72,
2020Q3,,S08000015,,S12000008,,Elective Inpatients,,4,,43,75,1.74418604651163,,44,155,3.52272727272727,
2020Q4,,S08000015,,S12000008,,Elective Inpatients,,4,,60,158,2.63333333333333,,65,334,5.13846153846154,
2021Q1,,S08000015,,S12000008,,Elective Inpatients,,4,,32,110,3.4375,,35,191,5.45714285714286,
2021Q2,,S08000015,,S12000008,,Elective Inpatients,,4,,71,141,1.98591549295775,,75,236,3.14666666666667,
2021Q3,,S08000015,,S12000008,,Elective Inpatients,,4,,60,136,2.26666666666667,,66,224,3.39393939393939,
2021Q4,,S08000015,,S12000008,,Elective Inpatients,,4,,63,156,2.47619047619048,,63,240,3.80952380952381,
2022Q1,,S08000015,,S12000008,,Elective Inpatients,,4,,49,121,2.46938775510204,,51,168,3.29411764705882,
2022Q2,,S08000015,,S12000008,,Elective Inpatients,,4,,79,235,2.9746835443038,,80,286,3.575,
2022Q3,,S08000015,,S12000008,,Elective Inpatients,,4,,69,222,3.21739130434783,,70,294,4.2,
2022Q4,p,S08000015,,S12000008,,Elective Inpatients,,4,,92,254,2.76086956521739,,105,585,5.57142857142857,
2017Q4,,S08000015,,S12000008,,Elective Inpatients,,5,,74,255,3.44594594594595,,75,360,4.8,
2018Q1,,S08000015,,S12000008,,Elective Inpatients,,5,,67,179,2.67164179104478,,70,318,4.54285714285714,
2018Q2,,S08000015,,S12000008,,Elective Inpatients,,5,,59,177,3,,60,262,4.36666666666667,
2018Q3,,S08000015,,S12000008,,Elective Inpatients,,5,,59,216,3.66101694915254,,65,280,4.30769230769231,
2018Q4,,S08000015,,S12000008,,Elective Inpatients,,5,,77,189,2.45454545454545,,79,249,3.15189873417722,
2019Q1,,S08000015,,S12000008,,Elective Inpatients,,5,,85,192,2.25882352941176,,90,248,2.75555555555556,
2019Q2,,S08000015,,S12000008,,Elective Inpatients,,5,,93,204,2.19354838709677,,95,269,2.83157894736842,
2019Q3,,S08000015,,S12000008,,Elective Inpatients,,5,,66,184,2.78787878787879,,70,255,3.64285714285714,
2019Q4,,S08000015,,S12000008,,Elective Inpatients,,5,,61,262,4.29508196721311,,65,403,6.2,
2020Q1,,S08000015,,S12000008,,Elective Inpatients,,5,,64,125,1.953125,,65,156,2.4,
2020Q2,,S08000015,,S12000008,,Elective Inpatients,,5,,15,14,0.933333333333333,,15,42,2.8,
2020Q3,,S08000015,,S12000008,,Elective Inpatients,,5,,40,117,2.925,,40,139,3.475,
2020Q4,,S08000015,,S12000008,,Elective Inpatients,,5,,37,96,2.59459459459459,,35,164,4.68571428571429,
2021Q1,,S08000015,,S12000008,,Elective Inpatients,,5,,35,57,1.62857142857143,,35,137,3.91428571428571,
2021Q2,,S08000015,,S12000008,,Elective Inpatients,,5,,50,95,1.9,,50,178,3.56,
2021Q3,,S08000015,,S12000008,,Elective Inpatients,,5,,42,122,2.9047619047619,,44,183,4.15909090909091,
2021Q4,,S08000015,,S12000008,,Elective Inpatients,,5,,27,69,2.55555555555556,,30,107,3.56666666666667,
2022Q1,,S08000015,,S12000008,,Elective Inpatients,,5,,28,61,2.17857142857143,,30,127,4.23333333333333,
2022Q2,,S08000015,,S12000008,,Elective Inpatients,,5,,46,94,2.04347826086957,,48,117,2.4375,
2022Q3,,S08000015,,S12000008,,Elective Inpatients,,5,,58,179,3.08620689655172,,63,252,4,
2022Q4,p,S08000015,,S12000008,,Elective Inpatients,,5,,49,158,3.22448979591837,,50,169,3.38,
2017Q4,,S08000015,,S08000015,d,Elective Inpatients,,1,,727,2408,3.31224209078404,,750,3075,4.1,
2018Q1,,S08000015,,S08000015,d,Elective Inpatients,,1,,668,1764,2.64071856287425,,677,2315,3.41949778434269,
2018Q2,,S08000015,,S08000015,d,Elective Inpatients,,1,,736,2281,3.0991847826087,,751,2906,3.86950732356858,
2018Q3,,S08000015,,S08000015,d,Elective Inpatients,,1,,646,1667,2.58049535603715,,673,2352,3.49479940564636,
2018Q4,,S08000015,,S08000015,d,Elective Inpatients,,1,,665,1581,2.37744360902256,,695,2226,3.20287769784173,
2019Q1,,S08000015,,S08000015,d,Elective Inpatients,,1,,654,1528,2.33639143730887,,670,2420,3.61194029850746,
2019Q2,,S08000015,,S08000015,d,Elective Inpatients,,1,,630,1566,2.48571428571429,,658,2191,3.32978723404255,
2019Q3,,S08000015,,S08000015,d,Elective Inpatients,,1,,588,1666,2.83333333333333,,613,2174,3.54649265905383,
2019Q4,,S08000015,,S08000015,d,Elective Inpatients,,1,,584,1586,2.71575342465753,,605,2283,3.77355371900826,
2020Q1,,S08000015,,S08000015,d,Elective Inpatients,,1,,539,1510,2.80148423005566,,564,1966,3.48581560283688,
2020Q2,,S08000015,,S08000015,d,Elective Inpatients,,1,,179,387,2.16201117318436,,184,869,4.72282608695652,
2020Q3,,S08000015,,S08000015,d,Elective Inpatients,,1,,355,1178,3.31830985915493,,368,1509,4.10054347826087,
2020Q4,,S08000015,,S08000015,d,Elective Inpatients,,1,,337,801,2.37685459940653,,351,1436,4.09116809116809,
2021Q1,,S08000015,,S08000015,d,Elective Inpatients,,1,,267,892,3.34082397003745,,272,1273,4.68014705882353,
2021Q2,,S08000015,,S08000015,d,Elective Inpatients,,1,,413,1191,2.88377723970944,,420,1598,3.8047619047619,
2021Q3,,S08000015,,S08000015,d,Elective Inpatients,,1,,347,972,2.80115273775216,,375,2252,6.00533333333333,
2021Q4,,S08000015,,S08000015,d,Elective Inpatients,,1,,392,1124,2.86734693877551,,399,1597,4.00250626566416,
2022Q1,,S08000015,,S08000015,d,Elective Inpatients,,1,,346,1063,3.07225433526012,,360,1475,4.09722222222222,
2022Q2,,S08000015,,S08000015,d,Elective Inpatients,,1,,370,1151,3.11081081081081,,386,1954,5.06217616580311,
2022Q3,,S08000015,,S08000015,d,Elective Inpatients,,1,,491,1481,3.0162932790224,,508,2092,4.11811023622047,
2022Q4,p,S08000015,,S08000015,d,Elective Inpatients,,1,,466,1376,2.95278969957082,,487,1989,4.08418891170431,
2017Q4,,S08000015,,S08000015,d,Elective Inpatients,,2,,566,1895,3.34805653710247,,578,2661,4.6038062283737,
2018Q1,,S08000015,,S08000015,d,Elective Inpatients,,2,,485,1454,2.9979381443299,,504,1879,3.7281746031746,
2018Q2,,S08000015,,S08000015,d,Elective Inpatients,,2,,534,1565,2.93071161048689,,552,2074,3.75724637681159,
2018Q3,,S08000015,,S08000015,d,Elective Inpatients,,2,,505,1333,2.63960396039604,,534,2078,3.89138576779026,
2018Q4,,S08000015,,S08000015,d,Elective Inpatients,,2,,501,1769,3.5309381237525,,519,2239,4.3140655105973,
2019Q1,,S08000015,,S08000015,d,Elective Inpatients,,2,,559,1378,2.46511627906977,,573,2181,3.80628272251309,
2019Q2,,S08000015,,S08000015,d,Elective Inpatients,,2,,527,1246,2.36432637571157,,537,1873,3.487895716946,
2019Q3,,S08000015,,S08000015,d,Elective Inpatients,,2,,509,1257,2.46954813359528,,530,1864,3.51698113207547,
2019Q4,,S08000015,,S08000015,d,Elective Inpatients,,2,,511,1985,3.88454011741683,,523,2508,4.79541108986616,
2020Q1,,S08000015,,S08000015,d,Elective Inpatients,,2,,453,1210,2.67108167770419,,473,1691,3.57505285412262,
2020Q2,,S08000015,,S08000015,d,Elective Inpatients,,2,,141,432,3.06382978723404,,135,523,3.87407407407407,
2020Q3,,S08000015,,S08000015,d,Elective Inpatients,,2,,303,1131,3.73267326732673,,315,1601,5.08253968253968,
2020Q4,,S08000015,,S08000015,d,Elective Inpatients,,2,,302,873,2.89072847682119,,311,1197,3.84887459807074,
2021Q1,,S08000015,,S08000015,d,Elective Inpatients,,2,,261,892,3.4176245210728,,257,1282,4.98832684824903,
2021Q2,,S08000015,,S08000015,d,Elective Inpatients,,2,,342,943,2.75730994152047,,361,1426,3.95013850415512,
2021Q3,,S08000015,,S08000015,d,Elective Inpatients,,2,,295,1007,3.4135593220339,,297,1421,4.78451178451178,
2021Q4,,S08000015,,S08000015,d,Elective Inpatients,,2,,313,866,2.7667731629393,,317,1286,4.05678233438486,
2022Q1,,S08000015,,S08000015,d,Elective Inpatients,,2,,249,768,3.08433734939759,,263,1172,4.45627376425856,
2022Q2,,S08000015,,S08000015,d,Elective Inpatients,,2,,331,828,2.50151057401813,,328,1325,4.03963414634146,
2022Q3,,S08000015,,S08000015,d,Elective Inpatients,,2,,357,915,2.56302521008403,,370,1412,3.81621621621622,
2022Q4,p,S08000015,,S08000015,d,Elective Inpatients,,2,,382,1073,2.80890052356021,,389,1470,3.77892030848329,
2017Q4,,S08000015,,S08000015,d,Elective Inpatients,,3,,448,1452,3.24107142857143,,454,1949,4.29295154185022,
2018Q1,,S08000015,,S08000015,d,Elective Inpatients,,3,,418,1265,3.02631578947368,,438,1861,4.24885844748858,
2018Q2,,S08000015,,S08000015,d,Elective Inpatients,,3,,396,918,2.31818181818182,,400,1193,2.9825,
2018Q3,,S08000015,,S08000015,d,Elective Inpatients,,3,,396,1081,2.72979797979798,,409,1499,3.66503667481663,
2018Q4,,S08000015,,S08000015,d,Elective Inpatients,,3,,443,1076,2.42889390519187,,455,1570,3.45054945054945,
2019Q1,,S08000015,,S08000015,d,Elective Inpatients,,3,,421,1325,3.14726840855107,,424,1255,2.95990566037736,
2019Q2,,S08000015,,S08000015,d,Elective Inpatients,,3,,452,1179,2.60840707964602,,457,2099,4.59299781181619,
2019Q3,,S08000015,,S08000015,d,Elective Inpatients,,3,,440,1305,2.96590909090909,,447,1605,3.59060402684564,
2019Q4,,S08000015,,S08000015,d,Elective Inpatients,,3,,381,1092,2.86614173228346,,390,1519,3.8948717948718,
2020Q1,,S08000015,,S08000015,d,Elective Inpatients,,3,,377,1061,2.81432360742706,,386,1857,4.81088082901554,
2020Q2,,S08000015,,S08000015,d,Elective Inpatients,,3,,127,297,2.33858267716535,,126,458,3.63492063492063,
2020Q3,,S08000015,,S08000015,d,Elective Inpatients,,3,,242,814,3.36363636363636,,244,951,3.89754098360656,
2020Q4,,S08000015,,S08000015,d,Elective Inpatients,,3,,241,626,2.59751037344398,,250,1097,4.388,
2021Q1,,S08000015,,S08000015,d,Elective Inpatients,,3,,196,471,2.4030612244898,,196,600,3.06122448979592,
2021Q2,,S08000015,,S08000015,d,Elective Inpatients,,3,,277,716,2.58483754512635,,291,957,3.28865979381443,
2021Q3,,S08000015,,S08000015,d,Elective Inpatients,,3,,247,808,3.27125506072874,,251,941,3.74900398406374,
2021Q4,,S08000015,,S08000015,d,Elective Inpatients,,3,,234,730,3.11965811965812,,240,1095,4.5625,
2022Q1,,S08000015,,S08000015,d,Elective Inpatients,,3,,214,685,3.20093457943925,,215,865,4.02325581395349,
2022Q2,,S08000015,,S08000015,d,Elective Inpatients,,3,,272,667,2.45220588235294,,274,934,3.40875912408759,
2022Q3,,S08000015,,S08000015,d,Elective Inpatients,,3,,308,937,3.04220779220779,,325,1294,3.98153846153846,
2022Q4,p,S08000015,,S08000015,d,Elective Inpatients,,3,,325,1051,3.23384615384615,,349,1420,4.06876790830946,
2017Q4,,S08000015,,S08000015,d,Elective Inpatients,,4,,365,1382,3.78630136986301,,373,1683,4.51206434316354,
2018Q1,,S08000015,,S08000015,d,Elective Inpatients,,4,,314,802,2.55414012738854,,321,1123,3.49844236760125,
2018Q2,,S08000015,,S08000015,d,Elective Inpatients,,4,,349,914,2.6189111747851,,354,1441,4.07062146892655,
2018Q3,,S08000015,,S08000015,d,Elective Inpatients,,4,,345,884,2.56231884057971,,354,1307,3.69209039548023,
2018Q4,,S08000015,,S08000015,d,Elective Inpatients,,4,,343,961,2.80174927113703,,345,1250,3.6231884057971,
2019Q1,,S08000015,,S08000015,d,Elective Inpatients,,4,,358,819,2.2877094972067,,354,1086,3.06779661016949,
2019Q2,,S08000015,,S08000015,d,Elective Inpatients,,4,,341,1014,2.97360703812317,,356,1414,3.97191011235955,
2019Q3,,S08000015,,S08000015,d,Elective Inpatients,,4,,369,1061,2.87533875338753,,373,1415,3.79356568364611,
2019Q4,,S08000015,,S08000015,d,Elective Inpatients,,4,,318,837,2.63207547169811,,323,1117,3.45820433436533,
2020Q1,,S08000015,,S08000015,d,Elective Inpatients,,4,,302,803,2.65894039735099,,304,1144,3.76315789473684,
2020Q2,,S08000015,,S08000015,d,Elective Inpatients,,4,,78,272,3.48717948717949,,75,456,6.08,
2020Q3,,S08000015,,S08000015,d,Elective Inpatients,,4,,167,488,2.92215568862275,,169,748,4.42603550295858,
2020Q4,,S08000015,,S08000015,d,Elective Inpatients,,4,,204,426,2.08823529411765,,212,815,3.84433962264151,
2021Q1,,S08000015,,S08000015,d,Elective Inpatients,,4,,154,417,2.70779220779221,,158,613,3.87974683544304,
2021Q2,,S08000015,,S08000015,d,Elective Inpatients,,4,,248,595,2.3991935483871,,254,891,3.50787401574803,
2021Q3,,S08000015,,S08000015,d,Elective Inpatients,,4,,207,875,4.22705314009662,,220,1226,5.57272727272727,
2021Q4,,S08000015,,S08000015,d,Elective Inpatients,,4,,209,757,3.62200956937799,,215,1123,5.22325581395349,
2022Q1,,S08000015,,S08000015,d,Elective Inpatients,,4,,188,595,3.16489361702128,,187,665,3.55614973262032,
2022Q2,,S08000015,,S08000015,d,Elective Inpatients,,4,,247,832,3.36842105263158,,249,1030,4.13654618473896,
2022Q3,,S08000015,,S08000015,d,Elective Inpatients,,4,,247,685,2.77327935222672,,254,1091,4.29527559055118,
2022Q4,p,S08000015,,S08000015,d,Elective Inpatients,,4,,288,825,2.86458333333333,,304,1417,4.66118421052632,
2017Q4,,S08000015,,S08000015,d,Elective Inpatients,,5,,307,1128,3.6742671009772,,316,1460,4.62025316455696,
2018Q1,,S08000015,,S08000015,d,Elective Inpatients,,5,,303,728,2.4026402640264,,317,1141,3.5993690851735,
2018Q2,,S08000015,,S08000015,d,Elective Inpatients,,5,,269,900,3.3457249070632,,276,1266,4.58695652173913,
2018Q3,,S08000015,,S08000015,d,Elective Inpatients,,5,,267,853,3.19475655430712,,273,1236,4.52747252747253,
2018Q4,,S08000015,,S08000015,d,Elective Inpatients,,5,,272,669,2.45955882352941,,284,1730,6.09154929577465,
2019Q1,,S08000015,,S08000015,d,Elective Inpatients,,5,,318,787,2.4748427672956,,330,1108,3.35757575757576,
2019Q2,,S08000015,,S08000015,d,Elective Inpatients,,5,,328,870,2.65243902439024,,326,1375,4.21779141104294,
2019Q3,,S08000015,,S08000015,d,Elective Inpatients,,5,,269,927,3.44609665427509,,276,1274,4.61594202898551,
2019Q4,,S08000015,,S08000015,d,Elective Inpatients,,5,,280,919,3.28214285714286,,284,1234,4.34507042253521,
2020Q1,,S08000015,,S08000015,d,Elective Inpatients,,5,,250,628,2.512,,256,979,3.82421875,
2020Q2,,S08000015,,S08000015,d,Elective Inpatients,,5,,78,194,2.48717948717949,,84,438,5.21428571428571,
2020Q3,,S08000015,,S08000015,d,Elective Inpatients,,5,,164,396,2.41463414634146,,156,432,2.76923076923077,
2020Q4,,S08000015,,S08000015,d,Elective Inpatients,,5,,181,385,2.12707182320442,,192,805,4.19270833333333,
2021Q1,,S08000015,,S08000015,d,Elective Inpatients,,5,,141,383,2.71631205673759,,140,566,4.04285714285714,
2021Q2,,S08000015,,S08000015,d,Elective Inpatients,,5,,209,620,2.96650717703349,,215,970,4.51162790697674,
2021Q3,,S08000015,,S08000015,d,Elective Inpatients,,5,,164,377,2.29878048780488,,174,722,4.14942528735632,
2021Q4,,S08000015,,S08000015,d,Elective Inpatients,,5,,201,536,2.66666666666667,,207,839,4.05314009661836,
2022Q1,,S08000015,,S08000015,d,Elective Inpatients,,5,,169,621,3.67455621301775,,168,574,3.41666666666667,
2022Q2,,S08000015,,S08000015,d,Elective Inpatients,,5,,201,686,3.41293532338308,,204,954,4.67647058823529,
2022Q3,,S08000015,,S08000015,d,Elective Inpatients,,5,,207,635,3.06763285024155,,216,954,4.41666666666667,
2022Q4,p,S08000015,,S08000015,d,Elective Inpatients,,5,,218,703,3.22477064220183,,223,944,4.23318385650224,
2017Q4,,S08000015,,S12000021,,Elective Inpatients,,1,,339,1144,3.37463126843658,,350,1461,4.17428571428571,
2018Q1,,S08000015,,S12000021,,Elective Inpatients,,1,,311,815,2.62057877813505,,315,1068,3.39047619047619,
2018Q2,,S08000015,,S12000021,,Elective Inpatients,,1,,372,1246,3.3494623655914,,385,1622,4.21298701298701,
2018Q3,,S08000015,,S12000021,,Elective Inpatients,,1,,334,871,2.60778443113772,,345,1094,3.17101449275362,
2018Q4,,S08000015,,S12000021,,Elective Inpatients,,1,,333,800,2.4024024024024,,350,1177,3.36285714285714,
2019Q1,,S08000015,,S12000021,,Elective Inpatients,,1,,353,918,2.60056657223796,,360,1223,3.39722222222222,
2019Q2,,S08000015,,S12000021,,Elective Inpatients,,1,,302,725,2.40066225165563,,320,1029,3.215625,
2019Q3,,S08000015,,S12000021,,Elective Inpatients,,1,,296,765,2.58445945945946,,305,1038,3.40327868852459,
2019Q4,,S08000015,,S12000021,,Elective Inpatients,,1,,309,954,3.0873786407767,,320,1351,4.221875,
2020Q1,,S08000015,,S12000021,,Elective Inpatients,,1,,259,826,3.18918918918919,,270,1057,3.91481481481481,
2020Q2,,S08000015,,S12000021,,Elective Inpatients,,1,,83,160,1.92771084337349,,85,270,3.17647058823529,
2020Q3,,S08000015,,S12000021,,Elective Inpatients,,1,,165,610,3.6969696969697,,180,844,4.68888888888889,
2020Q4,,S08000015,,S12000021,,Elective Inpatients,,1,,120,354,2.95,,130,554,4.26153846153846,
2021Q1,,S08000015,,S12000021,,Elective Inpatients,,1,,143,404,2.82517482517482,,145,684,4.71724137931034,
2021Q2,,S08000015,,S12000021,,Elective Inpatients,,1,,178,600,3.37078651685393,,185,776,4.19459459459459,
2021Q3,,S08000015,,S12000021,,Elective Inpatients,,1,,164,495,3.01829268292683,,175,678,3.87428571428571,
2021Q4,,S08000015,,S12000021,,Elective Inpatients,,1,,206,694,3.36893203883495,,210,929,4.42380952380952,
2022Q1,,S08000015,,S12000021,,Elective Inpatients,,1,,165,522,3.16363636363636,,170,692,4.07058823529412,
2022Q2,,S08000015,,S12000021,,Elective Inpatients,,1,,180,599,3.32777777777778,,190,1044,5.49473684210526,
2022Q3,,S08000015,,S12000021,,Elective Inpatients,,1,,226,732,3.23893805309735,,230,1036,4.50434782608696,
2022Q4,p,S08000015,,S12000021,,Elective Inpatients,,1,,230,670,2.91304347826087,,240,1054,4.39166666666667,
2017Q4,,S08000015,,S12000021,,Elective Inpatients,,2,,166,583,3.51204819277108,,175,891,5.09142857142857,
2018Q1,,S08000015,,S12000021,,Elective Inpatients,,2,,168,415,2.4702380952381,,170,543,3.19411764705882,
2018Q2,,S08000015,,S12000021,,Elective Inpatients,,2,,176,430,2.44318181818182,,185,755,4.08108108108108,
2018Q3,,S08000015,,S12000021,,Elective Inpatients,,2,,169,416,2.46153846153846,,180,639,3.55,
2018Q4,,S08000015,,S12000021,,Elective Inpatients,,2,,163,609,3.7361963190184,,166,704,4.24096385542169,
2019Q1,,S08000015,,S12000021,,Elective Inpatients,,2,,173,471,2.72254335260116,,170,609,3.58235294117647,
2019Q2,,S08000015,,S12000021,,Elective Inpatients,,2,,169,516,3.05325443786982,,175,728,4.16,
2019Q3,,S08000015,,S12000021,,Elective Inpatients,,2,,157,320,2.03821656050955,,160,475,2.96875,
2019Q4,,S08000015,,S12000021,,Elective Inpatients,,2,,164,450,2.74390243902439,,165,642,3.89090909090909,
2020Q1,,S08000015,,S12000021,,Elective Inpatients,,2,,190,543,2.8578947368421,,195,675,3.46153846153846,
2020Q2,,S08000015,,S12000021,,Elective Inpatients,,2,,67,192,2.86567164179104,,65,234,3.6,
2020Q3,,S08000015,,S12000021,,Elective Inpatients,,2,,102,370,3.62745098039216,,105,515,4.9047619047619,
2020Q4,,S08000015,,S12000021,,Elective Inpatients,,2,,106,378,3.56603773584906,,110,487,4.42727272727273,
2021Q1,,S08000015,,S12000021,,Elective Inpatients,,2,,84,384,4.57142857142857,,83,514,6.19277108433735,
2021Q2,,S08000015,,S12000021,,Elective Inpatients,,2,,109,347,3.18348623853211,,115,489,4.25217391304348,
2021Q3,,S08000015,,S12000021,,Elective Inpatients,,2,,80,181,2.2625,,85,302,3.55294117647059,
2021Q4,,S08000015,,S12000021,,Elective Inpatients,,2,,83,240,2.89156626506024,,85,348,4.09411764705882,
2022Q1,,S08000015,,S12000021,,Elective Inpatients,,2,,74,235,3.17567567567568,,80,358,4.475,
2022Q2,,S08000015,,S12000021,,Elective Inpatients,,2,,108,216,2,,105,241,2.2952380952381,
2022Q3,,S08000015,,S12000021,,Elective Inpatients,,2,,100,240,2.4,,105,344,3.27619047619048,
2022Q4,p,S08000015,,S12000021,,Elective Inpatients,,2,,106,200,1.88679245283019,,115,359,3.12173913043478,
2017Q4,,S08000015,,S12000021,,Elective Inpatients,,3,,154,473,3.07142857142857,,160,718,4.4875,
2018Q1,,S08000015,,S12000021,,Elective Inpatients,,3,,133,321,2.41353383458647,,140,399,2.85,
2018Q2,,S08000015,,S12000021,,Elective Inpatients,,3,,133,351,2.6390977443609,,135,480,3.55555555555556,
2018Q3,,S08000015,,S12000021,,Elective Inpatients,,3,,142,417,2.93661971830986,,145,472,3.2551724137931,
2018Q4,,S08000015,,S12000021,,Elective Inpatients,,3,,157,420,2.67515923566879,,155,666,4.29677419354839,
2019Q1,,S08000015,,S12000021,,Elective Inpatients,,3,,142,300,2.11267605633803,,145,395,2.72413793103448,
2019Q2,,S08000015,,S12000021,,Elective Inpatients,,3,,152,396,2.60526315789474,,150,488,3.25333333333333,
2019Q3,,S08000015,,S12000021,,Elective Inpatients,,3,,155,436,2.81290322580645,,155,520,3.35483870967742,
2019Q4,,S08000015,,S12000021,,Elective Inpatients,,3,,125,346,2.768,,133,620,4.66165413533835,
2020Q1,,S08000015,,S12000021,,Elective Inpatients,,3,,136,458,3.36764705882353,,135,543,4.02222222222222,
2020Q2,,S08000015,,S12000021,,Elective Inpatients,,3,,54,130,2.40740740740741,,55,217,3.94545454545455,
2020Q3,,S08000015,,S12000021,,Elective Inpatients,,3,,78,371,4.75641025641026,,75,286,3.81333333333333,
2020Q4,,S08000015,,S12000021,,Elective Inpatients,,3,,92,274,2.97826086956522,,95,561,5.90526315789474,
2021Q1,,S08000015,,S12000021,,Elective Inpatients,,3,,73,184,2.52054794520548,,75,240,3.2,
2021Q2,,S08000015,,S12000021,,Elective Inpatients,,3,,90,257,2.85555555555556,,95,380,4,
2021Q3,,S08000015,,S12000021,,Elective Inpatients,,3,,95,301,3.16842105263158,,90,366,4.06666666666667,
2021Q4,,S08000015,,S12000021,,Elective Inpatients,,3,,79,255,3.22784810126582,,80,341,4.2625,
2022Q1,,S08000015,,S12000021,,Elective Inpatients,,3,,58,142,2.44827586206897,,55,180,3.27272727272727,
2022Q2,,S08000015,,S12000021,,Elective Inpatients,,3,,81,165,2.03703703703704,,82,263,3.20731707317073,
2022Q3,,S08000015,,S12000021,,Elective Inpatients,,3,,90,279,3.1,,95,347,3.65263157894737,
2022Q4,p,S08000015,,S12000021,,Elective Inpatients,,3,,101,290,2.87128712871287,,110,367,3.33636363636364,
2017Q4,,S08000015,,S12000021,,Elective Inpatients,,4,,142,689,4.85211267605634,,150,912,6.08,
2018Q1,,S08000015,,S12000021,,Elective Inpatients,,4,,125,332,2.656,,130,407,3.13076923076923,
2018Q2,,S08000015,,S12000021,,Elective Inpatients,,4,,153,437,2.8562091503268,,155,527,3.4,
2018Q3,,S08000015,,S12000021,,Elective Inpatients,,4,,135,319,2.36296296296296,,140,448,3.2,
2018Q4,,S08000015,,S12000021,,Elective Inpatients,,4,,130,328,2.52307692307692,,135,474,3.51111111111111,
2019Q1,,S08000015,,S12000021,,Elective Inpatients,,4,,136,261,1.91911764705882,,135,403,2.98518518518519,
2019Q2,,S08000015,,S12000021,,Elective Inpatients,,4,,130,405,3.11538461538462,,135,485,3.59259259259259,
2019Q3,,S08000015,,S12000021,,Elective Inpatients,,4,,149,467,3.13422818791946,,155,619,3.99354838709677,
2019Q4,,S08000015,,S12000021,,Elective Inpatients,,4,,118,319,2.70338983050847,,122,400,3.27868852459016,
2020Q1,,S08000015,,S12000021,,Elective Inpatients,,4,,114,308,2.70175438596491,,115,445,3.8695652173913,
2020Q2,,S08000015,,S12000021,,Elective Inpatients,,4,,28,112,4,,25,151,6.04,
2020Q3,,S08000015,,S12000021,,Elective Inpatients,,4,,68,264,3.88235294117647,,65,381,5.86153846153846,
2020Q4,,S08000015,,S12000021,,Elective Inpatients,,4,,89,187,2.10112359550562,,92,261,2.83695652173913,
2021Q1,,S08000015,,S12000021,,Elective Inpatients,,4,,62,152,2.45161290322581,,63,225,3.57142857142857,
2021Q2,,S08000015,,S12000021,,Elective Inpatients,,4,,104,291,2.79807692307692,,105,391,3.72380952380952,
2021Q3,,S08000015,,S12000021,,Elective Inpatients,,4,,86,546,6.34883720930233,,90,753,8.36666666666667,
2021Q4,,S08000015,,S12000021,,Elective Inpatients,,4,,77,395,5.12987012987013,,80,606,7.575,
2022Q1,,S08000015,,S12000021,,Elective Inpatients,,4,,82,289,3.52439024390244,,80,305,3.8125,
2022Q2,,S08000015,,S12000021,,Elective Inpatients,,4,,105,373,3.55238095238095,,107,482,4.50467289719626,
2022Q3,,S08000015,,S12000021,,Elective Inpatients,,4,,96,220,2.29166666666667,,98,358,3.6530612244898,
2022Q4,p,S08000015,,S12000021,,Elective Inpatients,,4,,102,281,2.75490196078431,,105,403,3.83809523809524,
2017Q4,,S08000015,,S12000021,,Elective Inpatients,,5,,72,230,3.19444444444444,,75,334,4.45333333333333,
2018Q1,,S08000015,,S12000021,,Elective Inpatients,,5,,87,140,1.60919540229885,,95,258,2.71578947368421,
2018Q2,,S08000015,,S12000021,,Elective Inpatients,,5,,81,337,4.16049382716049,,80,258,3.225,
2018Q3,,S08000015,,S12000021,,Elective Inpatients,,5,,73,204,2.79452054794521,,74,314,4.24324324324324,
2018Q4,,S08000015,,S12000021,,Elective Inpatients,,5,,78,126,1.61538461538462,,85,820,9.64705882352941,
2019Q1,,S08000015,,S12000021,,Elective Inpatients,,5,,93,203,2.18279569892473,,95,308,3.24210526315789,
2019Q2,,S08000015,,S12000021,,Elective Inpatients,,5,,80,145,1.8125,,81,472,5.82716049382716,
2019Q3,,S08000015,,S12000021,,Elective Inpatients,,5,,85,304,3.57647058823529,,90,409,4.54444444444444,
2019Q4,,S08000015,,S12000021,,Elective Inpatients,,5,,77,239,3.1038961038961,,80,354,4.425,
2020Q1,,S08000015,,S12000021,,Elective Inpatients,,5,,60,172,2.86666666666667,,60,227,3.78333333333333,
2020Q2,,S08000015,,S12000021,,Elective Inpatients,,5,,17,37,2.17647058823529,,19,74,3.89473684210526,
2020Q3,,S08000015,,S12000021,,Elective Inpatients,,5,,44,73,1.65909090909091,,40,90,2.25,
2020Q4,,S08000015,,S12000021,,Elective Inpatients,,5,,61,130,2.13114754098361,,70,280,4,
2021Q1,,S08000015,,S12000021,,Elective Inpatients,,5,,51,131,2.56862745098039,,50,216,4.32,
2021Q2,,S08000015,,S12000021,,Elective Inpatients,,5,,60,221,3.68333333333333,,65,370,5.69230769230769,
2021Q3,,S08000015,,S12000021,,Elective Inpatients,,5,,48,91,1.89583333333333,,55,280,5.09090909090909,
2021Q4,,S08000015,,S12000021,,Elective Inpatients,,5,,55,104,1.89090909090909,,55,165,3,
2022Q1,,S08000015,,S12000021,,Elective Inpatients,,5,,53,155,2.92452830188679,,50,89,1.78,
2022Q2,,S08000015,,S12000021,,Elective Inpatients,,5,,63,332,5.26984126984127,,65,453,6.96923076923077,
2022Q3,,S08000015,,S12000021,,Elective Inpatients,,5,,58,157,2.70689655172414,,60,289,4.81666666666667,
2022Q4,p,S08000015,,S12000021,,Elective Inpatients,,5,,65,255,3.92307692307692,,64,354,5.53125,
2017Q4,,S08000015,,S12000028,,Elective Inpatients,,1,,128,422,3.296875,,130,461,3.54615384615385,
2018Q1,,S08000015,,S12000028,,Elective Inpatients,,1,,124,386,3.11290322580645,,130,497,3.82307692307692,
2018Q2,,S08000015,,S12000028,,Elective Inpatients,,1,,125,370,2.96,,120,409,3.40833333333333,
2018Q3,,S08000015,,S12000028,,Elective Inpatients,,1,,108,331,3.06481481481481,,112,437,3.90178571428571,
2018Q4,,S08000015,,S12000028,,Elective Inpatients,,1,,128,263,2.0546875,,135,385,2.85185185185185,
2019Q1,,S08000015,,S12000028,,Elective Inpatients,,1,,90,232,2.57777777777778,,94,451,4.79787234042553,
2019Q2,,S08000015,,S12000028,,Elective Inpatients,,1,,108,348,3.22222222222222,,110,522,4.74545454545455,
2019Q3,,S08000015,,S12000028,,Elective Inpatients,,1,,103,296,2.87378640776699,,105,367,3.4952380952381,
2019Q4,,S08000015,,S12000028,,Elective Inpatients,,1,,81,201,2.48148148148148,,85,358,4.21176470588235,
2020Q1,,S08000015,,S12000028,,Elective Inpatients,,1,,90,319,3.54444444444444,,95,332,3.49473684210526,
2020Q2,,S08000015,,S12000028,,Elective Inpatients,,1,,31,81,2.61290322580645,,35,249,7.11428571428571,
2020Q3,,S08000015,,S12000028,,Elective Inpatients,,1,,89,263,2.95505617977528,,88,296,3.36363636363636,
2020Q4,,S08000015,,S12000028,,Elective Inpatients,,1,,78,129,1.65384615384615,,80,384,4.8,
2021Q1,,S08000015,,S12000028,,Elective Inpatients,,1,,53,198,3.73584905660377,,55,245,4.45454545454545,
2021Q2,,S08000015,,S12000028,,Elective Inpatients,,1,,70,176,2.51428571428571,,70,224,3.2,
2021Q3,,S08000015,,S12000028,,Elective Inpatients,,1,,70,226,3.22857142857143,,80,1076,13.45,
2021Q4,,S08000015,,S12000028,,Elective Inpatients,,1,,62,146,2.35483870967742,,65,215,3.30769230769231,
2022Q1,,S08000015,,S12000028,,Elective Inpatients,,1,,72,286,3.97222222222222,,70,399,5.7,
2022Q2,,S08000015,,S12000028,,Elective Inpatients,,1,,77,245,3.18181818181818,,75,345,4.6,
2022Q3,,S08000015,,S12000028,,Elective Inpatients,,1,,97,275,2.83505154639175,,100,495,4.95,
2022Q4,p,S08000015,,S12000028,,Elective Inpatients,,1,,80,231,2.8875,,80,310,3.875,
2017Q4,,S08000015,,S12000028,,Elective Inpatients,,2,,200,617,3.085,,200,968,4.84,
2018Q1,,S08000015,,S12000028,,Elective Inpatients,,2,,162,462,2.85185185185185,,165,574,3.47878787878788,
2018Q2,,S08000015,,S12000028,,Elective Inpatients,,2,,167,522,3.12574850299401,,170,697,4.1,
2018Q3,,S08000015,,S12000028,,Elective Inpatients,,2,,171,509,2.9766081871345,,177,651,3.67796610169492,
2018Q4,,S08000015,,S12000028,,Elective Inpatients,,2,,165,556,3.36969696969697,,175,817,4.66857142857143,
2019Q1,,S08000015,,S12000028,,Elective Inpatients,,2,,172,423,2.4593023255814,,180,894,4.96666666666667,
2019Q2,,S08000015,,S12000028,,Elective Inpatients,,2,,173,360,2.08092485549133,,175,534,3.05142857142857,
2019Q3,,S08000015,,S12000028,,Elective Inpatients,,2,,195,492,2.52307692307692,,205,786,3.83414634146341,
2019Q4,,S08000015,,S12000028,,Elective Inpatients,,2,,168,1008,6,,170,1111,6.53529411764706,
2020Q1,,S08000015,,S12000028,,Elective Inpatients,,2,,139,334,2.40287769784173,,143,507,3.54545454545455,
2020Q2,,S08000015,,S12000028,,Elective Inpatients,,2,,44,165,3.75,,40,210,5.25,
2020Q3,,S08000015,,S12000028,,Elective Inpatients,,2,,104,327,3.14423076923077,,110,531,4.82727272727273,
2020Q4,,S08000015,,S12000028,,Elective Inpatients,,2,,101,233,2.30693069306931,,104,386,3.71153846153846,
2021Q1,,S08000015,,S12000028,,Elective Inpatients,,2,,86,189,2.19767441860465,,83,187,2.25301204819277,
2021Q2,,S08000015,,S12000028,,Elective Inpatients,,2,,116,316,2.72413793103448,,120,509,4.24166666666667,
2021Q3,,S08000015,,S12000028,,Elective Inpatients,,2,,112,423,3.77678571428571,,110,631,5.73636363636364,
2021Q4,,S08000015,,S12000028,,Elective Inpatients,,2,,107,257,2.4018691588785,,105,474,4.51428571428571,
2022Q1,,S08000015,,S12000028,,Elective Inpatients,,2,,81,220,2.71604938271605,,85,323,3.8,
2022Q2,,S08000015,,S12000028,,Elective Inpatients,,2,,95,279,2.93684210526316,,95,653,6.87368421052632,
2022Q3,,S08000015,,S12000028,,Elective Inpatients,,2,,128,297,2.3203125,,130,364,2.8,
2022Q4,p,S08000015,,S12000028,,Elective Inpatients,,2,,148,573,3.87162162162162,,145,678,4.67586206896552,
2017Q4,,S08000015,,S12000028,,Elective Inpatients,,3,,166,521,3.13855421686747,,170,701,4.12352941176471,
2018Q1,,S08000015,,S12000028,,Elective Inpatients,,3,,156,396,2.53846153846154,,165,716,4.33939393939394,
2018Q2,,S08000015,,S12000028,,Elective Inpatients,,3,,150,358,2.38666666666667,,150,444,2.96,
2018Q3,,S08000015,,S12000028,,Elective Inpatients,,3,,136,336,2.47058823529412,,140,510,3.64285714285714,
2018Q4,,S08000015,,S12000028,,Elective Inpatients,,3,,150,403,2.68666666666667,,160,533,3.33125,
2019Q1,,S08000015,,S12000028,,Elective Inpatients,,3,,133,718,5.3984962406015,,135,373,2.76296296296296,
2019Q2,,S08000015,,S12000028,,Elective Inpatients,,3,,160,413,2.58125,,160,1067,6.66875,
2019Q3,,S08000015,,S12000028,,Elective Inpatients,,3,,157,481,3.06369426751592,,155,577,3.72258064516129,
2019Q4,,S08000015,,S12000028,,Elective Inpatients,,3,,144,376,2.61111111111111,,141,506,3.5886524822695,
2020Q1,,S08000015,,S12000028,,Elective Inpatients,,3,,141,323,2.29078014184397,,145,677,4.66896551724138,
2020Q2,,S08000015,,S12000028,,Elective Inpatients,,3,,45,105,2.33333333333333,,45,161,3.57777777777778,
2020Q3,,S08000015,,S12000028,,Elective Inpatients,,3,,95,277,2.91578947368421,,95,425,4.47368421052632,
2020Q4,,S08000015,,S12000028,,Elective Inpatients,,3,,79,205,2.59493670886076,,80,320,4,
2021Q1,,S08000015,,S12000028,,Elective Inpatients,,3,,77,184,2.38961038961039,,75,226,3.01333333333333,
2021Q2,,S08000015,,S12000028,,Elective Inpatients,,3,,112,282,2.51785714285714,,119,381,3.20168067226891,
2021Q3,,S08000015,,S12000028,,Elective Inpatients,,3,,88,335,3.80681818181818,,85,326,3.83529411764706,
2021Q4,,S08000015,,S12000028,,Elective Inpatients,,3,,85,259,3.04705882352941,,85,377,4.43529411764706,
2022Q1,,S08000015,,S12000028,,Elective Inpatients,,3,,83,236,2.8433734939759,,85,298,3.50588235294118,
2022Q2,,S08000015,,S12000028,,Elective Inpatients,,3,,100,230,2.3,,100,317,3.17,
2022Q3,,S08000015,,S12000028,,Elective Inpatients,,3,,120,363,3.025,,130,524,4.03076923076923,
2022Q4,p,S08000015,,S12000028,,Elective Inpatients,,3,,123,389,3.16260162601626,,130,536,4.12307692307692,
2017Q4,,S08000015,,S12000028,,Elective Inpatients,,4,,101,312,3.08910891089109,,100,356,3.56,
2018Q1,,S08000015,,S12000028,,Elective Inpatients,,4,,89,181,2.03370786516854,,90,290,3.22222222222222,
2018Q2,,S08000015,,S12000028,,Elective Inpatients,,4,,93,278,2.98924731182796,,95,599,6.30526315789474,
2018Q3,,S08000015,,S12000028,,Elective Inpatients,,4,,103,298,2.89320388349515,,105,514,4.8952380952381,
2018Q4,,S08000015,,S12000028,,Elective Inpatients,,4,,98,305,3.11224489795918,,100,382,3.82,
2019Q1,,S08000015,,S12000028,,Elective Inpatients,,4,,105,313,2.98095238095238,,100,404,4.04,
2019Q2,,S08000015,,S12000028,,Elective Inpatients,,4,,102,371,3.63725490196078,,105,507,4.82857142857143,
2019Q3,,S08000015,,S12000028,,Elective Inpatients,,4,,109,253,2.32110091743119,,110,296,2.69090909090909,
2019Q4,,S08000015,,S12000028,,Elective Inpatients,,4,,100,197,1.97,,100,287,2.87,
2020Q1,,S08000015,,S12000028,,Elective Inpatients,,4,,109,329,3.01834862385321,,110,466,4.23636363636364,
2020Q2,,S08000015,,S12000028,,Elective Inpatients,,4,,24,85,3.54166666666667,,25,212,8.48,
2020Q3,,S08000015,,S12000028,,Elective Inpatients,,4,,56,149,2.66071428571429,,60,212,3.53333333333333,
2020Q4,,S08000015,,S12000028,,Elective Inpatients,,4,,55,81,1.47272727272727,,55,220,4,
2021Q1,,S08000015,,S12000028,,Elective Inpatients,,4,,60,155,2.58333333333333,,60,197,3.28333333333333,
2021Q2,,S08000015,,S12000028,,Elective Inpatients,,4,,73,163,2.23287671232877,,75,264,3.52,
2021Q3,,S08000015,,S12000028,,Elective Inpatients,,4,,61,193,3.16393442622951,,60,249,4.15,
2021Q4,,S08000015,,S12000028,,Elective Inpatients,,4,,69,206,2.98550724637681,,70,277,3.95714285714286,
2022Q1,,S08000015,,S12000028,,Elective Inpatients,,4,,57,185,3.24561403508772,,55,192,3.49090909090909,
2022Q2,,S08000015,,S12000028,,Elective Inpatients,,4,,63,224,3.55555555555556,,60,262,4.36666666666667,
2022Q3,,S08000015,,S12000028,,Elective Inpatients,,4,,82,243,2.96341463414634,,85,439,5.16470588235294,
2022Q4,p,S08000015,,S12000028,,Elective Inpatients,,4,,94,290,3.08510638297872,,100,429,4.29,
2017Q4,,S08000015,,S12000028,,Elective Inpatients,,5,,161,643,3.99378881987578,,165,766,4.64242424242424,
2018Q1,,S08000015,,S12000028,,Elective Inpatients,,5,,149,409,2.74496644295302,,155,565,3.64516129032258,
2018Q2,,S08000015,,S12000028,,Elective Inpatients,,5,,129,386,2.9922480620155,,135,746,5.52592592592593,
2018Q3,,S08000015,,S12000028,,Elective Inpatients,,5,,135,433,3.20740740740741,,135,642,4.75555555555556,
2018Q4,,S08000015,,S12000028,,Elective Inpatients,,5,,117,354,3.02564102564103,,120,661,5.50833333333333,
2019Q1,,S08000015,,S12000028,,Elective Inpatients,,5,,140,392,2.8,,145,552,3.80689655172414,
2019Q2,,S08000015,,S12000028,,Elective Inpatients,,5,,155,521,3.36129032258065,,150,634,4.22666666666667,
2019Q3,,S08000015,,S12000028,,Elective Inpatients,,5,,118,439,3.72033898305085,,120,610,5.08333333333333,
2019Q4,,S08000015,,S12000028,,Elective Inpatients,,5,,142,418,2.94366197183099,,140,477,3.40714285714286,
2020Q1,,S08000015,,S12000028,,Elective Inpatients,,5,,126,331,2.62698412698413,,130,596,4.58461538461538,
2020Q2,,S08000015,,S12000028,,Elective Inpatients,,5,,46,143,3.10869565217391,,50,322,6.44,
2020Q3,,S08000015,,S12000028,,Elective Inpatients,,5,,80,206,2.575,,75,203,2.70666666666667,
2020Q4,,S08000015,,S12000028,,Elective Inpatients,,5,,83,159,1.91566265060241,,85,361,4.24705882352941,
2021Q1,,S08000015,,S12000028,,Elective Inpatients,,5,,55,195,3.54545454545455,,55,213,3.87272727272727,
2021Q2,,S08000015,,S12000028,,Elective Inpatients,,5,,99,304,3.07070707070707,,100,422,4.22,
2021Q3,,S08000015,,S12000028,,Elective Inpatients,,5,,74,164,2.21621621621622,,75,259,3.45333333333333,
2021Q4,,S08000015,,S12000028,,Elective Inpatients,,5,,119,363,3.05042016806723,,120,567,4.725,
2022Q1,,S08000015,,S12000028,,Elective Inpatients,,5,,88,405,4.60227272727273,,90,358,3.97777777777778,
2022Q2,,S08000015,,S12000028,,Elective Inpatients,,5,,92,260,2.82608695652174,,90,384,4.26666666666667,
2022Q3,,S08000015,,S12000028,,Elective Inpatients,,5,,91,299,3.28571428571429,,90,413,4.58888888888889,
2022Q4,p,S08000015,,S12000028,,Elective Inpatients,,5,,104,290,2.78846153846154,,110,421,3.82727272727273,
2017Q4,,S08000016,,S08000016,d,Elective Inpatients,,1,,46,123,2.67391304347826,,45,181,4.02222222222222,
2018Q1,,S08000016,,S08000016,d,Elective Inpatients,,1,,34,118,3.47058823529412,,35,196,5.6,
2018Q2,,S08000016,,S08000016,d,Elective Inpatients,,1,,49,70,1.42857142857143,,50,123,2.46,
2018Q3,,S08000016,,S08000016,d,Elective Inpatients,,1,,42,114,2.71428571428571,,45,180,4,
2018Q4,,S08000016,,S08000016,d,Elective Inpatients,,1,,39,133,3.41025641025641,,40,170,4.25,
2019Q1,,S08000016,,S08000016,d,Elective Inpatients,,1,,35,68,1.94285714285714,,36,94,2.61111111111111,
2019Q2,,S08000016,,S08000016,d,Elective Inpatients,,1,,46,104,2.26086956521739,,45,154,3.42222222222222,
2019Q3,,S08000016,,S08000016,d,Elective Inpatients,,1,,42,110,2.61904761904762,,45,162,3.6,
2019Q4,,S08000016,,S08000016,d,Elective Inpatients,,1,,39,67,1.71794871794872,,37,69,1.86486486486486,
2020Q1,,S08000016,,S08000016,d,Elective Inpatients,,1,,37,76,2.05405405405405,,39,207,5.30769230769231,
2020Q2,,S08000016,,S08000016,d,Elective Inpatients,,1,,13,53,4.07692307692308,,12,55,4.58333333333333,
2020Q3,,S08000016,,S08000016,d,Elective Inpatients,,1,,17,59,3.47058823529412,,20,105,5.25,
2020Q4,,S08000016,,S08000016,d,Elective Inpatients,,1,,19,33,1.73684210526316,,18,51,2.83333333333333,
2021Q1,,S08000016,,S08000016,d,Elective Inpatients,,1,,17,74,4.35294117647059,,20,86,4.3,
2021Q2,,S08000016,,S08000016,d,Elective Inpatients,,1,,30,104,3.46666666666667,,28,113,4.03571428571429,
2021Q3,,S08000016,,S08000016,d,Elective Inpatients,,1,,12,74,6.16666666666667,,10,77,7.7,
2021Q4,,S08000016,,S08000016,d,Elective Inpatients,,1,,28,44,1.57142857142857,,29,124,4.27586206896552,
2022Q1,,S08000016,,S08000016,d,Elective Inpatients,,1,,12,57,4.75,,10,61,6.1,
2022Q2,,S08000016,,S08000016,d,Elective Inpatients,,1,,29,75,2.58620689655172,,30,88,2.93333333333333,
2022Q3,,S08000016,,S08000016,d,Elective Inpatients,,1,,30,85,2.83333333333333,,30,87,2.9,
2022Q4,p,S08000016,,S08000016,d,Elective Inpatients,,1,,27,49,1.81481481481481,,25,105,4.2,
2017Q4,,S08000016,,S08000016,d,Elective Inpatients,,2,,114,230,2.01754385964912,,115,507,4.40869565217391,
2018Q1,,S08000016,,S08000016,d,Elective Inpatients,,2,,89,181,2.03370786516854,,85,287,3.37647058823529,
2018Q2,,S08000016,,S08000016,d,Elective Inpatients,,2,,115,265,2.30434782608696,,110,445,4.04545454545455,
2018Q3,,S08000016,,S08000016,d,Elective Inpatients,,2,,118,239,2.02542372881356,,120,314,2.61666666666667,
2018Q4,,S08000016,,S08000016,d,Elective Inpatients,,2,,108,365,3.37962962962963,,105,467,4.44761904761905,
2019Q1,,S08000016,,S08000016,d,Elective Inpatients,,2,,126,285,2.26190476190476,,130,522,4.01538461538462,
2019Q2,,S08000016,,S08000016,d,Elective Inpatients,,2,,104,270,2.59615384615385,,100,323,3.23,
2019Q3,,S08000016,,S08000016,d,Elective Inpatients,,2,,117,231,1.97435897435897,,119,419,3.52100840336134,
2019Q4,,S08000016,,S08000016,d,Elective Inpatients,,2,,127,284,2.23622047244094,,125,416,3.328,
2020Q1,,S08000016,,S08000016,d,Elective Inpatients,,2,,107,188,1.75700934579439,,105,337,3.20952380952381,
2020Q2,,S08000016,,S08000016,d,Elective Inpatients,,2,,32,86,2.6875,,30,93,3.1,
2020Q3,,S08000016,,S08000016,d,Elective Inpatients,,2,,48,73,1.52083333333333,,45,165,3.66666666666667,
2020Q4,,S08000016,,S08000016,d,Elective Inpatients,,2,,85,193,2.27058823529412,,80,212,2.65,
2021Q1,,S08000016,,S08000016,d,Elective Inpatients,,2,,63,177,2.80952380952381,,58,314,5.41379310344828,
2021Q2,,S08000016,,S08000016,d,Elective Inpatients,,2,,70,145,2.07142857142857,,70,217,3.1,
2021Q3,,S08000016,,S08000016,d,Elective Inpatients,,2,,76,157,2.06578947368421,,75,276,3.68,
2021Q4,,S08000016,,S08000016,d,Elective Inpatients,,2,,69,271,3.92753623188406,,70,385,5.5,
2022Q1,,S08000016,,S08000016,d,Elective Inpatients,,2,,63,217,3.44444444444444,,65,273,4.2,
2022Q2,,S08000016,,S08000016,d,Elective Inpatients,,2,,63,126,2,,60,172,2.86666666666667,
2022Q3,,S08000016,,S08000016,d,Elective Inpatients,,2,,69,137,1.98550724637681,,70,246,3.51428571428571,
2022Q4,p,S08000016,,S08000016,d,Elective Inpatients,,2,,74,235,3.17567567567568,,75,483,6.44,
2017Q4,,S08000016,,S08000016,d,Elective Inpatients,,3,,270,610,2.25925925925926,,270,1052,3.8962962962963,
2018Q1,,S08000016,,S08000016,d,Elective Inpatients,,3,,249,540,2.16867469879518,,245,792,3.23265306122449,
2018Q2,,S08000016,,S08000016,d,Elective Inpatients,,3,,277,608,2.19494584837545,,275,984,3.57818181818182,
2018Q3,,S08000016,,S08000016,d,Elective Inpatients,,3,,297,723,2.43434343434343,,290,1013,3.49310344827586,
2018Q4,,S08000016,,S08000016,d,Elective Inpatients,,3,,300,685,2.28333333333333,,305,1112,3.64590163934426,
2019Q1,,S08000016,,S08000016,d,Elective Inpatients,,3,,267,476,1.78277153558052,,265,743,2.80377358490566,
2019Q2,,S08000016,,S08000016,d,Elective Inpatients,,3,,316,1190,3.76582278481013,,315,1471,4.66984126984127,
2019Q3,,S08000016,,S08000016,d,Elective Inpatients,,3,,296,697,2.35472972972973,,295,836,2.83389830508475,
2019Q4,,S08000016,,S08000016,d,Elective Inpatients,,3,,287,566,1.97212543554007,,275,954,3.46909090909091,
2020Q1,,S08000016,,S08000016,d,Elective Inpatients,,3,,226,440,1.94690265486726,,225,668,2.96888888888889,
2020Q2,,S08000016,,S08000016,d,Elective Inpatients,,3,,89,231,2.59550561797753,,85,359,4.22352941176471,
2020Q3,,S08000016,,S08000016,d,Elective Inpatients,,3,,136,285,2.09558823529412,,130,467,3.59230769230769,
2020Q4,,S08000016,,S08000016,d,Elective Inpatients,,3,,167,440,2.63473053892216,,170,663,3.9,
2021Q1,,S08000016,,S08000016,d,Elective Inpatients,,3,,113,293,2.5929203539823,,107,446,4.16822429906542,
2021Q2,,S08000016,,S08000016,d,Elective Inpatients,,3,,173,348,2.01156069364162,,175,702,4.01142857142857,
2021Q3,,S08000016,,S08000016,d,Elective Inpatients,,3,,143,330,2.30769230769231,,145,564,3.88965517241379,
2021Q4,,S08000016,,S08000016,d,Elective Inpatients,,3,,159,360,2.26415094339623,,155,634,4.09032258064516,
2022Q1,,S08000016,,S08000016,d,Elective Inpatients,,3,,163,381,2.33742331288344,,160,631,3.94375,
2022Q2,,S08000016,,S08000016,d,Elective Inpatients,,3,,181,457,2.52486187845304,,174,705,4.05172413793103,
2022Q3,,S08000016,,S08000016,d,Elective Inpatients,,3,,178,394,2.21348314606742,,180,1052,5.84444444444444,
2022Q4,p,S08000016,,S08000016,d,Elective Inpatients,,3,,192,420,2.1875,,195,710,3.64102564102564,
2017Q4,,S08000016,,S08000016,d,Elective Inpatients,,4,,199,482,2.42211055276382,,195,882,4.52307692307692,
2018Q1,,S08000016,,S08000016,d,Elective Inpatients,,4,,182,491,2.6978021978022,,180,811,4.50555555555556,
2018Q2,,S08000016,,S08000016,d,Elective Inpatients,,4,,170,429,2.52352941176471,,170,610,3.58823529411765,
2018Q3,,S08000016,,S08000016,d,Elective Inpatients,,4,,202,474,2.34653465346535,,205,716,3.49268292682927,
2018Q4,,S08000016,,S08000016,d,Elective Inpatients,,4,,229,558,2.43668122270742,,225,819,3.64,
2019Q1,,S08000016,,S08000016,d,Elective Inpatients,,4,,200,425,2.125,,195,626,3.21025641025641,
2019Q2,,S08000016,,S08000016,d,Elective Inpatients,,4,,183,417,2.27868852459016,,185,810,4.37837837837838,
2019Q3,,S08000016,,S08000016,d,Elective Inpatients,,4,,191,421,2.20418848167539,,190,618,3.25263157894737,
2019Q4,,S08000016,,S08000016,d,Elective Inpatients,,4,,170,347,2.04117647058824,,170,636,3.74117647058824,
2020Q1,,S08000016,,S08000016,d,Elective Inpatients,,4,,171,331,1.93567251461988,,170,435,2.55882352941176,
2020Q2,,S08000016,,S08000016,d,Elective Inpatients,,4,,52,184,3.53846153846154,,50,220,4.4,
2020Q3,,S08000016,,S08000016,d,Elective Inpatients,,4,,84,200,2.38095238095238,,85,367,4.31764705882353,
2020Q4,,S08000016,,S08000016,d,Elective Inpatients,,4,,112,204,1.82142857142857,,107,307,2.86915887850467,
2021Q1,,S08000016,,S08000016,d,Elective Inpatients,,4,,84,206,2.45238095238095,,85,341,4.01176470588235,
2021Q2,,S08000016,,S08000016,d,Elective Inpatients,,4,,147,274,1.86394557823129,,148,702,4.74324324324324,
2021Q3,,S08000016,,S08000016,d,Elective Inpatients,,4,,137,299,2.18248175182482,,130,486,3.73846153846154,
2021Q4,,S08000016,,S08000016,d,Elective Inpatients,,4,,145,331,2.28275862068966,,145,554,3.82068965517241,
2022Q1,,S08000016,,S08000016,d,Elective Inpatients,,4,,124,283,2.28225806451613,,120,404,3.36666666666667,
2022Q2,,S08000016,,S08000016,d,Elective Inpatients,,4,,111,283,2.54954954954955,,110,374,3.4,
2022Q3,,S08000016,,S08000016,d,Elective Inpatients,,4,,91,292,3.20879120879121,,91,382,4.1978021978022,
2022Q4,p,S08000016,,S08000016,d,Elective Inpatients,,4,,135,321,2.37777777777778,,130,514,3.95384615384615,
2017Q4,,S08000016,,S08000016,d,Elective Inpatients,,5,,56,141,2.51785714285714,,58,211,3.63793103448276,
2018Q1,,S08000016,,S08000016,d,Elective Inpatients,,5,,50,152,3.04,,52,214,4.11538461538461,
2018Q2,,S08000016,,S08000016,d,Elective Inpatients,,5,,46,155,3.3695652173913,,45,189,4.2,
2018Q3,,S08000016,,S08000016,d,Elective Inpatients,,5,,46,126,2.73913043478261,,50,158,3.16,
2018Q4,,S08000016,,S08000016,d,Elective Inpatients,,5,,48,78,1.625,,45,108,2.4,
2019Q1,,S08000016,,S08000016,d,Elective Inpatients,,5,,35,76,2.17142857142857,,40,160,4,
2019Q2,,S08000016,,S08000016,d,Elective Inpatients,,5,,38,61,1.60526315789474,,38,132,3.47368421052632,
2019Q3,,S08000016,,S08000016,d,Elective Inpatients,,5,,54,76,1.40740740740741,,50,119,2.38,
2019Q4,,S08000016,,S08000016,d,Elective Inpatients,,5,,47,74,1.57446808510638,,45,217,4.82222222222222,
2020Q1,,S08000016,,S08000016,d,Elective Inpatients,,5,,37,54,1.45945945945946,,35,92,2.62857142857143,
2020Q2,,S08000016,,S08000016,d,Elective Inpatients,,5,,20,43,2.15,,20,91,4.55,
2020Q3,,S08000016,,S08000016,d,Elective Inpatients,,5,,31,72,2.32258064516129,,30,112,3.73333333333333,
2020Q4,,S08000016,,S08000016,d,Elective Inpatients,,5,,29,80,2.75862068965517,,31,128,4.12903225806452,
2021Q1,,S08000016,,S08000016,d,Elective Inpatients,,5,,23,50,2.17391304347826,,23,87,3.78260869565217,
2021Q2,,S08000016,,S08000016,d,Elective Inpatients,,5,,34,77,2.26470588235294,,36,108,3,
2021Q3,,S08000016,,S08000016,d,Elective Inpatients,,5,,34,98,2.88235294117647,,33,101,3.06060606060606,
2021Q4,,S08000016,,S08000016,d,Elective Inpatients,,5,,43,70,1.62790697674419,,45,139,3.08888888888889,
2022Q1,,S08000016,,S08000016,d,Elective Inpatients,,5,,35,70,2,,35,114,3.25714285714286,
2022Q2,,S08000016,,S08000016,d,Elective Inpatients,,5,,35,70,2,,35,115,3.28571428571429,
2022Q3,,S08000016,,S08000016,d,Elective Inpatients,,5,,45,124,2.75555555555556,,45,156,3.46666666666667,
2022Q4,p,S08000016,,S08000016,d,Elective Inpatients,,5,,33,72,2.18181818181818,,34,108,3.17647058823529,
2017Q4,,S08000016,,S12000026,,Elective Inpatients,,1,,46,123,2.67391304347826,,45,181,4.02222222222222,
2018Q1,,S08000016,,S12000026,,Elective Inpatients,,1,,34,118,3.47058823529412,,35,196,5.6,
2018Q2,,S08000016,,S12000026,,Elective Inpatients,,1,,49,70,1.42857142857143,,50,123,2.46,
2018Q3,,S08000016,,S12000026,,Elective Inpatients,,1,,42,114,2.71428571428571,,45,180,4,
2018Q4,,S08000016,,S12000026,,Elective Inpatients,,1,,39,133,3.41025641025641,,40,170,4.25,
2019Q1,,S08000016,,S12000026,,Elective Inpatients,,1,,35,68,1.94285714285714,,36,94,2.61111111111111,
2019Q2,,S08000016,,S12000026,,Elective Inpatients,,1,,46,104,2.26086956521739,,45,154,3.42222222222222,
2019Q3,,S08000016,,S12000026,,Elective Inpatients,,1,,42,110,2.61904761904762,,45,162,3.6,
2019Q4,,S08000016,,S12000026,,Elective Inpatients,,1,,39,67,1.71794871794872,,37,69,1.86486486486486,
2020Q1,,S08000016,,S12000026,,Elective Inpatients,,1,,37,76,2.05405405405405,,39,207,5.30769230769231,
2020Q2,,S08000016,,S12000026,,Elective Inpatients,,1,,13,53,4.07692307692308,,12,55,4.58333333333333,
2020Q3,,S08000016,,S12000026,,Elective Inpatients,,1,,17,59,3.47058823529412,,20,105,5.25,
2020Q4,,S08000016,,S12000026,,Elective Inpatients,,1,,19,33,1.73684210526316,,18,51,2.83333333333333,
2021Q1,,S08000016,,S12000026,,Elective Inpatients,,1,,17,74,4.35294117647059,,20,86,4.3,
2021Q2,,S08000016,,S12000026,,Elective Inpatients,,1,,30,104,3.46666666666667,,28,113,4.03571428571429,
2021Q3,,S08000016,,S12000026,,Elective Inpatients,,1,,12,74,6.16666666666667,,10,77,7.7,
2021Q4,,S08000016,,S12000026,,Elective Inpatients,,1,,28,44,1.57142857142857,,29,124,4.27586206896552,
2022Q1,,S08000016,,S12000026,,Elective Inpatients,,1,,12,57,4.75,,10,61,6.1,
2022Q2,,S08000016,,S12000026,,Elective Inpatients,,1,,29,75,2.58620689655172,,30,88,2.93333333333333,
2022Q3,,S08000016,,S12000026,,Elective Inpatients,,1,,30,85,2.83333333333333,,30,87,2.9,
2022Q4,p,S08000016,,S12000026,,Elective Inpatients,,1,,27,49,1.81481481481481,,25,105,4.2,
2017Q4,,S08000016,,S12000026,,Elective Inpatients,,2,,114,230,2.01754385964912,,115,507,4.40869565217391,
2018Q1,,S08000016,,S12000026,,Elective Inpatients,,2,,89,181,2.03370786516854,,85,287,3.37647058823529,
2018Q2,,S08000016,,S12000026,,Elective Inpatients,,2,,115,265,2.30434782608696,,110,445,4.04545454545455,
2018Q3,,S08000016,,S12000026,,Elective Inpatients,,2,,118,239,2.02542372881356,,120,314,2.61666666666667,
2018Q4,,S08000016,,S12000026,,Elective Inpatients,,2,,108,365,3.37962962962963,,105,467,4.44761904761905,
2019Q1,,S08000016,,S12000026,,Elective Inpatients,,2,,126,285,2.26190476190476,,130,522,4.01538461538462,
2019Q2,,S08000016,,S12000026,,Elective Inpatients,,2,,104,270,2.59615384615385,,100,323,3.23,
2019Q3,,S08000016,,S12000026,,Elective Inpatients,,2,,117,231,1.97435897435897,,119,419,3.52100840336134,
2019Q4,,S08000016,,S12000026,,Elective Inpatients,,2,,127,284,2.23622047244094,,125,416,3.328,
2020Q1,,S08000016,,S12000026,,Elective Inpatients,,2,,107,188,1.75700934579439,,105,337,3.20952380952381,
2020Q2,,S08000016,,S12000026,,Elective Inpatients,,2,,32,86,2.6875,,30,93,3.1,
2020Q3,,S08000016,,S12000026,,Elective Inpatients,,2,,48,73,1.52083333333333,,45,165,3.66666666666667,
2020Q4,,S08000016,,S12000026,,Elective Inpatients,,2,,85,193,2.27058823529412,,80,212,2.65,
2021Q1,,S08000016,,S12000026,,Elective Inpatients,,2,,63,177,2.80952380952381,,58,314,5.41379310344828,
2021Q2,,S08000016,,S12000026,,Elective Inpatients,,2,,70,145,2.07142857142857,,70,217,3.1,
2021Q3,,S08000016,,S12000026,,Elective Inpatients,,2,,76,157,2.06578947368421,,75,276,3.68,
2021Q4,,S08000016,,S12000026,,Elective Inpatients,,2,,69,271,3.92753623188406,,70,385,5.5,
2022Q1,,S08000016,,S12000026,,Elective Inpatients,,2,,63,217,3.44444444444444,,65,273,4.2,
2022Q2,,S08000016,,S12000026,,Elective Inpatients,,2,,63,126,2,,60,172,2.86666666666667,
2022Q3,,S08000016,,S12000026,,Elective Inpatients,,2,,69,137,1.98550724637681,,70,246,3.51428571428571,
2022Q4,p,S08000016,,S12000026,,Elective Inpatients,,2,,74,235,3.17567567567568,,75,483,6.44,
2017Q4,,S08000016,,S12000026,,Elective Inpatients,,3,,270,610,2.25925925925926,,270,1052,3.8962962962963,
2018Q1,,S08000016,,S12000026,,Elective Inpatients,,3,,249,540,2.16867469879518,,245,792,3.23265306122449,
2018Q2,,S08000016,,S12000026,,Elective Inpatients,,3,,277,608,2.19494584837545,,275,984,3.57818181818182,
2018Q3,,S08000016,,S12000026,,Elective Inpatients,,3,,297,723,2.43434343434343,,290,1013,3.49310344827586,
2018Q4,,S08000016,,S12000026,,Elective Inpatients,,3,,300,685,2.28333333333333,,305,1112,3.64590163934426,
2019Q1,,S08000016,,S12000026,,Elective Inpatients,,3,,267,476,1.78277153558052,,265,743,2.80377358490566,
2019Q2,,S08000016,,S12000026,,Elective Inpatients,,3,,316,1190,3.76582278481013,,315,1471,4.66984126984127,
2019Q3,,S08000016,,S12000026,,Elective Inpatients,,3,,296,697,2.35472972972973,,295,836,2.83389830508475,
2019Q4,,S08000016,,S12000026,,Elective Inpatients,,3,,287,566,1.97212543554007,,275,954,3.46909090909091,
2020Q1,,S08000016,,S12000026,,Elective Inpatients,,3,,226,440,1.94690265486726,,225,668,2.96888888888889,
2020Q2,,S08000016,,S12000026,,Elective Inpatients,,3,,89,231,2.59550561797753,,85,359,4.22352941176471,
2020Q3,,S08000016,,S12000026,,Elective Inpatients,,3,,136,285,2.09558823529412,,130,467,3.59230769230769,
2020Q4,,S08000016,,S12000026,,Elective Inpatients,,3,,167,440,2.63473053892216,,170,663,3.9,
2021Q1,,S08000016,,S12000026,,Elective Inpatients,,3,,113,293,2.5929203539823,,107,446,4.16822429906542,
2021Q2,,S08000016,,S12000026,,Elective Inpatients,,3,,173,348,2.01156069364162,,175,702,4.01142857142857,
2021Q3,,S08000016,,S12000026,,Elective Inpatients,,3,,143,330,2.30769230769231,,145,564,3.88965517241379,
2021Q4,,S08000016,,S12000026,,Elective Inpatients,,3,,159,360,2.26415094339623,,155,634,4.09032258064516,
2022Q1,,S08000016,,S12000026,,Elective Inpatients,,3,,163,381,2.33742331288344,,160,631,3.94375,
2022Q2,,S08000016,,S12000026,,Elective Inpatients,,3,,181,457,2.52486187845304,,174,705,4.05172413793103,
2022Q3,,S08000016,,S12000026,,Elective Inpatients,,3,,178,394,2.21348314606742,,180,1052,5.84444444444444,
2022Q4,p,S08000016,,S12000026,,Elective Inpatients,,3,,192,420,2.1875,,195,710,3.64102564102564,
2017Q4,,S08000016,,S12000026,,Elective Inpatients,,4,,199,482,2.42211055276382,,195,882,4.52307692307692,
2018Q1,,S08000016,,S12000026,,Elective Inpatients,,4,,182,491,2.6978021978022,,180,811,4.50555555555556,
2018Q2,,S08000016,,S12000026,,Elective Inpatients,,4,,170,429,2.52352941176471,,170,610,3.58823529411765,
2018Q3,,S08000016,,S12000026,,Elective Inpatients,,4,,202,474,2.34653465346535,,205,716,3.49268292682927,
2018Q4,,S08000016,,S12000026,,Elective Inpatients,,4,,229,558,2.43668122270742,,225,819,3.64,
2019Q1,,S08000016,,S12000026,,Elective Inpatients,,4,,200,425,2.125,,195,626,3.21025641025641,
2019Q2,,S08000016,,S12000026,,Elective Inpatients,,4,,183,417,2.27868852459016,,185,810,4.37837837837838,
2019Q3,,S08000016,,S12000026,,Elective Inpatients,,4,,191,421,2.20418848167539,,190,618,3.25263157894737,
2019Q4,,S08000016,,S12000026,,Elective Inpatients,,4,,170,347,2.04117647058824,,170,636,3.74117647058824,
2020Q1,,S08000016,,S12000026,,Elective Inpatients,,4,,171,331,1.93567251461988,,170,435,2.55882352941176,
2020Q2,,S08000016,,S12000026,,Elective Inpatients,,4,,52,184,3.53846153846154,,50,220,4.4,
2020Q3,,S08000016,,S12000026,,Elective Inpatients,,4,,84,200,2.38095238095238,,85,367,4.31764705882353,
2020Q4,,S08000016,,S12000026,,Elective Inpatients,,4,,112,204,1.82142857142857,,107,307,2.86915887850467,
2021Q1,,S08000016,,S12000026,,Elective Inpatients,,4,,84,206,2.45238095238095,,85,341,4.01176470588235,
2021Q2,,S08000016,,S12000026,,Elective Inpatients,,4,,147,274,1.86394557823129,,148,702,4.74324324324324,
2021Q3,,S08000016,,S12000026,,Elective Inpatients,,4,,137,299,2.18248175182482,,130,486,3.73846153846154,
2021Q4,,S08000016,,S12000026,,Elective Inpatients,,4,,145,331,2.28275862068966,,145,554,3.82068965517241,
2022Q1,,S08000016,,S12000026,,Elective Inpatients,,4,,124,283,2.28225806451613,,120,404,3.36666666666667,
2022Q2,,S08000016,,S12000026,,Elective Inpatients,,4,,111,283,2.54954954954955,,110,374,3.4,
2022Q3,,S08000016,,S12000026,,Elective Inpatients,,4,,91,292,3.20879120879121,,91,382,4.1978021978022,
2022Q4,p,S08000016,,S12000026,,Elective Inpatients,,4,,135,321,2.37777777777778,,130,514,3.95384615384615,
2017Q4,,S08000016,,S12000026,,Elective Inpatients,,5,,56,141,2.51785714285714,,58,211,3.63793103448276,
2018Q1,,S08000016,,S12000026,,Elective Inpatients,,5,,50,152,3.04,,52,214,4.11538461538461,
2018Q2,,S08000016,,S12000026,,Elective Inpatients,,5,,46,155,3.3695652173913,,45,189,4.2,
2018Q3,,S08000016,,S12000026,,Elective Inpatients,,5,,46,126,2.73913043478261,,50,158,3.16,
2018Q4,,S08000016,,S12000026,,Elective Inpatients,,5,,48,78,1.625,,45,108,2.4,
2019Q1,,S08000016,,S12000026,,Elective Inpatients,,5,,35,76,2.17142857142857,,40,160,4,
2019Q2,,S08000016,,S12000026,,Elective Inpatients,,5,,38,61,1.60526315789474,,38,132,3.47368421052632,
2019Q3,,S08000016,,S12000026,,Elective Inpatients,,5,,54,76,1.40740740740741,,50,119,2.38,
2019Q4,,S08000016,,S12000026,,Elective Inpatients,,5,,47,74,1.57446808510638,,45,217,4.82222222222222,
2020Q1,,S08000016,,S12000026,,Elective Inpatients,,5,,37,54,1.45945945945946,,35,92,2.62857142857143,
2020Q2,,S08000016,,S12000026,,Elective Inpatients,,5,,20,43,2.15,,20,91,4.55,
2020Q3,,S08000016,,S12000026,,Elective Inpatients,,5,,31,72,2.32258064516129,,30,112,3.73333333333333,
2020Q4,,S08000016,,S12000026,,Elective Inpatients,,5,,29,80,2.75862068965517,,31,128,4.12903225806452,
2021Q1,,S08000016,,S12000026,,Elective Inpatients,,5,,23,50,2.17391304347826,,23,87,3.78260869565217,
2021Q2,,S08000016,,S12000026,,Elective Inpatients,,5,,34,77,2.26470588235294,,36,108,3,
2021Q3,,S08000016,,S12000026,,Elective Inpatients,,5,,34,98,2.88235294117647,,33,101,3.06060606060606,
2021Q4,,S08000016,,S12000026,,Elective Inpatients,,5,,43,70,1.62790697674419,,45,139,3.08888888888889,
2022Q1,,S08000016,,S12000026,,Elective Inpatients,,5,,35,70,2,,35,114,3.25714285714286,
2022Q2,,S08000016,,S12000026,,Elective Inpatients,,5,,35,70,2,,35,115,3.28571428571429,
2022Q3,,S08000016,,S12000026,,Elective Inpatients,,5,,45,124,2.75555555555556,,45,156,3.46666666666667,
2022Q4,p,S08000016,,S12000026,,Elective Inpatients,,5,,33,72,2.18181818181818,,34,108,3.17647058823529,
2017Q4,,S08000017,,S12000006,,Elective Inpatients,,1,,78,155,1.98717948717949,,80,334,4.175,
2018Q1,,S08000017,,S12000006,,Elective Inpatients,,1,,82,181,2.20731707317073,,80,470,5.875,
2018Q2,,S08000017,,S12000006,,Elective Inpatients,,1,,88,254,2.88636363636364,,90,332,3.68888888888889,
2018Q3,,S08000017,,S12000006,,Elective Inpatients,,1,,87,225,2.58620689655172,,100,383,3.83,
2018Q4,,S08000017,,S12000006,,Elective Inpatients,,1,,54,206,3.81481481481481,,70,281,4.01428571428571,
2019Q1,,S08000017,,S12000006,,Elective Inpatients,,1,,80,219,2.7375,,93,293,3.1505376344086,
2019Q2,,S08000017,,S12000006,,Elective Inpatients,,1,,73,159,2.17808219178082,,95,259,2.72631578947368,
2019Q3,,S08000017,,S12000006,,Elective Inpatients,,1,,86,275,3.19767441860465,,100,401,4.01,
2019Q4,,S08000017,,S12000006,,Elective Inpatients,,1,,69,225,3.26086956521739,,90,429,4.76666666666667,
2020Q1,,S08000017,,S12000006,,Elective Inpatients,,1,,68,133,1.95588235294118,,80,229,2.8625,
2020Q2,,S08000017,,S12000006,,Elective Inpatients,,1,,21,39,1.85714285714286,,25,61,2.44,
2020Q3,,S08000017,,S12000006,,Elective Inpatients,,1,,44,181,4.11363636363636,,60,277,4.61666666666667,
2020Q4,,S08000017,,S12000006,,Elective Inpatients,,1,,51,92,1.80392156862745,,70,253,3.61428571428571,
2021Q1,,S08000017,,S12000006,,Elective Inpatients,,1,,51,129,2.52941176470588,,60,167,2.78333333333333,
2021Q2,,S08000017,,S12000006,,Elective Inpatients,,1,,57,222,3.89473684210526,,70,370,5.28571428571429,
2021Q3,,S08000017,,S12000006,,Elective Inpatients,,1,,41,248,6.04878048780488,,55,333,6.05454545454545,
2021Q4,,S08000017,,S12000006,,Elective Inpatients,,1,,39,73,1.87179487179487,,50,206,4.12,
2022Q1,,S08000017,,S12000006,,Elective Inpatients,,1,,34,44,1.29411764705882,,40,98,2.45,
2022Q2,,S08000017,,S12000006,,Elective Inpatients,,1,,56,174,3.10714285714286,,65,241,3.70769230769231,
2022Q3,,S08000017,,S12000006,,Elective Inpatients,,1,,49,160,3.26530612244898,,60,319,5.31666666666667,
2022Q4,p,S08000017,,S12000006,,Elective Inpatients,,1,,53,87,1.64150943396226,,60,224,3.73333333333333,
2017Q4,,S08000017,,S12000006,,Elective Inpatients,,2,,274,845,3.08394160583942,,287,1145,3.98954703832753,
2018Q1,,S08000017,,S12000006,,Elective Inpatients,,2,,258,717,2.77906976744186,,253,954,3.77075098814229,
2018Q2,,S08000017,,S12000006,,Elective Inpatients,,2,,270,943,3.49259259259259,,293,1391,4.74744027303754,
2018Q3,,S08000017,,S12000006,,Elective Inpatients,,2,,278,807,2.90287769784173,,319,1331,4.17241379310345,
2018Q4,,S08000017,,S12000006,,Elective Inpatients,,2,,277,672,2.42599277978339,,326,1266,3.88343558282209,
2019Q1,,S08000017,,S12000006,,Elective Inpatients,,2,,251,688,2.7410358565737,,293,1046,3.56996587030717,
2019Q2,,S08000017,,S12000006,,Elective Inpatients,,2,,238,664,2.78991596638655,,296,1064,3.5945945945946,
2019Q3,,S08000017,,S12000006,,Elective Inpatients,,2,,219,712,3.25114155251142,,286,1084,3.79020979020979,
2019Q4,,S08000017,,S12000006,,Elective Inpatients,,2,,213,598,2.8075117370892,,260,1165,4.48076923076923,
2020Q1,,S08000017,,S12000006,,Elective Inpatients,,2,,194,516,2.65979381443299,,234,1070,4.57264957264957,
2020Q2,,S08000017,,S12000006,,Elective Inpatients,,2,,84,283,3.36904761904762,,95,430,4.52631578947368,
2020Q3,,S08000017,,S12000006,,Elective Inpatients,,2,,157,443,2.82165605095541,,205,784,3.82439024390244,
2020Q4,,S08000017,,S12000006,,Elective Inpatients,,2,,178,609,3.42134831460674,,229,1107,4.83406113537118,
2021Q1,,S08000017,,S12000006,,Elective Inpatients,,2,,146,505,3.45890410958904,,165,789,4.78181818181818,
2021Q2,,S08000017,,S12000006,,Elective Inpatients,,2,,191,657,3.43979057591623,,246,1305,5.30487804878049,
2021Q3,,S08000017,,S12000006,,Elective Inpatients,,2,,152,559,3.67763157894737,,181,752,4.15469613259669,
2021Q4,,S08000017,,S12000006,,Elective Inpatients,,2,,120,309,2.575,,156,650,4.16666666666667,
2022Q1,,S08000017,,S12000006,,Elective Inpatients,,2,,146,432,2.95890410958904,,180,828,4.6,
2022Q2,,S08000017,,S12000006,,Elective Inpatients,,2,,182,375,2.06043956043956,,229,735,3.20960698689956,
2022Q3,,S08000017,,S12000006,,Elective Inpatients,,2,,158,542,3.43037974683544,,192,817,4.25520833333333,
2022Q4,p,S08000017,,S12000006,,Elective Inpatients,,2,,200,382,1.91,,231,796,3.44588744588745,
2017Q4,,S08000017,,S12000006,,Elective Inpatients,,3,,378,1009,2.66931216931217,,398,1678,4.21608040201005,
2018Q1,,S08000017,,S12000006,,Elective Inpatients,,3,,386,957,2.47927461139896,,383,1322,3.45169712793734,
2018Q2,,S08000017,,S12000006,,Elective Inpatients,,3,,375,873,2.328,,396,1565,3.9520202020202,
2018Q3,,S08000017,,S12000006,,Elective Inpatients,,3,,338,884,2.61538461538462,,397,1349,3.39798488664987,
2018Q4,,S08000017,,S12000006,,Elective Inpatients,,3,,380,1094,2.87894736842105,,432,1339,3.09953703703704,
2019Q1,,S08000017,,S12000006,,Elective Inpatients,,3,,330,1128,3.41818181818182,,416,1774,4.26442307692308,
2019Q2,,S08000017,,S12000006,,Elective Inpatients,,3,,337,867,2.5727002967359,,418,1552,3.71291866028708,
2019Q3,,S08000017,,S12000006,,Elective Inpatients,,3,,297,932,3.13804713804714,,391,1635,4.18158567774936,
2019Q4,,S08000017,,S12000006,,Elective Inpatients,,3,,332,1033,3.11144578313253,,408,1628,3.99019607843137,
2020Q1,,S08000017,,S12000006,,Elective Inpatients,,3,,304,820,2.69736842105263,,353,1295,3.6685552407932,
2020Q2,,S08000017,,S12000006,,Elective Inpatients,,3,,112,365,3.25892857142857,,125,743,5.944,
2020Q3,,S08000017,,S12000006,,Elective Inpatients,,3,,195,445,2.28205128205128,,245,794,3.24081632653061,
2020Q4,,S08000017,,S12000006,,Elective Inpatients,,3,,244,583,2.38934426229508,,328,1221,3.72256097560976,
2021Q1,,S08000017,,S12000006,,Elective Inpatients,,3,,223,548,2.45739910313901,,260,1217,4.68076923076923,
2021Q2,,S08000017,,S12000006,,Elective Inpatients,,3,,254,740,2.91338582677165,,330,1269,3.84545454545455,
2021Q3,,S08000017,,S12000006,,Elective Inpatients,,3,,211,834,3.95260663507109,,245,1162,4.74285714285714,
2021Q4,,S08000017,,S12000006,,Elective Inpatients,,3,,179,558,3.11731843575419,,248,1274,5.13709677419355,
2022Q1,,S08000017,,S12000006,,Elective Inpatients,,3,,229,536,2.34061135371179,,264,1015,3.84469696969697,
2022Q2,,S08000017,,S12000006,,Elective Inpatients,,3,,223,638,2.8609865470852,,263,1128,4.28897338403042,
2022Q3,,S08000017,,S12000006,,Elective Inpatients,,3,,236,543,2.30084745762712,,279,1178,4.22222222222222,
2022Q4,p,S08000017,,S12000006,,Elective Inpatients,,3,,289,599,2.07266435986159,,324,1410,4.35185185185185,
2017Q4,,S08000017,,S12000006,,Elective Inpatients,,4,,157,362,2.30573248407643,,164,470,2.86585365853659,
2018Q1,,S08000017,,S12000006,,Elective Inpatients,,4,,159,575,3.61635220125786,,155,926,5.9741935483871,
2018Q2,,S08000017,,S12000006,,Elective Inpatients,,4,,152,458,3.01315789473684,,170,663,3.9,
2018Q3,,S08000017,,S12000006,,Elective Inpatients,,4,,160,440,2.75,,186,692,3.72043010752688,
2018Q4,,S08000017,,S12000006,,Elective Inpatients,,4,,147,372,2.53061224489796,,162,556,3.4320987654321,
2019Q1,,S08000017,,S12000006,,Elective Inpatients,,4,,129,324,2.51162790697674,,165,687,4.16363636363636,
2019Q2,,S08000017,,S12000006,,Elective Inpatients,,4,,157,395,2.51592356687898,,175,620,3.54285714285714,
2019Q3,,S08000017,,S12000006,,Elective Inpatients,,4,,119,329,2.76470588235294,,155,628,4.05161290322581,
2019Q4,,S08000017,,S12000006,,Elective Inpatients,,4,,128,375,2.9296875,,164,645,3.93292682926829,
2020Q1,,S08000017,,S12000006,,Elective Inpatients,,4,,118,289,2.44915254237288,,145,445,3.06896551724138,
2020Q2,,S08000017,,S12000006,,Elective Inpatients,,4,,57,115,2.01754385964912,,60,218,3.63333333333333,
2020Q3,,S08000017,,S12000006,,Elective Inpatients,,4,,101,205,2.02970297029703,,120,474,3.95,
2020Q4,,S08000017,,S12000006,,Elective Inpatients,,4,,106,297,2.80188679245283,,140,456,3.25714285714286,
2021Q1,,S08000017,,S12000006,,Elective Inpatients,,4,,93,203,2.18279569892473,,105,348,3.31428571428571,
2021Q2,,S08000017,,S12000006,,Elective Inpatients,,4,,128,486,3.796875,,160,659,4.11875,
2021Q3,,S08000017,,S12000006,,Elective Inpatients,,4,,101,253,2.5049504950495,,135,530,3.92592592592593,
2021Q4,,S08000017,,S12000006,,Elective Inpatients,,4,,98,249,2.54081632653061,,130,407,3.13076923076923,
2022Q1,,S08000017,,S12000006,,Elective Inpatients,,4,,79,177,2.24050632911392,,100,532,5.32,
2022Q2,,S08000017,,S12000006,,Elective Inpatients,,4,,121,205,1.69421487603306,,135,459,3.4,
2022Q3,,S08000017,,S12000006,,Elective Inpatients,,4,,92,255,2.77173913043478,,120,479,3.99166666666667,
2022Q4,p,S08000017,,S12000006,,Elective Inpatients,,4,,118,278,2.35593220338983,,135,513,3.8,
2017Q4,,S08000017,,S12000006,,Elective Inpatients,,5,,73,174,2.38356164383562,,75,380,5.06666666666667,
2018Q1,,S08000017,,S12000006,,Elective Inpatients,,5,,76,146,1.92105263157895,,75,229,3.05333333333333,
2018Q2,,S08000017,,S12000006,,Elective Inpatients,,5,,93,307,3.3010752688172,,100,435,4.35,
2018Q3,,S08000017,,S12000006,,Elective Inpatients,,5,,91,179,1.96703296703297,,100,365,3.65,
2018Q4,,S08000017,,S12000006,,Elective Inpatients,,5,,76,381,5.01315789473684,,80,489,6.1125,
2019Q1,,S08000017,,S12000006,,Elective Inpatients,,5,,51,183,3.58823529411765,,70,247,3.52857142857143,
2019Q2,,S08000017,,S12000006,,Elective Inpatients,,5,,49,125,2.55102040816327,,55,211,3.83636363636364,
2019Q3,,S08000017,,S12000006,,Elective Inpatients,,5,,53,152,2.86792452830189,,70,290,4.14285714285714,
2019Q4,,S08000017,,S12000006,,Elective Inpatients,,5,,70,149,2.12857142857143,,80,231,2.8875,
2020Q1,,S08000017,,S12000006,,Elective Inpatients,,5,,62,167,2.69354838709677,,80,236,2.95,
2020Q2,,S08000017,,S12000006,,Elective Inpatients,,5,,16,29,1.8125,,20,113,5.65,
2020Q3,,S08000017,,S12000006,,Elective Inpatients,,5,,48,140,2.91666666666667,,60,217,3.61666666666667,
2020Q4,,S08000017,,S12000006,,Elective Inpatients,,5,,55,97,1.76363636363636,,70,198,2.82857142857143,
2021Q1,,S08000017,,S12000006,,Elective Inpatients,,5,,50,199,3.98,,50,220,4.4,
2021Q2,,S08000017,,S12000006,,Elective Inpatients,,5,,54,198,3.66666666666667,,75,313,4.17333333333333,
2021Q3,,S08000017,,S12000006,,Elective Inpatients,,5,,30,83,2.76666666666667,,45,153,3.4,
2021Q4,,S08000017,,S12000006,,Elective Inpatients,,5,,43,88,2.04651162790698,,55,367,6.67272727272727,
2022Q1,,S08000017,,S12000006,,Elective Inpatients,,5,,43,97,2.25581395348837,,50,230,4.6,
2022Q2,,S08000017,,S12000006,,Elective Inpatients,,5,,52,181,3.48076923076923,,60,256,4.26666666666667,
2022Q3,,S08000017,,S12000006,,Elective Inpatients,,5,,54,137,2.53703703703704,,60,257,4.28333333333333,
2022Q4,p,S08000017,,S12000006,,Elective Inpatients,,5,,49,49,1,,60,315,5.25,
2022Q3,,S08000017,,S12000006,,Elective Inpatients,,,:,0,0,,z,0,0,,z
2022Q4,p,S08000017,,S12000006,,Elective Inpatients,,,:,0,0,,z,0,0,,z
2017Q4,,S08000017,,S08000017,d,Elective Inpatients,,1,,78,155,1.98717948717949,,80,334,4.175,
2018Q1,,S08000017,,S08000017,d,Elective Inpatients,,1,,82,181,2.20731707317073,,80,470,5.875,
2018Q2,,S08000017,,S08000017,d,Elective Inpatients,,1,,88,254,2.88636363636364,,90,332,3.68888888888889,
2018Q3,,S08000017,,S08000017,d,Elective Inpatients,,1,,87,225,2.58620689655172,,100,383,3.83,
2018Q4,,S08000017,,S08000017,d,Elective Inpatients,,1,,54,206,3.81481481481481,,70,281,4.01428571428571,
2019Q1,,S08000017,,S08000017,d,Elective Inpatients,,1,,80,219,2.7375,,93,293,3.1505376344086,
2019Q2,,S08000017,,S08000017,d,Elective Inpatients,,1,,73,159,2.17808219178082,,95,259,2.72631578947368,
2019Q3,,S08000017,,S08000017,d,Elective Inpatients,,1,,86,275,3.19767441860465,,100,401,4.01,
2019Q4,,S08000017,,S08000017,d,Elective Inpatients,,1,,69,225,3.26086956521739,,90,429,4.76666666666667,
2020Q1,,S08000017,,S08000017,d,Elective Inpatients,,1,,68,133,1.95588235294118,,80,229,2.8625,
2020Q2,,S08000017,,S08000017,d,Elective Inpatients,,1,,21,39,1.85714285714286,,25,61,2.44,
2020Q3,,S08000017,,S08000017,d,Elective Inpatients,,1,,44,181,4.11363636363636,,60,277,4.61666666666667,
2020Q4,,S08000017,,S08000017,d,Elective Inpatients,,1,,51,92,1.80392156862745,,70,253,3.61428571428571,
2021Q1,,S08000017,,S08000017,d,Elective Inpatients,,1,,51,129,2.52941176470588,,60,167,2.78333333333333,
2021Q2,,S08000017,,S08000017,d,Elective Inpatients,,1,,57,222,3.89473684210526,,70,370,5.28571428571429,
2021Q3,,S08000017,,S08000017,d,Elective Inpatients,,1,,41,248,6.04878048780488,,55,333,6.05454545454545,
2021Q4,,S08000017,,S08000017,d,Elective Inpatients,,1,,39,73,1.87179487179487,,50,206,4.12,
2022Q1,,S08000017,,S08000017,d,Elective Inpatients,,1,,34,44,1.29411764705882,,40,98,2.45,
2022Q2,,S08000017,,S08000017,d,Elective Inpatients,,1,,56,174,3.10714285714286,,65,241,3.70769230769231,
2022Q3,,S08000017,,S08000017,d,Elective Inpatients,,1,,49,160,3.26530612244898,,60,319,5.31666666666667,
2022Q4,p,S08000017,,S08000017,d,Elective Inpatients,,1,,53,87,1.64150943396226,,60,224,3.73333333333333,
2017Q4,,S08000017,,S08000017,d,Elective Inpatients,,2,,274,845,3.08394160583942,,287,1145,3.98954703832753,
2018Q1,,S08000017,,S08000017,d,Elective Inpatients,,2,,258,717,2.77906976744186,,253,954,3.77075098814229,
2018Q2,,S08000017,,S08000017,d,Elective Inpatients,,2,,270,943,3.49259259259259,,293,1391,4.74744027303754,
2018Q3,,S08000017,,S08000017,d,Elective Inpatients,,2,,278,807,2.90287769784173,,319,1331,4.17241379310345,
2018Q4,,S08000017,,S08000017,d,Elective Inpatients,,2,,277,672,2.42599277978339,,326,1266,3.88343558282209,
2019Q1,,S08000017,,S08000017,d,Elective Inpatients,,2,,251,688,2.7410358565737,,293,1046,3.56996587030717,
2019Q2,,S08000017,,S08000017,d,Elective Inpatients,,2,,238,664,2.78991596638655,,296,1064,3.5945945945946,
2019Q3,,S08000017,,S08000017,d,Elective Inpatients,,2,,219,712,3.25114155251142,,286,1084,3.79020979020979,
2019Q4,,S08000017,,S08000017,d,Elective Inpatients,,2,,213,598,2.8075117370892,,260,1165,4.48076923076923,
2020Q1,,S08000017,,S08000017,d,Elective Inpatients,,2,,194,516,2.65979381443299,,234,1070,4.57264957264957,
2020Q2,,S08000017,,S08000017,d,Elective Inpatients,,2,,84,283,3.36904761904762,,95,430,4.52631578947368,
2020Q3,,S08000017,,S08000017,d,Elective Inpatients,,2,,157,443,2.82165605095541,,205,784,3.82439024390244,
2020Q4,,S08000017,,S08000017,d,Elective Inpatients,,2,,178,609,3.42134831460674,,229,1107,4.83406113537118,
2021Q1,,S08000017,,S08000017,d,Elective Inpatients,,2,,146,505,3.45890410958904,,165,789,4.78181818181818,
2021Q2,,S08000017,,S08000017,d,Elective Inpatients,,2,,191,657,3.43979057591623,,246,1305,5.30487804878049,
2021Q3,,S08000017,,S08000017,d,Elective Inpatients,,2,,152,559,3.67763157894737,,181,752,4.15469613259669,
2021Q4,,S08000017,,S08000017,d,Elective Inpatients,,2,,120,309,2.575,,156,650,4.16666666666667,
2022Q1,,S08000017,,S08000017,d,Elective Inpatients,,2,,146,432,2.95890410958904,,180,828,4.6,
2022Q2,,S08000017,,S08000017,d,Elective Inpatients,,2,,182,375,2.06043956043956,,229,735,3.20960698689956,
2022Q3,,S08000017,,S08000017,d,Elective Inpatients,,2,,158,542,3.43037974683544,,192,817,4.25520833333333,
2022Q4,p,S08000017,,S08000017,d,Elective Inpatients,,2,,200,382,1.91,,231,796,3.44588744588745,
2017Q4,,S08000017,,S08000017,d,Elective Inpatients,,3,,378,1009,2.66931216931217,,398,1678,4.21608040201005,
2018Q1,,S08000017,,S08000017,d,Elective Inpatients,,3,,386,957,2.47927461139896,,383,1322,3.45169712793734,
2018Q2,,S08000017,,S08000017,d,Elective Inpatients,,3,,375,873,2.328,,396,1565,3.9520202020202,
2018Q3,,S08000017,,S08000017,d,Elective Inpatients,,3,,338,884,2.61538461538462,,397,1349,3.39798488664987,
2018Q4,,S08000017,,S08000017,d,Elective Inpatients,,3,,380,1094,2.87894736842105,,432,1339,3.09953703703704,
2019Q1,,S08000017,,S08000017,d,Elective Inpatients,,3,,330,1128,3.41818181818182,,416,1774,4.26442307692308,
2019Q2,,S08000017,,S08000017,d,Elective Inpatients,,3,,337,867,2.5727002967359,,418,1552,3.71291866028708,
2019Q3,,S08000017,,S08000017,d,Elective Inpatients,,3,,297,932,3.13804713804714,,391,1635,4.18158567774936,
2019Q4,,S08000017,,S08000017,d,Elective Inpatients,,3,,332,1033,3.11144578313253,,408,1628,3.99019607843137,
2020Q1,,S08000017,,S08000017,d,Elective Inpatients,,3,,304,820,2.69736842105263,,353,1295,3.6685552407932,
2020Q2,,S08000017,,S08000017,d,Elective Inpatients,,3,,112,365,3.25892857142857,,125,743,5.944,
2020Q3,,S08000017,,S08000017,d,Elective Inpatients,,3,,195,445,2.28205128205128,,245,794,3.24081632653061,
2020Q4,,S08000017,,S08000017,d,Elective Inpatients,,3,,244,583,2.38934426229508,,328,1221,3.72256097560976,
2021Q1,,S08000017,,S08000017,d,Elective Inpatients,,3,,223,548,2.45739910313901,,260,1217,4.68076923076923,
2021Q2,,S08000017,,S08000017,d,Elective Inpatients,,3,,254,740,2.91338582677165,,330,1269,3.84545454545455,
2021Q3,,S08000017,,S08000017,d,Elective Inpatients,,3,,211,834,3.95260663507109,,245,1162,4.74285714285714,
2021Q4,,S08000017,,S08000017,d,Elective Inpatients,,3,,179,558,3.11731843575419,,248,1274,5.13709677419355,
2022Q1,,S08000017,,S08000017,d,Elective Inpatients,,3,,229,536,2.34061135371179,,264,1015,3.84469696969697,
2022Q2,,S08000017,,S08000017,d,Elective Inpatients,,3,,223,638,2.8609865470852,,263,1128,4.28897338403042,
2022Q3,,S08000017,,S08000017,d,Elective Inpatients,,3,,236,543,2.30084745762712,,279,1178,4.22222222222222,
2022Q4,p,S08000017,,S08000017,d,Elective Inpatients,,3,,289,599,2.07266435986159,,324,1410,4.35185185185185,
2017Q4,,S08000017,,S08000017,d,Elective Inpatients,,4,,157,362,2.30573248407643,,164,470,2.86585365853659,
2018Q1,,S08000017,,S08000017,d,Elective Inpatients,,4,,159,575,3.61635220125786,,155,926,5.9741935483871,
2018Q2,,S08000017,,S08000017,d,Elective Inpatients,,4,,152,458,3.01315789473684,,170,663,3.9,
2018Q3,,S08000017,,S08000017,d,Elective Inpatients,,4,,160,440,2.75,,186,692,3.72043010752688,
2018Q4,,S08000017,,S08000017,d,Elective Inpatients,,4,,147,372,2.53061224489796,,162,556,3.4320987654321,
2019Q1,,S08000017,,S08000017,d,Elective Inpatients,,4,,129,324,2.51162790697674,,165,687,4.16363636363636,
2019Q2,,S08000017,,S08000017,d,Elective Inpatients,,4,,157,395,2.51592356687898,,175,620,3.54285714285714,
2019Q3,,S08000017,,S08000017,d,Elective Inpatients,,4,,119,329,2.76470588235294,,155,628,4.05161290322581,
2019Q4,,S08000017,,S08000017,d,Elective Inpatients,,4,,128,375,2.9296875,,164,645,3.93292682926829,
2020Q1,,S08000017,,S08000017,d,Elective Inpatients,,4,,118,289,2.44915254237288,,145,445,3.06896551724138,
2020Q2,,S08000017,,S08000017,d,Elective Inpatients,,4,,57,115,2.01754385964912,,60,218,3.63333333333333,
2020Q3,,S08000017,,S08000017,d,Elective Inpatients,,4,,101,205,2.02970297029703,,120,474,3.95,
2020Q4,,S08000017,,S08000017,d,Elective Inpatients,,4,,106,297,2.80188679245283,,140,456,3.25714285714286,
2021Q1,,S08000017,,S08000017,d,Elective Inpatients,,4,,93,203,2.18279569892473,,105,348,3.31428571428571,
2021Q2,,S08000017,,S08000017,d,Elective Inpatients,,4,,128,486,3.796875,,160,659,4.11875,
2021Q3,,S08000017,,S08000017,d,Elective Inpatients,,4,,101,253,2.5049504950495,,135,530,3.92592592592593,
2021Q4,,S08000017,,S08000017,d,Elective Inpatients,,4,,98,249,2.54081632653061,,130,407,3.13076923076923,
2022Q1,,S08000017,,S08000017,d,Elective Inpatients,,4,,79,177,2.24050632911392,,100,532,5.32,
2022Q2,,S08000017,,S08000017,d,Elective Inpatients,,4,,121,205,1.69421487603306,,135,459,3.4,
2022Q3,,S08000017,,S08000017,d,Elective Inpatients,,4,,92,255,2.77173913043478,,120,479,3.99166666666667,
2022Q4,p,S08000017,,S08000017,d,Elective Inpatients,,4,,118,278,2.35593220338983,,135,513,3.8,
2017Q4,,S08000017,,S08000017,d,Elective Inpatients,,5,,73,174,2.38356164383562,,75,380,5.06666666666667,
2018Q1,,S08000017,,S08000017,d,Elective Inpatients,,5,,76,146,1.92105263157895,,75,229,3.05333333333333,
2018Q2,,S08000017,,S08000017,d,Elective Inpatients,,5,,93,307,3.3010752688172,,100,435,4.35,
2018Q3,,S08000017,,S08000017,d,Elective Inpatients,,5,,91,179,1.96703296703297,,100,365,3.65,
2018Q4,,S08000017,,S08000017,d,Elective Inpatients,,5,,76,381,5.01315789473684,,80,489,6.1125,
2019Q1,,S08000017,,S08000017,d,Elective Inpatients,,5,,51,183,3.58823529411765,,70,247,3.52857142857143,
2019Q2,,S08000017,,S08000017,d,Elective Inpatients,,5,,49,125,2.55102040816327,,55,211,3.83636363636364,
2019Q3,,S08000017,,S08000017,d,Elective Inpatients,,5,,53,152,2.86792452830189,,70,290,4.14285714285714,
2019Q4,,S08000017,,S08000017,d,Elective Inpatients,,5,,70,149,2.12857142857143,,80,231,2.8875,
2020Q1,,S08000017,,S08000017,d,Elective Inpatients,,5,,62,167,2.69354838709677,,80,236,2.95,
2020Q2,,S08000017,,S08000017,d,Elective Inpatients,,5,,16,29,1.8125,,20,113,5.65,
2020Q3,,S08000017,,S08000017,d,Elective Inpatients,,5,,48,140,2.91666666666667,,60,217,3.61666666666667,
2020Q4,,S08000017,,S08000017,d,Elective Inpatients,,5,,55,97,1.76363636363636,,70,198,2.82857142857143,
2021Q1,,S08000017,,S08000017,d,Elective Inpatients,,5,,50,199,3.98,,50,220,4.4,
2021Q2,,S08000017,,S08000017,d,Elective Inpatients,,5,,54,198,3.66666666666667,,75,313,4.17333333333333,
2021Q3,,S08000017,,S08000017,d,Elective Inpatients,,5,,30,83,2.76666666666667,,45,153,3.4,
2021Q4,,S08000017,,S08000017,d,Elective Inpatients,,5,,43,88,2.04651162790698,,55,367,6.67272727272727,
2022Q1,,S08000017,,S08000017,d,Elective Inpatients,,5,,43,97,2.25581395348837,,50,230,4.6,
2022Q2,,S08000017,,S08000017,d,Elective Inpatients,,5,,52,181,3.48076923076923,,60,256,4.26666666666667,
2022Q3,,S08000017,,S08000017,d,Elective Inpatients,,5,,54,137,2.53703703703704,,60,257,4.28333333333333,
2022Q4,p,S08000017,,S08000017,d,Elective Inpatients,,5,,49,49,1,,60,315,5.25,
2022Q3,,S08000017,,S08000017,d,Elective Inpatients,,,:,0,0,,z,0,0,,z
2022Q4,p,S08000017,,S08000017,d,Elective Inpatients,,,:,0,0,,z,0,0,,z
2017Q4,,S08000029,,S12000047,,Elective Inpatients,,1,,415,921,2.21927710843373,,416,1168,2.80769230769231,
2018Q1,,S08000029,,S12000047,,Elective Inpatients,,1,,445,837,1.88089887640449,,441,1125,2.55102040816327,
2018Q2,,S08000029,,S12000047,,Elective Inpatients,,1,,509,1291,2.53634577603143,,501,1709,3.41117764471058,
2018Q3,,S08000029,,S12000047,,Elective Inpatients,,1,,429,800,1.86480186480186,,426,1406,3.30046948356808,
2018Q4,,S08000029,,S12000047,,Elective Inpatients,,1,,464,867,1.86853448275862,,463,1440,3.11015118790497,
2019Q1,,S08000029,,S12000047,,Elective Inpatients,,1,,478,974,2.03765690376569,,473,1430,3.02325581395349,
2019Q2,,S08000029,,S12000047,,Elective Inpatients,,1,,438,858,1.95890410958904,,441,1439,3.26303854875283,
2019Q3,,S08000029,,S12000047,,Elective Inpatients,,1,,444,823,1.8536036036036,,442,1093,2.47285067873303,
2019Q4,,S08000029,,S12000047,,Elective Inpatients,,1,,442,899,2.03393665158371,,445,1503,3.37752808988764,
2020Q1,,S08000029,,S12000047,,Elective Inpatients,,1,,393,889,2.26208651399491,,404,1450,3.58910891089109,
2020Q2,,S08000029,,S12000047,,Elective Inpatients,,1,,121,235,1.94214876033058,,121,455,3.7603305785124,
2020Q3,,S08000029,,S12000047,,Elective Inpatients,,1,,282,470,1.66666666666667,,283,903,3.19081272084806,
2020Q4,,S08000029,,S12000047,,Elective Inpatients,,1,,278,480,1.72661870503597,,285,834,2.92631578947368,
2021Q1,,S08000029,,S12000047,,Elective Inpatients,,1,,224,489,2.18303571428571,,220,666,3.02727272727273,
2021Q2,,S08000029,,S12000047,,Elective Inpatients,,1,,367,711,1.93732970027248,,372,1100,2.95698924731183,
2021Q3,,S08000029,,S12000047,,Elective Inpatients,,1,,307,612,1.99348534201954,,304,862,2.83552631578947,
2021Q4,,S08000029,,S12000047,,Elective Inpatients,,1,,279,482,1.72759856630824,,288,827,2.87152777777778,
2022Q1,,S08000029,,S12000047,,Elective Inpatients,,1,,266,445,1.67293233082707,,263,813,3.09125475285171,
2022Q2,,S08000029,,S12000047,,Elective Inpatients,,1,,298,525,1.76174496644295,,297,836,2.81481481481481,
2022Q3,,S08000029,,S12000047,,Elective Inpatients,,1,,283,562,1.98586572438163,,283,795,2.80918727915194,
2022Q4,p,S08000029,,S12000047,,Elective Inpatients,,1,,313,543,1.73482428115016,,314,906,2.88535031847134,
2017Q4,,S08000029,,S12000047,,Elective Inpatients,,2,,538,1378,2.56133828996283,,543,1902,3.50276243093923,
2018Q1,,S08000029,,S12000047,,Elective Inpatients,,2,,449,855,1.90423162583519,,449,1197,2.66592427616927,
2018Q2,,S08000029,,S12000047,,Elective Inpatients,,2,,522,1096,2.09961685823755,,523,1550,2.96367112810707,
2018Q3,,S08000029,,S12000047,,Elective Inpatients,,2,,508,1006,1.98031496062992,,506,1515,2.99407114624506,
2018Q4,,S08000029,,S12000047,,Elective Inpatients,,2,,527,1058,2.00759013282732,,531,1619,3.04896421845574,
2019Q1,,S08000029,,S12000047,,Elective Inpatients,,2,,509,867,1.70333988212181,,504,1272,2.52380952380952,
2019Q2,,S08000029,,S12000047,,Elective Inpatients,,2,,516,1004,1.94573643410853,,512,1462,2.85546875,
2019Q3,,S08000029,,S12000047,,Elective Inpatients,,2,,487,945,1.94045174537988,,484,1812,3.74380165289256,
2019Q4,,S08000029,,S12000047,,Elective Inpatients,,2,,503,1092,2.17097415506958,,505,1550,3.06930693069307,
2020Q1,,S08000029,,S12000047,,Elective Inpatients,,2,,467,885,1.89507494646681,,471,1685,3.57749469214437,
2020Q2,,S08000029,,S12000047,,Elective Inpatients,,2,,147,284,1.93197278911565,,154,490,3.18181818181818,
2020Q3,,S08000029,,S12000047,,Elective Inpatients,,2,,304,579,1.90460526315789,,299,993,3.32107023411371,
2020Q4,,S08000029,,S12000047,,Elective Inpatients,,2,,337,821,2.43620178041543,,340,1018,2.99411764705882,
2021Q1,,S08000029,,S12000047,,Elective Inpatients,,2,,248,509,2.05241935483871,,252,839,3.32936507936508,
2021Q2,,S08000029,,S12000047,,Elective Inpatients,,2,,397,801,2.0176322418136,,394,1144,2.90355329949239,
2021Q3,,S08000029,,S12000047,,Elective Inpatients,,2,,341,710,2.08211143695015,,344,1004,2.91860465116279,
2021Q4,,S08000029,,S12000047,,Elective Inpatients,,2,,296,610,2.06081081081081,,303,1161,3.83168316831683,
2022Q1,,S08000029,,S12000047,,Elective Inpatients,,2,,299,482,1.61204013377926,,301,953,3.16611295681063,
2022Q2,,S08000029,,S12000047,,Elective Inpatients,,2,,324,560,1.7283950617284,,321,826,2.57320872274143,
2022Q3,,S08000029,,S12000047,,Elective Inpatients,,2,,336,543,1.61607142857143,,338,873,2.58284023668639,
2022Q4,p,S08000029,,S12000047,,Elective Inpatients,,2,,336,656,1.95238095238095,,341,998,2.9266862170088,
2017Q4,,S08000029,,S12000047,,Elective Inpatients,,3,,454,948,2.08810572687225,,464,1374,2.96120689655172,
2018Q1,,S08000029,,S12000047,,Elective Inpatients,,3,,450,880,1.95555555555556,,451,1416,3.13968957871397,
2018Q2,,S08000029,,S12000047,,Elective Inpatients,,3,,480,898,1.87083333333333,,474,1199,2.5295358649789,
2018Q3,,S08000029,,S12000047,,Elective Inpatients,,3,,416,866,2.08173076923077,,423,1385,3.274231678487,
2018Q4,,S08000029,,S12000047,,Elective Inpatients,,3,,484,1081,2.23347107438017,,492,1734,3.52439024390244,
2019Q1,,S08000029,,S12000047,,Elective Inpatients,,3,,448,819,1.828125,,447,1213,2.71364653243848,
2019Q2,,S08000029,,S12000047,,Elective Inpatients,,3,,470,902,1.91914893617021,,475,1461,3.07578947368421,
2019Q3,,S08000029,,S12000047,,Elective Inpatients,,3,,443,843,1.90293453724605,,447,1647,3.68456375838926,
2019Q4,,S08000029,,S12000047,,Elective Inpatients,,3,,400,780,1.95,,408,1321,3.23774509803922,
2020Q1,,S08000029,,S12000047,,Elective Inpatients,,3,,360,646,1.79444444444444,,370,1280,3.45945945945946,
2020Q2,,S08000029,,S12000047,,Elective Inpatients,,3,,148,263,1.77702702702703,,145,413,2.84827586206897,
2020Q3,,S08000029,,S12000047,,Elective Inpatients,,3,,297,534,1.7979797979798,,302,873,2.89072847682119,
2020Q4,,S08000029,,S12000047,,Elective Inpatients,,3,,300,664,2.21333333333333,,305,905,2.9672131147541,
2021Q1,,S08000029,,S12000047,,Elective Inpatients,,3,,213,420,1.97183098591549,,209,565,2.70334928229665,
2021Q2,,S08000029,,S12000047,,Elective Inpatients,,3,,330,690,2.09090909090909,,327,889,2.71865443425076,
2021Q3,,S08000029,,S12000047,,Elective Inpatients,,3,,334,639,1.91317365269461,,337,869,2.5786350148368,
2021Q4,,S08000029,,S12000047,,Elective Inpatients,,3,,264,485,1.83712121212121,,265,715,2.69811320754717,
2022Q1,,S08000029,,S12000047,,Elective Inpatients,,3,,294,511,1.73809523809524,,292,854,2.92465753424658,
2022Q2,,S08000029,,S12000047,,Elective Inpatients,,3,,268,556,2.07462686567164,,272,892,3.27941176470588,
2022Q3,,S08000029,,S12000047,,Elective Inpatients,,3,,308,600,1.94805194805195,,307,794,2.58631921824104,
2022Q4,p,S08000029,,S12000047,,Elective Inpatients,,3,,331,607,1.83383685800604,,333,901,2.70570570570571,
2017Q4,,S08000029,,S12000047,,Elective Inpatients,,4,,453,941,2.07726269315673,,454,1536,3.38325991189427,
2018Q1,,S08000029,,S12000047,,Elective Inpatients,,4,,420,1169,2.78333333333333,,418,1672,4,
2018Q2,,S08000029,,S12000047,,Elective Inpatients,,4,,500,1178,2.356,,498,2284,4.5863453815261,
2018Q3,,S08000029,,S12000047,,Elective Inpatients,,4,,404,825,2.04207920792079,,411,1451,3.53041362530414,
2018Q4,,S08000029,,S12000047,,Elective Inpatients,,4,,425,974,2.29176470588235,,426,1523,3.57511737089202,
2019Q1,,S08000029,,S12000047,,Elective Inpatients,,4,,411,841,2.04622871046229,,414,1379,3.33091787439614,
2019Q2,,S08000029,,S12000047,,Elective Inpatients,,4,,426,922,2.16431924882629,,430,1338,3.11162790697674,
2019Q3,,S08000029,,S12000047,,Elective Inpatients,,4,,408,835,2.04656862745098,,405,1405,3.46913580246914,
2019Q4,,S08000029,,S12000047,,Elective Inpatients,,4,,437,877,2.00686498855835,,435,1365,3.13793103448276,
2020Q1,,S08000029,,S12000047,,Elective Inpatients,,4,,368,777,2.11141304347826,,380,1326,3.48947368421053,
2020Q2,,S08000029,,S12000047,,Elective Inpatients,,4,,125,161,1.288,,123,311,2.52845528455285,
2020Q3,,S08000029,,S12000047,,Elective Inpatients,,4,,271,532,1.96309963099631,,275,947,3.44363636363636,
2020Q4,,S08000029,,S12000047,,Elective Inpatients,,4,,268,680,2.53731343283582,,276,988,3.57971014492754,
2021Q1,,S08000029,,S12000047,,Elective Inpatients,,4,,203,465,2.29064039408867,,198,568,2.86868686868687,
2021Q2,,S08000029,,S12000047,,Elective Inpatients,,4,,321,580,1.80685358255452,,322,1101,3.41925465838509,
2021Q3,,S08000029,,S12000047,,Elective Inpatients,,4,,335,820,2.44776119402985,,335,1232,3.67761194029851,
2021Q4,,S08000029,,S12000047,,Elective Inpatients,,4,,318,573,1.80188679245283,,321,1010,3.14641744548287,
2022Q1,,S08000029,,S12000047,,Elective Inpatients,,4,,275,472,1.71636363636364,,282,854,3.02836879432624,
2022Q2,,S08000029,,S12000047,,Elective Inpatients,,4,,312,639,2.04807692307692,,318,976,3.06918238993711,
2022Q3,,S08000029,,S12000047,,Elective Inpatients,,4,,312,699,2.24038461538462,,313,940,3.00319488817891,
2022Q4,p,S08000029,,S12000047,,Elective Inpatients,,4,,347,666,1.9193083573487,,347,937,2.70028818443804,
2017Q4,,S08000029,,S12000047,,Elective Inpatients,,5,,347,808,2.32853025936599,,345,1155,3.34782608695652,
2018Q1,,S08000029,,S12000047,,Elective Inpatients,,5,,373,756,2.02680965147453,,375,1157,3.08533333333333,
2018Q2,,S08000029,,S12000047,,Elective Inpatients,,5,,406,824,2.02955665024631,,410,1281,3.12439024390244,
2018Q3,,S08000029,,S12000047,,Elective Inpatients,,5,,338,746,2.20710059171598,,342,1074,3.14035087719298,
2018Q4,,S08000029,,S12000047,,Elective Inpatients,,5,,386,823,2.13212435233161,,385,1200,3.11688311688312,
2019Q1,,S08000029,,S12000047,,Elective Inpatients,,5,,392,902,2.30102040816327,,385,1168,3.03376623376623,
2019Q2,,S08000029,,S12000047,,Elective Inpatients,,5,,341,680,1.9941348973607,,340,1144,3.36470588235294,
2019Q3,,S08000029,,S12000047,,Elective Inpatients,,5,,338,668,1.97633136094675,,340,902,2.65294117647059,
2019Q4,,S08000029,,S12000047,,Elective Inpatients,,5,,385,778,2.02077922077922,,395,1413,3.57721518987342,
2020Q1,,S08000029,,S12000047,,Elective Inpatients,,5,,333,678,2.03603603603604,,345,960,2.78260869565217,
2020Q2,,S08000029,,S12000047,,Elective Inpatients,,5,,113,202,1.78761061946903,,113,341,3.01769911504425,
2020Q3,,S08000029,,S12000047,,Elective Inpatients,,5,,236,497,2.10593220338983,,240,787,3.27916666666667,
2020Q4,,S08000029,,S12000047,,Elective Inpatients,,5,,253,580,2.29249011857708,,260,810,3.11538461538462,
2021Q1,,S08000029,,S12000047,,Elective Inpatients,,5,,185,465,2.51351351351351,,183,524,2.86338797814208,
2021Q2,,S08000029,,S12000047,,Elective Inpatients,,5,,299,521,1.74247491638796,,295,714,2.42033898305085,
2021Q3,,S08000029,,S12000047,,Elective Inpatients,,5,,253,494,1.95256916996047,,261,792,3.03448275862069,
2021Q4,,S08000029,,S12000047,,Elective Inpatients,,5,,271,483,1.78228782287823,,275,863,3.13818181818182,
2022Q1,,S08000029,,S12000047,,Elective Inpatients,,5,,222,340,1.53153153153153,,220,738,3.35454545454545,
2022Q2,,S08000029,,S12000047,,Elective Inpatients,,5,,281,523,1.86120996441281,,282,693,2.45744680851064,
2022Q3,,S08000029,,S12000047,,Elective Inpatients,,5,,250,416,1.664,,255,852,3.34117647058824,
2022Q4,p,S08000029,,S12000047,,Elective Inpatients,,5,,256,470,1.8359375,,260,701,2.69615384615385,
2017Q4,,S08000029,,S08000029,d,Elective Inpatients,,1,,415,921,2.21927710843373,,416,1168,2.80769230769231,
2018Q1,,S08000029,,S08000029,d,Elective Inpatients,,1,,445,837,1.88089887640449,,441,1125,2.55102040816327,
2018Q2,,S08000029,,S08000029,d,Elective Inpatients,,1,,509,1291,2.53634577603143,,501,1709,3.41117764471058,
2018Q3,,S08000029,,S08000029,d,Elective Inpatients,,1,,429,800,1.86480186480186,,426,1406,3.30046948356808,
2018Q4,,S08000029,,S08000029,d,Elective Inpatients,,1,,464,867,1.86853448275862,,463,1440,3.11015118790497,
2019Q1,,S08000029,,S08000029,d,Elective Inpatients,,1,,478,974,2.03765690376569,,473,1430,3.02325581395349,
2019Q2,,S08000029,,S08000029,d,Elective Inpatients,,1,,438,858,1.95890410958904,,441,1439,3.26303854875283,
2019Q3,,S08000029,,S08000029,d,Elective Inpatients,,1,,444,823,1.8536036036036,,442,1093,2.47285067873303,
2019Q4,,S08000029,,S08000029,d,Elective Inpatients,,1,,442,899,2.03393665158371,,445,1503,3.37752808988764,
2020Q1,,S08000029,,S08000029,d,Elective Inpatients,,1,,393,889,2.26208651399491,,404,1450,3.58910891089109,
2020Q2,,S08000029,,S08000029,d,Elective Inpatients,,1,,121,235,1.94214876033058,,121,455,3.7603305785124,
2020Q3,,S08000029,,S08000029,d,Elective Inpatients,,1,,282,470,1.66666666666667,,283,903,3.19081272084806,
2020Q4,,S08000029,,S08000029,d,Elective Inpatients,,1,,278,480,1.72661870503597,,285,834,2.92631578947368,
2021Q1,,S08000029,,S08000029,d,Elective Inpatients,,1,,224,489,2.18303571428571,,220,666,3.02727272727273,
2021Q2,,S08000029,,S08000029,d,Elective Inpatients,,1,,367,711,1.93732970027248,,372,1100,2.95698924731183,
2021Q3,,S08000029,,S08000029,d,Elective Inpatients,,1,,307,612,1.99348534201954,,304,862,2.83552631578947,
2021Q4,,S08000029,,S08000029,d,Elective Inpatients,,1,,279,482,1.72759856630824,,288,827,2.87152777777778,
2022Q1,,S08000029,,S08000029,d,Elective Inpatients,,1,,266,445,1.67293233082707,,263,813,3.09125475285171,
2022Q2,,S08000029,,S08000029,d,Elective Inpatients,,1,,298,525,1.76174496644295,,297,836,2.81481481481481,
2022Q3,,S08000029,,S08000029,d,Elective Inpatients,,1,,283,562,1.98586572438163,,283,795,2.80918727915194,
2022Q4,p,S08000029,,S08000029,d,Elective Inpatients,,1,,313,543,1.73482428115016,,314,906,2.88535031847134,
2017Q4,,S08000029,,S08000029,d,Elective Inpatients,,2,,538,1378,2.56133828996283,,543,1902,3.50276243093923,
2018Q1,,S08000029,,S08000029,d,Elective Inpatients,,2,,449,855,1.90423162583519,,449,1197,2.66592427616927,
2018Q2,,S08000029,,S08000029,d,Elective Inpatients,,2,,522,1096,2.09961685823755,,523,1550,2.96367112810707,
2018Q3,,S08000029,,S08000029,d,Elective Inpatients,,2,,508,1006,1.98031496062992,,506,1515,2.99407114624506,
2018Q4,,S08000029,,S08000029,d,Elective Inpatients,,2,,527,1058,2.00759013282732,,531,1619,3.04896421845574,
2019Q1,,S08000029,,S08000029,d,Elective Inpatients,,2,,509,867,1.70333988212181,,504,1272,2.52380952380952,
2019Q2,,S08000029,,S08000029,d,Elective Inpatients,,2,,516,1004,1.94573643410853,,512,1462,2.85546875,
2019Q3,,S08000029,,S08000029,d,Elective Inpatients,,2,,487,945,1.94045174537988,,484,1812,3.74380165289256,
2019Q4,,S08000029,,S08000029,d,Elective Inpatients,,2,,503,1092,2.17097415506958,,505,1550,3.06930693069307,
2020Q1,,S08000029,,S08000029,d,Elective Inpatients,,2,,467,885,1.89507494646681,,471,1685,3.57749469214437,
2020Q2,,S08000029,,S08000029,d,Elective Inpatients,,2,,147,284,1.93197278911565,,154,490,3.18181818181818,
2020Q3,,S08000029,,S08000029,d,Elective Inpatients,,2,,304,579,1.90460526315789,,299,993,3.32107023411371,
2020Q4,,S08000029,,S08000029,d,Elective Inpatients,,2,,337,821,2.43620178041543,,340,1018,2.99411764705882,
2021Q1,,S08000029,,S08000029,d,Elective Inpatients,,2,,248,509,2.05241935483871,,252,839,3.32936507936508,
2021Q2,,S08000029,,S08000029,d,Elective Inpatients,,2,,397,801,2.0176322418136,,394,1144,2.90355329949239,
2021Q3,,S08000029,,S08000029,d,Elective Inpatients,,2,,341,710,2.08211143695015,,344,1004,2.91860465116279,
2021Q4,,S08000029,,S08000029,d,Elective Inpatients,,2,,296,610,2.06081081081081,,303,1161,3.83168316831683,
2022Q1,,S08000029,,S08000029,d,Elective Inpatients,,2,,299,482,1.61204013377926,,301,953,3.16611295681063,
2022Q2,,S08000029,,S08000029,d,Elective Inpatients,,2,,324,560,1.7283950617284,,321,826,2.57320872274143,
2022Q3,,S08000029,,S08000029,d,Elective Inpatients,,2,,336,543,1.61607142857143,,338,873,2.58284023668639,
2022Q4,p,S08000029,,S08000029,d,Elective Inpatients,,2,,336,656,1.95238095238095,,341,998,2.9266862170088,
2017Q4,,S08000029,,S08000029,d,Elective Inpatients,,3,,454,948,2.08810572687225,,464,1374,2.96120689655172,
2018Q1,,S08000029,,S08000029,d,Elective Inpatients,,3,,450,880,1.95555555555556,,451,1416,3.13968957871397,
2018Q2,,S08000029,,S08000029,d,Elective Inpatients,,3,,480,898,1.87083333333333,,474,1199,2.5295358649789,
2018Q3,,S08000029,,S08000029,d,Elective Inpatients,,3,,416,866,2.08173076923077,,423,1385,3.274231678487,
2018Q4,,S08000029,,S08000029,d,Elective Inpatients,,3,,484,1081,2.23347107438017,,492,1734,3.52439024390244,
2019Q1,,S08000029,,S08000029,d,Elective Inpatients,,3,,448,819,1.828125,,447,1213,2.71364653243848,
2019Q2,,S08000029,,S08000029,d,Elective Inpatients,,3,,470,902,1.91914893617021,,475,1461,3.07578947368421,
2019Q3,,S08000029,,S08000029,d,Elective Inpatients,,3,,443,843,1.90293453724605,,447,1647,3.68456375838926,
2019Q4,,S08000029,,S08000029,d,Elective Inpatients,,3,,400,780,1.95,,408,1321,3.23774509803922,
2020Q1,,S08000029,,S08000029,d,Elective Inpatients,,3,,360,646,1.79444444444444,,370,1280,3.45945945945946,
2020Q2,,S08000029,,S08000029,d,Elective Inpatients,,3,,148,263,1.77702702702703,,145,413,2.84827586206897,
2020Q3,,S08000029,,S08000029,d,Elective Inpatients,,3,,297,534,1.7979797979798,,302,873,2.89072847682119,
2020Q4,,S08000029,,S08000029,d,Elective Inpatients,,3,,300,664,2.21333333333333,,305,905,2.9672131147541,
2021Q1,,S08000029,,S08000029,d,Elective Inpatients,,3,,213,420,1.97183098591549,,209,565,2.70334928229665,
2021Q2,,S08000029,,S08000029,d,Elective Inpatients,,3,,330,690,2.09090909090909,,327,889,2.71865443425076,
2021Q3,,S08000029,,S08000029,d,Elective Inpatients,,3,,334,639,1.91317365269461,,337,869,2.5786350148368,
2021Q4,,S08000029,,S08000029,d,Elective Inpatients,,3,,264,485,1.83712121212121,,265,715,2.69811320754717,
2022Q1,,S08000029,,S08000029,d,Elective Inpatients,,3,,294,511,1.73809523809524,,292,854,2.92465753424658,
2022Q2,,S08000029,,S08000029,d,Elective Inpatients,,3,,268,556,2.07462686567164,,272,892,3.27941176470588,
2022Q3,,S08000029,,S08000029,d,Elective Inpatients,,3,,308,600,1.94805194805195,,307,794,2.58631921824104,
2022Q4,p,S08000029,,S08000029,d,Elective Inpatients,,3,,331,607,1.83383685800604,,333,901,2.70570570570571,
2017Q4,,S08000029,,S08000029,d,Elective Inpatients,,4,,453,941,2.07726269315673,,454,1536,3.38325991189427,
2018Q1,,S08000029,,S08000029,d,Elective Inpatients,,4,,420,1169,2.78333333333333,,418,1672,4,
2018Q2,,S08000029,,S08000029,d,Elective Inpatients,,4,,500,1178,2.356,,498,2284,4.5863453815261,
2018Q3,,S08000029,,S08000029,d,Elective Inpatients,,4,,404,825,2.04207920792079,,411,1451,3.53041362530414,
2018Q4,,S08000029,,S08000029,d,Elective Inpatients,,4,,425,974,2.29176470588235,,426,1523,3.57511737089202,
2019Q1,,S08000029,,S08000029,d,Elective Inpatients,,4,,411,841,2.04622871046229,,414,1379,3.33091787439614,
2019Q2,,S08000029,,S08000029,d,Elective Inpatients,,4,,426,922,2.16431924882629,,430,1338,3.11162790697674,
2019Q3,,S08000029,,S08000029,d,Elective Inpatients,,4,,408,835,2.04656862745098,,405,1405,3.46913580246914,
2019Q4,,S08000029,,S08000029,d,Elective Inpatients,,4,,437,877,2.00686498855835,,435,1365,3.13793103448276,
2020Q1,,S08000029,,S08000029,d,Elective Inpatients,,4,,368,777,2.11141304347826,,380,1326,3.48947368421053,
2020Q2,,S08000029,,S08000029,d,Elective Inpatients,,4,,125,161,1.288,,123,311,2.52845528455285,
2020Q3,,S08000029,,S08000029,d,Elective Inpatients,,4,,271,532,1.96309963099631,,275,947,3.44363636363636,
2020Q4,,S08000029,,S08000029,d,Elective Inpatients,,4,,268,680,2.53731343283582,,276,988,3.57971014492754,
2021Q1,,S08000029,,S08000029,d,Elective Inpatients,,4,,203,465,2.29064039408867,,198,568,2.86868686868687,
2021Q2,,S08000029,,S08000029,d,Elective Inpatients,,4,,321,580,1.80685358255452,,322,1101,3.41925465838509,
2021Q3,,S08000029,,S08000029,d,Elective Inpatients,,4,,335,820,2.44776119402985,,335,1232,3.67761194029851,
2021Q4,,S08000029,,S08000029,d,Elective Inpatients,,4,,318,573,1.80188679245283,,321,1010,3.14641744548287,
2022Q1,,S08000029,,S08000029,d,Elective Inpatients,,4,,275,472,1.71636363636364,,282,854,3.02836879432624,
2022Q2,,S08000029,,S08000029,d,Elective Inpatients,,4,,312,639,2.04807692307692,,318,976,3.06918238993711,
2022Q3,,S08000029,,S08000029,d,Elective Inpatients,,4,,312,699,2.24038461538462,,313,940,3.00319488817891,
2022Q4,p,S08000029,,S08000029,d,Elective Inpatients,,4,,347,666,1.9193083573487,,347,937,2.70028818443804,
2017Q4,,S08000029,,S08000029,d,Elective Inpatients,,5,,347,808,2.32853025936599,,345,1155,3.34782608695652,
2018Q1,,S08000029,,S08000029,d,Elective Inpatients,,5,,373,756,2.02680965147453,,375,1157,3.08533333333333,
2018Q2,,S08000029,,S08000029,d,Elective Inpatients,,5,,406,824,2.02955665024631,,410,1281,3.12439024390244,
2018Q3,,S08000029,,S08000029,d,Elective Inpatients,,5,,338,746,2.20710059171598,,342,1074,3.14035087719298,
2018Q4,,S08000029,,S08000029,d,Elective Inpatients,,5,,386,823,2.13212435233161,,385,1200,3.11688311688312,
2019Q1,,S08000029,,S08000029,d,Elective Inpatients,,5,,392,902,2.30102040816327,,385,1168,3.03376623376623,
2019Q2,,S08000029,,S08000029,d,Elective Inpatients,,5,,341,680,1.9941348973607,,340,1144,3.36470588235294,
2019Q3,,S08000029,,S08000029,d,Elective Inpatients,,5,,338,668,1.97633136094675,,340,902,2.65294117647059,
2019Q4,,S08000029,,S08000029,d,Elective Inpatients,,5,,385,778,2.02077922077922,,395,1413,3.57721518987342,
2020Q1,,S08000029,,S08000029,d,Elective Inpatients,,5,,333,678,2.03603603603604,,345,960,2.78260869565217,
2020Q2,,S08000029,,S08000029,d,Elective Inpatients,,5,,113,202,1.78761061946903,,113,341,3.01769911504425,
2020Q3,,S08000029,,S08000029,d,Elective Inpatients,,5,,236,497,2.10593220338983,,240,787,3.27916666666667,
2020Q4,,S08000029,,S08000029,d,Elective Inpatients,,5,,253,580,2.29249011857708,,260,810,3.11538461538462,
2021Q1,,S08000029,,S08000029,d,Elective Inpatients,,5,,185,465,2.51351351351351,,183,524,2.86338797814208,
2021Q2,,S08000029,,S08000029,d,Elective Inpatients,,5,,299,521,1.74247491638796,,295,714,2.42033898305085,
2021Q3,,S08000029,,S08000029,d,Elective Inpatients,,5,,253,494,1.95256916996047,,261,792,3.03448275862069,
2021Q4,,S08000029,,S08000029,d,Elective Inpatients,,5,,271,483,1.78228782287823,,275,863,3.13818181818182,
2022Q1,,S08000029,,S08000029,d,Elective Inpatients,,5,,222,340,1.53153153153153,,220,738,3.35454545454545,
2022Q2,,S08000029,,S08000029,d,Elective Inpatients,,5,,281,523,1.86120996441281,,282,693,2.45744680851064,
2022Q3,,S08000029,,S08000029,d,Elective Inpatients,,5,,250,416,1.664,,255,852,3.34117647058824,
2022Q4,p,S08000029,,S08000029,d,Elective Inpatients,,5,,256,470,1.8359375,,260,701,2.69615384615385,
2017Q4,,S08000019,,S12000005,,Elective Inpatients,,1,,73,290,3.97260273972603,,75,345,4.6,
2018Q1,,S08000019,,S12000005,,Elective Inpatients,,1,,62,138,2.2258064516129,,65,337,5.18461538461538,
2018Q2,,S08000019,,S12000005,,Elective Inpatients,,1,,80,233,2.9125,,75,264,3.52,
2018Q3,,S08000019,,S12000005,,Elective Inpatients,,1,,76,202,2.65789473684211,,75,308,4.10666666666667,
2018Q4,,S08000019,,S12000005,,Elective Inpatients,,1,,77,142,1.84415584415584,,75,218,2.90666666666667,
2019Q1,,S08000019,,S12000005,,Elective Inpatients,,1,,62,222,3.58064516129032,,60,248,4.13333333333333,
2019Q2,,S08000019,,S12000005,,Elective Inpatients,,1,,86,186,2.16279069767442,,90,346,3.84444444444444,
2019Q3,,S08000019,,S12000005,,Elective Inpatients,,1,,73,210,2.87671232876712,,74,247,3.33783783783784,
2019Q4,,S08000019,,S12000005,,Elective Inpatients,,1,,56,113,2.01785714285714,,56,150,2.67857142857143,
2020Q1,,S08000019,,S12000005,,Elective Inpatients,,1,,52,133,2.55769230769231,,50,180,3.6,
2020Q2,,S08000019,,S12000005,,Elective Inpatients,,1,,24,67,2.79166666666667,,24,122,5.08333333333333,
2020Q3,,S08000019,,S12000005,,Elective Inpatients,,1,,37,66,1.78378378378378,,36,85,2.36111111111111,
2020Q4,,S08000019,,S12000005,,Elective Inpatients,,1,,44,162,3.68181818181818,,42,116,2.76190476190476,
2021Q1,,S08000019,,S12000005,,Elective Inpatients,,1,,40,101,2.525,,40,144,3.6,
2021Q2,,S08000019,,S12000005,,Elective Inpatients,,1,,54,168,3.11111111111111,,52,201,3.86538461538462,
2021Q3,,S08000019,,S12000005,,Elective Inpatients,,1,,54,135,2.5,,54,178,3.2962962962963,
2021Q4,,S08000019,,S12000005,,Elective Inpatients,,1,,49,105,2.14285714285714,,50,356,7.12,
2022Q1,,S08000019,,S12000005,,Elective Inpatients,,1,,35,155,4.42857142857143,,35,137,3.91428571428571,
2022Q2,,S08000019,,S12000005,,Elective Inpatients,,1,,41,154,3.75609756097561,,40,233,5.825,
2022Q3,,S08000019,,S12000005,,Elective Inpatients,,1,,57,132,2.31578947368421,,59,213,3.61016949152542,
2022Q4,p,S08000019,,S12000005,,Elective Inpatients,,1,,64,120,1.875,,65,141,2.16923076923077,
2017Q4,,S08000019,,S12000005,,Elective Inpatients,,2,,50,97,1.94,,50,171,3.42,
2018Q1,,S08000019,,S12000005,,Elective Inpatients,,2,,60,207,3.45,,60,270,4.5,
2018Q2,,S08000019,,S12000005,,Elective Inpatients,,2,,67,182,2.71641791044776,,65,209,3.21538461538462,
2018Q3,,S08000019,,S12000005,,Elective Inpatients,,2,,61,136,2.22950819672131,,60,156,2.6,
2018Q4,,S08000019,,S12000005,,Elective Inpatients,,2,,62,136,2.19354838709677,,60,264,4.4,
2019Q1,,S08000019,,S12000005,,Elective Inpatients,,2,,53,136,2.56603773584906,,55,180,3.27272727272727,
2019Q2,,S08000019,,S12000005,,Elective Inpatients,,2,,66,141,2.13636363636364,,65,221,3.4,
2019Q3,,S08000019,,S12000005,,Elective Inpatients,,2,,77,258,3.35064935064935,,73,265,3.63013698630137,
2019Q4,,S08000019,,S12000005,,Elective Inpatients,,2,,63,174,2.76190476190476,,66,313,4.74242424242424,
2020Q1,,S08000019,,S12000005,,Elective Inpatients,,2,,57,213,3.73684210526316,,55,202,3.67272727272727,
2020Q2,,S08000019,,S12000005,,Elective Inpatients,,2,,18,35,1.94444444444444,,15,48,3.2,
2020Q3,,S08000019,,S12000005,,Elective Inpatients,,2,,44,125,2.84090909090909,,44,144,3.27272727272727,
2020Q4,,S08000019,,S12000005,,Elective Inpatients,,2,,57,241,4.2280701754386,,55,253,4.6,
2021Q1,,S08000019,,S12000005,,Elective Inpatients,,2,,33,135,4.09090909090909,,32,201,6.28125,
2021Q2,,S08000019,,S12000005,,Elective Inpatients,,2,,55,134,2.43636363636364,,55,164,2.98181818181818,
2021Q3,,S08000019,,S12000005,,Elective Inpatients,,2,,57,200,3.50877192982456,,60,240,4,
2021Q4,,S08000019,,S12000005,,Elective Inpatients,,2,,30,36,1.2,,32,175,5.46875,
2022Q1,,S08000019,,S12000005,,Elective Inpatients,,2,,43,191,4.44186046511628,,45,269,5.97777777777778,
2022Q2,,S08000019,,S12000005,,Elective Inpatients,,2,,47,125,2.65957446808511,,45,167,3.71111111111111,
2022Q3,,S08000019,,S12000005,,Elective Inpatients,,2,,59,164,2.77966101694915,,61,337,5.52459016393443,
2022Q4,p,S08000019,,S12000005,,Elective Inpatients,,2,,57,120,2.10526315789474,,57,185,3.24561403508772,
2017Q4,,S08000019,,S12000005,,Elective Inpatients,,3,,61,170,2.78688524590164,,61,193,3.16393442622951,
2018Q1,,S08000019,,S12000005,,Elective Inpatients,,3,,35,285,8.14285714285714,,34,110,3.23529411764706,
2018Q2,,S08000019,,S12000005,,Elective Inpatients,,3,,58,193,3.32758620689655,,59,235,3.98305084745763,
2018Q3,,S08000019,,S12000005,,Elective Inpatients,,3,,29,78,2.68965517241379,,30,100,3.33333333333333,
2018Q4,,S08000019,,S12000005,,Elective Inpatients,,3,,51,155,3.03921568627451,,55,213,3.87272727272727,
2019Q1,,S08000019,,S12000005,,Elective Inpatients,,3,,39,131,3.35897435897436,,40,134,3.35,
2019Q2,,S08000019,,S12000005,,Elective Inpatients,,3,,48,118,2.45833333333333,,50,172,3.44,
2019Q3,,S08000019,,S12000005,,Elective Inpatients,,3,,55,122,2.21818181818182,,55,179,3.25454545454545,
2019Q4,,S08000019,,S12000005,,Elective Inpatients,,3,,43,56,1.30232558139535,,45,110,2.44444444444444,
2020Q1,,S08000019,,S12000005,,Elective Inpatients,,3,,40,55,1.375,,40,80,2,
2020Q2,,S08000019,,S12000005,,Elective Inpatients,,3,,5,7,1.4,,10,43,4.3,
2020Q3,,S08000019,,S12000005,,Elective Inpatients,,3,,26,35,1.34615384615385,,25,57,2.28,
2020Q4,,S08000019,,S12000005,,Elective Inpatients,,3,,36,63,1.75,,40,87,2.175,
2021Q1,,S08000019,,S12000005,,Elective Inpatients,,3,,23,65,2.82608695652174,,20,74,3.7,
2021Q2,,S08000019,,S12000005,,Elective Inpatients,,3,,38,157,4.13157894736842,,40,209,5.225,
2021Q3,,S08000019,,S12000005,,Elective Inpatients,,3,,23,117,5.08695652173913,,20,132,6.6,
2021Q4,,S08000019,,S12000005,,Elective Inpatients,,3,,44,98,2.22727272727273,,45,228,5.06666666666667,
2022Q1,,S08000019,,S12000005,,Elective Inpatients,,3,,29,55,1.89655172413793,,30,75,2.5,
2022Q2,,S08000019,,S12000005,,Elective Inpatients,,3,,33,71,2.15151515151515,,32,70,2.1875,
2022Q3,,S08000019,,S12000005,,Elective Inpatients,,3,,20,29,1.45,,20,42,2.1,
2022Q4,p,S08000019,,S12000005,,Elective Inpatients,,3,,39,107,2.74358974358974,,40,103,2.575,
2017Q4,,S08000019,,S12000005,,Elective Inpatients,,4,,38,134,3.52631578947368,,39,208,5.33333333333333,
2018Q1,,S08000019,,S12000005,,Elective Inpatients,,4,,48,121,2.52083333333333,,46,165,3.58695652173913,
2018Q2,,S08000019,,S12000005,,Elective Inpatients,,4,,44,118,2.68181818181818,,45,194,4.31111111111111,
2018Q3,,S08000019,,S12000005,,Elective Inpatients,,4,,42,109,2.5952380952381,,41,192,4.68292682926829,
2018Q4,,S08000019,,S12000005,,Elective Inpatients,,4,,37,108,2.91891891891892,,35,114,3.25714285714286,
2019Q1,,S08000019,,S12000005,,Elective Inpatients,,4,,32,70,2.1875,,33,83,2.51515151515152,
2019Q2,,S08000019,,S12000005,,Elective Inpatients,,4,,37,165,4.45945945945946,,35,212,6.05714285714286,
2019Q3,,S08000019,,S12000005,,Elective Inpatients,,4,,42,77,1.83333333333333,,40,126,3.15,
2019Q4,,S08000019,,S12000005,,Elective Inpatients,,4,,31,135,4.35483870967742,,30,152,5.06666666666667,
2020Q1,,S08000019,,S12000005,,Elective Inpatients,,4,,32,66,2.0625,,30,80,2.66666666666667,
2020Q2,,S08000019,,S12000005,,Elective Inpatients,,4,,10,13,1.3,,10,43,4.3,
2020Q3,,S08000019,,S12000005,,Elective Inpatients,,4,,39,79,2.02564102564103,,35,83,2.37142857142857,
2020Q4,,S08000019,,S12000005,,Elective Inpatients,,4,,30,81,2.7,,30,130,4.33333333333333,
2021Q1,,S08000019,,S12000005,,Elective Inpatients,,4,,17,132,7.76470588235294,,15,30,2,
2021Q2,,S08000019,,S12000005,,Elective Inpatients,,4,,31,66,2.12903225806452,,35,370,10.5714285714286,
2021Q3,,S08000019,,S12000005,,Elective Inpatients,,4,,36,80,2.22222222222222,,35,115,3.28571428571429,
2021Q4,,S08000019,,S12000005,,Elective Inpatients,,4,,30,47,1.56666666666667,,30,156,5.2,
2022Q1,,S08000019,,S12000005,,Elective Inpatients,,4,,18,29,1.61111111111111,,15,23,1.53333333333333,
2022Q2,,S08000019,,S12000005,,Elective Inpatients,,4,,39,107,2.74358974358974,,37,149,4.02702702702703,
2022Q3,,S08000019,,S12000005,,Elective Inpatients,,4,,33,90,2.72727272727273,,35,160,4.57142857142857,
2022Q4,p,S08000019,,S12000005,,Elective Inpatients,,4,,35,59,1.68571428571429,,35,79,2.25714285714286,
2017Q4,,S08000019,,S12000005,,Elective Inpatients,,5,,33,101,3.06060606060606,,35,126,3.6,
2018Q1,,S08000019,,S12000005,,Elective Inpatients,,5,,33,72,2.18181818181818,,33,121,3.66666666666667,
2018Q2,,S08000019,,S12000005,,Elective Inpatients,,5,,42,68,1.61904761904762,,40,95,2.375,
2018Q3,,S08000019,,S12000005,,Elective Inpatients,,5,,30,82,2.73333333333333,,30,110,3.66666666666667,
2018Q4,,S08000019,,S12000005,,Elective Inpatients,,5,,43,67,1.55813953488372,,42,69,1.64285714285714,
2019Q1,,S08000019,,S12000005,,Elective Inpatients,,5,,37,83,2.24324324324324,,35,91,2.6,
2019Q2,,S08000019,,S12000005,,Elective Inpatients,,5,,43,115,2.67441860465116,,45,142,3.15555555555556,
2019Q3,,S08000019,,S12000005,,Elective Inpatients,,5,,51,155,3.03921568627451,,50,205,4.1,
2019Q4,,S08000019,,S12000005,,Elective Inpatients,,5,,47,111,2.36170212765957,,45,145,3.22222222222222,
2020Q1,,S08000019,,S12000005,,Elective Inpatients,,5,,43,89,2.06976744186047,,40,141,3.525,
2020Q2,,S08000019,,S12000005,,Elective Inpatients,,5,,10,23,2.3,,10,65,6.5,
2020Q3,,S08000019,,S12000005,,Elective Inpatients,,5,,39,76,1.94871794871795,,40,87,2.175,
2020Q4,,S08000019,,S12000005,,Elective Inpatients,,5,,31,68,2.19354838709677,,30,78,2.6,
2021Q1,,S08000019,,S12000005,,Elective Inpatients,,5,,23,35,1.52173913043478,,25,63,2.52,
2021Q2,,S08000019,,S12000005,,Elective Inpatients,,5,,43,85,1.97674418604651,,45,90,2,
2021Q3,,S08000019,,S12000005,,Elective Inpatients,,5,,29,86,2.96551724137931,,30,98,3.26666666666667,
2021Q4,,S08000019,,S12000005,,Elective Inpatients,,5,,30,50,1.66666666666667,,30,88,2.93333333333333,
2022Q1,,S08000019,,S12000005,,Elective Inpatients,,5,,20,34,1.7,,20,90,4.5,
2022Q2,,S08000019,,S12000005,,Elective Inpatients,,5,,31,69,2.2258064516129,,30,211,7.03333333333333,
2022Q3,,S08000019,,S12000005,,Elective Inpatients,,5,,31,37,1.19354838709677,,30,41,1.36666666666667,
2022Q4,p,S08000019,,S12000005,,Elective Inpatients,,5,,52,202,3.88461538461538,,51,223,4.37254901960784,
2017Q4,,S08000019,,S12000014,,Elective Inpatients,,1,,148,418,2.82432432432432,,145,506,3.48965517241379,
2018Q1,,S08000019,,S12000014,,Elective Inpatients,,1,,156,634,4.06410256410256,,152,791,5.20394736842105,
2018Q2,,S08000019,,S12000014,,Elective Inpatients,,1,,143,379,2.65034965034965,,140,411,2.93571428571429,
2018Q3,,S08000019,,S12000014,,Elective Inpatients,,1,,118,526,4.45762711864407,,120,643,5.35833333333333,
2018Q4,,S08000019,,S12000014,,Elective Inpatients,,1,,119,308,2.58823529411765,,120,397,3.30833333333333,
2019Q1,,S08000019,,S12000014,,Elective Inpatients,,1,,121,585,4.83471074380165,,120,662,5.51666666666667,
2019Q2,,S08000019,,S12000014,,Elective Inpatients,,1,,130,385,2.96153846153846,,127,482,3.79527559055118,
2019Q3,,S08000019,,S12000014,,Elective Inpatients,,1,,123,263,2.13821138211382,,122,401,3.28688524590164,
2019Q4,,S08000019,,S12000014,,Elective Inpatients,,1,,133,339,2.54887218045113,,136,572,4.20588235294118,
2020Q1,,S08000019,,S12000014,,Elective Inpatients,,1,,139,317,2.28057553956835,,139,673,4.84172661870504,
2020Q2,,S08000019,,S12000014,,Elective Inpatients,,1,,44,186,4.22727272727273,,44,373,8.47727272727273,
2020Q3,,S08000019,,S12000014,,Elective Inpatients,,1,,85,243,2.85882352941176,,83,316,3.80722891566265,
2020Q4,,S08000019,,S12000014,,Elective Inpatients,,1,,94,254,2.70212765957447,,97,426,4.39175257731959,
2021Q1,,S08000019,,S12000014,,Elective Inpatients,,1,,82,162,1.97560975609756,,84,209,2.48809523809524,
2021Q2,,S08000019,,S12000014,,Elective Inpatients,,1,,118,352,2.98305084745763,,114,273,2.39473684210526,
2021Q3,,S08000019,,S12000014,,Elective Inpatients,,1,,100,293,2.93,,102,379,3.7156862745098,
2021Q4,,S08000019,,S12000014,,Elective Inpatients,,1,,102,235,2.30392156862745,,97,340,3.50515463917526,
2022Q1,,S08000019,,S12000014,,Elective Inpatients,,1,,68,152,2.23529411764706,,70,332,4.74285714285714,
2022Q2,,S08000019,,S12000014,,Elective Inpatients,,1,,71,286,4.02816901408451,,70,233,3.32857142857143,
2022Q3,,S08000019,,S12000014,,Elective Inpatients,,1,,131,407,3.10687022900763,,127,447,3.51968503937008,
2022Q4,p,S08000019,,S12000014,,Elective Inpatients,,1,,90,387,4.3,,87,463,5.32183908045977,
2017Q4,,S08000019,,S12000014,,Elective Inpatients,,2,,181,473,2.61325966850829,,180,799,4.43888888888889,
2018Q1,,S08000019,,S12000014,,Elective Inpatients,,2,,188,400,2.12765957446809,,185,556,3.00540540540541,
2018Q2,,S08000019,,S12000014,,Elective Inpatients,,2,,161,593,3.6832298136646,,160,748,4.675,
2018Q3,,S08000019,,S12000014,,Elective Inpatients,,2,,164,439,2.67682926829268,,165,623,3.77575757575758,
2018Q4,,S08000019,,S12000014,,Elective Inpatients,,2,,166,407,2.45180722891566,,165,638,3.86666666666667,
2019Q1,,S08000019,,S12000014,,Elective Inpatients,,2,,202,445,2.2029702970297,,198,708,3.57575757575758,
2019Q2,,S08000019,,S12000014,,Elective Inpatients,,2,,206,464,2.25242718446602,,200,480,2.4,
2019Q3,,S08000019,,S12000014,,Elective Inpatients,,2,,187,358,1.9144385026738,,193,863,4.47150259067358,
2019Q4,,S08000019,,S12000014,,Elective Inpatients,,2,,145,298,2.0551724137931,,149,462,3.1006711409396,
2020Q1,,S08000019,,S12000014,,Elective Inpatients,,2,,154,379,2.46103896103896,,157,956,6.08917197452229,
2020Q2,,S08000019,,S12000014,,Elective Inpatients,,2,,43,158,3.67441860465116,,40,149,3.725,
2020Q3,,S08000019,,S12000014,,Elective Inpatients,,2,,105,282,2.68571428571429,,105,500,4.76190476190476,
2020Q4,,S08000019,,S12000014,,Elective Inpatients,,2,,130,240,1.84615384615385,,132,453,3.43181818181818,
2021Q1,,S08000019,,S12000014,,Elective Inpatients,,2,,114,413,3.62280701754386,,113,537,4.75221238938053,
2021Q2,,S08000019,,S12000014,,Elective Inpatients,,2,,161,409,2.54037267080745,,161,615,3.81987577639752,
2021Q3,,S08000019,,S12000014,,Elective Inpatients,,2,,140,459,3.27857142857143,,137,763,5.56934306569343,
2021Q4,,S08000019,,S12000014,,Elective Inpatients,,2,,132,278,2.10606060606061,,137,480,3.5036496350365,
2022Q1,,S08000019,,S12000014,,Elective Inpatients,,2,,132,327,2.47727272727273,,127,450,3.54330708661417,
2022Q2,,S08000019,,S12000014,,Elective Inpatients,,2,,151,334,2.21192052980132,,155,405,2.61290322580645,
2022Q3,,S08000019,,S12000014,,Elective Inpatients,,2,,142,346,2.43661971830986,,143,506,3.53846153846154,
2022Q4,p,S08000019,,S12000014,,Elective Inpatients,,2,,185,376,2.03243243243243,,183,495,2.70491803278689,
2017Q4,,S08000019,,S12000014,,Elective Inpatients,,3,,201,541,2.69154228855721,,195,772,3.95897435897436,
2018Q1,,S08000019,,S12000014,,Elective Inpatients,,3,,213,566,2.65727699530516,,210,813,3.87142857142857,
2018Q2,,S08000019,,S12000014,,Elective Inpatients,,3,,213,591,2.77464788732394,,210,1204,5.73333333333333,
2018Q3,,S08000019,,S12000014,,Elective Inpatients,,3,,216,650,3.00925925925926,,220,889,4.04090909090909,
2018Q4,,S08000019,,S12000014,,Elective Inpatients,,3,,236,510,2.16101694915254,,235,807,3.43404255319149,
2019Q1,,S08000019,,S12000014,,Elective Inpatients,,3,,241,756,3.13692946058091,,243,995,4.09465020576132,
2019Q2,,S08000019,,S12000014,,Elective Inpatients,,3,,217,491,2.26267281105991,,215,707,3.28837209302326,
2019Q3,,S08000019,,S12000014,,Elective Inpatients,,3,,182,393,2.15934065934066,,180,532,2.95555555555556,
2019Q4,,S08000019,,S12000014,,Elective Inpatients,,3,,195,551,2.82564102564103,,194,663,3.41752577319588,
2020Q1,,S08000019,,S12000014,,Elective Inpatients,,3,,190,597,3.1421052631579,,190,701,3.68947368421053,
2020Q2,,S08000019,,S12000014,,Elective Inpatients,,3,,55,224,4.07272727272727,,51,279,5.47058823529412,
2020Q3,,S08000019,,S12000014,,Elective Inpatients,,3,,138,370,2.68115942028985,,138,691,5.00724637681159,
2020Q4,,S08000019,,S12000014,,Elective Inpatients,,3,,158,440,2.78481012658228,,159,512,3.22012578616352,
2021Q1,,S08000019,,S12000014,,Elective Inpatients,,3,,129,417,3.23255813953488,,126,527,4.18253968253968,
2021Q2,,S08000019,,S12000014,,Elective Inpatients,,3,,178,411,2.30898876404494,,178,592,3.32584269662921,
2021Q3,,S08000019,,S12000014,,Elective Inpatients,,3,,148,409,2.76351351351351,,148,506,3.41891891891892,
2021Q4,,S08000019,,S12000014,,Elective Inpatients,,3,,141,309,2.19148936170213,,142,404,2.84507042253521,
2022Q1,,S08000019,,S12000014,,Elective Inpatients,,3,,126,343,2.72222222222222,,126,501,3.97619047619048,
2022Q2,,S08000019,,S12000014,,Elective Inpatients,,3,,150,343,2.28666666666667,,152,420,2.76315789473684,
2022Q3,,S08000019,,S12000014,,Elective Inpatients,,3,,187,603,3.22459893048128,,183,694,3.79234972677596,
2022Q4,p,S08000019,,S12000014,,Elective Inpatients,,3,,180,441,2.45,,181,618,3.41436464088398,
2017Q4,,S08000019,,S12000014,,Elective Inpatients,,4,,122,427,3.5,,125,622,4.976,
2018Q1,,S08000019,,S12000014,,Elective Inpatients,,4,,106,326,3.07547169811321,,105,392,3.73333333333333,
2018Q2,,S08000019,,S12000014,,Elective Inpatients,,4,,131,350,2.67175572519084,,132,496,3.75757575757576,
2018Q3,,S08000019,,S12000014,,Elective Inpatients,,4,,125,306,2.448,,120,352,2.93333333333333,
2018Q4,,S08000019,,S12000014,,Elective Inpatients,,4,,130,278,2.13846153846154,,125,317,2.536,
2019Q1,,S08000019,,S12000014,,Elective Inpatients,,4,,114,283,2.48245614035088,,110,526,4.78181818181818,
2019Q2,,S08000019,,S12000014,,Elective Inpatients,,4,,145,313,2.15862068965517,,149,703,4.71812080536913,
2019Q3,,S08000019,,S12000014,,Elective Inpatients,,4,,127,352,2.77165354330709,,130,393,3.02307692307692,
2019Q4,,S08000019,,S12000014,,Elective Inpatients,,4,,126,424,3.36507936507937,,130,536,4.12307692307692,
2020Q1,,S08000019,,S12000014,,Elective Inpatients,,4,,116,283,2.43965517241379,,120,393,3.275,
2020Q2,,S08000019,,S12000014,,Elective Inpatients,,4,,57,125,2.19298245614035,,56,226,4.03571428571429,
2020Q3,,S08000019,,S12000014,,Elective Inpatients,,4,,93,264,2.83870967741935,,90,267,2.96666666666667,
2020Q4,,S08000019,,S12000014,,Elective Inpatients,,4,,98,211,2.1530612244898,,100,268,2.68,
2021Q1,,S08000019,,S12000014,,Elective Inpatients,,4,,69,240,3.47826086956522,,70,262,3.74285714285714,
2021Q2,,S08000019,,S12000014,,Elective Inpatients,,4,,98,206,2.10204081632653,,100,303,3.03,
2021Q3,,S08000019,,S12000014,,Elective Inpatients,,4,,95,252,2.65263157894737,,90,290,3.22222222222222,
2021Q4,,S08000019,,S12000014,,Elective Inpatients,,4,,90,272,3.02222222222222,,91,319,3.50549450549451,
2022Q1,,S08000019,,S12000014,,Elective Inpatients,,4,,87,276,3.17241379310345,,85,363,4.27058823529412,
2022Q2,,S08000019,,S12000014,,Elective Inpatients,,4,,107,245,2.28971962616822,,108,331,3.06481481481481,
2022Q3,,S08000019,,S12000014,,Elective Inpatients,,4,,122,354,2.9016393442623,,122,395,3.23770491803279,
2022Q4,p,S08000019,,S12000014,,Elective Inpatients,,4,,112,276,2.46428571428571,,110,348,3.16363636363636,
2017Q4,,S08000019,,S12000014,,Elective Inpatients,,5,,119,255,2.14285714285714,,120,365,3.04166666666667,
2018Q1,,S08000019,,S12000014,,Elective Inpatients,,5,,125,270,2.16,,125,322,2.576,
2018Q2,,S08000019,,S12000014,,Elective Inpatients,,5,,138,394,2.85507246376812,,140,556,3.97142857142857,
2018Q3,,S08000019,,S12000014,,Elective Inpatients,,5,,120,328,2.73333333333333,,120,390,3.25,
2018Q4,,S08000019,,S12000014,,Elective Inpatients,,5,,132,316,2.39393939393939,,130,331,2.54615384615385,
2019Q1,,S08000019,,S12000014,,Elective Inpatients,,5,,106,245,2.31132075471698,,110,447,4.06363636363636,
2019Q2,,S08000019,,S12000014,,Elective Inpatients,,5,,136,261,1.91911764705882,,134,356,2.65671641791045,
2019Q3,,S08000019,,S12000014,,Elective Inpatients,,5,,125,290,2.32,,126,352,2.79365079365079,
2019Q4,,S08000019,,S12000014,,Elective Inpatients,,5,,148,296,2,,146,412,2.82191780821918,
2020Q1,,S08000019,,S12000014,,Elective Inpatients,,5,,126,301,2.38888888888889,,124,324,2.61290322580645,
2020Q2,,S08000019,,S12000014,,Elective Inpatients,,5,,30,93,3.1,,35,175,5,
2020Q3,,S08000019,,S12000014,,Elective Inpatients,,5,,77,191,2.48051948051948,,75,249,3.32,
2020Q4,,S08000019,,S12000014,,Elective Inpatients,,5,,92,230,2.5,,95,341,3.58947368421053,
2021Q1,,S08000019,,S12000014,,Elective Inpatients,,5,,75,160,2.13333333333333,,75,256,3.41333333333333,
2021Q2,,S08000019,,S12000014,,Elective Inpatients,,5,,112,206,1.83928571428571,,112,420,3.75,
2021Q3,,S08000019,,S12000014,,Elective Inpatients,,5,,91,207,2.27472527472527,,91,273,3,
2021Q4,,S08000019,,S12000014,,Elective Inpatients,,5,,90,198,2.2,,89,268,3.01123595505618,
2022Q1,,S08000019,,S12000014,,Elective Inpatients,,5,,89,185,2.07865168539326,,89,216,2.42696629213483,
2022Q2,,S08000019,,S12000014,,Elective Inpatients,,5,,98,252,2.57142857142857,,96,276,2.875,
2022Q3,,S08000019,,S12000014,,Elective Inpatients,,5,,94,204,2.17021276595745,,95,215,2.26315789473684,
2022Q4,p,S08000019,,S12000014,,Elective Inpatients,,5,,106,276,2.60377358490566,,105,351,3.34285714285714,
2017Q4,,S08000019,,S08000019,d,Elective Inpatients,,1,,264,814,3.08333333333333,,258,1043,4.04263565891473,
2018Q1,,S08000019,,S08000019,d,Elective Inpatients,,1,,266,923,3.46992481203007,,264,1322,5.00757575757576,
2018Q2,,S08000019,,S08000019,d,Elective Inpatients,,1,,284,807,2.84154929577465,,273,868,3.17948717948718,
2018Q3,,S08000019,,S08000019,d,Elective Inpatients,,1,,247,852,3.44939271255061,,248,1207,4.86693548387097,
2018Q4,,S08000019,,S08000019,d,Elective Inpatients,,1,,254,599,2.35826771653543,,252,755,2.99603174603175,
2019Q1,,S08000019,,S08000019,d,Elective Inpatients,,1,,236,1027,4.35169491525424,,229,1085,4.73799126637555,
2019Q2,,S08000019,,S08000019,d,Elective Inpatients,,1,,257,703,2.73540856031128,,257,1040,4.04669260700389,
2019Q3,,S08000019,,S08000019,d,Elective Inpatients,,1,,262,620,2.36641221374046,,264,934,3.53787878787879,
2019Q4,,S08000019,,S08000019,d,Elective Inpatients,,1,,251,585,2.33067729083665,,256,897,3.50390625,
2020Q1,,S08000019,,S08000019,d,Elective Inpatients,,1,,240,558,2.325,,238,954,4.00840336134454,
2020Q2,,S08000019,,S08000019,d,Elective Inpatients,,1,,79,266,3.36708860759494,,79,568,7.18987341772152,
2020Q3,,S08000019,,S08000019,d,Elective Inpatients,,1,,147,353,2.40136054421769,,143,458,3.2027972027972,
2020Q4,,S08000019,,S08000019,d,Elective Inpatients,,1,,174,515,2.95977011494253,,176,662,3.76136363636364,
2021Q1,,S08000019,,S08000019,d,Elective Inpatients,,1,,161,369,2.29192546583851,,159,514,3.23270440251572,
2021Q2,,S08000019,,S08000019,d,Elective Inpatients,,1,,202,562,2.78217821782178,,197,556,2.82233502538071,
2021Q3,,S08000019,,S08000019,d,Elective Inpatients,,1,,199,587,2.94974874371859,,199,751,3.77386934673367,
2021Q4,,S08000019,,S08000019,d,Elective Inpatients,,1,,194,447,2.30412371134021,,189,846,4.47619047619048,
2022Q1,,S08000019,,S08000019,d,Elective Inpatients,,1,,140,391,2.79285714285714,,142,563,3.96478873239437,
2022Q2,,S08000019,,S08000019,d,Elective Inpatients,,1,,152,529,3.48026315789474,,149,535,3.59060402684564,
2022Q3,,S08000019,,S08000019,d,Elective Inpatients,,1,,230,630,2.73913043478261,,229,768,3.35371179039301,
2022Q4,p,S08000019,,S08000019,d,Elective Inpatients,,1,,196,560,2.85714285714286,,195,668,3.42564102564103,
2017Q4,,S08000019,,S08000019,d,Elective Inpatients,,2,,283,680,2.40282685512368,,283,1105,3.90459363957597,
2018Q1,,S08000019,,S08000019,d,Elective Inpatients,,2,,306,819,2.67647058823529,,301,1114,3.70099667774086,
2018Q2,,S08000019,,S08000019,d,Elective Inpatients,,2,,277,909,3.28158844765343,,271,1103,4.07011070110701,
2018Q3,,S08000019,,S08000019,d,Elective Inpatients,,2,,289,756,2.6159169550173,,285,1026,3.6,
2018Q4,,S08000019,,S08000019,d,Elective Inpatients,,2,,293,786,2.68259385665529,,294,1243,4.22789115646258,
2019Q1,,S08000019,,S08000019,d,Elective Inpatients,,2,,314,1000,3.18471337579618,,307,1233,4.01628664495114,
2019Q2,,S08000019,,S08000019,d,Elective Inpatients,,2,,331,772,2.33232628398792,,326,967,2.96625766871166,
2019Q3,,S08000019,,S08000019,d,Elective Inpatients,,2,,319,813,2.54858934169279,,318,1343,4.22327044025157,
2019Q4,,S08000019,,S08000019,d,Elective Inpatients,,2,,274,648,2.36496350364964,,284,1185,4.17253521126761,
2020Q1,,S08000019,,S08000019,d,Elective Inpatients,,2,,255,660,2.58823529411765,,256,1247,4.87109375,
2020Q2,,S08000019,,S08000019,d,Elective Inpatients,,2,,81,232,2.8641975308642,,77,271,3.51948051948052,
2020Q3,,S08000019,,S08000019,d,Elective Inpatients,,2,,181,474,2.61878453038674,,181,729,4.02762430939227,
2020Q4,,S08000019,,S08000019,d,Elective Inpatients,,2,,232,597,2.57327586206897,,234,873,3.73076923076923,
2021Q1,,S08000019,,S08000019,d,Elective Inpatients,,2,,187,644,3.44385026737968,,186,863,4.63978494623656,
2021Q2,,S08000019,,S08000019,d,Elective Inpatients,,2,,259,672,2.59459459459459,,257,943,3.6692607003891,
2021Q3,,S08000019,,S08000019,d,Elective Inpatients,,2,,232,725,3.125,,228,1139,4.99561403508772,
2021Q4,,S08000019,,S08000019,d,Elective Inpatients,,2,,214,465,2.17289719626168,,222,886,3.99099099099099,
2022Q1,,S08000019,,S08000019,d,Elective Inpatients,,2,,213,616,2.89201877934272,,208,952,4.57692307692308,
2022Q2,,S08000019,,S08000019,d,Elective Inpatients,,2,,227,521,2.29515418502203,,233,821,3.52360515021459,
2022Q3,,S08000019,,S08000019,d,Elective Inpatients,,2,,249,613,2.46184738955823,,253,992,3.92094861660079,
2022Q4,p,S08000019,,S08000019,d,Elective Inpatients,,2,,292,681,2.33219178082192,,289,775,2.68166089965398,
2017Q4,,S08000019,,S08000019,d,Elective Inpatients,,3,,345,876,2.53913043478261,,342,1284,3.75438596491228,
2018Q1,,S08000019,,S08000019,d,Elective Inpatients,,3,,322,1115,3.46273291925466,,316,1228,3.88607594936709,
2018Q2,,S08000019,,S08000019,d,Elective Inpatients,,3,,328,914,2.78658536585366,,330,1581,4.79090909090909,
2018Q3,,S08000019,,S08000019,d,Elective Inpatients,,3,,316,900,2.84810126582278,,316,1188,3.75949367088608,
2018Q4,,S08000019,,S08000019,d,Elective Inpatients,,3,,375,840,2.24,,376,1308,3.47872340425532,
2019Q1,,S08000019,,S08000019,d,Elective Inpatients,,3,,338,1002,2.96449704142012,,339,1510,4.45427728613569,
2019Q2,,S08000019,,S08000019,d,Elective Inpatients,,3,,329,771,2.34346504559271,,327,1098,3.35779816513761,
2019Q3,,S08000019,,S08000019,d,Elective Inpatients,,3,,314,676,2.15286624203822,,310,995,3.20967741935484,
2019Q4,,S08000019,,S08000019,d,Elective Inpatients,,3,,298,740,2.48322147651007,,298,985,3.30536912751678,
2020Q1,,S08000019,,S08000019,d,Elective Inpatients,,3,,301,780,2.59136212624585,,302,999,3.30794701986755,
2020Q2,,S08000019,,S08000019,d,Elective Inpatients,,3,,80,272,3.4,,75,359,4.78666666666667,
2020Q3,,S08000019,,S08000019,d,Elective Inpatients,,3,,210,599,2.85238095238095,,204,884,4.33333333333333,
2020Q4,,S08000019,,S08000019,d,Elective Inpatients,,3,,262,612,2.33587786259542,,265,757,2.85660377358491,
2021Q1,,S08000019,,S08000019,d,Elective Inpatients,,3,,200,560,2.8,,196,694,3.54081632653061,
2021Q2,,S08000019,,S08000019,d,Elective Inpatients,,3,,289,749,2.5916955017301,,288,957,3.32291666666667,
2021Q3,,S08000019,,S08000019,d,Elective Inpatients,,3,,233,647,2.77682403433476,,232,922,3.97413793103448,
2021Q4,,S08000019,,S08000019,d,Elective Inpatients,,3,,237,683,2.88185654008439,,240,790,3.29166666666667,
2022Q1,,S08000019,,S08000019,d,Elective Inpatients,,3,,204,482,2.36274509803922,,204,691,3.38725490196078,
2022Q2,,S08000019,,S08000019,d,Elective Inpatients,,3,,266,660,2.4812030075188,,266,682,2.56390977443609,
2022Q3,,S08000019,,S08000019,d,Elective Inpatients,,3,,265,714,2.69433962264151,,263,878,3.3384030418251,
2022Q4,p,S08000019,,S08000019,d,Elective Inpatients,,3,,297,755,2.54208754208754,,297,959,3.22895622895623,
2017Q4,,S08000019,,S08000019,d,Elective Inpatients,,4,,307,974,3.17263843648208,,309,1406,4.55016181229773,
2018Q1,,S08000019,,S08000019,d,Elective Inpatients,,4,,280,709,2.53214285714286,,275,918,3.33818181818182,
2018Q2,,S08000019,,S08000019,d,Elective Inpatients,,4,,281,767,2.72953736654804,,280,1126,4.02142857142857,
2018Q3,,S08000019,,S08000019,d,Elective Inpatients,,4,,284,612,2.15492957746479,,279,1132,4.0573476702509,
2018Q4,,S08000019,,S08000019,d,Elective Inpatients,,4,,305,814,2.66885245901639,,300,1249,4.1633333333333304,
2019Q1,,S08000019,,S08000019,d,Elective Inpatients,,4,,288,695,2.41319444444444,,279,1055,3.78136200716846,
2019Q2,,S08000019,,S08000019,d,Elective Inpatients,,4,,328,737,2.2469512195122,,329,1298,3.94528875379939,
2019Q3,,S08000019,,S08000019,d,Elective Inpatients,,4,,303,788,2.6006600660066,,305,963,3.15737704918033,
2019Q4,,S08000019,,S08000019,d,Elective Inpatients,,4,,304,868,2.85526315789474,,307,1167,3.80130293159609,
2020Q1,,S08000019,,S08000019,d,Elective Inpatients,,4,,243,497,2.04526748971193,,245,671,2.73877551020408,
2020Q2,,S08000019,,S08000019,d,Elective Inpatients,,4,,105,251,2.39047619047619,,104,401,3.85576923076923,
2020Q3,,S08000019,,S08000019,d,Elective Inpatients,,4,,218,477,2.18807339449541,,214,557,2.60280373831776,
2020Q4,,S08000019,,S08000019,d,Elective Inpatients,,4,,233,541,2.32188841201717,,235,680,2.8936170212766,
2021Q1,,S08000019,,S08000019,d,Elective Inpatients,,4,,163,555,3.40490797546012,,164,604,3.68292682926829,
2021Q2,,S08000019,,S08000019,d,Elective Inpatients,,4,,233,536,2.30042918454936,,235,1001,4.25957446808511,
2021Q3,,S08000019,,S08000019,d,Elective Inpatients,,4,,230,595,2.58695652173913,,230,788,3.42608695652174,
2021Q4,,S08000019,,S08000019,d,Elective Inpatients,,4,,210,536,2.55238095238095,,212,866,4.08490566037736,
2022Q1,,S08000019,,S08000019,d,Elective Inpatients,,4,,214,648,3.02803738317757,,207,669,3.23188405797101,
2022Q2,,S08000019,,S08000019,d,Elective Inpatients,,4,,241,632,2.62240663900415,,239,817,3.418410041841,
2022Q3,,S08000019,,S08000019,d,Elective Inpatients,,4,,259,664,2.56370656370656,,258,780,3.02325581395349,
2022Q4,p,S08000019,,S08000019,d,Elective Inpatients,,4,,265,637,2.40377358490566,,264,939,3.55681818181818,
2017Q4,,S08000019,,S08000019,d,Elective Inpatients,,5,,271,646,2.38376383763838,,272,839,3.08455882352941,
2018Q1,,S08000019,,S08000019,d,Elective Inpatients,,5,,268,616,2.29850746268657,,266,766,2.8796992481203,
2018Q2,,S08000019,,S08000019,d,Elective Inpatients,,5,,296,762,2.57432432432432,,295,1092,3.70169491525424,
2018Q3,,S08000019,,S08000019,d,Elective Inpatients,,5,,265,653,2.46415094339623,,261,848,3.24904214559387,
2018Q4,,S08000019,,S08000019,d,Elective Inpatients,,5,,294,791,2.69047619047619,,292,786,2.69178082191781,
2019Q1,,S08000019,,S08000019,d,Elective Inpatients,,5,,246,585,2.3780487804878,,246,848,3.44715447154472,
2019Q2,,S08000019,,S08000019,d,Elective Inpatients,,5,,295,632,2.14237288135593,,291,804,2.76288659793814,
2019Q3,,S08000019,,S08000019,d,Elective Inpatients,,5,,300,891,2.97,,301,1129,3.75083056478405,
2019Q4,,S08000019,,S08000019,d,Elective Inpatients,,5,,314,758,2.4140127388535,,311,998,3.20900321543408,
2020Q1,,S08000019,,S08000019,d,Elective Inpatients,,5,,264,592,2.24242424242424,,262,708,2.70229007633588,
2020Q2,,S08000019,,S08000019,d,Elective Inpatients,,5,,83,211,2.5421686746988,,84,458,5.45238095238095,
2020Q3,,S08000019,,S08000019,d,Elective Inpatients,,5,,201,459,2.28358208955224,,197,641,3.25380710659898,
2020Q4,,S08000019,,S08000019,d,Elective Inpatients,,5,,221,615,2.78280542986425,,226,657,2.9070796460177,
2021Q1,,S08000019,,S08000019,d,Elective Inpatients,,5,,172,353,2.05232558139535,,172,481,2.79651162790698,
2021Q2,,S08000019,,S08000019,d,Elective Inpatients,,5,,254,480,1.88976377952756,,252,790,3.13492063492063,
2021Q3,,S08000019,,S08000019,d,Elective Inpatients,,5,,199,532,2.67336683417085,,200,638,3.19,
2021Q4,,S08000019,,S08000019,d,Elective Inpatients,,5,,209,617,2.95215311004785,,206,727,3.52912621359223,
2022Q1,,S08000019,,S08000019,d,Elective Inpatients,,5,,188,440,2.34042553191489,,185,620,3.35135135135135,
2022Q2,,S08000019,,S08000019,d,Elective Inpatients,,5,,220,509,2.31363636363636,,217,858,3.95391705069124,
2022Q3,,S08000019,,S08000019,d,Elective Inpatients,,5,,237,454,1.91561181434599,,241,692,2.87136929460581,
2022Q4,p,S08000019,,S08000019,d,Elective Inpatients,,5,,275,790,2.87272727272727,,272,969,3.5625,
2017Q4,,S08000019,,S12000030,,Elective Inpatients,,1,,43,106,2.46511627906977,,40,192,4.8,
2018Q1,,S08000019,,S12000030,,Elective Inpatients,,1,,48,151,3.14583333333333,,50,194,3.88,
2018Q2,,S08000019,,S12000030,,Elective Inpatients,,1,,61,195,3.19672131147541,,60,193,3.21666666666667,
2018Q3,,S08000019,,S12000030,,Elective Inpatients,,1,,53,124,2.33962264150943,,55,256,4.65454545454545,
2018Q4,,S08000019,,S12000030,,Elective Inpatients,,1,,58,149,2.56896551724138,,56,140,2.5,
2019Q1,,S08000019,,S12000030,,Elective Inpatients,,1,,53,220,4.15094339622642,,50,175,3.5,
2019Q2,,S08000019,,S12000030,,Elective Inpatients,,1,,41,132,3.21951219512195,,40,212,5.3,
2019Q3,,S08000019,,S12000030,,Elective Inpatients,,1,,66,147,2.22727272727273,,68,285,4.19117647058824,
2019Q4,,S08000019,,S12000030,,Elective Inpatients,,1,,62,133,2.14516129032258,,64,175,2.734375,
2020Q1,,S08000019,,S12000030,,Elective Inpatients,,1,,49,108,2.20408163265306,,50,101,2.02,
2020Q2,,S08000019,,S12000030,,Elective Inpatients,,1,,11,13,1.18181818181818,,11,73,6.63636363636364,
2020Q3,,S08000019,,S12000030,,Elective Inpatients,,1,,25,44,1.76,,24,57,2.375,
2020Q4,,S08000019,,S12000030,,Elective Inpatients,,1,,36,99,2.75,,37,120,3.24324324324324,
2021Q1,,S08000019,,S12000030,,Elective Inpatients,,1,,39,106,2.71794871794872,,35,161,4.6,
2021Q2,,S08000019,,S12000030,,Elective Inpatients,,1,,30,42,1.4,,31,82,2.64516129032258,
2021Q3,,S08000019,,S12000030,,Elective Inpatients,,1,,45,159,3.53333333333333,,43,194,4.51162790697674,
2021Q4,,S08000019,,S12000030,,Elective Inpatients,,1,,43,107,2.48837209302326,,45,150,3.33333333333333,
2022Q1,,S08000019,,S12000030,,Elective Inpatients,,1,,37,84,2.27027027027027,,37,94,2.54054054054054,
2022Q2,,S08000019,,S12000030,,Elective Inpatients,,1,,40,89,2.225,,39,69,1.76923076923077,
2022Q3,,S08000019,,S12000030,,Elective Inpatients,,1,,42,91,2.16666666666667,,43,108,2.51162790697674,
2022Q4,p,S08000019,,S12000030,,Elective Inpatients,,1,,42,53,1.26190476190476,,43,64,1.48837209302326,
2017Q4,,S08000019,,S12000030,,Elective Inpatients,,2,,52,110,2.11538461538462,,50,135,2.7,
2018Q1,,S08000019,,S12000030,,Elective Inpatients,,2,,58,212,3.6551724137931,,60,288,4.8,
2018Q2,,S08000019,,S12000030,,Elective Inpatients,,2,,49,134,2.73469387755102,,45,146,3.24444444444444,
2018Q3,,S08000019,,S12000030,,Elective Inpatients,,2,,64,181,2.828125,,60,247,4.11666666666667,
2018Q4,,S08000019,,S12000030,,Elective Inpatients,,2,,65,243,3.73846153846154,,65,341,5.24615384615385,
2019Q1,,S08000019,,S12000030,,Elective Inpatients,,2,,59,419,7.10169491525424,,55,345,6.27272727272727,
2019Q2,,S08000019,,S12000030,,Elective Inpatients,,2,,59,167,2.83050847457627,,60,266,4.43333333333333,
2019Q3,,S08000019,,S12000030,,Elective Inpatients,,2,,55,197,3.58181818181818,,52,215,4.13461538461539,
2019Q4,,S08000019,,S12000030,,Elective Inpatients,,2,,66,176,2.66666666666667,,69,410,5.94202898550725,
2020Q1,,S08000019,,S12000030,,Elective Inpatients,,2,,44,68,1.54545454545455,,45,89,1.97777777777778,
2020Q2,,S08000019,,S12000030,,Elective Inpatients,,2,,20,39,1.95,,20,74,3.7,
2020Q3,,S08000019,,S12000030,,Elective Inpatients,,2,,32,67,2.09375,,32,85,2.65625,
2020Q4,,S08000019,,S12000030,,Elective Inpatients,,2,,45,116,2.57777777777778,,47,167,3.5531914893617,
2021Q1,,S08000019,,S12000030,,Elective Inpatients,,2,,40,96,2.4,,41,125,3.04878048780488,
2021Q2,,S08000019,,S12000030,,Elective Inpatients,,2,,43,129,3,,43,164,3.81395348837209,
2021Q3,,S08000019,,S12000030,,Elective Inpatients,,2,,35,66,1.88571428571429,,32,136,4.25,
2021Q4,,S08000019,,S12000030,,Elective Inpatients,,2,,52,151,2.90384615384615,,53,231,4.35849056603774,
2022Q1,,S08000019,,S12000030,,Elective Inpatients,,2,,38,98,2.57894736842105,,40,233,5.825,
2022Q2,,S08000019,,S12000030,,Elective Inpatients,,2,,29,62,2.13793103448276,,30,249,8.3,
2022Q3,,S08000019,,S12000030,,Elective Inpatients,,2,,48,103,2.14583333333333,,49,149,3.04081632653061,
2022Q4,p,S08000019,,S12000030,,Elective Inpatients,,2,,50,185,3.7,,49,96,1.95918367346939,
2017Q4,,S08000019,,S12000030,,Elective Inpatients,,3,,83,165,1.98795180722892,,85,319,3.75294117647059,
2018Q1,,S08000019,,S12000030,,Elective Inpatients,,3,,74,264,3.56756756756757,,75,305,4.06666666666667,
2018Q2,,S08000019,,S12000030,,Elective Inpatients,,3,,57,130,2.28070175438596,,60,142,2.36666666666667,
2018Q3,,S08000019,,S12000030,,Elective Inpatients,,3,,71,172,2.42253521126761,,69,199,2.88405797101449,
2018Q4,,S08000019,,S12000030,,Elective Inpatients,,3,,88,175,1.98863636363636,,89,288,3.23595505617978,
2019Q1,,S08000019,,S12000030,,Elective Inpatients,,3,,58,115,1.98275862068966,,60,381,6.35,
2019Q2,,S08000019,,S12000030,,Elective Inpatients,,3,,64,162,2.53125,,65,219,3.36923076923077,
2019Q3,,S08000019,,S12000030,,Elective Inpatients,,3,,77,161,2.09090909090909,,75,284,3.78666666666667,
2019Q4,,S08000019,,S12000030,,Elective Inpatients,,3,,60,133,2.21666666666667,,60,212,3.53333333333333,
2020Q1,,S08000019,,S12000030,,Elective Inpatients,,3,,71,128,1.80281690140845,,70,218,3.11428571428571,
2020Q2,,S08000019,,S12000030,,Elective Inpatients,,3,,20,41,2.05,,15,37,2.46666666666667,
2020Q3,,S08000019,,S12000030,,Elective Inpatients,,3,,46,194,4.21739130434783,,40,136,3.4,
2020Q4,,S08000019,,S12000030,,Elective Inpatients,,3,,68,109,1.60294117647059,,70,158,2.25714285714286,
2021Q1,,S08000019,,S12000030,,Elective Inpatients,,3,,48,78,1.625,,50,93,1.86,
2021Q2,,S08000019,,S12000030,,Elective Inpatients,,3,,73,181,2.47945205479452,,70,156,2.22857142857143,
2021Q3,,S08000019,,S12000030,,Elective Inpatients,,3,,62,121,1.95161290322581,,60,284,4.73333333333333,
2021Q4,,S08000019,,S12000030,,Elective Inpatients,,3,,52,276,5.30769230769231,,50,158,3.16,
2022Q1,,S08000019,,S12000030,,Elective Inpatients,,3,,49,84,1.71428571428571,,50,115,2.3,
2022Q2,,S08000019,,S12000030,,Elective Inpatients,,3,,83,246,2.96385542168675,,80,192,2.4,
2022Q3,,S08000019,,S12000030,,Elective Inpatients,,3,,58,82,1.41379310344828,,60,142,2.36666666666667,
2022Q4,p,S08000019,,S12000030,,Elective Inpatients,,3,,78,207,2.65384615384615,,80,238,2.975,
2017Q4,,S08000019,,S12000030,,Elective Inpatients,,4,,147,413,2.80952380952381,,145,576,3.97241379310345,
2018Q1,,S08000019,,S12000030,,Elective Inpatients,,4,,126,262,2.07936507936508,,125,361,2.888,
2018Q2,,S08000019,,S12000030,,Elective Inpatients,,4,,106,299,2.82075471698113,,105,436,4.15238095238095,
2018Q3,,S08000019,,S12000030,,Elective Inpatients,,4,,117,197,1.68376068376068,,115,588,5.11304347826087,
2018Q4,,S08000019,,S12000030,,Elective Inpatients,,4,,138,428,3.10144927536232,,141,818,5.80141843971631,
2019Q1,,S08000019,,S12000030,,Elective Inpatients,,4,,142,342,2.40845070422535,,135,446,3.3037037037037,
2019Q2,,S08000019,,S12000030,,Elective Inpatients,,4,,146,259,1.77397260273973,,145,383,2.64137931034483,
2019Q3,,S08000019,,S12000030,,Elective Inpatients,,4,,134,359,2.67910447761194,,135,444,3.28888888888889,
2019Q4,,S08000019,,S12000030,,Elective Inpatients,,4,,147,309,2.10204081632653,,148,479,3.23648648648649,
2020Q1,,S08000019,,S12000030,,Elective Inpatients,,4,,95,148,1.55789473684211,,95,198,2.08421052631579,
2020Q2,,S08000019,,S12000030,,Elective Inpatients,,4,,40,113,2.825,,40,132,3.3,
2020Q3,,S08000019,,S12000030,,Elective Inpatients,,4,,86,134,1.55813953488372,,85,207,2.43529411764706,
2020Q4,,S08000019,,S12000030,,Elective Inpatients,,4,,105,249,2.37142857142857,,105,282,2.68571428571429,
2021Q1,,S08000019,,S12000030,,Elective Inpatients,,4,,77,183,2.37662337662338,,77,312,4.05194805194805,
2021Q2,,S08000019,,S12000030,,Elective Inpatients,,4,,104,264,2.53846153846154,,101,328,3.24752475247525,
2021Q3,,S08000019,,S12000030,,Elective Inpatients,,4,,99,263,2.65656565656566,,103,384,3.72815533980583,
2021Q4,,S08000019,,S12000030,,Elective Inpatients,,4,,90,217,2.41111111111111,,90,391,4.34444444444444,
2022Q1,,S08000019,,S12000030,,Elective Inpatients,,4,,109,343,3.14678899082569,,107,283,2.64485981308411,
2022Q2,,S08000019,,S12000030,,Elective Inpatients,,4,,95,280,2.94736842105263,,94,337,3.58510638297872,
2022Q3,,S08000019,,S12000030,,Elective Inpatients,,4,,104,220,2.11538461538462,,105,225,2.14285714285714,
2022Q4,p,S08000019,,S12000030,,Elective Inpatients,,4,,118,302,2.5593220338983,,117,512,4.37606837606838,
2017Q4,,S08000019,,S12000030,,Elective Inpatients,,5,,119,290,2.43697478991597,,120,348,2.9,
2018Q1,,S08000019,,S12000030,,Elective Inpatients,,5,,110,274,2.49090909090909,,110,323,2.93636363636364,
2018Q2,,S08000019,,S12000030,,Elective Inpatients,,5,,116,300,2.58620689655172,,113,441,3.90265486725664,
2018Q3,,S08000019,,S12000030,,Elective Inpatients,,5,,115,243,2.11304347826087,,110,348,3.16363636363636,
2018Q4,,S08000019,,S12000030,,Elective Inpatients,,5,,119,408,3.42857142857143,,120,386,3.21666666666667,
2019Q1,,S08000019,,S12000030,,Elective Inpatients,,5,,103,257,2.49514563106796,,100,310,3.1,
2019Q2,,S08000019,,S12000030,,Elective Inpatients,,5,,116,256,2.20689655172414,,115,306,2.66086956521739,
2019Q3,,S08000019,,S12000030,,Elective Inpatients,,5,,124,446,3.59677419354839,,125,572,4.576,
2019Q4,,S08000019,,S12000030,,Elective Inpatients,,5,,119,351,2.94957983193277,,120,441,3.675,
2020Q1,,S08000019,,S12000030,,Elective Inpatients,,5,,95,202,2.12631578947368,,95,243,2.55789473684211,
2020Q2,,S08000019,,S12000030,,Elective Inpatients,,5,,41,95,2.31707317073171,,41,218,5.31707317073171,
2020Q3,,S08000019,,S12000030,,Elective Inpatients,,5,,85,192,2.25882352941176,,84,305,3.63095238095238,
2020Q4,,S08000019,,S12000030,,Elective Inpatients,,5,,98,317,3.23469387755102,,99,238,2.4040404040404,
2021Q1,,S08000019,,S12000030,,Elective Inpatients,,5,,74,158,2.13513513513514,,75,162,2.16,
2021Q2,,S08000019,,S12000030,,Elective Inpatients,,5,,99,189,1.90909090909091,,95,280,2.94736842105263,
2021Q3,,S08000019,,S12000030,,Elective Inpatients,,5,,79,239,3.0253164556962,,80,267,3.3375,
2021Q4,,S08000019,,S12000030,,Elective Inpatients,,5,,89,369,4.14606741573034,,90,371,4.12222222222222,
2022Q1,,S08000019,,S12000030,,Elective Inpatients,,5,,79,221,2.79746835443038,,75,314,4.18666666666667,
2022Q2,,S08000019,,S12000030,,Elective Inpatients,,5,,91,188,2.06593406593407,,90,371,4.12222222222222,
2022Q3,,S08000019,,S12000030,,Elective Inpatients,,5,,112,213,1.90178571428571,,114,436,3.82456140350877,
2022Q4,p,S08000019,,S12000030,,Elective Inpatients,,5,,117,312,2.66666666666667,,116,395,3.4051724137931,
2017Q4,,S08000020,,S12000033,,Elective Inpatients,,1,,122,238,1.95081967213115,,125,389,3.112,
2018Q1,,S08000020,,S12000033,,Elective Inpatients,,1,,135,346,2.56296296296296,,135,479,3.54814814814815,
2018Q2,,S08000020,,S12000033,,Elective Inpatients,,1,,134,273,2.03731343283582,,130,442,3.4,
2018Q3,,S08000020,,S12000033,,Elective Inpatients,,1,,125,286,2.288,,125,478,3.824,
2018Q4,,S08000020,,S12000033,,Elective Inpatients,,1,,146,319,2.18493150684932,,150,480,3.2,
2019Q1,,S08000020,,S12000033,,Elective Inpatients,,1,,131,366,2.79389312977099,,130,471,3.62307692307692,
2019Q2,,S08000020,,S12000033,,Elective Inpatients,,1,,134,295,2.20149253731343,,138,454,3.28985507246377,
2019Q3,,S08000020,,S12000033,,Elective Inpatients,,1,,137,320,2.33576642335766,,140,571,4.07857142857143,
2019Q4,,S08000020,,S12000033,,Elective Inpatients,,1,,158,288,1.82278481012658,,160,415,2.59375,
2020Q1,,S08000020,,S12000033,,Elective Inpatients,,1,,138,419,3.03623188405797,,135,493,3.65185185185185,
2020Q2,,S08000020,,S12000033,,Elective Inpatients,,1,,69,288,4.17391304347826,,69,353,5.11594202898551,
2020Q3,,S08000020,,S12000033,,Elective Inpatients,,1,,73,244,3.34246575342466,,75,355,4.73333333333333,
2020Q4,,S08000020,,S12000033,,Elective Inpatients,,1,,85,177,2.08235294117647,,85,236,2.77647058823529,
2021Q1,,S08000020,,S12000033,,Elective Inpatients,,1,,61,99,1.62295081967213,,60,156,2.6,
2021Q2,,S08000020,,S12000033,,Elective Inpatients,,1,,107,269,2.51401869158878,,105,333,3.17142857142857,
2021Q3,,S08000020,,S12000033,,Elective Inpatients,,1,,73,173,2.36986301369863,,75,524,6.98666666666667,
2021Q4,,S08000020,,S12000033,,Elective Inpatients,,1,,79,125,1.58227848101266,,85,332,3.90588235294118,
2022Q1,,S08000020,,S12000033,,Elective Inpatients,,1,,106,208,1.9622641509434,,105,314,2.99047619047619,
2022Q2,,S08000020,,S12000033,,Elective Inpatients,,1,,91,183,2.01098901098901,,90,233,2.58888888888889,
2022Q3,,S08000020,,S12000033,,Elective Inpatients,,1,,81,116,1.4320987654321,,80,230,2.875,
2022Q4,p,S08000020,,S12000033,,Elective Inpatients,,1,,94,270,2.87234042553191,,95,360,3.78947368421053,
2017Q4,,S08000020,,S12000033,,Elective Inpatients,,2,,285,678,2.37894736842105,,290,1181,4.07241379310345,
2018Q1,,S08000020,,S12000033,,Elective Inpatients,,2,,248,513,2.06854838709677,,245,848,3.46122448979592,
2018Q2,,S08000020,,S12000033,,Elective Inpatients,,2,,286,545,1.90559440559441,,287,1126,3.92334494773519,
2018Q3,,S08000020,,S12000033,,Elective Inpatients,,2,,293,621,2.11945392491468,,295,1023,3.46779661016949,
2018Q4,,S08000020,,S12000033,,Elective Inpatients,,2,,305,558,1.82950819672131,,310,978,3.15483870967742,
2019Q1,,S08000020,,S12000033,,Elective Inpatients,,2,,258,535,2.07364341085271,,260,931,3.58076923076923,
2019Q2,,S08000020,,S12000033,,Elective Inpatients,,2,,292,535,1.83219178082192,,293,846,2.88737201365188,
2019Q3,,S08000020,,S12000033,,Elective Inpatients,,2,,297,624,2.1010101010101,,295,916,3.10508474576271,
2019Q4,,S08000020,,S12000033,,Elective Inpatients,,2,,281,503,1.79003558718861,,290,1000,3.44827586206897,
2020Q1,,S08000020,,S12000033,,Elective Inpatients,,2,,229,517,2.25764192139738,,230,722,3.13913043478261,
2020Q2,,S08000020,,S12000033,,Elective Inpatients,,2,,135,242,1.79259259259259,,135,414,3.06666666666667,
2020Q3,,S08000020,,S12000033,,Elective Inpatients,,2,,185,399,2.15675675675676,,190,671,3.53157894736842,
2020Q4,,S08000020,,S12000033,,Elective Inpatients,,2,,158,409,2.5886075949367102,,160,503,3.14375,
2021Q1,,S08000020,,S12000033,,Elective Inpatients,,2,,161,383,2.37888198757764,,165,582,3.52727272727273,
2021Q2,,S08000020,,S12000033,,Elective Inpatients,,2,,178,386,2.1685393258427,,175,501,2.86285714285714,
2021Q3,,S08000020,,S12000033,,Elective Inpatients,,2,,169,430,2.54437869822485,,170,835,4.91176470588235,
2021Q4,,S08000020,,S12000033,,Elective Inpatients,,2,,163,305,1.87116564417178,,173,632,3.65317919075145,
2022Q1,,S08000020,,S12000033,,Elective Inpatients,,2,,176,364,2.06818181818182,,175,538,3.07428571428571,
2022Q2,,S08000020,,S12000033,,Elective Inpatients,,2,,172,405,2.3546511627907,,170,554,3.25882352941176,
2022Q3,,S08000020,,S12000033,,Elective Inpatients,,2,,187,468,2.50267379679144,,190,753,3.96315789473684,
2022Q4,p,S08000020,,S12000033,,Elective Inpatients,,2,,208,419,2.01442307692308,,210,650,3.0952380952381,
2017Q4,,S08000020,,S12000033,,Elective Inpatients,,3,,162,378,2.33333333333333,,160,652,4.075,
2018Q1,,S08000020,,S12000033,,Elective Inpatients,,3,,128,205,1.6015625,,130,523,4.02307692307692,
2018Q2,,S08000020,,S12000033,,Elective Inpatients,,3,,151,344,2.27814569536424,,150,483,3.22,
2018Q3,,S08000020,,S12000033,,Elective Inpatients,,3,,163,369,2.2638036809816,,160,562,3.5125,
2018Q4,,S08000020,,S12000033,,Elective Inpatients,,3,,168,351,2.08928571428571,,170,572,3.36470588235294,
2019Q1,,S08000020,,S12000033,,Elective Inpatients,,3,,161,424,2.63354037267081,,160,602,3.7625,
2019Q2,,S08000020,,S12000033,,Elective Inpatients,,3,,189,402,2.12698412698413,,190,681,3.58421052631579,
2019Q3,,S08000020,,S12000033,,Elective Inpatients,,3,,171,342,2,,175,594,3.39428571428571,
2019Q4,,S08000020,,S12000033,,Elective Inpatients,,3,,162,294,1.81481481481481,,165,513,3.10909090909091,
2020Q1,,S08000020,,S12000033,,Elective Inpatients,,3,,152,236,1.55263157894737,,155,541,3.49032258064516,
2020Q2,,S08000020,,S12000033,,Elective Inpatients,,3,,70,205,2.92857142857143,,67,280,4.17910447761194,
2020Q3,,S08000020,,S12000033,,Elective Inpatients,,3,,105,203,1.93333333333333,,110,377,3.42727272727273,
2020Q4,,S08000020,,S12000033,,Elective Inpatients,,3,,122,250,2.04918032786885,,120,419,3.49166666666667,
2021Q1,,S08000020,,S12000033,,Elective Inpatients,,3,,97,195,2.01030927835052,,95,292,3.07368421052632,
2021Q2,,S08000020,,S12000033,,Elective Inpatients,,3,,125,204,1.632,,125,298,2.384,
2021Q3,,S08000020,,S12000033,,Elective Inpatients,,3,,119,236,1.98319327731092,,120,314,2.61666666666667,
2021Q4,,S08000020,,S12000033,,Elective Inpatients,,3,,113,226,2,,115,312,2.71304347826087,
2022Q1,,S08000020,,S12000033,,Elective Inpatients,,3,,95,165,1.73684210526316,,95,298,3.13684210526316,
2022Q2,,S08000020,,S12000033,,Elective Inpatients,,3,,115,204,1.77391304347826,,115,285,2.47826086956522,
2022Q3,,S08000020,,S12000033,,Elective Inpatients,,3,,105,338,3.21904761904762,,110,737,6.7,
2022Q4,p,S08000020,,S12000033,,Elective Inpatients,,3,,120,419,3.49166666666667,,120,525,4.375,
2017Q4,,S08000020,,S12000033,,Elective Inpatients,,4,,169,451,2.66863905325444,,170,717,4.21764705882353,
2018Q1,,S08000020,,S12000033,,Elective Inpatients,,4,,161,448,2.78260869565217,,160,581,3.63125,
2018Q2,,S08000020,,S12000033,,Elective Inpatients,,4,,156,371,2.37820512820513,,155,490,3.16129032258065,
2018Q3,,S08000020,,S12000033,,Elective Inpatients,,4,,140,320,2.28571428571429,,145,570,3.93103448275862,
2018Q4,,S08000020,,S12000033,,Elective Inpatients,,4,,121,228,1.88429752066116,,125,322,2.576,
2019Q1,,S08000020,,S12000033,,Elective Inpatients,,4,,154,295,1.91558441558442,,155,459,2.96129032258065,
2019Q2,,S08000020,,S12000033,,Elective Inpatients,,4,,154,402,2.61038961038961,,150,541,3.60666666666667,
2019Q3,,S08000020,,S12000033,,Elective Inpatients,,4,,169,385,2.27810650887574,,170,604,3.55294117647059,
2019Q4,,S08000020,,S12000033,,Elective Inpatients,,4,,182,401,2.2032967032967,,185,573,3.0972972972973,
2020Q1,,S08000020,,S12000033,,Elective Inpatients,,4,,130,263,2.02307692307692,,135,489,3.62222222222222,
2020Q2,,S08000020,,S12000033,,Elective Inpatients,,4,,78,136,1.74358974358974,,80,235,2.9375,
2020Q3,,S08000020,,S12000033,,Elective Inpatients,,4,,95,194,2.0421052631579,,95,273,2.87368421052632,
2020Q4,,S08000020,,S12000033,,Elective Inpatients,,4,,111,292,2.63063063063063,,115,452,3.9304347826087,
2021Q1,,S08000020,,S12000033,,Elective Inpatients,,4,,70,232,3.31428571428571,,72,349,4.84722222222222,
2021Q2,,S08000020,,S12000033,,Elective Inpatients,,4,,119,206,1.73109243697479,,122,330,2.70491803278689,
2021Q3,,S08000020,,S12000033,,Elective Inpatients,,4,,116,246,2.12068965517241,,115,313,2.72173913043478,
2021Q4,,S08000020,,S12000033,,Elective Inpatients,,4,,105,168,1.6,,110,268,2.43636363636364,
2022Q1,,S08000020,,S12000033,,Elective Inpatients,,4,,104,239,2.29807692307692,,105,415,3.95238095238095,
2022Q2,,S08000020,,S12000033,,Elective Inpatients,,4,,119,195,1.63865546218487,,120,351,2.925,
2022Q3,,S08000020,,S12000033,,Elective Inpatients,,4,,113,195,1.72566371681416,,110,373,3.39090909090909,
2022Q4,p,S08000020,,S12000033,,Elective Inpatients,,4,,119,262,2.20168067226891,,125,384,3.072,
2017Q4,,S08000020,,S12000033,,Elective Inpatients,,5,,369,849,2.30081300813008,,370,1313,3.54864864864865,
2018Q1,,S08000020,,S12000033,,Elective Inpatients,,5,,278,695,2.5,,275,1060,3.85454545454545,
2018Q2,,S08000020,,S12000033,,Elective Inpatients,,5,,340,887,2.60882352941176,,340,1398,4.11176470588235,
2018Q3,,S08000020,,S12000033,,Elective Inpatients,,5,,354,723,2.04237288135593,,360,1212,3.36666666666667,
2018Q4,,S08000020,,S12000033,,Elective Inpatients,,5,,376,946,2.51595744680851,,380,1486,3.91052631578947,
2019Q1,,S08000020,,S12000033,,Elective Inpatients,,5,,349,753,2.15759312320917,,350,1040,2.97142857142857,
2019Q2,,S08000020,,S12000033,,Elective Inpatients,,5,,327,720,2.20183486238532,,325,1028,3.16307692307692,
2019Q3,,S08000020,,S12000033,,Elective Inpatients,,5,,352,815,2.31534090909091,,360,1521,4.225,
2019Q4,,S08000020,,S12000033,,Elective Inpatients,,5,,339,643,1.89675516224189,,345,1055,3.05797101449275,
2020Q1,,S08000020,,S12000033,,Elective Inpatients,,5,,288,622,2.15972222222222,,295,1017,3.44745762711864,
2020Q2,,S08000020,,S12000033,,Elective Inpatients,,5,,122,237,1.94262295081967,,125,528,4.224,
2020Q3,,S08000020,,S12000033,,Elective Inpatients,,5,,212,355,1.67452830188679,,215,710,3.30232558139535,
2020Q4,,S08000020,,S12000033,,Elective Inpatients,,5,,263,639,2.42965779467681,,270,968,3.58518518518519,
2021Q1,,S08000020,,S12000033,,Elective Inpatients,,5,,177,379,2.14124293785311,,180,804,4.46666666666667,
2021Q2,,S08000020,,S12000033,,Elective Inpatients,,5,,262,513,1.95801526717557,,265,850,3.20754716981132,
2021Q3,,S08000020,,S12000033,,Elective Inpatients,,5,,267,622,2.32958801498127,,270,971,3.5962962962963,
2021Q4,,S08000020,,S12000033,,Elective Inpatients,,5,,264,510,1.93181818181818,,270,930,3.44444444444444,
2022Q1,,S08000020,,S12000033,,Elective Inpatients,,5,,281,591,2.10320284697509,,285,996,3.49473684210526,
2022Q2,,S08000020,,S12000033,,Elective Inpatients,,5,,276,544,1.97101449275362,,280,904,3.22857142857143,
2022Q3,,S08000020,,S12000033,,Elective Inpatients,,5,,247,532,2.15384615384615,,260,1131,4.35,
2022Q4,p,S08000020,,S12000033,,Elective Inpatients,,5,,271,726,2.6789667896679,,275,1152,4.18909090909091,
2017Q4,,S08000020,,S12000034,,Elective Inpatients,,1,,38,109,2.86842105263158,,40,152,3.8,
2018Q1,,S08000020,,S12000034,,Elective Inpatients,,1,,41,94,2.29268292682927,,41,183,4.46341463414634,
2018Q2,,S08000020,,S12000034,,Elective Inpatients,,1,,43,126,2.93023255813953,,40,119,2.975,
2018Q3,,S08000020,,S12000034,,Elective Inpatients,,1,,29,57,1.96551724137931,,30,89,2.96666666666667,
2018Q4,,S08000020,,S12000034,,Elective Inpatients,,1,,45,126,2.8,,46,193,4.19565217391304,
2019Q1,,S08000020,,S12000034,,Elective Inpatients,,1,,45,81,1.8,,44,129,2.93181818181818,
2019Q2,,S08000020,,S12000034,,Elective Inpatients,,1,,47,114,2.42553191489362,,49,166,3.38775510204082,
2019Q3,,S08000020,,S12000034,,Elective Inpatients,,1,,41,66,1.60975609756098,,40,101,2.525,
2019Q4,,S08000020,,S12000034,,Elective Inpatients,,1,,46,89,1.93478260869565,,45,137,3.04444444444444,
2020Q1,,S08000020,,S12000034,,Elective Inpatients,,1,,31,97,3.12903225806452,,31,106,3.41935483870968,
2020Q2,,S08000020,,S12000034,,Elective Inpatients,,1,,19,68,3.57894736842105,,15,41,2.73333333333333,
2020Q3,,S08000020,,S12000034,,Elective Inpatients,,1,,32,95,2.96875,,34,153,4.5,
2020Q4,,S08000020,,S12000034,,Elective Inpatients,,1,,32,150,4.6875,,35,323,9.22857142857143,
2021Q1,,S08000020,,S12000034,,Elective Inpatients,,1,,15,32,2.13333333333333,,15,38,2.53333333333333,
2021Q2,,S08000020,,S12000034,,Elective Inpatients,,1,,20,42,2.1,,25,90,3.6,
2021Q3,,S08000020,,S12000034,,Elective Inpatients,,1,,32,50,1.5625,,35,64,1.82857142857143,
2021Q4,,S08000020,,S12000034,,Elective Inpatients,,1,,25,39,1.56,,25,74,2.96,
2022Q1,,S08000020,,S12000034,,Elective Inpatients,,1,,20,31,1.55,,20,44,2.2,
2022Q2,,S08000020,,S12000034,,Elective Inpatients,,1,,35,160,4.57142857142857,,34,159,4.67647058823529,
2022Q3,,S08000020,,S12000034,,Elective Inpatients,,1,,25,105,4.2,,26,191,7.34615384615385,
2022Q4,p,S08000020,,S12000034,,Elective Inpatients,,1,,30,45,1.5,,30,47,1.56666666666667,
2017Q4,,S08000020,,S12000034,,Elective Inpatients,,2,,173,322,1.86127167630058,,170,589,3.46470588235294,
2018Q1,,S08000020,,S12000034,,Elective Inpatients,,2,,148,367,2.47972972972973,,155,871,5.61935483870968,
2018Q2,,S08000020,,S12000034,,Elective Inpatients,,2,,184,598,3.25,,185,643,3.47567567567568,
2018Q3,,S08000020,,S12000034,,Elective Inpatients,,2,,169,346,2.04733727810651,,165,848,5.13939393939394,
2018Q4,,S08000020,,S12000034,,Elective Inpatients,,2,,174,375,2.1551724137931,,185,868,4.69189189189189,
2019Q1,,S08000020,,S12000034,,Elective Inpatients,,2,,169,356,2.10650887573965,,160,535,3.34375,
2019Q2,,S08000020,,S12000034,,Elective Inpatients,,2,,170,361,2.12352941176471,,175,662,3.78285714285714,
2019Q3,,S08000020,,S12000034,,Elective Inpatients,,2,,168,331,1.9702380952381,,173,746,4.3121387283237,
2019Q4,,S08000020,,S12000034,,Elective Inpatients,,2,,172,401,2.33139534883721,,175,555,3.17142857142857,
2020Q1,,S08000020,,S12000034,,Elective Inpatients,,2,,141,287,2.0354609929078,,140,446,3.18571428571429,
2020Q2,,S08000020,,S12000034,,Elective Inpatients,,2,,78,188,2.41025641025641,,75,294,3.92,
2020Q3,,S08000020,,S12000034,,Elective Inpatients,,2,,88,222,2.52272727272727,,95,396,4.16842105263158,
2020Q4,,S08000020,,S12000034,,Elective Inpatients,,2,,93,183,1.96774193548387,,100,384,3.84,
2021Q1,,S08000020,,S12000034,,Elective Inpatients,,2,,88,188,2.13636363636364,,85,302,3.55294117647059,
2021Q2,,S08000020,,S12000034,,Elective Inpatients,,2,,103,269,2.61165048543689,,105,491,4.67619047619048,
2021Q3,,S08000020,,S12000034,,Elective Inpatients,,2,,102,220,2.15686274509804,,105,428,4.07619047619048,
2021Q4,,S08000020,,S12000034,,Elective Inpatients,,2,,92,164,1.78260869565217,,95,253,2.66315789473684,
2022Q1,,S08000020,,S12000034,,Elective Inpatients,,2,,95,195,2.05263157894737,,95,266,2.8,
2022Q2,,S08000020,,S12000034,,Elective Inpatients,,2,,120,248,2.06666666666667,,125,697,5.576,
2022Q3,,S08000020,,S12000034,,Elective Inpatients,,2,,99,218,2.2020202020202,,105,376,3.58095238095238,
2022Q4,p,S08000020,,S12000034,,Elective Inpatients,,2,,98,258,2.63265306122449,,100,402,4.02,
2017Q4,,S08000020,,S12000034,,Elective Inpatients,,3,,328,916,2.79268292682927,,325,1345,4.13846153846154,
2018Q1,,S08000020,,S12000034,,Elective Inpatients,,3,,291,636,2.18556701030928,,295,1346,4.56271186440678,
2018Q2,,S08000020,,S12000034,,Elective Inpatients,,3,,319,793,2.4858934169279,,325,1357,4.17538461538462,
2018Q3,,S08000020,,S12000034,,Elective Inpatients,,3,,309,697,2.25566343042071,,310,1093,3.5258064516129,
2018Q4,,S08000020,,S12000034,,Elective Inpatients,,3,,335,742,2.21492537313433,,335,1327,3.96119402985075,
2019Q1,,S08000020,,S12000034,,Elective Inpatients,,3,,276,662,2.39855072463768,,275,1063,3.86545454545455,
2019Q2,,S08000020,,S12000034,,Elective Inpatients,,3,,319,732,2.29467084639498,,325,1471,4.52615384615385,
2019Q3,,S08000020,,S12000034,,Elective Inpatients,,3,,338,919,2.7189349112426,,341,1191,3.49266862170088,
2019Q4,,S08000020,,S12000034,,Elective Inpatients,,3,,308,612,1.98701298701299,,315,919,2.91746031746032,
2020Q1,,S08000020,,S12000034,,Elective Inpatients,,3,,261,528,2.02298850574713,,260,782,3.00769230769231,
2020Q2,,S08000020,,S12000034,,Elective Inpatients,,3,,134,279,2.08208955223881,,135,526,3.8962962962963,
2020Q3,,S08000020,,S12000034,,Elective Inpatients,,3,,184,344,1.8695652173913,,190,638,3.3578947368421,
2020Q4,,S08000020,,S12000034,,Elective Inpatients,,3,,203,404,1.99014778325123,,202,585,2.8960396039604,
2021Q1,,S08000020,,S12000034,,Elective Inpatients,,3,,151,459,3.03973509933775,,160,729,4.55625,
2021Q2,,S08000020,,S12000034,,Elective Inpatients,,3,,201,381,1.8955223880597,,205,657,3.20487804878049,
2021Q3,,S08000020,,S12000034,,Elective Inpatients,,3,,186,344,1.8494623655914,,190,619,3.25789473684211,
2021Q4,,S08000020,,S12000034,,Elective Inpatients,,3,,183,397,2.16939890710383,,190,713,3.75263157894737,
2022Q1,,S08000020,,S12000034,,Elective Inpatients,,3,,212,546,2.57547169811321,,215,974,4.53023255813954,
2022Q2,,S08000020,,S12000034,,Elective Inpatients,,3,,265,564,2.12830188679245,,270,827,3.06296296296296,
2022Q3,,S08000020,,S12000034,,Elective Inpatients,,3,,247,543,2.19838056680162,,250,879,3.516,
2022Q4,p,S08000020,,S12000034,,Elective Inpatients,,3,,256,562,2.1953125,,265,918,3.46415094339623,
2017Q4,,S08000020,,S12000034,,Elective Inpatients,,4,,501,1017,2.02994011976048,,505,1823,3.60990099009901,
2018Q1,,S08000020,,S12000034,,Elective Inpatients,,4,,414,955,2.30676328502415,,415,1737,4.1855421686747,
2018Q2,,S08000020,,S12000034,,Elective Inpatients,,4,,525,1160,2.20952380952381,,531,1878,3.53672316384181,
2018Q3,,S08000020,,S12000034,,Elective Inpatients,,4,,502,1094,2.1792828685259,,500,1712,3.424,
2018Q4,,S08000020,,S12000034,,Elective Inpatients,,4,,540,1287,2.38333333333333,,545,2248,4.12477064220183,
2019Q1,,S08000020,,S12000034,,Elective Inpatients,,4,,506,1075,2.12450592885375,,505,1574,3.11683168316832,
2019Q2,,S08000020,,S12000034,,Elective Inpatients,,4,,506,1332,2.63241106719368,,500,1904,3.808,
2019Q3,,S08000020,,S12000034,,Elective Inpatients,,4,,549,1155,2.10382513661202,,550,2218,4.03272727272727,
2019Q4,,S08000020,,S12000034,,Elective Inpatients,,4,,458,1022,2.23144104803493,,465,1444,3.10537634408602,
2020Q1,,S08000020,,S12000034,,Elective Inpatients,,4,,444,910,2.04954954954955,,455,1791,3.93626373626374,
2020Q2,,S08000020,,S12000034,,Elective Inpatients,,4,,184,352,1.91304347826087,,185,575,3.10810810810811,
2020Q3,,S08000020,,S12000034,,Elective Inpatients,,4,,289,773,2.67474048442907,,285,1192,4.18245614035088,
2020Q4,,S08000020,,S12000034,,Elective Inpatients,,4,,353,827,2.34277620396601,,365,1441,3.94794520547945,
2021Q1,,S08000020,,S12000034,,Elective Inpatients,,4,,240,415,1.72916666666667,,240,853,3.55416666666667,
2021Q2,,S08000020,,S12000034,,Elective Inpatients,,4,,362,769,2.12430939226519,,370,1054,2.84864864864865,
2021Q3,,S08000020,,S12000034,,Elective Inpatients,,4,,346,809,2.33815028901734,,350,1224,3.49714285714286,
2021Q4,,S08000020,,S12000034,,Elective Inpatients,,4,,311,717,2.30546623794212,,319,1359,4.2601880877743,
2022Q1,,S08000020,,S12000034,,Elective Inpatients,,4,,324,661,2.04012345679012,,330,1011,3.06363636363636,
2022Q2,,S08000020,,S12000034,,Elective Inpatients,,4,,395,944,2.38987341772152,,400,1476,3.69,
2022Q3,,S08000020,,S12000034,,Elective Inpatients,,4,,399,853,2.13784461152882,,410,1510,3.68292682926829,
2022Q4,p,S08000020,,S12000034,,Elective Inpatients,,4,,384,835,2.17447916666667,,390,1211,3.1051282051282,
2017Q4,,S08000020,,S12000034,,Elective Inpatients,,5,,286,711,2.48601398601399,,290,1025,3.53448275862069,
2018Q1,,S08000020,,S12000034,,Elective Inpatients,,5,,292,733,2.51027397260274,,290,1136,3.9172413793103402,
2018Q2,,S08000020,,S12000034,,Elective Inpatients,,5,,360,794,2.20555555555556,,360,1298,3.60555555555556,
2018Q3,,S08000020,,S12000034,,Elective Inpatients,,5,,333,810,2.43243243243243,,339,1209,3.56637168141593,
2018Q4,,S08000020,,S12000034,,Elective Inpatients,,5,,332,723,2.17771084337349,,340,1269,3.73235294117647,
2019Q1,,S08000020,,S12000034,,Elective Inpatients,,5,,320,789,2.465625,,315,1216,3.86031746031746,
2019Q2,,S08000020,,S12000034,,Elective Inpatients,,5,,334,743,2.22455089820359,,339,1228,3.62241887905605,
2019Q3,,S08000020,,S12000034,,Elective Inpatients,,5,,355,678,1.90985915492958,,355,1090,3.07042253521127,
2019Q4,,S08000020,,S12000034,,Elective Inpatients,,5,,306,657,2.14705882352941,,320,1251,3.909375,
2020Q1,,S08000020,,S12000034,,Elective Inpatients,,5,,291,577,1.98281786941581,,290,858,2.95862068965517,
2020Q2,,S08000020,,S12000034,,Elective Inpatients,,5,,126,290,2.3015873015873,,120,398,3.31666666666667,
2020Q3,,S08000020,,S12000034,,Elective Inpatients,,5,,189,359,1.8994708994709,,195,674,3.45641025641026,
2020Q4,,S08000020,,S12000034,,Elective Inpatients,,5,,227,451,1.98678414096916,,235,689,2.93191489361702,
2021Q1,,S08000020,,S12000034,,Elective Inpatients,,5,,196,458,2.33673469387755,,195,728,3.73333333333333,
2021Q2,,S08000020,,S12000034,,Elective Inpatients,,5,,259,612,2.36293436293436,,260,1004,3.86153846153846,
2021Q3,,S08000020,,S12000034,,Elective Inpatients,,5,,248,490,1.9758064516129,,255,771,3.02352941176471,
2021Q4,,S08000020,,S12000034,,Elective Inpatients,,5,,245,634,2.58775510204082,,250,1033,4.132,
2022Q1,,S08000020,,S12000034,,Elective Inpatients,,5,,244,447,1.83196721311475,,245,938,3.82857142857143,
2022Q2,,S08000020,,S12000034,,Elective Inpatients,,5,,239,506,2.11715481171548,,241,870,3.60995850622407,
2022Q3,,S08000020,,S12000034,,Elective Inpatients,,5,,285,582,2.0421052631579,,290,1041,3.58965517241379,
2022Q4,p,S08000020,,S12000034,,Elective Inpatients,,5,,255,703,2.75686274509804,,255,1109,4.34901960784314,
2017Q4,,S08000020,,S12000020,,Elective Inpatients,,1,,17,40,2.35294117647059,,17,75,4.41176470588235,
2018Q1,,S08000020,,S12000020,,Elective Inpatients,,1,,19,31,1.63157894736842,,20,56,2.8,
2018Q2,,S08000020,,S12000020,,Elective Inpatients,,1,,25,63,2.52,,25,67,2.68,
2018Q3,,S08000020,,S12000020,,Elective Inpatients,,1,,18,44,2.44444444444444,,18,52,2.88888888888889,
2018Q4,,S08000020,,S12000020,,Elective Inpatients,,1,,10,23,2.3,,10,31,3.1,
2019Q1,,S08000020,,S12000020,,Elective Inpatients,,1,,10,30,3,,10,46,4.6,
2019Q2,,S08000020,,S12000020,,Elective Inpatients,,1,,25,38,1.52,,25,40,1.6,
2019Q3,,S08000020,,S12000020,,Elective Inpatients,,1,,29,81,2.79310344827586,,29,81,2.79310344827586,
2019Q4,,S08000020,,S12000020,,Elective Inpatients,,1,,29,57,1.96551724137931,,29,59,2.03448275862069,
2020Q1,,S08000020,,S12000020,,Elective Inpatients,,1,,33,64,1.93939393939394,,35,64,1.82857142857143,
2020Q2,,S08000020,,S12000020,,Elective Inpatients,,1,,17,18,1.05882352941176,,15,18,1.2,
2020Q3,,S08000020,,S12000020,,Elective Inpatients,,1,,36,25,0.694444444444444,,35,51,1.45714285714286,
2020Q4,,S08000020,,S12000020,,Elective Inpatients,,1,,27,32,1.18518518518519,,27,94,3.48148148148148,
2021Q1,,S08000020,,S12000020,,Elective Inpatients,,1,,10,22,2.2,,10,80,8,
2021Q2,,S08000020,,S12000020,,Elective Inpatients,,1,,5,12,2.4,,5,12,2.4,
2021Q3,,S08000020,,S12000020,,Elective Inpatients,,1,,13,52,4,,13,72,5.53846153846154,
2021Q4,,S08000020,,S12000020,,Elective Inpatients,,1,,10,11,1.1,,10,44,4.4,
2022Q1,,S08000020,,S12000020,,Elective Inpatients,,1,,10,75,7.5,,10,75,7.5,
2022Q2,,S08000020,,S12000020,,Elective Inpatients,,1,,10,31,3.1,,10,32,3.2,
2022Q3,,S08000020,,S12000020,,Elective Inpatients,,1,,5,22,4.4,,10,28,2.8,
2022Q4,p,S08000020,,S12000020,,Elective Inpatients,,1,,10,5,0.5,,10,7,0.7,
2017Q4,,S08000020,,S12000020,,Elective Inpatients,,2,,95,249,2.62105263157895,,95,337,3.54736842105263,
2018Q1,,S08000020,,S12000020,,Elective Inpatients,,2,,80,209,2.6125,,80,575,7.1875,
2018Q2,,S08000020,,S12000020,,Elective Inpatients,,2,,107,197,1.8411214953271,,110,270,2.45454545454545,
2018Q3,,S08000020,,S12000020,,Elective Inpatients,,2,,97,205,2.11340206185567,,95,381,4.01052631578947,
2018Q4,,S08000020,,S12000020,,Elective Inpatients,,2,,98,232,2.36734693877551,,100,397,3.97,
2019Q1,,S08000020,,S12000020,,Elective Inpatients,,2,,86,201,2.33720930232558,,85,344,4.04705882352941,
2019Q2,,S08000020,,S12000020,,Elective Inpatients,,2,,92,140,1.52173913043478,,95,428,4.50526315789474,
2019Q3,,S08000020,,S12000020,,Elective Inpatients,,2,,96,156,1.625,,95,248,2.61052631578947,
2019Q4,,S08000020,,S12000020,,Elective Inpatients,,2,,75,153,2.04,,75,301,4.01333333333333,
2020Q1,,S08000020,,S12000020,,Elective Inpatients,,2,,79,128,1.62025316455696,,80,278,3.475,
2020Q2,,S08000020,,S12000020,,Elective Inpatients,,2,,39,109,2.79487179487179,,40,138,3.45,
2020Q3,,S08000020,,S12000020,,Elective Inpatients,,2,,59,105,1.77966101694915,,55,145,2.63636363636364,
2020Q4,,S08000020,,S12000020,,Elective Inpatients,,2,,59,106,1.79661016949153,,65,219,3.36923076923077,
2021Q1,,S08000020,,S12000020,,Elective Inpatients,,2,,35,76,2.17142857142857,,35,87,2.48571428571429,
2021Q2,,S08000020,,S12000020,,Elective Inpatients,,2,,43,64,1.48837209302326,,45,151,3.35555555555556,
2021Q3,,S08000020,,S12000020,,Elective Inpatients,,2,,42,123,2.92857142857143,,40,137,3.425,
2021Q4,,S08000020,,S12000020,,Elective Inpatients,,2,,38,116,3.05263157894737,,40,155,3.875,
2022Q1,,S08000020,,S12000020,,Elective Inpatients,,2,,52,104,2,,55,309,5.61818181818182,
2022Q2,,S08000020,,S12000020,,Elective Inpatients,,2,,64,128,2,,65,253,3.89230769230769,
2022Q3,,S08000020,,S12000020,,Elective Inpatients,,2,,49,92,1.87755102040816,,50,119,2.38,
2022Q4,p,S08000020,,S12000020,,Elective Inpatients,,2,,54,125,2.31481481481481,,55,133,2.41818181818182,
2017Q4,,S08000020,,S12000020,,Elective Inpatients,,3,,233,605,2.59656652360515,,240,850,3.54166666666667,
2018Q1,,S08000020,,S12000020,,Elective Inpatients,,3,,180,460,2.55555555555556,,180,665,3.69444444444444,
2018Q2,,S08000020,,S12000020,,Elective Inpatients,,3,,229,632,2.75982532751092,,230,970,4.21739130434783,
2018Q3,,S08000020,,S12000020,,Elective Inpatients,,3,,177,403,2.27683615819209,,180,580,3.22222222222222,
2018Q4,,S08000020,,S12000020,,Elective Inpatients,,3,,191,429,2.24607329842932,,190,583,3.06842105263158,
2019Q1,,S08000020,,S12000020,,Elective Inpatients,,3,,183,391,2.13661202185792,,180,531,2.95,
2019Q2,,S08000020,,S12000020,,Elective Inpatients,,3,,202,386,1.91089108910891,,200,513,2.565,
2019Q3,,S08000020,,S12000020,,Elective Inpatients,,3,,183,385,2.10382513661202,,185,549,2.96756756756757,
2019Q4,,S08000020,,S12000020,,Elective Inpatients,,3,,190,397,2.08947368421053,,195,843,4.32307692307692,
2020Q1,,S08000020,,S12000020,,Elective Inpatients,,3,,143,263,1.83916083916084,,145,770,5.31034482758621,
2020Q2,,S08000020,,S12000020,,Elective Inpatients,,3,,83,165,1.98795180722892,,85,268,3.15294117647059,
2020Q3,,S08000020,,S12000020,,Elective Inpatients,,3,,111,172,1.54954954954955,,110,282,2.56363636363636,
2020Q4,,S08000020,,S12000020,,Elective Inpatients,,3,,159,321,2.0188679245283,,160,521,3.25625,
2021Q1,,S08000020,,S12000020,,Elective Inpatients,,3,,107,256,2.39252336448598,,107,313,2.92523364485981,
2021Q2,,S08000020,,S12000020,,Elective Inpatients,,3,,115,335,2.91304347826087,,115,494,4.29565217391304,
2021Q3,,S08000020,,S12000020,,Elective Inpatients,,3,,119,237,1.99159663865546,,125,494,3.952,
2021Q4,,S08000020,,S12000020,,Elective Inpatients,,3,,88,194,2.20454545454545,,90,404,4.48888888888889,
2022Q1,,S08000020,,S12000020,,Elective Inpatients,,3,,115,289,2.51304347826087,,115,390,3.39130434782609,
2022Q2,,S08000020,,S12000020,,Elective Inpatients,,3,,154,351,2.27922077922078,,155,480,3.09677419354839,
2022Q3,,S08000020,,S12000020,,Elective Inpatients,,3,,110,260,2.36363636363636,,110,477,4.33636363636364,
2022Q4,p,S08000020,,S12000020,,Elective Inpatients,,3,,127,304,2.39370078740157,,130,400,3.07692307692308,
2017Q4,,S08000020,,S12000020,,Elective Inpatients,,4,,214,554,2.58878504672897,,214,934,4.36448598130841,
2018Q1,,S08000020,,S12000020,,Elective Inpatients,,4,,186,438,2.35483870967742,,190,786,4.13684210526316,
2018Q2,,S08000020,,S12000020,,Elective Inpatients,,4,,216,445,2.06018518518519,,215,685,3.18604651162791,
2018Q3,,S08000020,,S12000020,,Elective Inpatients,,4,,206,449,2.17961165048544,,210,738,3.51428571428571,
2018Q4,,S08000020,,S12000020,,Elective Inpatients,,4,,219,410,1.87214611872146,,225,796,3.53777777777778,
2019Q1,,S08000020,,S12000020,,Elective Inpatients,,4,,185,410,2.21621621621622,,190,807,4.24736842105263,
2019Q2,,S08000020,,S12000020,,Elective Inpatients,,4,,250,509,2.036,,245,687,2.80408163265306,
2019Q3,,S08000020,,S12000020,,Elective Inpatients,,4,,193,414,2.14507772020725,,200,853,4.265,
2019Q4,,S08000020,,S12000020,,Elective Inpatients,,4,,167,322,1.92814371257485,,175,527,3.01142857142857,
2020Q1,,S08000020,,S12000020,,Elective Inpatients,,4,,154,308,2,,160,504,3.15,
2020Q2,,S08000020,,S12000020,,Elective Inpatients,,4,,83,167,2.01204819277108,,85,276,3.24705882352941,
2020Q3,,S08000020,,S12000020,,Elective Inpatients,,4,,129,215,1.66666666666667,,130,413,3.17692307692308,
2020Q4,,S08000020,,S12000020,,Elective Inpatients,,4,,162,474,2.92592592592593,,165,636,3.85454545454545,
2021Q1,,S08000020,,S12000020,,Elective Inpatients,,4,,92,208,2.26086956521739,,95,292,3.07368421052632,
2021Q2,,S08000020,,S12000020,,Elective Inpatients,,4,,114,179,1.57017543859649,,120,304,2.53333333333333,
2021Q3,,S08000020,,S12000020,,Elective Inpatients,,4,,153,287,1.87581699346405,,160,444,2.775,
2021Q4,,S08000020,,S12000020,,Elective Inpatients,,4,,117,245,2.09401709401709,,120,474,3.95,
2022Q1,,S08000020,,S12000020,,Elective Inpatients,,4,,125,290,2.32,,125,377,3.016,
2022Q2,,S08000020,,S12000020,,Elective Inpatients,,4,,140,323,2.30714285714286,,140,588,4.2,
2022Q3,,S08000020,,S12000020,,Elective Inpatients,,4,,130,342,2.63076923076923,,140,534,3.81428571428571,
2022Q4,p,S08000020,,S12000020,,Elective Inpatients,,4,,161,407,2.52795031055901,,165,612,3.70909090909091,
2017Q4,,S08000020,,S12000020,,Elective Inpatients,,5,,64,148,2.3125,,65,246,3.78461538461538,
2018Q1,,S08000020,,S12000020,,Elective Inpatients,,5,,52,105,2.01923076923077,,50,132,2.64,
2018Q2,,S08000020,,S12000020,,Elective Inpatients,,5,,76,206,2.71052631578947,,77,248,3.22077922077922,
2018Q3,,S08000020,,S12000020,,Elective Inpatients,,5,,65,160,2.46153846153846,,70,306,4.37142857142857,
2018Q4,,S08000020,,S12000020,,Elective Inpatients,,5,,61,160,2.62295081967213,,62,179,2.88709677419355,
2019Q1,,S08000020,,S12000020,,Elective Inpatients,,5,,62,159,2.56451612903226,,60,264,4.4,
2019Q2,,S08000020,,S12000020,,Elective Inpatients,,5,,62,105,1.69354838709677,,62,183,2.95161290322581,
2019Q3,,S08000020,,S12000020,,Elective Inpatients,,5,,45,100,2.22222222222222,,48,163,3.39583333333333,
2019Q4,,S08000020,,S12000020,,Elective Inpatients,,5,,51,76,1.49019607843137,,55,129,2.34545454545455,
2020Q1,,S08000020,,S12000020,,Elective Inpatients,,5,,46,71,1.54347826086957,,48,131,2.72916666666667,
2020Q2,,S08000020,,S12000020,,Elective Inpatients,,5,,23,23,1,,23,55,2.39130434782609,
2020Q3,,S08000020,,S12000020,,Elective Inpatients,,5,,33,39,1.18181818181818,,33,86,2.60606060606061,
2020Q4,,S08000020,,S12000020,,Elective Inpatients,,5,,40,75,1.875,,41,107,2.60975609756098,
2021Q1,,S08000020,,S12000020,,Elective Inpatients,,5,,22,31,1.40909090909091,,23,48,2.08695652173913,
2021Q2,,S08000020,,S12000020,,Elective Inpatients,,5,,37,177,4.78378378378378,,36,260,7.22222222222222,
2021Q3,,S08000020,,S12000020,,Elective Inpatients,,5,,31,46,1.48387096774194,,32,297,9.28125,
2021Q4,,S08000020,,S12000020,,Elective Inpatients,,5,,46,77,1.67391304347826,,47,154,3.27659574468085,
2022Q1,,S08000020,,S12000020,,Elective Inpatients,,5,,29,75,2.58620689655172,,30,202,6.73333333333333,
2022Q2,,S08000020,,S12000020,,Elective Inpatients,,5,,27,33,1.22222222222222,,30,88,2.93333333333333,
2022Q3,,S08000020,,S12000020,,Elective Inpatients,,5,,38,100,2.63157894736842,,40,127,3.175,
2022Q4,p,S08000020,,S12000020,,Elective Inpatients,,5,,23,56,2.43478260869565,,25,71,2.84,
2017Q4,,S08000020,,S08000020,d,Elective Inpatients,,1,,177,387,2.1864406779661,,181,616,3.40331491712707,
2018Q1,,S08000020,,S08000020,d,Elective Inpatients,,1,,195,471,2.41538461538462,,195,718,3.68205128205128,
2018Q2,,S08000020,,S08000020,d,Elective Inpatients,,1,,202,462,2.28712871287129,,196,628,3.20408163265306,
2018Q3,,S08000020,,S08000020,d,Elective Inpatients,,1,,172,387,2.25,,176,619,3.51704545454545,
2018Q4,,S08000020,,S08000020,d,Elective Inpatients,,1,,201,468,2.32835820895522,,204,704,3.45098039215686,
2019Q1,,S08000020,,S08000020,d,Elective Inpatients,,1,,184,477,2.59239130434783,,182,646,3.54945054945055,
2019Q2,,S08000020,,S08000020,d,Elective Inpatients,,1,,206,447,2.16990291262136,,212,660,3.11320754716981,
2019Q3,,S08000020,,S08000020,d,Elective Inpatients,,1,,207,467,2.256038647343,,208,753,3.62019230769231,
2019Q4,,S08000020,,S08000020,d,Elective Inpatients,,1,,233,434,1.86266094420601,,236,611,2.58898305084746,
2020Q1,,S08000020,,S08000020,d,Elective Inpatients,,1,,202,580,2.87128712871287,,201,663,3.29850746268657,
2020Q2,,S08000020,,S08000020,d,Elective Inpatients,,1,,105,374,3.56190476190476,,102,412,4.03921568627451,
2020Q3,,S08000020,,S08000020,d,Elective Inpatients,,1,,141,364,2.58156028368794,,147,559,3.80272108843537,
2020Q4,,S08000020,,S08000020,d,Elective Inpatients,,1,,144,359,2.49305555555556,,146,653,4.47260273972603,
2021Q1,,S08000020,,S08000020,d,Elective Inpatients,,1,,87,153,1.75862068965517,,85,274,3.22352941176471,
2021Q2,,S08000020,,S08000020,d,Elective Inpatients,,1,,136,323,2.375,,137,435,3.17518248175182,
2021Q3,,S08000020,,S08000020,d,Elective Inpatients,,1,,118,275,2.33050847457627,,123,660,5.36585365853659,
2021Q4,,S08000020,,S08000020,d,Elective Inpatients,,1,,112,175,1.5625,,119,450,3.78151260504202,
2022Q1,,S08000020,,S08000020,d,Elective Inpatients,,1,,137,314,2.29197080291971,,137,433,3.16058394160584,
2022Q2,,S08000020,,S08000020,d,Elective Inpatients,,1,,135,374,2.77037037037037,,134,424,3.16417910447761,
2022Q3,,S08000020,,S08000020,d,Elective Inpatients,,1,,113,243,2.15044247787611,,116,449,3.87068965517241,
2022Q4,p,S08000020,,S08000020,d,Elective Inpatients,,1,,131,318,2.42748091603053,,132,414,3.13636363636364,
2017Q4,,S08000020,,S08000020,d,Elective Inpatients,,2,,553,1249,2.25858951175407,,555,2107,3.7963963963964,
2018Q1,,S08000020,,S08000020,d,Elective Inpatients,,2,,476,1089,2.28781512605042,,479,2294,4.78914405010438,
2018Q2,,S08000020,,S08000020,d,Elective Inpatients,,2,,577,1340,2.32235701906412,,582,2039,3.50343642611684,
2018Q3,,S08000020,,S08000020,d,Elective Inpatients,,2,,559,1172,2.09660107334526,,555,2252,4.05765765765766,
2018Q4,,S08000020,,S08000020,d,Elective Inpatients,,2,,577,1165,2.01906412478336,,595,2243,3.76974789915966,
2019Q1,,S08000020,,S08000020,d,Elective Inpatients,,2,,513,1092,2.12865497076023,,510,1810,3.54901960784314,
2019Q2,,S08000020,,S08000020,d,Elective Inpatients,,2,,554,1036,1.87003610108303,,559,1936,3.46332737030411,
2019Q3,,S08000020,,S08000020,d,Elective Inpatients,,2,,561,1111,1.98039215686275,,563,1910,3.39253996447602,
2019Q4,,S08000020,,S08000020,d,Elective Inpatients,,2,,528,1057,2.00189393939394,,539,1856,3.44341372912801,
2020Q1,,S08000020,,S08000020,d,Elective Inpatients,,2,,449,932,2.07572383073497,,454,1446,3.18502202643172,
2020Q2,,S08000020,,S08000020,d,Elective Inpatients,,2,,252,539,2.13888888888889,,252,846,3.35714285714286,
2020Q3,,S08000020,,S08000020,d,Elective Inpatients,,2,,332,726,2.18674698795181,,341,1212,3.55425219941349,
2020Q4,,S08000020,,S08000020,d,Elective Inpatients,,2,,310,698,2.25161290322581,,324,1106,3.41358024691358,
2021Q1,,S08000020,,S08000020,d,Elective Inpatients,,2,,284,647,2.27816901408451,,284,971,3.41901408450704,
2021Q2,,S08000020,,S08000020,d,Elective Inpatients,,2,,324,719,2.21913580246914,,327,1143,3.4954128440367,
2021Q3,,S08000020,,S08000020,d,Elective Inpatients,,2,,313,773,2.46964856230032,,316,1400,4.43037974683544,
2021Q4,,S08000020,,S08000020,d,Elective Inpatients,,2,,293,585,1.99658703071672,,305,1040,3.40983606557377,
2022Q1,,S08000020,,S08000020,d,Elective Inpatients,,2,,323,663,2.05263157894737,,322,1113,3.45652173913043,
2022Q2,,S08000020,,S08000020,d,Elective Inpatients,,2,,356,781,2.1938202247191,,360,1504,4.17777777777778,
2022Q3,,S08000020,,S08000020,d,Elective Inpatients,,2,,335,778,2.32238805970149,,342,1248,3.64912280701754,
2022Q4,p,S08000020,,S08000020,d,Elective Inpatients,,2,,360,802,2.22777777777778,,367,1185,3.22888283378747,
2017Q4,,S08000020,,S08000020,d,Elective Inpatients,,3,,723,1899,2.62655601659751,,722,2847,3.94321329639889,
2018Q1,,S08000020,,S08000020,d,Elective Inpatients,,3,,599,1301,2.17195325542571,,608,2534,4.16776315789474,
2018Q2,,S08000020,,S08000020,d,Elective Inpatients,,3,,699,1769,2.5307582260372,,704,2810,3.99147727272727,
2018Q3,,S08000020,,S08000020,d,Elective Inpatients,,3,,649,1469,2.26348228043143,,651,2235,3.4331797235023,
2018Q4,,S08000020,,S08000020,d,Elective Inpatients,,3,,694,1522,2.19308357348703,,696,2482,3.56609195402299,
2019Q1,,S08000020,,S08000020,d,Elective Inpatients,,3,,620,1477,2.38225806451613,,613,2196,3.58238172920065,
2019Q2,,S08000020,,S08000020,d,Elective Inpatients,,3,,710,1520,2.14084507042254,,712,2665,3.74297752808989,
2019Q3,,S08000020,,S08000020,d,Elective Inpatients,,3,,692,1646,2.37861271676301,,700,2334,3.33428571428571,
2019Q4,,S08000020,,S08000020,d,Elective Inpatients,,3,,660,1303,1.97424242424242,,672,2275,3.38541666666667,
2020Q1,,S08000020,,S08000020,d,Elective Inpatients,,3,,556,1027,1.84712230215827,,562,2093,3.72419928825623,
2020Q2,,S08000020,,S08000020,d,Elective Inpatients,,3,,287,649,2.26132404181185,,287,1074,3.74216027874564,
2020Q3,,S08000020,,S08000020,d,Elective Inpatients,,3,,400,719,1.7975,,410,1297,3.16341463414634,
2020Q4,,S08000020,,S08000020,d,Elective Inpatients,,3,,484,975,2.01446280991736,,486,1525,3.13786008230453,
2021Q1,,S08000020,,S08000020,d,Elective Inpatients,,3,,355,910,2.56338028169014,,362,1334,3.68508287292818,
2021Q2,,S08000020,,S08000020,d,Elective Inpatients,,3,,441,920,2.08616780045351,,445,1449,3.2561797752809,
2021Q3,,S08000020,,S08000020,d,Elective Inpatients,,3,,424,817,1.92688679245283,,433,1427,3.29561200923788,
2021Q4,,S08000020,,S08000020,d,Elective Inpatients,,3,,384,817,2.12760416666667,,394,1429,3.62690355329949,
2022Q1,,S08000020,,S08000020,d,Elective Inpatients,,3,,422,1000,2.3696682464455,,427,1662,3.89227166276347,
2022Q2,,S08000020,,S08000020,d,Elective Inpatients,,3,,534,1119,2.09550561797753,,538,1592,2.95910780669145,
2022Q3,,S08000020,,S08000020,d,Elective Inpatients,,3,,462,1141,2.46969696969697,,470,2093,4.4531914893617,
2022Q4,p,S08000020,,S08000020,d,Elective Inpatients,,3,,503,1285,2.55467196819085,,514,1843,3.58560311284047,
2017Q4,,S08000020,,S08000020,d,Elective Inpatients,,4,,884,2022,2.28733031674208,,890,3474,3.90337078651685,
2018Q1,,S08000020,,S08000020,d,Elective Inpatients,,4,,761,1841,2.419185282523,,766,3104,4.05221932114882,
2018Q2,,S08000020,,S08000020,d,Elective Inpatients,,4,,897,1976,2.20289855072464,,898,3053,3.39977728285078,
2018Q3,,S08000020,,S08000020,d,Elective Inpatients,,4,,848,1863,2.19693396226415,,854,3020,3.53629976580796,
2018Q4,,S08000020,,S08000020,d,Elective Inpatients,,4,,880,1925,2.1875,,895,3366,3.7608938547486,
2019Q1,,S08000020,,S08000020,d,Elective Inpatients,,4,,845,1780,2.10650887573965,,845,2840,3.36094674556213,
2019Q2,,S08000020,,S08000020,d,Elective Inpatients,,4,,910,2243,2.46483516483516,,901,3132,3.47613762486127,
2019Q3,,S08000020,,S08000020,d,Elective Inpatients,,4,,911,1954,2.14489571899012,,922,3675,3.98590021691974,
2019Q4,,S08000020,,S08000020,d,Elective Inpatients,,4,,807,1745,2.16232961586121,,825,2544,3.08363636363636,
2020Q1,,S08000020,,S08000020,d,Elective Inpatients,,4,,728,1481,2.03434065934066,,749,2784,3.71695594125501,
2020Q2,,S08000020,,S08000020,d,Elective Inpatients,,4,,345,655,1.89855072463768,,352,1086,3.08522727272727,
2020Q3,,S08000020,,S08000020,d,Elective Inpatients,,4,,513,1182,2.30409356725146,,512,1878,3.66796875,
2020Q4,,S08000020,,S08000020,d,Elective Inpatients,,4,,626,1593,2.54472843450479,,640,2529,3.9515625,
2021Q1,,S08000020,,S08000020,d,Elective Inpatients,,4,,402,855,2.12686567164179,,406,1494,3.67980295566502,
2021Q2,,S08000020,,S08000020,d,Elective Inpatients,,4,,595,1154,1.93949579831933,,608,1688,2.77631578947368,
2021Q3,,S08000020,,S08000020,d,Elective Inpatients,,4,,615,1342,2.18211382113821,,626,1981,3.16453674121406,
2021Q4,,S08000020,,S08000020,d,Elective Inpatients,,4,,533,1130,2.12007504690432,,548,2101,3.83394160583942,
2022Q1,,S08000020,,S08000020,d,Elective Inpatients,,4,,553,1190,2.15189873417722,,558,1803,3.23118279569892,
2022Q2,,S08000020,,S08000020,d,Elective Inpatients,,4,,654,1462,2.23547400611621,,660,2415,3.65909090909091,
2022Q3,,S08000020,,S08000020,d,Elective Inpatients,,4,,642,1390,2.16510903426791,,660,2417,3.66212121212121,
2022Q4,p,S08000020,,S08000020,d,Elective Inpatients,,4,,664,1504,2.26506024096386,,680,2207,3.24558823529412,
2017Q4,,S08000020,,S08000020,d,Elective Inpatients,,5,,719,1708,2.37552155771905,,728,2584,3.54945054945055,
2018Q1,,S08000020,,S08000020,d,Elective Inpatients,,5,,622,1533,2.46463022508039,,618,2328,3.76699029126214,
2018Q2,,S08000020,,S08000020,d,Elective Inpatients,,5,,776,1887,2.43170103092783,,775,2944,3.79870967741935,
2018Q3,,S08000020,,S08000020,d,Elective Inpatients,,5,,752,1693,2.25132978723404,,765,2727,3.56470588235294,
2018Q4,,S08000020,,S08000020,d,Elective Inpatients,,5,,769,1829,2.37841352405722,,782,2934,3.75191815856777,
2019Q1,,S08000020,,S08000020,d,Elective Inpatients,,5,,731,1701,2.32694938440492,,726,2520,3.47107438016529,
2019Q2,,S08000020,,S08000020,d,Elective Inpatients,,5,,723,1568,2.16874135546335,,726,2439,3.3595041322314,
2019Q3,,S08000020,,S08000020,d,Elective Inpatients,,5,,752,1593,2.11835106382979,,763,2774,3.63564875491481,
2019Q4,,S08000020,,S08000020,d,Elective Inpatients,,5,,696,1376,1.97701149425287,,719,2435,3.38664812239221,
2020Q1,,S08000020,,S08000020,d,Elective Inpatients,,5,,625,1270,2.032,,636,2006,3.15408805031447,
2020Q2,,S08000020,,S08000020,d,Elective Inpatients,,5,,271,550,2.02952029520295,,267,981,3.67415730337079,
2020Q3,,S08000020,,S08000020,d,Elective Inpatients,,5,,434,753,1.73502304147465,,441,1470,3.33333333333333,
2020Q4,,S08000020,,S08000020,d,Elective Inpatients,,5,,530,1165,2.19811320754717,,546,1764,3.23076923076923,
2021Q1,,S08000020,,S08000020,d,Elective Inpatients,,5,,395,868,2.19746835443038,,397,1580,3.97984886649874,
2021Q2,,S08000020,,S08000020,d,Elective Inpatients,,5,,558,1302,2.33333333333333,,561,2114,3.76827094474153,
2021Q3,,S08000020,,S08000020,d,Elective Inpatients,,5,,546,1158,2.12087912087912,,557,2039,3.66068222621185,
2021Q4,,S08000020,,S08000020,d,Elective Inpatients,,5,,555,1221,2.2,,567,2117,3.7336860670194,
2022Q1,,S08000020,,S08000020,d,Elective Inpatients,,5,,554,1113,2.00902527075812,,559,2136,3.8211091234347,
2022Q2,,S08000020,,S08000020,d,Elective Inpatients,,5,,542,1083,1.99815498154982,,548,1862,3.3978102189781,
2022Q3,,S08000020,,S08000020,d,Elective Inpatients,,5,,570,1214,2.12982456140351,,586,2299,3.92320819112628,
2022Q4,p,S08000020,,S08000020,d,Elective Inpatients,,5,,549,1485,2.70491803278689,,555,2332,4.2018018018018,
2017Q4,,S08000031,,S12000045,,Elective Inpatients,,1,,28,36,1.28571428571429,,31,55,1.7741935483871,
2018Q1,,S08000031,,S12000045,,Elective Inpatients,,1,,26,66,2.53846153846154,,25,80,3.2,
2018Q2,,S08000031,,S12000045,,Elective Inpatients,,1,,38,68,1.78947368421053,,40,135,3.375,
2018Q3,,S08000031,,S12000045,,Elective Inpatients,,1,,40,163,4.075,,40,217,5.425,
2018Q4,,S08000031,,S12000045,,Elective Inpatients,,1,,22,61,2.77272727272727,,22,78,3.54545454545455,
2019Q1,,S08000031,,S12000045,,Elective Inpatients,,1,,39,256,6.56410256410256,,39,276,7.07692307692308,
2019Q2,,S08000031,,S12000045,,Elective Inpatients,,1,,33,59,1.78787878787879,,30,70,2.33333333333333,
2019Q3,,S08000031,,S12000045,,Elective Inpatients,,1,,44,67,1.52272727272727,,40,78,1.95,
2019Q4,,S08000031,,S12000045,,Elective Inpatients,,1,,45,62,1.37777777777778,,45,161,3.57777777777778,
2020Q1,,S08000031,,S12000045,,Elective Inpatients,,1,,31,109,3.51612903225806,,30,122,4.06666666666667,
2020Q2,,S08000031,,S12000045,,Elective Inpatients,,1,,15,25,1.66666666666667,,15,31,2.06666666666667,
2020Q3,,S08000031,,S12000045,,Elective Inpatients,,1,,32,78,2.4375,,30,123,4.1,
2020Q4,,S08000031,,S12000045,,Elective Inpatients,,1,,22,50,2.27272727272727,,20,53,2.65,
2021Q1,,S08000031,,S12000045,,Elective Inpatients,,1,,25,107,4.28,,25,107,4.28,
2021Q2,,S08000031,,S12000045,,Elective Inpatients,,1,,29,68,2.3448275862069,,28,101,3.60714285714286,
2021Q3,,S08000031,,S12000045,,Elective Inpatients,,1,,26,50,1.92307692307692,,27,121,4.48148148148148,
2021Q4,,S08000031,,S12000045,,Elective Inpatients,,1,,29,110,3.79310344827586,,30,113,3.76666666666667,
2022Q1,,S08000031,,S12000045,,Elective Inpatients,,1,,35,70,2,,36,103,2.86111111111111,
2022Q2,,S08000031,,S12000045,,Elective Inpatients,,1,,32,107,3.34375,,30,131,4.36666666666667,
2022Q3,,S08000031,,S12000045,,Elective Inpatients,,1,,24,66,2.75,,25,78,3.12,
2022Q4,p,S08000031,,S12000045,,Elective Inpatients,,1,,39,54,1.38461538461538,,37,128,3.45945945945946,
2017Q4,,S08000031,,S12000045,,Elective Inpatients,,2,,161,570,3.54037267080745,,160,817,5.10625,
2018Q1,,S08000031,,S12000045,,Elective Inpatients,,2,,128,310,2.421875,,125,456,3.648,
2018Q2,,S08000031,,S12000045,,Elective Inpatients,,2,,167,405,2.4251497005988,,164,669,4.07926829268293,
2018Q3,,S08000031,,S12000045,,Elective Inpatients,,2,,136,574,4.22058823529412,,135,544,4.02962962962963,
2018Q4,,S08000031,,S12000045,,Elective Inpatients,,2,,141,304,2.15602836879433,,140,448,3.2,
2019Q1,,S08000031,,S12000045,,Elective Inpatients,,2,,144,300,2.08333333333333,,145,508,3.50344827586207,
2019Q2,,S08000031,,S12000045,,Elective Inpatients,,2,,148,340,2.2972972972973,,150,483,3.22,
2019Q3,,S08000031,,S12000045,,Elective Inpatients,,2,,135,227,1.68148148148148,,135,432,3.2,
2019Q4,,S08000031,,S12000045,,Elective Inpatients,,2,,137,235,1.71532846715328,,135,308,2.28148148148148,
2020Q1,,S08000031,,S12000045,,Elective Inpatients,,2,,152,357,2.34868421052632,,150,423,2.82,
2020Q2,,S08000031,,S12000045,,Elective Inpatients,,2,,65,121,1.86153846153846,,65,197,3.03076923076923,
2020Q3,,S08000031,,S12000045,,Elective Inpatients,,2,,96,458,4.77083333333333,,90,464,5.15555555555556,
2020Q4,,S08000031,,S12000045,,Elective Inpatients,,2,,116,263,2.26724137931034,,120,457,3.80833333333333,
2021Q1,,S08000031,,S12000045,,Elective Inpatients,,2,,74,165,2.22972972972973,,72,242,3.36111111111111,
2021Q2,,S08000031,,S12000045,,Elective Inpatients,,2,,116,340,2.93103448275862,,115,410,3.56521739130435,
2021Q3,,S08000031,,S12000045,,Elective Inpatients,,2,,110,214,1.94545454545455,,110,297,2.7,
2021Q4,,S08000031,,S12000045,,Elective Inpatients,,2,,93,231,2.48387096774194,,90,250,2.77777777777778,
2022Q1,,S08000031,,S12000045,,Elective Inpatients,,2,,85,229,2.69411764705882,,90,352,3.91111111111111,
2022Q2,,S08000031,,S12000045,,Elective Inpatients,,2,,106,361,3.40566037735849,,100,382,3.82,
2022Q3,,S08000031,,S12000045,,Elective Inpatients,,2,,129,326,2.52713178294574,,125,585,4.68,
2022Q4,p,S08000031,,S12000045,,Elective Inpatients,,2,,118,288,2.4406779661017,,120,519,4.325,
2017Q4,,S08000031,,S12000045,,Elective Inpatients,,3,,80,231,2.8875,,80,364,4.55,
2018Q1,,S08000031,,S12000045,,Elective Inpatients,,3,,66,249,3.77272727272727,,65,381,5.86153846153846,
2018Q2,,S08000031,,S12000045,,Elective Inpatients,,3,,67,240,3.58208955223881,,64,245,3.828125,
2018Q3,,S08000031,,S12000045,,Elective Inpatients,,3,,54,114,2.11111111111111,,55,168,3.05454545454545,
2018Q4,,S08000031,,S12000045,,Elective Inpatients,,3,,59,109,1.84745762711864,,60,159,2.65,
2019Q1,,S08000031,,S12000045,,Elective Inpatients,,3,,60,180,3,,60,261,4.35,
2019Q2,,S08000031,,S12000045,,Elective Inpatients,,3,,44,83,1.88636363636364,,44,155,3.52272727272727,
2019Q3,,S08000031,,S12000045,,Elective Inpatients,,3,,65,122,1.87692307692308,,65,132,2.03076923076923,
2019Q4,,S08000031,,S12000045,,Elective Inpatients,,3,,61,154,2.52459016393443,,60,179,2.98333333333333,
2020Q1,,S08000031,,S12000045,,Elective Inpatients,,3,,59,125,2.11864406779661,,60,142,2.36666666666667,
2020Q2,,S08000031,,S12000045,,Elective Inpatients,,3,,28,108,3.85714285714286,,25,90,3.6,
2020Q3,,S08000031,,S12000045,,Elective Inpatients,,3,,36,137,3.80555555555556,,39,183,4.69230769230769,
2020Q4,,S08000031,,S12000045,,Elective Inpatients,,3,,50,280,5.6,,51,299,5.86274509803922,
2021Q1,,S08000031,,S12000045,,Elective Inpatients,,3,,35,66,1.88571428571429,,37,108,2.91891891891892,
2021Q2,,S08000031,,S12000045,,Elective Inpatients,,3,,42,65,1.54761904761905,,41,107,2.60975609756098,
2021Q3,,S08000031,,S12000045,,Elective Inpatients,,3,,52,73,1.40384615384615,,53,98,1.84905660377358,
2021Q4,,S08000031,,S12000045,,Elective Inpatients,,3,,35,117,3.34285714285714,,35,123,3.51428571428571,
2022Q1,,S08000031,,S12000045,,Elective Inpatients,,3,,41,81,1.97560975609756,,40,205,5.125,
2022Q2,,S08000031,,S12000045,,Elective Inpatients,,3,,37,75,2.02702702702703,,35,102,2.91428571428571,
2022Q3,,S08000031,,S12000045,,Elective Inpatients,,3,,40,78,1.95,,40,115,2.875,
2022Q4,p,S08000031,,S12000045,,Elective Inpatients,,3,,42,87,2.07142857142857,,45,126,2.8,
2017Q4,,S08000031,,S12000045,,Elective Inpatients,,4,,185,510,2.75675675675676,,185,662,3.57837837837838,
2018Q1,,S08000031,,S12000045,,Elective Inpatients,,4,,178,413,2.32022471910112,,175,612,3.49714285714286,
2018Q2,,S08000031,,S12000045,,Elective Inpatients,,4,,179,575,3.2122905027933,,170,752,4.42352941176471,
2018Q3,,S08000031,,S12000045,,Elective Inpatients,,4,,189,490,2.59259259259259,,190,909,4.78421052631579,
2018Q4,,S08000031,,S12000045,,Elective Inpatients,,4,,166,390,2.34939759036145,,170,877,5.15882352941177,
2019Q1,,S08000031,,S12000045,,Elective Inpatients,,4,,150,342,2.28,,150,427,2.84666666666667,
2019Q2,,S08000031,,S12000045,,Elective Inpatients,,4,,199,451,2.26633165829146,,195,548,2.81025641025641,
2019Q3,,S08000031,,S12000045,,Elective Inpatients,,4,,175,400,2.28571428571429,,175,574,3.28,
2019Q4,,S08000031,,S12000045,,Elective Inpatients,,4,,197,420,2.13197969543147,,195,553,2.83589743589744,
2020Q1,,S08000031,,S12000045,,Elective Inpatients,,4,,162,349,2.15432098765432,,165,530,3.21212121212121,
2020Q2,,S08000031,,S12000045,,Elective Inpatients,,4,,67,193,2.88059701492537,,65,272,4.18461538461538,
2020Q3,,S08000031,,S12000045,,Elective Inpatients,,4,,126,195,1.54761904761905,,130,306,2.35384615384615,
2020Q4,,S08000031,,S12000045,,Elective Inpatients,,4,,130,475,3.65384615384615,,130,526,4.04615384615385,
2021Q1,,S08000031,,S12000045,,Elective Inpatients,,4,,106,300,2.83018867924528,,105,365,3.47619047619048,
2021Q2,,S08000031,,S12000045,,Elective Inpatients,,4,,154,333,2.16233766233766,,155,460,2.96774193548387,
2021Q3,,S08000031,,S12000045,,Elective Inpatients,,4,,117,272,2.32478632478632,,115,233,2.02608695652174,
2021Q4,,S08000031,,S12000045,,Elective Inpatients,,4,,115,181,1.57391304347826,,115,409,3.55652173913043,
2022Q1,,S08000031,,S12000045,,Elective Inpatients,,4,,86,188,2.18604651162791,,85,243,2.85882352941176,
2022Q2,,S08000031,,S12000045,,Elective Inpatients,,4,,117,332,2.83760683760684,,115,395,3.43478260869565,
2022Q3,,S08000031,,S12000045,,Elective Inpatients,,4,,138,288,2.08695652173913,,140,646,4.61428571428571,
2022Q4,p,S08000031,,S12000045,,Elective Inpatients,,4,,143,574,4.01398601398601,,145,793,5.46896551724138,
2017Q4,,S08000031,,S12000045,,Elective Inpatients,,5,,463,1216,2.62634989200864,,465,1541,3.31397849462366,
2018Q1,,S08000031,,S12000045,,Elective Inpatients,,5,,438,930,2.12328767123288,,435,1613,3.70804597701149,
2018Q2,,S08000031,,S12000045,,Elective Inpatients,,5,,441,1090,2.47165532879819,,440,1485,3.375,
2018Q3,,S08000031,,S12000045,,Elective Inpatients,,5,,387,1079,2.78811369509044,,392,1360,3.46938775510204,
2018Q4,,S08000031,,S12000045,,Elective Inpatients,,5,,340,758,2.22941176470588,,350,1696,4.84571428571429,
2019Q1,,S08000031,,S12000045,,Elective Inpatients,,5,,399,1070,2.68170426065163,,400,1402,3.505,
2019Q2,,S08000031,,S12000045,,Elective Inpatients,,5,,374,967,2.5855614973262,,385,1298,3.37142857142857,
2019Q3,,S08000031,,S12000045,,Elective Inpatients,,5,,387,1057,2.7312661498708,,395,1440,3.64556962025316,
2019Q4,,S08000031,,S12000045,,Elective Inpatients,,5,,394,692,1.75634517766497,,395,1001,2.53417721518987,
2020Q1,,S08000031,,S12000045,,Elective Inpatients,,5,,409,704,1.72127139364303,,410,978,2.38536585365854,
2020Q2,,S08000031,,S12000045,,Elective Inpatients,,5,,127,425,3.34645669291339,,126,488,3.87301587301587,
2020Q3,,S08000031,,S12000045,,Elective Inpatients,,5,,255,529,2.07450980392157,,255,792,3.10588235294118,
2020Q4,,S08000031,,S12000045,,Elective Inpatients,,5,,286,572,2,,290,799,2.7551724137931,
2021Q1,,S08000031,,S12000045,,Elective Inpatients,,5,,262,784,2.99236641221374,,261,966,3.70114942528736,
2021Q2,,S08000031,,S12000045,,Elective Inpatients,,5,,276,586,2.1231884057971,,280,834,2.97857142857143,
2021Q3,,S08000031,,S12000045,,Elective Inpatients,,5,,261,1449,5.55172413793103,,260,1763,6.78076923076923,
2021Q4,,S08000031,,S12000045,,Elective Inpatients,,5,,261,585,2.24137931034483,,255,609,2.38823529411765,
2022Q1,,S08000031,,S12000045,,Elective Inpatients,,5,,292,577,1.97602739726027,,290,869,2.99655172413793,
2022Q2,,S08000031,,S12000045,,Elective Inpatients,,5,,299,761,2.54515050167224,,300,957,3.19,
2022Q3,,S08000031,,S12000045,,Elective Inpatients,,5,,320,692,2.1625,,325,1146,3.52615384615385,
2022Q4,p,S08000031,,S12000045,,Elective Inpatients,,5,,313,781,2.49520766773163,,315,963,3.05714285714286,
2017Q4,,S08000031,,S12000011,,Elective Inpatients,,1,,37,46,1.24324324324324,,40,93,2.325,
2018Q1,,S08000031,,S12000011,,Elective Inpatients,,1,,38,124,3.26315789473684,,35,214,6.11428571428571,
2018Q2,,S08000031,,S12000011,,Elective Inpatients,,1,,51,105,2.05882352941176,,55,183,3.32727272727273,
2018Q3,,S08000031,,S12000011,,Elective Inpatients,,1,,46,183,3.97826086956522,,45,174,3.86666666666667,
2018Q4,,S08000031,,S12000011,,Elective Inpatients,,1,,40,124,3.1,,40,112,2.8,
2019Q1,,S08000031,,S12000011,,Elective Inpatients,,1,,30,66,2.2,,30,81,2.7,
2019Q2,,S08000031,,S12000011,,Elective Inpatients,,1,,44,115,2.61363636363636,,40,116,2.9,
2019Q3,,S08000031,,S12000011,,Elective Inpatients,,1,,34,118,3.47058823529412,,35,123,3.51428571428571,
2019Q4,,S08000031,,S12000011,,Elective Inpatients,,1,,45,74,1.64444444444444,,45,101,2.24444444444444,
2020Q1,,S08000031,,S12000011,,Elective Inpatients,,1,,34,97,2.85294117647059,,33,167,5.06060606060606,
2020Q2,,S08000031,,S12000011,,Elective Inpatients,,1,,5,12,2.4,,5,15,3,
2020Q3,,S08000031,,S12000011,,Elective Inpatients,,1,,16,32,2,,15,79,5.26666666666667,
2020Q4,,S08000031,,S12000011,,Elective Inpatients,,1,,32,63,1.96875,,30,63,2.1,
2021Q1,,S08000031,,S12000011,,Elective Inpatients,,1,,23,20,0.869565217391304,,24,50,2.08333333333333,
2021Q2,,S08000031,,S12000011,,Elective Inpatients,,1,,25,110,4.4,,25,73,2.92,
2021Q3,,S08000031,,S12000011,,Elective Inpatients,,1,,14,38,2.71428571428571,,15,47,3.13333333333333,
2021Q4,,S08000031,,S12000011,,Elective Inpatients,,1,,36,62,1.72222222222222,,36,85,2.36111111111111,
2022Q1,,S08000031,,S12000011,,Elective Inpatients,,1,,24,36,1.5,,25,42,1.68,
2022Q2,,S08000031,,S12000011,,Elective Inpatients,,1,,31,77,2.48387096774194,,30,77,2.56666666666667,
2022Q3,,S08000031,,S12000011,,Elective Inpatients,,1,,36,59,1.63888888888889,,40,86,2.15,
2022Q4,p,S08000031,,S12000011,,Elective Inpatients,,1,,34,181,5.32352941176471,,35,137,3.91428571428571,
2017Q4,,S08000031,,S12000011,,Elective Inpatients,,2,,90,216,2.4,,90,297,3.3,
2018Q1,,S08000031,,S12000011,,Elective Inpatients,,2,,61,136,2.22950819672131,,60,244,4.06666666666667,
2018Q2,,S08000031,,S12000011,,Elective Inpatients,,2,,92,212,2.30434782608696,,95,302,3.17894736842105,
2018Q3,,S08000031,,S12000011,,Elective Inpatients,,2,,88,183,2.07954545454545,,85,186,2.18823529411765,
2018Q4,,S08000031,,S12000011,,Elective Inpatients,,2,,72,229,3.18055555555556,,70,294,4.2,
2019Q1,,S08000031,,S12000011,,Elective Inpatients,,2,,83,196,2.36144578313253,,80,219,2.7375,
2019Q2,,S08000031,,S12000011,,Elective Inpatients,,2,,75,130,1.73333333333333,,80,239,2.9875,
2019Q3,,S08000031,,S12000011,,Elective Inpatients,,2,,85,188,2.21176470588235,,81,221,2.7283950617284,
2019Q4,,S08000031,,S12000011,,Elective Inpatients,,2,,78,175,2.24358974358974,,80,295,3.6875,
2020Q1,,S08000031,,S12000011,,Elective Inpatients,,2,,66,128,1.93939393939394,,65,161,2.47692307692308,
2020Q2,,S08000031,,S12000011,,Elective Inpatients,,2,,22,62,2.81818181818182,,20,73,3.65,
2020Q3,,S08000031,,S12000011,,Elective Inpatients,,2,,41,117,2.85365853658537,,40,131,3.275,
2020Q4,,S08000031,,S12000011,,Elective Inpatients,,2,,46,92,2,,50,115,2.3,
2021Q1,,S08000031,,S12000011,,Elective Inpatients,,2,,44,142,3.22727272727273,,45,151,3.35555555555556,
2021Q2,,S08000031,,S12000011,,Elective Inpatients,,2,,52,110,2.11538461538462,,50,112,2.24,
2021Q3,,S08000031,,S12000011,,Elective Inpatients,,2,,69,145,2.10144927536232,,70,175,2.5,
2021Q4,,S08000031,,S12000011,,Elective Inpatients,,2,,48,102,2.125,,50,116,2.32,
2022Q1,,S08000031,,S12000011,,Elective Inpatients,,2,,50,87,1.74,,50,184,3.68,
2022Q2,,S08000031,,S12000011,,Elective Inpatients,,2,,44,90,2.04545454545455,,45,191,4.24444444444444,
2022Q3,,S08000031,,S12000011,,Elective Inpatients,,2,,61,163,2.67213114754098,,60,210,3.5,
2022Q4,p,S08000031,,S12000011,,Elective Inpatients,,2,,70,192,2.74285714285714,,70,227,3.24285714285714,
2017Q4,,S08000031,,S12000011,,Elective Inpatients,,3,,54,265,4.90740740740741,,55,358,6.50909090909091,
2018Q1,,S08000031,,S12000011,,Elective Inpatients,,3,,47,112,2.38297872340426,,48,273,5.6875,
2018Q2,,S08000031,,S12000011,,Elective Inpatients,,3,,57,211,3.70175438596491,,56,252,4.5,
2018Q3,,S08000031,,S12000011,,Elective Inpatients,,3,,76,266,3.5,,75,277,3.69333333333333,
2018Q4,,S08000031,,S12000011,,Elective Inpatients,,3,,71,327,4.6056338028169,,65,303,4.66153846153846,
2019Q1,,S08000031,,S12000011,,Elective Inpatients,,3,,62,244,3.93548387096774,,65,292,4.49230769230769,
2019Q2,,S08000031,,S12000011,,Elective Inpatients,,3,,56,207,3.69642857142857,,55,238,4.32727272727273,
2019Q3,,S08000031,,S12000011,,Elective Inpatients,,3,,49,143,2.91836734693878,,45,166,3.68888888888889,
2019Q4,,S08000031,,S12000011,,Elective Inpatients,,3,,49,125,2.55102040816327,,50,157,3.14,
2020Q1,,S08000031,,S12000011,,Elective Inpatients,,3,,41,109,2.65853658536585,,40,129,3.225,
2020Q2,,S08000031,,S12000011,,Elective Inpatients,,3,,19,88,4.63157894736842,,20,105,5.25,
2020Q3,,S08000031,,S12000011,,Elective Inpatients,,3,,27,39,1.44444444444444,,25,47,1.88,
2020Q4,,S08000031,,S12000011,,Elective Inpatients,,3,,30,51,1.7,,30,102,3.4,
2021Q1,,S08000031,,S12000011,,Elective Inpatients,,3,,28,44,1.57142857142857,,30,56,1.86666666666667,
2021Q2,,S08000031,,S12000011,,Elective Inpatients,,3,,48,100,2.08333333333333,,50,160,3.2,
2021Q3,,S08000031,,S12000011,,Elective Inpatients,,3,,31,57,1.83870967741935,,29,61,2.10344827586207,
2021Q4,,S08000031,,S12000011,,Elective Inpatients,,3,,46,118,2.56521739130435,,48,239,4.97916666666667,
2022Q1,,S08000031,,S12000011,,Elective Inpatients,,3,,39,84,2.15384615384615,,40,161,4.025,
2022Q2,,S08000031,,S12000011,,Elective Inpatients,,3,,47,83,1.76595744680851,,45,97,2.15555555555556,
2022Q3,,S08000031,,S12000011,,Elective Inpatients,,3,,48,193,4.02083333333333,,45,142,3.15555555555556,
2022Q4,p,S08000031,,S12000011,,Elective Inpatients,,3,,46,77,1.67391304347826,,45,172,3.82222222222222,
2017Q4,,S08000031,,S12000011,,Elective Inpatients,,4,,121,231,1.90909090909091,,125,316,2.528,
2018Q1,,S08000031,,S12000011,,Elective Inpatients,,4,,106,221,2.08490566037736,,105,356,3.39047619047619,
2018Q2,,S08000031,,S12000011,,Elective Inpatients,,4,,139,429,3.0863309352518,,140,568,4.05714285714286,
2018Q3,,S08000031,,S12000011,,Elective Inpatients,,4,,127,352,2.77165354330709,,130,537,4.13076923076923,
2018Q4,,S08000031,,S12000011,,Elective Inpatients,,4,,113,414,3.66371681415929,,110,512,4.65454545454545,
2019Q1,,S08000031,,S12000011,,Elective Inpatients,,4,,114,347,3.04385964912281,,115,600,5.21739130434783,
2019Q2,,S08000031,,S12000011,,Elective Inpatients,,4,,132,263,1.99242424242424,,135,663,4.91111111111111,
2019Q3,,S08000031,,S12000011,,Elective Inpatients,,4,,118,334,2.83050847457627,,119,485,4.07563025210084,
2019Q4,,S08000031,,S12000011,,Elective Inpatients,,4,,123,598,4.86178861788618,,120,655,5.45833333333333,
2020Q1,,S08000031,,S12000011,,Elective Inpatients,,4,,115,351,3.05217391304348,,115,439,3.81739130434783,
2020Q2,,S08000031,,S12000011,,Elective Inpatients,,4,,41,132,3.21951219512195,,40,364,9.1,
2020Q3,,S08000031,,S12000011,,Elective Inpatients,,4,,69,124,1.79710144927536,,70,153,2.18571428571429,
2020Q4,,S08000031,,S12000011,,Elective Inpatients,,4,,112,222,1.98214285714286,,110,331,3.00909090909091,
2021Q1,,S08000031,,S12000011,,Elective Inpatients,,4,,87,142,1.63218390804598,,90,285,3.16666666666667,
2021Q2,,S08000031,,S12000011,,Elective Inpatients,,4,,89,171,1.92134831460674,,85,184,2.16470588235294,
2021Q3,,S08000031,,S12000011,,Elective Inpatients,,4,,86,232,2.69767441860465,,85,284,3.34117647058824,
2021Q4,,S08000031,,S12000011,,Elective Inpatients,,4,,65,213,3.27692307692308,,65,368,5.66153846153846,
2022Q1,,S08000031,,S12000011,,Elective Inpatients,,4,,87,153,1.75862068965517,,85,165,1.94117647058824,
2022Q2,,S08000031,,S12000011,,Elective Inpatients,,4,,76,189,2.48684210526316,,80,332,4.15,
2022Q3,,S08000031,,S12000011,,Elective Inpatients,,4,,95,244,2.56842105263158,,93,240,2.58064516129032,
2022Q4,p,S08000031,,S12000011,,Elective Inpatients,,4,,95,223,2.34736842105263,,95,300,3.1578947368421,
2017Q4,,S08000031,,S12000011,,Elective Inpatients,,5,,311,680,2.18649517684887,,315,959,3.04444444444444,
2018Q1,,S08000031,,S12000011,,Elective Inpatients,,5,,317,770,2.42902208201893,,316,1006,3.18354430379747,
2018Q2,,S08000031,,S12000011,,Elective Inpatients,,5,,307,757,2.46579804560261,,313,1018,3.25239616613419,
2018Q3,,S08000031,,S12000011,,Elective Inpatients,,5,,329,853,2.59270516717325,,340,1362,4.00588235294118,
2018Q4,,S08000031,,S12000011,,Elective Inpatients,,5,,266,640,2.40601503759398,,275,898,3.26545454545455,
2019Q1,,S08000031,,S12000011,,Elective Inpatients,,5,,304,889,2.92434210526316,,305,1242,4.07213114754098,
2019Q2,,S08000031,,S12000011,,Elective Inpatients,,5,,296,843,2.84797297297297,,295,976,3.30847457627119,
2019Q3,,S08000031,,S12000011,,Elective Inpatients,,5,,320,887,2.771875,,320,1155,3.609375,
2019Q4,,S08000031,,S12000011,,Elective Inpatients,,5,,278,822,2.9568345323741,,280,1106,3.95,
2020Q1,,S08000031,,S12000011,,Elective Inpatients,,5,,290,802,2.76551724137931,,285,899,3.15438596491228,
2020Q2,,S08000031,,S12000011,,Elective Inpatients,,5,,80,233,2.9125,,75,255,3.4,
2020Q3,,S08000031,,S12000011,,Elective Inpatients,,5,,191,505,2.64397905759162,,185,577,3.11891891891892,
2020Q4,,S08000031,,S12000011,,Elective Inpatients,,5,,194,637,3.28350515463918,,200,764,3.82,
2021Q1,,S08000031,,S12000011,,Elective Inpatients,,5,,198,335,1.69191919191919,,190,435,2.28947368421053,
2021Q2,,S08000031,,S12000011,,Elective Inpatients,,5,,251,583,2.32270916334661,,245,778,3.17551020408163,
2021Q3,,S08000031,,S12000011,,Elective Inpatients,,5,,229,557,2.43231441048035,,230,726,3.15652173913043,
2021Q4,,S08000031,,S12000011,,Elective Inpatients,,5,,192,311,1.61979166666667,,195,546,2.8,
2022Q1,,S08000031,,S12000011,,Elective Inpatients,,5,,201,328,1.6318407960199,,205,474,2.31219512195122,
2022Q2,,S08000031,,S12000011,,Elective Inpatients,,5,,210,436,2.07619047619048,,210,645,3.07142857142857,
2022Q3,,S08000031,,S12000011,,Elective Inpatients,,5,,253,625,2.4703557312253,,255,889,3.48627450980392,
2022Q4,p,S08000031,,S12000011,,Elective Inpatients,,5,,229,574,2.50655021834061,,225,831,3.69333333333333,
2017Q4,,S08000031,,S12000049,,Elective Inpatients,,1,,2158,6647,3.08016682113068,,2170,8801,4.05576036866359,
2018Q1,,S08000031,,S12000049,,Elective Inpatients,,1,,2079,5791,2.78547378547379,,2049,8267,4.03465104929234,
2018Q2,,S08000031,,S12000049,,Elective Inpatients,,1,,2150,5601,2.60511627906977,,2159,8600,3.98332561371005,
2018Q3,,S08000031,,S12000049,,Elective Inpatients,,1,,1926,5342,2.7736240913811,,1918,6870,3.58185610010428,
2018Q4,,S08000031,,S12000049,,Elective Inpatients,,1,,1844,5091,2.76084598698482,,1847,6712,3.63400108283703,
2019Q1,,S08000031,,S12000049,,Elective Inpatients,,1,,1986,5047,2.54128902316213,,1981,7101,3.58455325593135,
2019Q2,,S08000031,,S12000049,,Elective Inpatients,,1,,2061,5778,2.80349344978166,,2048,7583,3.70263671875,
2019Q3,,S08000031,,S12000049,,Elective Inpatients,,1,,1941,5151,2.65378670788253,,1938,7037,3.63106295149639,
2019Q4,,S08000031,,S12000049,,Elective Inpatients,,1,,2125,5084,2.39247058823529,,2130,6955,3.26525821596244,
2020Q1,,S08000031,,S12000049,,Elective Inpatients,,1,,1931,4717,2.44277576385293,,1922,5908,3.0738813735692,
2020Q2,,S08000031,,S12000049,,Elective Inpatients,,1,,822,2583,3.14233576642336,,810,3532,4.36049382716049,
2020Q3,,S08000031,,S12000049,,Elective Inpatients,,1,,1436,4349,3.02855153203343,,1424,5687,3.9936797752809,
2020Q4,,S08000031,,S12000049,,Elective Inpatients,,1,,1606,3967,2.47011207970112,,1609,5302,3.29521441889372,
2021Q1,,S08000031,,S12000049,,Elective Inpatients,,1,,1366,3568,2.61200585651537,,1341,4726,3.52423564504101,
2021Q2,,S08000031,,S12000049,,Elective Inpatients,,1,,1532,3962,2.58616187989556,,1530,5384,3.51895424836601,
2021Q3,,S08000031,,S12000049,,Elective Inpatients,,1,,1347,3498,2.59688195991091,,1346,4484,3.33135215453195,
2021Q4,,S08000031,,S12000049,,Elective Inpatients,,1,,1316,3260,2.47720364741641,,1324,4782,3.61178247734139,
2022Q1,,S08000031,,S12000049,,Elective Inpatients,,1,,1325,3599,2.71622641509434,,1310,4809,3.67099236641221,
2022Q2,,S08000031,,S12000049,,Elective Inpatients,,1,,1298,3572,2.75192604006163,,1292,5000,3.86996904024768,
2022Q3,,S08000031,,S12000049,,Elective Inpatients,,1,,1537,4159,2.70592062459336,,1531,5402,3.52841280209014,
2022Q4,p,S08000031,,S12000049,,Elective Inpatients,,1,,1424,3693,2.59339887640449,,1429,5292,3.70328901329601,
2017Q4,,S08000031,,S12000049,,Elective Inpatients,,2,,746,1924,2.57908847184987,,754,3126,4.14588859416446,
2018Q1,,S08000031,,S12000049,,Elective Inpatients,,2,,726,2122,2.9228650137741,,713,2512,3.52314165497896,
2018Q2,,S08000031,,S12000049,,Elective Inpatients,,2,,723,1805,2.49654218533887,,726,3086,4.25068870523416,
2018Q3,,S08000031,,S12000049,,Elective Inpatients,,2,,678,2153,3.17551622418879,,686,2956,4.30903790087464,
2018Q4,,S08000031,,S12000049,,Elective Inpatients,,2,,644,1631,2.53260869565217,,652,2282,3.5,
2019Q1,,S08000031,,S12000049,,Elective Inpatients,,2,,668,1437,2.15119760479042,,664,1877,2.82680722891566,
2019Q2,,S08000031,,S12000049,,Elective Inpatients,,2,,726,1925,2.65151515151515,,738,2533,3.43224932249323,
2019Q3,,S08000031,,S12000049,,Elective Inpatients,,2,,612,1553,2.5375816993464,,607,1905,3.13838550247117,
2019Q4,,S08000031,,S12000049,,Elective Inpatients,,2,,682,1591,2.33284457478006,,687,2135,3.10771470160116,
2020Q1,,S08000031,,S12000049,,Elective Inpatients,,2,,624,1610,2.58012820512821,,628,2137,3.40286624203822,
2020Q2,,S08000031,,S12000049,,Elective Inpatients,,2,,257,752,2.92607003891051,,255,1000,3.92156862745098,
2020Q3,,S08000031,,S12000049,,Elective Inpatients,,2,,489,1167,2.38650306748466,,494,1663,3.3663967611336,
2020Q4,,S08000031,,S12000049,,Elective Inpatients,,2,,534,1309,2.45131086142322,,535,1538,2.87476635514019,
2021Q1,,S08000031,,S12000049,,Elective Inpatients,,2,,466,1148,2.46351931330472,,460,1841,4.00217391304348,
2021Q2,,S08000031,,S12000049,,Elective Inpatients,,2,,568,1538,2.70774647887324,,565,1995,3.53097345132743,
2021Q3,,S08000031,,S12000049,,Elective Inpatients,,2,,467,1475,3.15845824411135,,459,1727,3.76252723311547,
2021Q4,,S08000031,,S12000049,,Elective Inpatients,,2,,445,1142,2.56629213483146,,445,1505,3.38202247191011,
2022Q1,,S08000031,,S12000049,,Elective Inpatients,,2,,441,1143,2.59183673469388,,437,1686,3.85812356979405,
2022Q2,,S08000031,,S12000049,,Elective Inpatients,,2,,452,1198,2.65044247787611,,450,1846,4.10222222222222,
2022Q3,,S08000031,,S12000049,,Elective Inpatients,,2,,557,1349,2.42190305206463,,550,2004,3.64363636363636,
2022Q4,p,S08000031,,S12000049,,Elective Inpatients,,2,,441,1185,2.6870748299319702,,443,1676,3.78329571106095,
2017Q4,,S08000031,,S12000049,,Elective Inpatients,,3,,504,1328,2.63492063492063,,510,1722,3.37647058823529,
2018Q1,,S08000031,,S12000049,,Elective Inpatients,,3,,462,1015,2.1969696969697,,462,1442,3.12121212121212,
2018Q2,,S08000031,,S12000049,,Elective Inpatients,,3,,465,1145,2.46236559139785,,464,1513,3.26077586206897,
2018Q3,,S08000031,,S12000049,,Elective Inpatients,,3,,427,1202,2.81498829039813,,430,1696,3.94418604651163,
2018Q4,,S08000031,,S12000049,,Elective Inpatients,,3,,424,1047,2.46933962264151,,430,1342,3.12093023255814,
2019Q1,,S08000031,,S12000049,,Elective Inpatients,,3,,452,1082,2.39380530973451,,455,1160,2.54945054945055,
2019Q2,,S08000031,,S12000049,,Elective Inpatients,,3,,470,1161,2.47021276595745,,477,1805,3.78406708595388,
2019Q3,,S08000031,,S12000049,,Elective Inpatients,,3,,462,1118,2.41991341991342,,460,1530,3.32608695652174,
2019Q4,,S08000031,,S12000049,,Elective Inpatients,,3,,445,1230,2.76404494382022,,445,1663,3.73707865168539,
2020Q1,,S08000031,,S12000049,,Elective Inpatients,,3,,436,1335,3.06192660550459,,437,1560,3.56979405034325,
2020Q2,,S08000031,,S12000049,,Elective Inpatients,,3,,171,553,3.23391812865497,,169,739,4.37278106508876,
2020Q3,,S08000031,,S12000049,,Elective Inpatients,,3,,294,530,1.80272108843537,,295,799,2.70847457627119,
2020Q4,,S08000031,,S12000049,,Elective Inpatients,,3,,334,850,2.54491017964072,,340,972,2.85882352941176,
2021Q1,,S08000031,,S12000049,,Elective Inpatients,,3,,303,727,2.3993399339934,,305,944,3.09508196721311,
2021Q2,,S08000031,,S12000049,,Elective Inpatients,,3,,386,1150,2.97927461139896,,380,1212,3.18947368421053,
2021Q3,,S08000031,,S12000049,,Elective Inpatients,,3,,316,694,2.1962025316455702,,315,1195,3.79365079365079,
2021Q4,,S08000031,,S12000049,,Elective Inpatients,,3,,308,1385,4.49675324675325,,305,1649,5.40655737704918,
2022Q1,,S08000031,,S12000049,,Elective Inpatients,,3,,311,668,2.14790996784566,,310,945,3.04838709677419,
2022Q2,,S08000031,,S12000049,,Elective Inpatients,,3,,337,875,2.59643916913947,,333,999,3,
2022Q3,,S08000031,,S12000049,,Elective Inpatients,,3,,337,671,1.99109792284866,,335,853,2.54626865671642,
2022Q4,p,S08000031,,S12000049,,Elective Inpatients,,3,,322,864,2.6832298136646,,325,1388,4.27076923076923,
2017Q4,,S08000031,,S12000049,,Elective Inpatients,,4,,438,1194,2.72602739726027,,439,1621,3.69248291571754,
2018Q1,,S08000031,,S12000049,,Elective Inpatients,,4,,438,1089,2.48630136986301,,435,1456,3.34712643678161,
2018Q2,,S08000031,,S12000049,,Elective Inpatients,,4,,431,1257,2.91647331786543,,430,1613,3.75116279069767,
2018Q3,,S08000031,,S12000049,,Elective Inpatients,,4,,373,897,2.40482573726542,,375,1118,2.98133333333333,
2018Q4,,S08000031,,S12000049,,Elective Inpatients,,4,,396,917,2.31565656565657,,400,1337,3.3425,
2019Q1,,S08000031,,S12000049,,Elective Inpatients,,4,,408,907,2.22303921568627,,410,1195,2.91463414634146,
2019Q2,,S08000031,,S12000049,,Elective Inpatients,,4,,381,843,2.21259842519685,,375,1038,2.768,
2019Q3,,S08000031,,S12000049,,Elective Inpatients,,4,,399,1003,2.51378446115288,,395,1291,3.26835443037975,
2019Q4,,S08000031,,S12000049,,Elective Inpatients,,4,,411,712,1.7323600973236,,415,1073,2.5855421686747,
2020Q1,,S08000031,,S12000049,,Elective Inpatients,,4,,413,879,2.12832929782082,,410,1165,2.84146341463415,
2020Q2,,S08000031,,S12000049,,Elective Inpatients,,4,,170,523,3.07647058823529,,160,624,3.9,
2020Q3,,S08000031,,S12000049,,Elective Inpatients,,4,,239,604,2.52719665271967,,235,712,3.02978723404255,
2020Q4,,S08000031,,S12000049,,Elective Inpatients,,4,,288,586,2.03472222222222,,290,793,2.73448275862069,
2021Q1,,S08000031,,S12000049,,Elective Inpatients,,4,,282,593,2.10283687943262,,285,873,3.06315789473684,
2021Q2,,S08000031,,S12000049,,Elective Inpatients,,4,,366,832,2.27322404371585,,360,1074,2.98333333333333,
2021Q3,,S08000031,,S12000049,,Elective Inpatients,,4,,299,912,3.05016722408027,,295,1061,3.59661016949153,
2021Q4,,S08000031,,S12000049,,Elective Inpatients,,4,,288,758,2.63194444444444,,290,1103,3.80344827586207,
2022Q1,,S08000031,,S12000049,,Elective Inpatients,,4,,298,791,2.65436241610738,,295,889,3.0135593220339,
2022Q2,,S08000031,,S12000049,,Elective Inpatients,,4,,302,636,2.10596026490066,,305,735,2.40983606557377,
2022Q3,,S08000031,,S12000049,,Elective Inpatients,,4,,356,684,1.92134831460674,,355,940,2.64788732394366,
2022Q4,p,S08000031,,S12000049,,Elective Inpatients,,4,,309,689,2.22977346278317,,310,928,2.99354838709677,
2017Q4,,S08000031,,S12000049,,Elective Inpatients,,5,,370,995,2.68918918918919,,375,1243,3.31466666666667,
2018Q1,,S08000031,,S12000049,,Elective Inpatients,,5,,334,1001,2.99700598802395,,337,1274,3.78041543026706,
2018Q2,,S08000031,,S12000049,,Elective Inpatients,,5,,372,861,2.31451612903226,,375,1009,2.69066666666667,
2018Q3,,S08000031,,S12000049,,Elective Inpatients,,5,,318,714,2.24528301886792,,315,892,2.83174603174603,
2018Q4,,S08000031,,S12000049,,Elective Inpatients,,5,,304,716,2.35526315789474,,309,982,3.17799352750809,
2019Q1,,S08000031,,S12000049,,Elective Inpatients,,5,,363,838,2.30853994490358,,362,1088,3.00552486187845,
2019Q2,,S08000031,,S12000049,,Elective Inpatients,,5,,340,751,2.20882352941176,,335,1017,3.03582089552239,
2019Q3,,S08000031,,S12000049,,Elective Inpatients,,5,,352,936,2.65909090909091,,350,1326,3.78857142857143,
2019Q4,,S08000031,,S12000049,,Elective Inpatients,,5,,384,930,2.421875,,385,1146,2.97662337662338,
2020Q1,,S08000031,,S12000049,,Elective Inpatients,,5,,375,874,2.33066666666667,,370,893,2.41351351351351,
2020Q2,,S08000031,,S12000049,,Elective Inpatients,,5,,137,441,3.21897810218978,,130,428,3.29230769230769,
2020Q3,,S08000031,,S12000049,,Elective Inpatients,,5,,264,678,2.56818181818182,,265,1316,4.96603773584906,
2020Q4,,S08000031,,S12000049,,Elective Inpatients,,5,,302,481,1.59271523178808,,305,673,2.20655737704918,
2021Q1,,S08000031,,S12000049,,Elective Inpatients,,5,,303,627,2.06930693069307,,300,818,2.72666666666667,
2021Q2,,S08000031,,S12000049,,Elective Inpatients,,5,,308,789,2.56168831168831,,310,1383,4.46129032258064,
2021Q3,,S08000031,,S12000049,,Elective Inpatients,,5,,272,538,1.97794117647059,,270,750,2.77777777777778,
2021Q4,,S08000031,,S12000049,,Elective Inpatients,,5,,244,605,2.47950819672131,,240,735,3.0625,
2022Q1,,S08000031,,S12000049,,Elective Inpatients,,5,,251,590,2.35059760956175,,250,725,2.9,
2022Q2,,S08000031,,S12000049,,Elective Inpatients,,5,,244,497,2.03688524590164,,240,557,2.32083333333333,
2022Q3,,S08000031,,S12000049,,Elective Inpatients,,5,,280,616,2.2,,275,749,2.72363636363636,
2022Q4,p,S08000031,,S12000049,,Elective Inpatients,,5,,234,438,1.87179487179487,,235,841,3.57872340425532,
2022Q3,,S08000031,,S12000049,,Elective Inpatients,,,:,0,0,,z,0,0,,z
2017Q4,,S08000031,,S12000018,,Elective Inpatients,,1,,260,1074,4.13076923076923,,260,1055,4.05769230769231,
2018Q1,,S08000031,,S12000018,,Elective Inpatients,,1,,255,765,3,,246,779,3.16666666666667,
2018Q2,,S08000031,,S12000018,,Elective Inpatients,,1,,287,806,2.80836236933798,,290,1185,4.08620689655172,
2018Q3,,S08000031,,S12000018,,Elective Inpatients,,1,,272,776,2.85294117647059,,270,928,3.4370370370370402,
2018Q4,,S08000031,,S12000018,,Elective Inpatients,,1,,271,848,3.12915129151291,,270,1257,4.65555555555556,
2019Q1,,S08000031,,S12000018,,Elective Inpatients,,1,,304,953,3.13486842105263,,305,1037,3.4,
2019Q2,,S08000031,,S12000018,,Elective Inpatients,,1,,256,740,2.890625,,265,948,3.57735849056604,
2019Q3,,S08000031,,S12000018,,Elective Inpatients,,1,,269,602,2.23791821561338,,280,1061,3.78928571428571,
2019Q4,,S08000031,,S12000018,,Elective Inpatients,,1,,252,1092,4.33333333333333,,250,1070,4.28,
2020Q1,,S08000031,,S12000018,,Elective Inpatients,,1,,236,919,3.89406779661017,,235,1308,5.56595744680851,
2020Q2,,S08000031,,S12000018,,Elective Inpatients,,1,,46,276,6,,45,237,5.26666666666667,
2020Q3,,S08000031,,S12000018,,Elective Inpatients,,1,,132,425,3.21969696969697,,120,518,4.31666666666667,
2020Q4,,S08000031,,S12000018,,Elective Inpatients,,1,,173,537,3.10404624277457,,175,768,4.38857142857143,
2021Q1,,S08000031,,S12000018,,Elective Inpatients,,1,,145,417,2.87586206896552,,140,583,4.16428571428571,
2021Q2,,S08000031,,S12000018,,Elective Inpatients,,1,,202,497,2.46039603960396,,200,696,3.48,
2021Q3,,S08000031,,S12000018,,Elective Inpatients,,1,,168,564,3.35714285714286,,165,761,4.61212121212121,
2021Q4,,S08000031,,S12000018,,Elective Inpatients,,1,,177,626,3.53672316384181,,180,1061,5.89444444444444,
2022Q1,,S08000031,,S12000018,,Elective Inpatients,,1,,162,522,3.22222222222222,,160,494,3.0875,
2022Q2,,S08000031,,S12000018,,Elective Inpatients,,1,,146,411,2.81506849315068,,155,707,4.56129032258065,
2022Q3,,S08000031,,S12000018,,Elective Inpatients,,1,,181,502,2.77348066298343,,185,629,3.4,
2022Q4,p,S08000031,,S12000018,,Elective Inpatients,,1,,207,641,3.09661835748792,,210,820,3.9047619047619,
2017Q4,,S08000031,,S12000018,,Elective Inpatients,,2,,66,180,2.72727272727273,,70,494,7.05714285714286,
2018Q1,,S08000031,,S12000018,,Elective Inpatients,,2,,72,128,1.77777777777778,,72,180,2.5,
2018Q2,,S08000031,,S12000018,,Elective Inpatients,,2,,88,276,3.13636363636364,,85,373,4.38823529411765,
2018Q3,,S08000031,,S12000018,,Elective Inpatients,,2,,65,152,2.33846153846154,,65,177,2.72307692307692,
2018Q4,,S08000031,,S12000018,,Elective Inpatients,,2,,62,149,2.40322580645161,,65,228,3.50769230769231,
2019Q1,,S08000031,,S12000018,,Elective Inpatients,,2,,80,174,2.175,,83,239,2.87951807228916,
2019Q2,,S08000031,,S12000018,,Elective Inpatients,,2,,67,225,3.35820895522388,,65,243,3.73846153846154,
2019Q3,,S08000031,,S12000018,,Elective Inpatients,,2,,68,219,3.22058823529412,,72,335,4.65277777777778,
2019Q4,,S08000031,,S12000018,,Elective Inpatients,,2,,68,213,3.13235294117647,,67,231,3.44776119402985,
2020Q1,,S08000031,,S12000018,,Elective Inpatients,,2,,73,264,3.61643835616438,,70,292,4.17142857142857,
2020Q2,,S08000031,,S12000018,,Elective Inpatients,,2,,16,101,6.3125,,15,87,5.8,
2020Q3,,S08000031,,S12000018,,Elective Inpatients,,2,,51,136,2.66666666666667,,49,135,2.75510204081633,
2020Q4,,S08000031,,S12000018,,Elective Inpatients,,2,,42,100,2.38095238095238,,40,133,3.325,
2021Q1,,S08000031,,S12000018,,Elective Inpatients,,2,,33,168,5.09090909090909,,34,219,6.44117647058824,
2021Q2,,S08000031,,S12000018,,Elective Inpatients,,2,,52,198,3.80769230769231,,52,173,3.32692307692308,
2021Q3,,S08000031,,S12000018,,Elective Inpatients,,2,,44,101,2.29545454545455,,42,123,2.92857142857143,
2021Q4,,S08000031,,S12000018,,Elective Inpatients,,2,,48,100,2.08333333333333,,52,217,4.17307692307692,
2022Q1,,S08000031,,S12000018,,Elective Inpatients,,2,,62,150,2.41935483870968,,65,297,4.56923076923077,
2022Q2,,S08000031,,S12000018,,Elective Inpatients,,2,,49,258,5.26530612244898,,50,293,5.86,
2022Q3,,S08000031,,S12000018,,Elective Inpatients,,2,,55,270,4.90909090909091,,55,304,5.52727272727273,
2022Q4,p,S08000031,,S12000018,,Elective Inpatients,,2,,53,155,2.92452830188679,,55,301,5.47272727272727,
2017Q4,,S08000031,,S12000018,,Elective Inpatients,,3,,75,229,3.05333333333333,,75,345,4.6,
2018Q1,,S08000031,,S12000018,,Elective Inpatients,,3,,82,212,2.58536585365854,,85,293,3.44705882352941,
2018Q2,,S08000031,,S12000018,,Elective Inpatients,,3,,94,286,3.04255319148936,,90,320,3.55555555555556,
2018Q3,,S08000031,,S12000018,,Elective Inpatients,,3,,85,238,2.8,,85,311,3.65882352941176,
2018Q4,,S08000031,,S12000018,,Elective Inpatients,,3,,71,263,3.70422535211268,,70,279,3.98571428571429,
2019Q1,,S08000031,,S12000018,,Elective Inpatients,,3,,73,283,3.87671232876712,,74,375,5.06756756756757,
2019Q2,,S08000031,,S12000018,,Elective Inpatients,,3,,75,254,3.38666666666667,,75,386,5.14666666666667,
2019Q3,,S08000031,,S12000018,,Elective Inpatients,,3,,82,287,3.5,,85,510,6,
2019Q4,,S08000031,,S12000018,,Elective Inpatients,,3,,96,248,2.58333333333333,,100,348,3.48,
2020Q1,,S08000031,,S12000018,,Elective Inpatients,,3,,67,222,3.3134328358209,,65,233,3.58461538461538,
2020Q2,,S08000031,,S12000018,,Elective Inpatients,,3,,24,219,9.125,,21,217,10.3333333333333,
2020Q3,,S08000031,,S12000018,,Elective Inpatients,,3,,34,97,2.85294117647059,,33,103,3.12121212121212,
2020Q4,,S08000031,,S12000018,,Elective Inpatients,,3,,59,139,2.35593220338983,,60,179,2.98333333333333,
2021Q1,,S08000031,,S12000018,,Elective Inpatients,,3,,32,99,3.09375,,30,106,3.53333333333333,
2021Q2,,S08000031,,S12000018,,Elective Inpatients,,3,,63,201,3.19047619047619,,61,215,3.52459016393443,
2021Q3,,S08000031,,S12000018,,Elective Inpatients,,3,,51,251,4.92156862745098,,45,127,2.82222222222222,
2021Q4,,S08000031,,S12000018,,Elective Inpatients,,3,,56,144,2.57142857142857,,55,152,2.76363636363636,
2022Q1,,S08000031,,S12000018,,Elective Inpatients,,3,,46,96,2.08695652173913,,45,174,3.86666666666667,
2022Q2,,S08000031,,S12000018,,Elective Inpatients,,3,,42,135,3.21428571428571,,45,238,5.28888888888889,
2022Q3,,S08000031,,S12000018,,Elective Inpatients,,3,,54,149,2.75925925925926,,55,253,4.6,
2022Q4,p,S08000031,,S12000018,,Elective Inpatients,,3,,72,259,3.59722222222222,,75,438,5.84,
2017Q4,,S08000031,,S12000018,,Elective Inpatients,,4,,74,209,2.82432432432432,,75,295,3.93333333333333,
2018Q1,,S08000031,,S12000018,,Elective Inpatients,,4,,80,360,4.5,,77,350,4.54545454545455,
2018Q2,,S08000031,,S12000018,,Elective Inpatients,,4,,105,280,2.66666666666667,,105,316,3.00952380952381,
2018Q3,,S08000031,,S12000018,,Elective Inpatients,,4,,80,243,3.0375,,85,309,3.63529411764706,
2018Q4,,S08000031,,S12000018,,Elective Inpatients,,4,,79,262,3.31645569620253,,80,260,3.25,
2019Q1,,S08000031,,S12000018,,Elective Inpatients,,4,,73,188,2.57534246575342,,75,247,3.29333333333333,
2019Q2,,S08000031,,S12000018,,Elective Inpatients,,4,,59,203,3.4406779661017,,54,159,2.94444444444444,
2019Q3,,S08000031,,S12000018,,Elective Inpatients,,4,,66,184,2.78787878787879,,68,324,4.76470588235294,
2019Q4,,S08000031,,S12000018,,Elective Inpatients,,4,,69,160,2.31884057971015,,69,200,2.89855072463768,
2020Q1,,S08000031,,S12000018,,Elective Inpatients,,4,,69,175,2.53623188405797,,66,206,3.12121212121212,
2020Q2,,S08000031,,S12000018,,Elective Inpatients,,4,,19,58,3.05263157894737,,15,25,1.66666666666667,
2020Q3,,S08000031,,S12000018,,Elective Inpatients,,4,,46,167,3.6304347826087,,50,383,7.66,
2020Q4,,S08000031,,S12000018,,Elective Inpatients,,4,,54,181,3.35185185185185,,54,194,3.59259259259259,
2021Q1,,S08000031,,S12000018,,Elective Inpatients,,4,,35,88,2.51428571428571,,33,111,3.36363636363636,
2021Q2,,S08000031,,S12000018,,Elective Inpatients,,4,,45,108,2.4,,43,131,3.04651162790698,
2021Q3,,S08000031,,S12000018,,Elective Inpatients,,4,,44,96,2.18181818181818,,45,143,3.17777777777778,
2021Q4,,S08000031,,S12000018,,Elective Inpatients,,4,,44,108,2.45454545454545,,43,131,3.04651162790698,
2022Q1,,S08000031,,S12000018,,Elective Inpatients,,4,,44,144,3.27272727272727,,40,126,3.15,
2022Q2,,S08000031,,S12000018,,Elective Inpatients,,4,,43,61,1.41860465116279,,47,154,3.27659574468085,
2022Q3,,S08000031,,S12000018,,Elective Inpatients,,4,,60,151,2.51666666666667,,60,193,3.21666666666667,
2022Q4,p,S08000031,,S12000018,,Elective Inpatients,,4,,39,187,4.7948717948718,,40,230,5.75,
2017Q4,,S08000031,,S12000018,,Elective Inpatients,,5,,78,214,2.74358974358974,,80,299,3.7375,
2018Q1,,S08000031,,S12000018,,Elective Inpatients,,5,,80,166,2.075,,80,232,2.9,
2018Q2,,S08000031,,S12000018,,Elective Inpatients,,5,,83,370,4.4578313253012,,80,421,5.2625,
2018Q3,,S08000031,,S12000018,,Elective Inpatients,,5,,78,149,1.91025641025641,,80,188,2.35,
2018Q4,,S08000031,,S12000018,,Elective Inpatients,,5,,85,233,2.74117647058824,,85,258,3.03529411764706,
2019Q1,,S08000031,,S12000018,,Elective Inpatients,,5,,100,327,3.27,,105,351,3.34285714285714,
2019Q2,,S08000031,,S12000018,,Elective Inpatients,,5,,79,221,2.79746835443038,,75,227,3.02666666666667,
2019Q3,,S08000031,,S12000018,,Elective Inpatients,,5,,73,280,3.83561643835616,,75,318,4.24,
2019Q4,,S08000031,,S12000018,,Elective Inpatients,,5,,80,171,2.1375,,80,215,2.6875,
2020Q1,,S08000031,,S12000018,,Elective Inpatients,,5,,71,124,1.74647887323944,,71,195,2.74647887323944,
2020Q2,,S08000031,,S12000018,,Elective Inpatients,,5,,15,49,3.26666666666667,,15,56,3.73333333333333,
2020Q3,,S08000031,,S12000018,,Elective Inpatients,,5,,42,114,2.71428571428571,,40,163,4.075,
2020Q4,,S08000031,,S12000018,,Elective Inpatients,,5,,68,138,2.02941176470588,,69,282,4.08695652173913,
2021Q1,,S08000031,,S12000018,,Elective Inpatients,,5,,35,57,1.62857142857143,,35,84,2.4,
2021Q2,,S08000031,,S12000018,,Elective Inpatients,,5,,61,153,2.50819672131148,,61,192,3.14754098360656,
2021Q3,,S08000031,,S12000018,,Elective Inpatients,,5,,75,193,2.57333333333333,,72,242,3.36111111111111,
2021Q4,,S08000031,,S12000018,,Elective Inpatients,,5,,66,172,2.60606060606061,,65,223,3.43076923076923,
2022Q1,,S08000031,,S12000018,,Elective Inpatients,,5,,62,110,1.7741935483871,,60,236,3.93333333333333,
2022Q2,,S08000031,,S12000018,,Elective Inpatients,,5,,61,258,4.22950819672131,,60,277,4.61666666666667,
2022Q3,,S08000031,,S12000018,,Elective Inpatients,,5,,70,259,3.7,,71,288,4.05633802816901,
2022Q4,p,S08000031,,S12000018,,Elective Inpatients,,5,,69,191,2.76811594202899,,70,254,3.62857142857143,
2022Q3,,S08000031,,S12000018,,Elective Inpatients,,,:,0,18,,z,0,19,,z
2017Q4,,S08000031,,S08000031,d,Elective Inpatients,,1,,3022,9126,3.0198544010589,,3046,12209,4.00820748522653,
2018Q1,,S08000031,,S08000031,d,Elective Inpatients,,1,,2963,8130,2.74384070199123,,2929,11342,3.87231136906794,
2018Q2,,S08000031,,S08000031,d,Elective Inpatients,,1,,3175,8306,2.61606299212598,,3190,12649,3.96520376175549,
2018Q3,,S08000031,,S08000031,d,Elective Inpatients,,1,,2917,7939,2.72163181350703,,2914,10239,3.51372683596431,
2018Q4,,S08000031,,S08000031,d,Elective Inpatients,,1,,2720,7540,2.77205882352941,,2724,10159,3.72944199706314,
2019Q1,,S08000031,,S08000031,d,Elective Inpatients,,1,,2903,7744,2.66758525663107,,2903,10304,3.54943162245952,
2019Q2,,S08000031,,S08000031,d,Elective Inpatients,,1,,3005,8138,2.708153078203,,2995,10901,3.63973288814691,
2019Q3,,S08000031,,S08000031,d,Elective Inpatients,,1,,2823,7502,2.65745660644704,,2827,10413,3.68340997523877,
2019Q4,,S08000031,,S08000031,d,Elective Inpatients,,1,,2998,7666,2.55703802535023,,3003,10320,3.43656343656344,
2020Q1,,S08000031,,S08000031,d,Elective Inpatients,,1,,2702,6932,2.56550703182828,,2695,9153,3.39628942486085,
2020Q2,,S08000031,,S08000031,d,Elective Inpatients,,1,,1050,3336,3.17714285714286,,1030,4385,4.25728155339806,
2020Q3,,S08000031,,S08000031,d,Elective Inpatients,,1,,1939,5852,3.01805054151625,,1918,7710,4.01981230448384,
2020Q4,,S08000031,,S08000031,d,Elective Inpatients,,1,,2234,5716,2.55863921217547,,2236,7652,3.4221824686941,
2021Q1,,S08000031,,S08000031,d,Elective Inpatients,,1,,1886,4884,2.58960763520679,,1856,6535,3.52101293103448,
2021Q2,,S08000031,,S08000031,d,Elective Inpatients,,1,,2197,5747,2.61583978152025,,2195,7709,3.5120728929385,
2021Q3,,S08000031,,S08000031,d,Elective Inpatients,,1,,1914,5090,2.65935214211076,,1918,6822,3.55683003128259,
2021Q4,,S08000031,,S08000031,d,Elective Inpatients,,1,,1903,4971,2.61219127693116,,1924,7371,3.83108108108108,
2022Q1,,S08000031,,S08000031,d,Elective Inpatients,,1,,1875,4942,2.63573333333333,,1858,6582,3.54251883745963,
2022Q2,,S08000031,,S08000031,d,Elective Inpatients,,1,,1841,5020,2.72677892449756,,1840,7255,3.9429347826087,
2022Q3,,S08000031,,S08000031,d,Elective Inpatients,,1,,2154,5855,2.71819870009285,,2151,7647,3.55509065550907,
2022Q4,p,S08000031,,S08000031,d,Elective Inpatients,,1,,2123,5431,2.55817239755064,,2126,7930,3.73000940733772,
2017Q4,,S08000031,,S08000031,d,Elective Inpatients,,2,,1591,4280,2.69013199245757,,1613,6767,4.19528828270304,
2018Q1,,S08000031,,S08000031,d,Elective Inpatients,,2,,1468,3836,2.61307901907357,,1458,4997,3.42729766803841,
2018Q2,,S08000031,,S08000031,d,Elective Inpatients,,2,,1591,3882,2.43997485857951,,1599,6283,3.92933083176986,
2018Q3,,S08000031,,S08000031,d,Elective Inpatients,,2,,1531,4374,2.8569562377531,,1538,5524,3.59167750325098,
2018Q4,,S08000031,,S08000031,d,Elective Inpatients,,2,,1405,3582,2.54946619217082,,1421,5214,3.66924700914849,
2019Q1,,S08000031,,S08000031,d,Elective Inpatients,,2,,1470,3202,2.17823129251701,,1472,4556,3.09510869565217,
2019Q2,,S08000031,,S08000031,d,Elective Inpatients,,2,,1440,3741,2.59791666666667,,1457,4924,3.37954701441318,
2019Q3,,S08000031,,S08000031,d,Elective Inpatients,,2,,1393,3441,2.47020818377602,,1390,4688,3.3726618705036,
2019Q4,,S08000031,,S08000031,d,Elective Inpatients,,2,,1429,3318,2.32190342897131,,1441,4700,3.2616238723109,
2020Q1,,S08000031,,S08000031,d,Elective Inpatients,,2,,1338,3379,2.5254110612855,,1339,4590,3.42793129200896,
2020Q2,,S08000031,,S08000031,d,Elective Inpatients,,2,,498,1516,3.04417670682731,,493,1990,4.03651115618661,
2020Q3,,S08000031,,S08000031,d,Elective Inpatients,,2,,961,2594,2.69927159209157,,958,3307,3.45198329853862,
2020Q4,,S08000031,,S08000031,d,Elective Inpatients,,2,,1072,2444,2.27985074626866,,1082,3232,2.98706099815157,
2021Q1,,S08000031,,S08000031,d,Elective Inpatients,,2,,885,2255,2.54802259887006,,885,3359,3.7954802259887,
2021Q2,,S08000031,,S08000031,d,Elective Inpatients,,2,,1199,3316,2.76563803169308,,1196,3964,3.31438127090301,
2021Q3,,S08000031,,S08000031,d,Elective Inpatients,,2,,1024,2682,2.619140625,,1011,3555,3.51632047477745,
2021Q4,,S08000031,,S08000031,d,Elective Inpatients,,2,,930,2735,2.94086021505376,,934,3368,3.60599571734475,
2022Q1,,S08000031,,S08000031,d,Elective Inpatients,,2,,932,2388,2.56223175965665,,922,3511,3.80802603036876,
2022Q2,,S08000031,,S08000031,d,Elective Inpatients,,2,,904,2457,2.7179203539823,,906,3783,4.17549668874172,
2022Q3,,S08000031,,S08000031,d,Elective Inpatients,,2,,1146,3031,2.64485165794066,,1136,4868,4.28521126760563,
2022Q4,p,S08000031,,S08000031,d,Elective Inpatients,,2,,1007,2755,2.73584905660377,,1025,4310,4.20487804878049,
2017Q4,,S08000031,,S08000031,d,Elective Inpatients,,3,,997,2896,2.90471414242728,,1012,4128,4.07905138339921,
2018Q1,,S08000031,,S08000031,d,Elective Inpatients,,3,,964,2371,2.45954356846473,,974,3383,3.47330595482546,
2018Q2,,S08000031,,S08000031,d,Elective Inpatients,,3,,1014,2610,2.57396449704142,,1006,3394,3.37375745526839,
2018Q3,,S08000031,,S08000031,d,Elective Inpatients,,3,,993,2661,2.6797583081571,,1000,3711,3.711,
2018Q4,,S08000031,,S08000031,d,Elective Inpatients,,3,,925,2508,2.71135135135135,,927,3102,3.3462783171521,
2019Q1,,S08000031,,S08000031,d,Elective Inpatients,,3,,960,2754,2.86875,,966,3368,3.48654244306418,
2019Q2,,S08000031,,S08000031,d,Elective Inpatients,,3,,932,2373,2.54613733905579,,936,3522,3.76282051282051,
2019Q3,,S08000031,,S08000031,d,Elective Inpatients,,3,,975,2557,2.6225641025641,,974,3500,3.59342915811088,
2019Q4,,S08000031,,S08000031,d,Elective Inpatients,,3,,956,2558,2.67573221757322,,958,3463,3.61482254697286,
2020Q1,,S08000031,,S08000031,d,Elective Inpatients,,3,,887,2414,2.72153325817362,,890,2997,3.36741573033708,
2020Q2,,S08000031,,S08000031,d,Elective Inpatients,,3,,328,1207,3.67987804878049,,321,1534,4.77881619937695,
2020Q3,,S08000031,,S08000031,d,Elective Inpatients,,3,,584,1245,2.13184931506849,,583,1784,3.06003430531732,
2020Q4,,S08000031,,S08000031,d,Elective Inpatients,,3,,674,1870,2.77448071216617,,683,2331,3.41288433382138,
2021Q1,,S08000031,,S08000031,d,Elective Inpatients,,3,,596,1346,2.25838926174497,,604,1784,2.95364238410596,
2021Q2,,S08000031,,S08000031,d,Elective Inpatients,,3,,783,1973,2.51979565772669,,778,2241,2.88046272493573,
2021Q3,,S08000031,,S08000031,d,Elective Inpatients,,3,,681,1626,2.38766519823789,,677,2461,3.63515509601182,
2021Q4,,S08000031,,S08000031,d,Elective Inpatients,,3,,637,2225,3.49293563579278,,638,3010,4.71786833855799,
2022Q1,,S08000031,,S08000031,d,Elective Inpatients,,3,,647,1364,2.10819165378671,,642,2475,3.85514018691589,
2022Q2,,S08000031,,S08000031,d,Elective Inpatients,,3,,671,1836,2.73621460506706,,665,2211,3.32481203007519,
2022Q3,,S08000031,,S08000031,d,Elective Inpatients,,3,,731,1489,2.03693570451436,,727,2229,3.06602475928473,
2022Q4,p,S08000031,,S08000031,d,Elective Inpatients,,3,,734,1822,2.48228882833787,,743,2999,4.03633916554509,
2017Q4,,S08000031,,S08000031,d,Elective Inpatients,,4,,1054,2760,2.61859582542695,,1067,3830,3.58950328022493,
2018Q1,,S08000031,,S08000031,d,Elective Inpatients,,4,,1008,2873,2.85019841269841,,993,3821,3.84793554884189,
2018Q2,,S08000031,,S08000031,d,Elective Inpatients,,4,,1103,3148,2.85403445149592,,1099,4136,3.76342129208371,
2018Q3,,S08000031,,S08000031,d,Elective Inpatients,,4,,1031,2592,2.51406401551891,,1044,3826,3.66475095785441,
2018Q4,,S08000031,,S08000031,d,Elective Inpatients,,4,,988,2683,2.71558704453441,,1000,3903,3.903,
2019Q1,,S08000031,,S08000031,d,Elective Inpatients,,4,,980,2300,2.3469387755102,,983,3131,3.1851475076297,
2019Q2,,S08000031,,S08000031,d,Elective Inpatients,,4,,1005,2379,2.36716417910448,,1000,3192,3.192,
2019Q3,,S08000031,,S08000031,d,Elective Inpatients,,4,,962,2540,2.64033264033264,,960,3383,3.52395833333333,
2019Q4,,S08000031,,S08000031,d,Elective Inpatients,,4,,977,2339,2.39406345957011,,974,3043,3.12422997946612,
2020Q1,,S08000031,,S08000031,d,Elective Inpatients,,4,,985,2261,2.29543147208122,,987,3189,3.23100303951368,
2020Q2,,S08000031,,S08000031,d,Elective Inpatients,,4,,358,1069,2.98603351955307,,345,1558,4.51594202898551,
2020Q3,,S08000031,,S08000031,d,Elective Inpatients,,4,,605,1398,2.31074380165289,,602,1927,3.20099667774086,
2020Q4,,S08000031,,S08000031,d,Elective Inpatients,,4,,719,1709,2.3769123783032,,721,2342,3.24826629680999,
2021Q1,,S08000031,,S08000031,d,Elective Inpatients,,4,,641,1359,2.1201248049922,,638,1956,3.06583072100313,
2021Q2,,S08000031,,S08000031,d,Elective Inpatients,,4,,823,1884,2.28918590522479,,813,2375,2.92127921279213,
2021Q3,,S08000031,,S08000031,d,Elective Inpatients,,4,,708,1902,2.6864406779661,,702,2379,3.38888888888889,
2021Q4,,S08000031,,S08000031,d,Elective Inpatients,,4,,694,1656,2.38616714697406,,694,2661,3.8342939481268,
2022Q1,,S08000031,,S08000031,d,Elective Inpatients,,4,,665,1659,2.49473684210526,,656,1990,3.03353658536585,
2022Q2,,S08000031,,S08000031,d,Elective Inpatients,,4,,682,1587,2.32697947214076,,691,2152,3.11432706222865,
2022Q3,,S08000031,,S08000031,d,Elective Inpatients,,4,,823,1671,2.03037667071689,,822,2587,3.14720194647202,
2022Q4,p,S08000031,,S08000031,d,Elective Inpatients,,4,,787,2147,2.72808132147395,,798,3017,3.78070175438596,
2017Q4,,S08000031,,S08000031,d,Elective Inpatients,,5,,1530,3861,2.52352941176471,,1549,5084,3.28211749515817,
2018Q1,,S08000031,,S08000031,d,Elective Inpatients,,5,,1468,3693,2.51566757493188,,1471,5413,3.67980965329708,
2018Q2,,S08000031,,S08000031,d,Elective Inpatients,,5,,1456,3730,2.56181318681319,,1462,4686,3.20519835841313,
2018Q3,,S08000031,,S08000031,d,Elective Inpatients,,5,,1371,3372,2.45951859956236,,1393,4547,3.26417803302225,
2018Q4,,S08000031,,S08000031,d,Elective Inpatients,,5,,1242,2988,2.40579710144928,,1262,4584,3.63232963549921,
2019Q1,,S08000031,,S08000031,d,Elective Inpatients,,5,,1451,3827,2.63749138525155,,1454,4885,3.35969738651995,
2019Q2,,S08000031,,S08000031,d,Elective Inpatients,,5,,1336,3449,2.58158682634731,,1347,4407,3.271714922049,
2019Q3,,S08000031,,S08000031,d,Elective Inpatients,,5,,1390,3775,2.7158273381295,,1391,5121,3.68152408339324,
2019Q4,,S08000031,,S08000031,d,Elective Inpatients,,5,,1399,3355,2.39814152966405,,1398,4519,3.23247496423462,
2020Q1,,S08000031,,S08000031,d,Elective Inpatients,,5,,1409,3055,2.16820440028389,,1395,3817,2.73620071684588,
2020Q2,,S08000031,,S08000031,d,Elective Inpatients,,5,,455,1329,2.92087912087912,,441,1513,3.43083900226757,
2020Q3,,S08000031,,S08000031,d,Elective Inpatients,,5,,926,2406,2.59827213822894,,924,3584,3.87878787878788,
2020Q4,,S08000031,,S08000031,d,Elective Inpatients,,5,,1079,2456,2.27618164967563,,1090,3284,3.01284403669725,
2021Q1,,S08000031,,S08000031,d,Elective Inpatients,,5,,972,2506,2.57818930041152,,959,3081,3.21272158498436,
2021Q2,,S08000031,,S08000031,d,Elective Inpatients,,5,,1123,2755,2.45325022261799,,1119,3982,3.55853440571939,
2021Q3,,S08000031,,S08000031,d,Elective Inpatients,,5,,1041,3333,3.20172910662824,,1040,4310,4.14423076923077,
2021Q4,,S08000031,,S08000031,d,Elective Inpatients,,5,,968,2230,2.30371900826446,,966,2831,2.93064182194617,
2022Q1,,S08000031,,S08000031,d,Elective Inpatients,,5,,999,1986,1.98798798798799,,999,2941,2.94394394394394,
2022Q2,,S08000031,,S08000031,d,Elective Inpatients,,5,,1010,2340,2.3168316831683202,,1004,3076,3.06374501992032,
2022Q3,,S08000031,,S08000031,d,Elective Inpatients,,5,,1139,2691,2.36259877085162,,1147,3927,3.42371403661726,
2022Q4,p,S08000031,,S08000031,d,Elective Inpatients,,5,,1086,2501,2.30294659300184,,1092,3689,3.37820512820513,
2022Q3,,S08000031,,S08000031,d,Elective Inpatients,,,:,5,18,3.6,,5,19,3.8,
2017Q4,,S08000031,,S12000038,,Elective Inpatients,,1,,278,766,2.75539568345324,,286,1273,4.45104895104895,
2018Q1,,S08000031,,S12000038,,Elective Inpatients,,1,,290,657,2.26551724137931,,292,917,3.14041095890411,
2018Q2,,S08000031,,S12000038,,Elective Inpatients,,1,,365,1018,2.78904109589041,,364,1498,4.11538461538461,
2018Q3,,S08000031,,S12000038,,Elective Inpatients,,1,,376,921,2.44946808510638,,377,1158,3.07161803713528,
2018Q4,,S08000031,,S12000038,,Elective Inpatients,,1,,300,802,2.67333333333333,,300,1128,3.76,
2019Q1,,S08000031,,S12000038,,Elective Inpatients,,1,,269,816,3.03345724907063,,272,909,3.34191176470588,
2019Q2,,S08000031,,S12000038,,Elective Inpatients,,1,,322,938,2.91304347826087,,318,1344,4.22641509433962,
2019Q3,,S08000031,,S12000038,,Elective Inpatients,,1,,289,877,3.03460207612457,,290,1191,4.10689655172414,
2019Q4,,S08000031,,S12000038,,Elective Inpatients,,1,,288,840,2.91666666666667,,290,1254,4.32413793103448,
2020Q1,,S08000031,,S12000038,,Elective Inpatients,,1,,264,653,2.47348484848485,,262,860,3.2824427480916,
2020Q2,,S08000031,,S12000038,,Elective Inpatients,,1,,84,304,3.61904761904762,,80,390,4.875,
2020Q3,,S08000031,,S12000038,,Elective Inpatients,,1,,160,587,3.66875,,160,794,4.9625,
2020Q4,,S08000031,,S12000038,,Elective Inpatients,,1,,207,759,3.66666666666667,,205,932,4.54634146341463,
2021Q1,,S08000031,,S12000038,,Elective Inpatients,,1,,174,387,2.22413793103448,,175,473,2.70285714285714,
2021Q2,,S08000031,,S12000038,,Elective Inpatients,,1,,224,604,2.69642857142857,,220,822,3.73636363636364,
2021Q3,,S08000031,,S12000038,,Elective Inpatients,,1,,191,522,2.73298429319372,,196,841,4.29081632653061,
2021Q4,,S08000031,,S12000038,,Elective Inpatients,,1,,192,521,2.71354166666667,,195,749,3.84102564102564,
2022Q1,,S08000031,,S12000038,,Elective Inpatients,,1,,164,437,2.66463414634146,,164,643,3.92073170731707,
2022Q2,,S08000031,,S12000038,,Elective Inpatients,,1,,178,508,2.85393258426966,,177,638,3.6045197740113,
2022Q3,,S08000031,,S12000038,,Elective Inpatients,,1,,175,612,3.49714285714286,,173,718,4.15028901734104,
2022Q4,p,S08000031,,S12000038,,Elective Inpatients,,1,,216,455,2.10648148148148,,215,773,3.5953488372093,
2017Q4,,S08000031,,S12000038,,Elective Inpatients,,2,,309,827,2.67637540453074,,317,1040,3.2807570977918,
2018Q1,,S08000031,,S12000038,,Elective Inpatients,,2,,275,696,2.53090909090909,,278,891,3.20503597122302,
2018Q2,,S08000031,,S12000038,,Elective Inpatients,,2,,301,634,2.1063122923588,,310,964,3.10967741935484,
2018Q3,,S08000031,,S12000038,,Elective Inpatients,,2,,340,815,2.39705882352941,,336,926,2.75595238095238,
2018Q4,,S08000031,,S12000038,,Elective Inpatients,,2,,320,907,2.834375,,320,1320,4.125,
2019Q1,,S08000031,,S12000038,,Elective Inpatients,,2,,295,637,2.1593220338983,,298,1066,3.57718120805369,
2019Q2,,S08000031,,S12000038,,Elective Inpatients,,2,,245,615,2.51020408163265,,250,840,3.36,
2019Q3,,S08000031,,S12000038,,Elective Inpatients,,2,,283,726,2.56537102473498,,285,937,3.28771929824561,
2019Q4,,S08000031,,S12000038,,Elective Inpatients,,2,,282,636,2.25531914893617,,283,885,3.12720848056537,
2020Q1,,S08000031,,S12000038,,Elective Inpatients,,2,,258,635,2.46124031007752,,260,1027,3.95,
2020Q2,,S08000031,,S12000038,,Elective Inpatients,,2,,71,282,3.97183098591549,,70,371,5.3,
2020Q3,,S08000031,,S12000038,,Elective Inpatients,,2,,152,386,2.53947368421053,,150,463,3.08666666666667,
2020Q4,,S08000031,,S12000038,,Elective Inpatients,,2,,175,402,2.29714285714286,,174,501,2.87931034482759,
2021Q1,,S08000031,,S12000038,,Elective Inpatients,,2,,141,254,1.80141843971631,,147,440,2.99319727891156,
2021Q2,,S08000031,,S12000038,,Elective Inpatients,,2,,209,542,2.5933014354067,,210,623,2.96666666666667,
2021Q3,,S08000031,,S12000038,,Elective Inpatients,,2,,208,535,2.57211538461538,,205,647,3.15609756097561,
2021Q4,,S08000031,,S12000038,,Elective Inpatients,,2,,183,887,4.84699453551913,,185,846,4.57297297297297,
2022Q1,,S08000031,,S12000038,,Elective Inpatients,,2,,175,504,2.88,,170,676,3.97647058823529,
2022Q2,,S08000031,,S12000038,,Elective Inpatients,,2,,133,322,2.42105263157895,,139,634,4.56115107913669,
2022Q3,,S08000031,,S12000038,,Elective Inpatients,,2,,189,562,2.97354497354497,,190,738,3.88421052631579,
2022Q4,p,S08000031,,S12000038,,Elective Inpatients,,2,,198,507,2.56060606060606,,200,910,4.55,
2017Q4,,S08000031,,S12000038,,Elective Inpatients,,3,,194,653,3.3659793814433,,200,1055,5.275,
2018Q1,,S08000031,,S12000038,,Elective Inpatients,,3,,212,497,2.34433962264151,,215,546,2.53953488372093,
2018Q2,,S08000031,,S12000038,,Elective Inpatients,,3,,212,464,2.18867924528302,,209,711,3.40191387559809,
2018Q3,,S08000031,,S12000038,,Elective Inpatients,,3,,242,575,2.37603305785124,,250,905,3.62,
2018Q4,,S08000031,,S12000038,,Elective Inpatients,,3,,202,560,2.77227722772277,,200,601,3.005,
2019Q1,,S08000031,,S12000038,,Elective Inpatients,,3,,201,672,3.34328358208955,,200,827,4.135,
2019Q2,,S08000031,,S12000038,,Elective Inpatients,,3,,188,442,2.35106382978723,,190,628,3.30526315789474,
2019Q3,,S08000031,,S12000038,,Elective Inpatients,,3,,211,631,2.99052132701422,,210,814,3.87619047619048,
2019Q4,,S08000031,,S12000038,,Elective Inpatients,,3,,198,578,2.91919191919192,,195,785,4.02564102564103,
2020Q1,,S08000031,,S12000038,,Elective Inpatients,,3,,185,425,2.2972972972973,,190,631,3.32105263157895,
2020Q2,,S08000031,,S12000038,,Elective Inpatients,,3,,59,185,3.13559322033898,,60,255,4.25,
2020Q3,,S08000031,,S12000038,,Elective Inpatients,,3,,107,295,2.75700934579439,,105,428,4.07619047619048,
2020Q4,,S08000031,,S12000038,,Elective Inpatients,,3,,123,431,3.50406504065041,,125,583,4.664,
2021Q1,,S08000031,,S12000038,,Elective Inpatients,,3,,115,276,2.4,,115,363,3.15652173913043,
2021Q2,,S08000031,,S12000038,,Elective Inpatients,,3,,145,218,1.50344827586207,,150,321,2.14,
2021Q3,,S08000031,,S12000038,,Elective Inpatients,,3,,144,394,2.73611111111111,,145,540,3.72413793103448,
2021Q4,,S08000031,,S12000038,,Elective Inpatients,,3,,112,309,2.75892857142857,,110,592,5.38181818181818,
2022Q1,,S08000031,,S12000038,,Elective Inpatients,,3,,114,265,2.32456140350877,,118,718,6.08474576271186,
2022Q2,,S08000031,,S12000038,,Elective Inpatients,,3,,136,524,3.85294117647059,,135,514,3.80740740740741,
2022Q3,,S08000031,,S12000038,,Elective Inpatients,,3,,143,269,1.88111888111888,,145,636,4.38620689655172,
2022Q4,p,S08000031,,S12000038,,Elective Inpatients,,3,,165,415,2.51515151515152,,165,625,3.78787878787879,
2017Q4,,S08000031,,S12000038,,Elective Inpatients,,4,,186,477,2.56451612903226,,190,646,3.4,
2018Q1,,S08000031,,S12000038,,Elective Inpatients,,4,,149,395,2.6510067114094,,145,584,4.02758620689655,
2018Q2,,S08000031,,S12000038,,Elective Inpatients,,4,,190,447,2.35263157894737,,195,658,3.37435897435897,
2018Q3,,S08000031,,S12000038,,Elective Inpatients,,4,,209,471,2.25358851674641,,210,600,2.85714285714286,
2018Q4,,S08000031,,S12000038,,Elective Inpatients,,4,,175,515,2.94285714285714,,180,714,3.96666666666667,
2019Q1,,S08000031,,S12000038,,Elective Inpatients,,4,,186,423,2.2741935483871,,185,563,3.04324324324324,
2019Q2,,S08000031,,S12000038,,Elective Inpatients,,4,,184,512,2.78260869565217,,185,645,3.48648648648649,
2019Q3,,S08000031,,S12000038,,Elective Inpatients,,4,,153,418,2.73202614379085,,150,498,3.32,
2019Q4,,S08000031,,S12000038,,Elective Inpatients,,4,,140,373,2.66428571428571,,140,459,3.27857142857143,
2020Q1,,S08000031,,S12000038,,Elective Inpatients,,4,,174,413,2.3735632183908,,180,688,3.82222222222222,
2020Q2,,S08000031,,S12000038,,Elective Inpatients,,4,,41,129,3.14634146341463,,40,190,4.75,
2020Q3,,S08000031,,S12000038,,Elective Inpatients,,4,,94,267,2.84042553191489,,90,306,3.4,
2020Q4,,S08000031,,S12000038,,Elective Inpatients,,4,,108,173,1.60185185185185,,110,383,3.48181818181818,
2021Q1,,S08000031,,S12000038,,Elective Inpatients,,4,,89,154,1.73033707865169,,85,220,2.58823529411765,
2021Q2,,S08000031,,S12000038,,Elective Inpatients,,4,,127,363,2.85826771653543,,125,427,3.416,
2021Q3,,S08000031,,S12000038,,Elective Inpatients,,4,,112,303,2.70535714285714,,115,521,4.5304347826087,
2021Q4,,S08000031,,S12000038,,Elective Inpatients,,4,,136,287,2.11029411764706,,135,496,3.67407407407407,
2022Q1,,S08000031,,S12000038,,Elective Inpatients,,4,,118,276,2.33898305084746,,115,466,4.05217391304348,
2022Q2,,S08000031,,S12000038,,Elective Inpatients,,4,,111,307,2.76576576576577,,115,452,3.9304347826087,
2022Q3,,S08000031,,S12000038,,Elective Inpatients,,4,,143,282,1.97202797202797,,145,545,3.75862068965517,
2022Q4,p,S08000031,,S12000038,,Elective Inpatients,,4,,146,381,2.60958904109589,,150,599,3.99333333333333,
2017Q4,,S08000031,,S12000038,,Elective Inpatients,,5,,283,703,2.48409893992933,,290,981,3.38275862068966,
2018Q1,,S08000031,,S12000038,,Elective Inpatients,,5,,254,737,2.90157480314961,,255,1057,4.14509803921569,
2018Q2,,S08000031,,S12000038,,Elective Inpatients,,5,,229,596,2.60262008733624,,225,665,2.95555555555556,
2018Q3,,S08000031,,S12000038,,Elective Inpatients,,5,,237,510,2.15189873417722,,243,672,2.76543209876543,
2018Q4,,S08000031,,S12000038,,Elective Inpatients,,5,,215,554,2.57674418604651,,210,650,3.0952380952381,
2019Q1,,S08000031,,S12000038,,Elective Inpatients,,5,,259,653,2.52123552123552,,260,748,2.87692307692308,
2019Q2,,S08000031,,S12000038,,Elective Inpatients,,5,,215,593,2.75813953488372,,220,749,3.40454545454545,
2019Q3,,S08000031,,S12000038,,Elective Inpatients,,5,,226,524,2.31858407079646,,220,760,3.45454545454545,
2019Q4,,S08000031,,S12000038,,Elective Inpatients,,5,,231,682,2.95238095238095,,230,973,4.2304347826087,
2020Q1,,S08000031,,S12000038,,Elective Inpatients,,5,,237,507,2.13924050632911,,235,790,3.36170212765957,
2020Q2,,S08000031,,S12000038,,Elective Inpatients,,5,,88,174,1.97727272727273,,90,265,2.94444444444444,
2020Q3,,S08000031,,S12000038,,Elective Inpatients,,5,,150,544,3.62666666666667,,155,687,4.43225806451613,
2020Q4,,S08000031,,S12000038,,Elective Inpatients,,5,,196,559,2.85204081632653,,195,670,3.43589743589744,
2021Q1,,S08000031,,S12000038,,Elective Inpatients,,5,,154,665,4.31818181818182,,155,717,4.6258064516129,
2021Q2,,S08000031,,S12000038,,Elective Inpatients,,5,,203,613,3.01970443349754,,195,748,3.83589743589744,
2021Q3,,S08000031,,S12000038,,Elective Inpatients,,5,,192,517,2.69270833333333,,190,720,3.78947368421053,
2021Q4,,S08000031,,S12000038,,Elective Inpatients,,5,,187,539,2.88235294117647,,190,689,3.62631578947368,
2022Q1,,S08000031,,S12000038,,Elective Inpatients,,5,,169,350,2.07100591715976,,172,572,3.32558139534884,
2022Q2,,S08000031,,S12000038,,Elective Inpatients,,5,,175,363,2.07428571428571,,175,612,3.49714285714286,
2022Q3,,S08000031,,S12000038,,Elective Inpatients,,5,,187,466,2.49197860962567,,190,798,4.2,
2022Q4,p,S08000031,,S12000038,,Elective Inpatients,,5,,210,452,2.15238095238095,,215,674,3.13488372093023,
2017Q4,,S08000031,,S12000039,,Elective Inpatients,,1,,261,557,2.13409961685824,,262,932,3.55725190839695,
2018Q1,,S08000031,,S12000039,,Elective Inpatients,,1,,275,727,2.64363636363636,,282,1085,3.84751773049645,
2018Q2,,S08000031,,S12000039,,Elective Inpatients,,1,,284,708,2.49295774647887,,285,1048,3.67719298245614,
2018Q3,,S08000031,,S12000039,,Elective Inpatients,,1,,257,554,2.1556420233463,,262,892,3.40458015267176,
2018Q4,,S08000031,,S12000039,,Elective Inpatients,,1,,243,614,2.52674897119342,,245,872,3.55918367346939,
2019Q1,,S08000031,,S12000039,,Elective Inpatients,,1,,275,606,2.20363636363636,,276,900,3.26086956521739,
2019Q2,,S08000031,,S12000039,,Elective Inpatients,,1,,289,508,1.75778546712803,,295,840,2.84745762711864,
2019Q3,,S08000031,,S12000039,,Elective Inpatients,,1,,246,687,2.79268292682927,,245,923,3.76734693877551,
2019Q4,,S08000031,,S12000039,,Elective Inpatients,,1,,243,514,2.11522633744856,,245,779,3.17959183673469,
2020Q1,,S08000031,,S12000039,,Elective Inpatients,,1,,206,437,2.12135922330097,,210,788,3.75238095238095,
2020Q2,,S08000031,,S12000039,,Elective Inpatients,,1,,77,136,1.76623376623377,,78,180,2.30769230769231,
2020Q3,,S08000031,,S12000039,,Elective Inpatients,,1,,163,381,2.33742331288344,,160,509,3.18125,
2020Q4,,S08000031,,S12000039,,Elective Inpatients,,1,,194,340,1.75257731958763,,195,534,2.73846153846154,
2021Q1,,S08000031,,S12000039,,Elective Inpatients,,1,,153,385,2.51633986928105,,150,596,3.97333333333333,
2021Q2,,S08000031,,S12000039,,Elective Inpatients,,1,,185,506,2.73513513513514,,192,633,3.296875,
2021Q3,,S08000031,,S12000039,,Elective Inpatients,,1,,168,418,2.48809523809524,,169,568,3.36094674556213,
2021Q4,,S08000031,,S12000039,,Elective Inpatients,,1,,153,392,2.56209150326797,,155,581,3.74838709677419,
2022Q1,,S08000031,,S12000039,,Elective Inpatients,,1,,165,278,1.68484848484848,,165,491,2.97575757575758,
2022Q2,,S08000031,,S12000039,,Elective Inpatients,,1,,156,345,2.21153846153846,,157,702,4.47133757961783,
2022Q3,,S08000031,,S12000039,,Elective Inpatients,,1,,201,457,2.27363184079602,,205,734,3.58048780487805,
2022Q4,p,S08000031,,S12000039,,Elective Inpatients,,1,,203,407,2.00492610837438,,205,780,3.80487804878049,
2017Q4,,S08000031,,S12000039,,Elective Inpatients,,2,,219,563,2.57077625570776,,220,993,4.51363636363636,
2018Q1,,S08000031,,S12000039,,Elective Inpatients,,2,,206,444,2.15533980582524,,206,714,3.46601941747573,
2018Q2,,S08000031,,S12000039,,Elective Inpatients,,2,,220,550,2.5,,219,889,4.05936073059361,
2018Q3,,S08000031,,S12000039,,Elective Inpatients,,2,,224,497,2.21875,,230,735,3.19565217391304,
2018Q4,,S08000031,,S12000039,,Elective Inpatients,,2,,166,362,2.18072289156627,,170,642,3.77647058823529,
2019Q1,,S08000031,,S12000039,,Elective Inpatients,,2,,200,458,2.29,,205,647,3.15609756097561,
2019Q2,,S08000031,,S12000039,,Elective Inpatients,,2,,179,506,2.8268156424581,,180,586,3.25555555555556,
2019Q3,,S08000031,,S12000039,,Elective Inpatients,,2,,210,528,2.51428571428571,,210,858,4.08571428571429,
2019Q4,,S08000031,,S12000039,,Elective Inpatients,,2,,182,468,2.57142857142857,,190,846,4.45263157894737,
2020Q1,,S08000031,,S12000039,,Elective Inpatients,,2,,165,385,2.33333333333333,,165,550,3.33333333333333,
2020Q2,,S08000031,,S12000039,,Elective Inpatients,,2,,67,198,2.95522388059702,,65,262,4.03076923076923,
2020Q3,,S08000031,,S12000039,,Elective Inpatients,,2,,132,330,2.5,,135,451,3.34074074074074,
2020Q4,,S08000031,,S12000039,,Elective Inpatients,,2,,159,278,1.74842767295597,,165,488,2.95757575757576,
2021Q1,,S08000031,,S12000039,,Elective Inpatients,,2,,127,378,2.97637795275591,,125,466,3.728,
2021Q2,,S08000031,,S12000039,,Elective Inpatients,,2,,202,588,2.91089108910891,,205,651,3.17560975609756,
2021Q3,,S08000031,,S12000039,,Elective Inpatients,,2,,126,212,1.68253968253968,,130,586,4.50769230769231,
2021Q4,,S08000031,,S12000039,,Elective Inpatients,,2,,113,273,2.41592920353982,,115,434,3.77391304347826,
2022Q1,,S08000031,,S12000039,,Elective Inpatients,,2,,119,275,2.3109243697479,,115,316,2.74782608695652,
2022Q2,,S08000031,,S12000039,,Elective Inpatients,,2,,120,228,1.9,,125,437,3.496,
2022Q3,,S08000031,,S12000039,,Elective Inpatients,,2,,155,361,2.32903225806452,,155,1027,6.6258064516129,
2022Q4,p,S08000031,,S12000039,,Elective Inpatients,,2,,127,428,3.37007874015748,,140,677,4.83571428571429,
2017Q4,,S08000031,,S12000039,,Elective Inpatients,,3,,90,190,2.11111111111111,,90,284,3.15555555555556,
2018Q1,,S08000031,,S12000039,,Elective Inpatients,,3,,95,286,3.01052631578947,,100,448,4.48,
2018Q2,,S08000031,,S12000039,,Elective Inpatients,,3,,119,264,2.21848739495798,,120,353,2.94166666666667,
2018Q3,,S08000031,,S12000039,,Elective Inpatients,,3,,109,266,2.44036697247706,,105,354,3.37142857142857,
2018Q4,,S08000031,,S12000039,,Elective Inpatients,,3,,98,202,2.06122448979592,,100,418,4.18,
2019Q1,,S08000031,,S12000039,,Elective Inpatients,,3,,112,293,2.61607142857143,,115,453,3.93913043478261,
2019Q2,,S08000031,,S12000039,,Elective Inpatients,,3,,99,226,2.28282828282828,,100,310,3.1,
2019Q3,,S08000031,,S12000039,,Elective Inpatients,,3,,106,256,2.41509433962264,,105,348,3.31428571428571,
2019Q4,,S08000031,,S12000039,,Elective Inpatients,,3,,107,223,2.08411214953271,,110,331,3.00909090909091,
2020Q1,,S08000031,,S12000039,,Elective Inpatients,,3,,99,198,2,,100,302,3.02,
2020Q2,,S08000031,,S12000039,,Elective Inpatients,,3,,27,54,2,,25,128,5.12,
2020Q3,,S08000031,,S12000039,,Elective Inpatients,,3,,86,147,1.7093023255814,,85,224,2.63529411764706,
2020Q4,,S08000031,,S12000039,,Elective Inpatients,,3,,78,119,1.52564102564103,,75,196,2.61333333333333,
2021Q1,,S08000031,,S12000039,,Elective Inpatients,,3,,83,134,1.6144578313253,,85,207,2.43529411764706,
2021Q2,,S08000031,,S12000039,,Elective Inpatients,,3,,99,239,2.41414141414141,,95,226,2.37894736842105,
2021Q3,,S08000031,,S12000039,,Elective Inpatients,,3,,87,157,1.80459770114943,,89,440,4.9438202247191,
2021Q4,,S08000031,,S12000039,,Elective Inpatients,,3,,80,152,1.9,,80,255,3.1875,
2022Q1,,S08000031,,S12000039,,Elective Inpatients,,3,,96,170,1.77083333333333,,95,272,2.86315789473684,
2022Q2,,S08000031,,S12000039,,Elective Inpatients,,3,,72,144,2,,75,261,3.48,
2022Q3,,S08000031,,S12000039,,Elective Inpatients,,3,,109,129,1.18348623853211,,110,230,2.09090909090909,
2022Q4,p,S08000031,,S12000039,,Elective Inpatients,,3,,87,120,1.37931034482759,,90,250,2.77777777777778,
2017Q4,,S08000031,,S12000039,,Elective Inpatients,,4,,50,139,2.78,,50,290,5.8,
2018Q1,,S08000031,,S12000039,,Elective Inpatients,,4,,57,395,6.92982456140351,,55,463,8.41818181818182,
2018Q2,,S08000031,,S12000039,,Elective Inpatients,,4,,59,160,2.71186440677966,,60,229,3.81666666666667,
2018Q3,,S08000031,,S12000039,,Elective Inpatients,,4,,53,139,2.62264150943396,,54,353,6.53703703703704,
2018Q4,,S08000031,,S12000039,,Elective Inpatients,,4,,59,185,3.13559322033898,,59,203,3.4406779661017,
2019Q1,,S08000031,,S12000039,,Elective Inpatients,,4,,49,93,1.89795918367347,,45,99,2.2,
2019Q2,,S08000031,,S12000039,,Elective Inpatients,,4,,50,107,2.14,,50,139,2.78,
2019Q3,,S08000031,,S12000039,,Elective Inpatients,,4,,51,201,3.94117647058824,,50,211,4.22,
2019Q4,,S08000031,,S12000039,,Elective Inpatients,,4,,37,76,2.05405405405405,,35,103,2.94285714285714,
2020Q1,,S08000031,,S12000039,,Elective Inpatients,,4,,52,94,1.80769230769231,,53,161,3.0377358490566,
2020Q2,,S08000031,,S12000039,,Elective Inpatients,,4,,20,34,1.7,,20,83,4.15,
2020Q3,,S08000031,,S12000039,,Elective Inpatients,,4,,31,41,1.32258064516129,,30,67,2.23333333333333,
2020Q4,,S08000031,,S12000039,,Elective Inpatients,,4,,27,72,2.66666666666667,,25,115,4.6,
2021Q1,,S08000031,,S12000039,,Elective Inpatients,,4,,42,82,1.95238095238095,,40,102,2.55,
2021Q2,,S08000031,,S12000039,,Elective Inpatients,,4,,42,77,1.83333333333333,,40,99,2.475,
2021Q3,,S08000031,,S12000039,,Elective Inpatients,,4,,50,87,1.74,,52,137,2.63461538461538,
2021Q4,,S08000031,,S12000039,,Elective Inpatients,,4,,46,109,2.3695652173913,,45,154,3.42222222222222,
2022Q1,,S08000031,,S12000039,,Elective Inpatients,,4,,32,107,3.34375,,35,101,2.88571428571429,
2022Q2,,S08000031,,S12000039,,Elective Inpatients,,4,,33,62,1.87878787878788,,35,84,2.4,
2022Q3,,S08000031,,S12000039,,Elective Inpatients,,4,,31,22,0.709677419354839,,30,23,0.766666666666667,
2022Q4,p,S08000031,,S12000039,,Elective Inpatients,,4,,55,93,1.69090909090909,,55,167,3.03636363636364,
2017Q4,,S08000031,,S12000039,,Elective Inpatients,,5,,25,53,2.12,,24,61,2.54166666666667,
2018Q1,,S08000031,,S12000039,,Elective Inpatients,,5,,45,89,1.97777777777778,,45,231,5.13333333333333,
2018Q2,,S08000031,,S12000039,,Elective Inpatients,,5,,24,56,2.33333333333333,,25,88,3.52,
2018Q3,,S08000031,,S12000039,,Elective Inpatients,,5,,22,67,3.04545454545455,,25,73,2.92,
2018Q4,,S08000031,,S12000039,,Elective Inpatients,,5,,32,87,2.71875,,30,100,3.33333333333333,
2019Q1,,S08000031,,S12000039,,Elective Inpatients,,5,,26,50,1.92307692307692,,25,54,2.16,
2019Q2,,S08000031,,S12000039,,Elective Inpatients,,5,,32,74,2.3125,,35,140,4,
2019Q3,,S08000031,,S12000039,,Elective Inpatients,,5,,32,91,2.84375,,30,122,4.06666666666667,
2019Q4,,S08000031,,S12000039,,Elective Inpatients,,5,,32,58,1.8125,,32,78,2.4375,
2020Q1,,S08000031,,S12000039,,Elective Inpatients,,5,,27,44,1.62962962962963,,25,62,2.48,
2020Q2,,S08000031,,S12000039,,Elective Inpatients,,5,,10,7,0.7,,10,21,2.1,
2020Q3,,S08000031,,S12000039,,Elective Inpatients,,5,,24,36,1.5,,25,49,1.96,
2020Q4,,S08000031,,S12000039,,Elective Inpatients,,5,,33,69,2.09090909090909,,35,96,2.74285714285714,
2021Q1,,S08000031,,S12000039,,Elective Inpatients,,5,,20,38,1.9,,20,61,3.05,
2021Q2,,S08000031,,S12000039,,Elective Inpatients,,5,,24,31,1.29166666666667,,25,47,1.88,
2021Q3,,S08000031,,S12000039,,Elective Inpatients,,5,,12,79,6.58333333333333,,15,109,7.26666666666667,
2021Q4,,S08000031,,S12000039,,Elective Inpatients,,5,,18,18,1,,20,29,1.45,
2022Q1,,S08000031,,S12000039,,Elective Inpatients,,5,,24,31,1.29166666666667,,24,65,2.70833333333333,
2022Q2,,S08000031,,S12000039,,Elective Inpatients,,5,,21,25,1.19047619047619,,20,28,1.4,
2022Q3,,S08000031,,S12000039,,Elective Inpatients,,5,,29,33,1.13793103448276,,30,57,1.9,
2022Q4,p,S08000031,,S12000039,,Elective Inpatients,,5,,31,65,2.09677419354839,,32,126,3.9375,
2017Q4,,S08000022,,S12000035,,Elective Inpatients,,1,,85,240,2.82352941176471,,85,336,3.95294117647059,
2018Q1,,S08000022,,S12000035,,Elective Inpatients,,1,,55,178,3.23636363636364,,60,304,5.06666666666667,
2018Q2,,S08000022,,S12000035,,Elective Inpatients,,1,,92,195,2.1195652173913,,95,269,2.83157894736842,
2018Q3,,S08000022,,S12000035,,Elective Inpatients,,1,,94,291,3.09574468085106,,95,254,2.67368421052632,
2018Q4,,S08000022,,S12000035,,Elective Inpatients,,1,,70,212,3.02857142857143,,70,432,6.17142857142857,
2019Q1,,S08000022,,S12000035,,Elective Inpatients,,1,,83,161,1.93975903614458,,83,207,2.49397590361446,
2019Q2,,S08000022,,S12000035,,Elective Inpatients,,1,,71,111,1.56338028169014,,70,125,1.78571428571429,
2019Q3,,S08000022,,S12000035,,Elective Inpatients,,1,,72,143,1.98611111111111,,75,191,2.54666666666667,
2019Q4,,S08000022,,S12000035,,Elective Inpatients,,1,,76,219,2.88157894736842,,80,306,3.825,
2020Q1,,S08000022,,S12000035,,Elective Inpatients,,1,,67,243,3.62686567164179,,70,294,4.2,
2020Q2,,S08000022,,S12000035,,Elective Inpatients,,1,,17,74,4.35294117647059,,16,115,7.1875,
2020Q3,,S08000022,,S12000035,,Elective Inpatients,,1,,37,88,2.37837837837838,,35,103,2.94285714285714,
2020Q4,,S08000022,,S12000035,,Elective Inpatients,,1,,50,102,2.04,,49,125,2.55102040816327,
2021Q1,,S08000022,,S12000035,,Elective Inpatients,,1,,43,146,3.3953488372093,,45,282,6.26666666666667,
2021Q2,,S08000022,,S12000035,,Elective Inpatients,,1,,48,154,3.20833333333333,,45,171,3.8,
2021Q3,,S08000022,,S12000035,,Elective Inpatients,,1,,51,117,2.29411764705882,,50,156,3.12,
2021Q4,,S08000022,,S12000035,,Elective Inpatients,,1,,40,130,3.25,,41,166,4.04878048780488,
2022Q1,,S08000022,,S12000035,,Elective Inpatients,,1,,49,118,2.40816326530612,,50,172,3.44,
2022Q2,,S08000022,,S12000035,,Elective Inpatients,,1,,29,104,3.58620689655172,,35,148,4.22857142857143,
2022Q3,,S08000022,,S12000035,,Elective Inpatients,,1,,54,138,2.55555555555556,,55,202,3.67272727272727,
2022Q4,p,S08000022,,S12000035,,Elective Inpatients,,1,,47,131,2.78723404255319,,45,186,4.13333333333333,
2017Q4,,S08000022,,S12000035,,Elective Inpatients,,2,,114,339,2.97368421052632,,120,467,3.89166666666667,
2018Q1,,S08000022,,S12000035,,Elective Inpatients,,2,,120,433,3.60833333333333,,115,408,3.54782608695652,
2018Q2,,S08000022,,S12000035,,Elective Inpatients,,2,,135,376,2.78518518518519,,135,470,3.48148148148148,
2018Q3,,S08000022,,S12000035,,Elective Inpatients,,2,,135,343,2.54074074074074,,130,541,4.16153846153846,
2018Q4,,S08000022,,S12000035,,Elective Inpatients,,2,,142,581,4.09154929577465,,140,739,5.27857142857143,
2019Q1,,S08000022,,S12000035,,Elective Inpatients,,2,,114,298,2.6140350877193,,115,464,4.03478260869565,
2019Q2,,S08000022,,S12000035,,Elective Inpatients,,2,,144,365,2.53472222222222,,140,467,3.33571428571429,
2019Q3,,S08000022,,S12000035,,Elective Inpatients,,2,,111,373,3.36036036036036,,105,467,4.44761904761905,
2019Q4,,S08000022,,S12000035,,Elective Inpatients,,2,,112,417,3.72321428571429,,114,560,4.91228070175439,
2020Q1,,S08000022,,S12000035,,Elective Inpatients,,2,,107,273,2.55140186915888,,110,389,3.53636363636364,
2020Q2,,S08000022,,S12000035,,Elective Inpatients,,2,,31,107,3.45161290322581,,25,119,4.76,
2020Q3,,S08000022,,S12000035,,Elective Inpatients,,2,,70,208,2.97142857142857,,70,369,5.27142857142857,
2020Q4,,S08000022,,S12000035,,Elective Inpatients,,2,,101,295,2.92079207920792,,105,343,3.26666666666667,
2021Q1,,S08000022,,S12000035,,Elective Inpatients,,2,,76,235,3.0921052631579,,75,275,3.66666666666667,
2021Q2,,S08000022,,S12000035,,Elective Inpatients,,2,,102,323,3.16666666666667,,100,367,3.67,
2021Q3,,S08000022,,S12000035,,Elective Inpatients,,2,,98,249,2.54081632653061,,95,263,2.76842105263158,
2021Q4,,S08000022,,S12000035,,Elective Inpatients,,2,,80,171,2.1375,,85,389,4.57647058823529,
2022Q1,,S08000022,,S12000035,,Elective Inpatients,,2,,64,137,2.140625,,65,167,2.56923076923077,
2022Q2,,S08000022,,S12000035,,Elective Inpatients,,2,,87,257,2.95402298850575,,90,294,3.26666666666667,
2022Q3,,S08000022,,S12000035,,Elective Inpatients,,2,,109,358,3.28440366972477,,110,435,3.95454545454545,
2022Q4,p,S08000022,,S12000035,,Elective Inpatients,,2,,102,242,2.37254901960784,,105,393,3.74285714285714,
2017Q4,,S08000022,,S12000035,,Elective Inpatients,,3,,346,1121,3.23988439306358,,345,1433,4.1536231884058,
2018Q1,,S08000022,,S12000035,,Elective Inpatients,,3,,312,1038,3.32692307692308,,313,1528,4.88178913738019,
2018Q2,,S08000022,,S12000035,,Elective Inpatients,,3,,343,1118,3.25947521865889,,340,1248,3.67058823529412,
2018Q3,,S08000022,,S12000035,,Elective Inpatients,,3,,373,1069,2.86595174262735,,380,1435,3.77631578947368,
2018Q4,,S08000022,,S12000035,,Elective Inpatients,,3,,365,1075,2.94520547945205,,375,1532,4.08533333333333,
2019Q1,,S08000022,,S12000035,,Elective Inpatients,,3,,359,1258,3.5041782729805,,355,1312,3.69577464788732,
2019Q2,,S08000022,,S12000035,,Elective Inpatients,,3,,313,928,2.96485623003195,,315,1168,3.70793650793651,
2019Q3,,S08000022,,S12000035,,Elective Inpatients,,3,,340,819,2.40882352941176,,335,975,2.91044776119403,
2019Q4,,S08000022,,S12000035,,Elective Inpatients,,3,,306,842,2.7516339869281,,305,1049,3.43934426229508,
2020Q1,,S08000022,,S12000035,,Elective Inpatients,,3,,306,862,2.81699346405229,,305,1336,4.38032786885246,
2020Q2,,S08000022,,S12000035,,Elective Inpatients,,3,,81,320,3.95061728395062,,80,464,5.8,
2020Q3,,S08000022,,S12000035,,Elective Inpatients,,3,,177,511,2.88700564971751,,175,791,4.52,
2020Q4,,S08000022,,S12000035,,Elective Inpatients,,3,,245,656,2.67755102040816,,250,1133,4.532,
2021Q1,,S08000022,,S12000035,,Elective Inpatients,,3,,201,733,3.64676616915423,,205,874,4.26341463414634,
2021Q2,,S08000022,,S12000035,,Elective Inpatients,,3,,271,726,2.6789667896679,,270,895,3.31481481481481,
2021Q3,,S08000022,,S12000035,,Elective Inpatients,,3,,247,763,3.08906882591093,,245,857,3.49795918367347,
2021Q4,,S08000022,,S12000035,,Elective Inpatients,,3,,236,728,3.08474576271186,,235,1126,4.79148936170213,
2022Q1,,S08000022,,S12000035,,Elective Inpatients,,3,,223,585,2.62331838565022,,225,836,3.71555555555556,
2022Q2,,S08000022,,S12000035,,Elective Inpatients,,3,,238,544,2.28571428571429,,235,796,3.38723404255319,
2022Q3,,S08000022,,S12000035,,Elective Inpatients,,3,,279,760,2.72401433691756,,285,1193,4.1859649122807,
2022Q4,p,S08000022,,S12000035,,Elective Inpatients,,3,,239,556,2.32635983263598,,240,778,3.24166666666667,
2017Q4,,S08000022,,S12000035,,Elective Inpatients,,4,,149,437,2.93288590604027,,155,844,5.44516129032258,
2018Q1,,S08000022,,S12000035,,Elective Inpatients,,4,,154,382,2.48051948051948,,150,455,3.03333333333333,
2018Q2,,S08000022,,S12000035,,Elective Inpatients,,4,,163,545,3.34355828220859,,165,641,3.88484848484848,
2018Q3,,S08000022,,S12000035,,Elective Inpatients,,4,,160,422,2.6375,,160,624,3.9,
2018Q4,,S08000022,,S12000035,,Elective Inpatients,,4,,158,503,3.18354430379747,,160,596,3.725,
2019Q1,,S08000022,,S12000035,,Elective Inpatients,,4,,174,373,2.14367816091954,,175,493,2.81714285714286,
2019Q2,,S08000022,,S12000035,,Elective Inpatients,,4,,145,346,2.38620689655172,,146,469,3.21232876712329,
2019Q3,,S08000022,,S12000035,,Elective Inpatients,,4,,142,389,2.73943661971831,,140,543,3.87857142857143,
2019Q4,,S08000022,,S12000035,,Elective Inpatients,,4,,135,359,2.65925925925926,,139,483,3.47482014388489,
2020Q1,,S08000022,,S12000035,,Elective Inpatients,,4,,148,315,2.12837837837838,,145,493,3.4,
2020Q2,,S08000022,,S12000035,,Elective Inpatients,,4,,48,214,4.45833333333333,,50,280,5.6,
2020Q3,,S08000022,,S12000035,,Elective Inpatients,,4,,96,187,1.94791666666667,,95,242,2.54736842105263,
2020Q4,,S08000022,,S12000035,,Elective Inpatients,,4,,127,310,2.44094488188976,,125,351,2.808,
2021Q1,,S08000022,,S12000035,,Elective Inpatients,,4,,105,417,3.97142857142857,,105,480,4.57142857142857,
2021Q2,,S08000022,,S12000035,,Elective Inpatients,,4,,124,405,3.26612903225806,,120,492,4.1,
2021Q3,,S08000022,,S12000035,,Elective Inpatients,,4,,122,418,3.42622950819672,,125,745,5.96,
2021Q4,,S08000022,,S12000035,,Elective Inpatients,,4,,98,232,2.36734693877551,,105,307,2.92380952380952,
2022Q1,,S08000022,,S12000035,,Elective Inpatients,,4,,100,309,3.09,,100,467,4.67,
2022Q2,,S08000022,,S12000035,,Elective Inpatients,,4,,113,342,3.02654867256637,,115,547,4.75652173913043,
2022Q3,,S08000022,,S12000035,,Elective Inpatients,,4,,131,288,2.19847328244275,,130,398,3.06153846153846,
2022Q4,p,S08000022,,S12000035,,Elective Inpatients,,4,,142,451,3.17605633802817,,145,665,4.58620689655172,
2017Q4,,S08000022,,S12000035,,Elective Inpatients,,5,,63,113,1.79365079365079,,65,178,2.73846153846154,
2018Q1,,S08000022,,S12000035,,Elective Inpatients,,5,,49,99,2.02040816326531,,50,118,2.36,
2018Q2,,S08000022,,S12000035,,Elective Inpatients,,5,,49,86,1.75510204081633,,50,175,3.5,
2018Q3,,S08000022,,S12000035,,Elective Inpatients,,5,,59,116,1.96610169491525,,60,225,3.75,
2018Q4,,S08000022,,S12000035,,Elective Inpatients,,5,,49,104,2.12244897959184,,50,159,3.18,
2019Q1,,S08000022,,S12000035,,Elective Inpatients,,5,,60,172,2.86666666666667,,60,181,3.01666666666667,
2019Q2,,S08000022,,S12000035,,Elective Inpatients,,5,,59,94,1.59322033898305,,60,146,2.43333333333333,
2019Q3,,S08000022,,S12000035,,Elective Inpatients,,5,,49,146,2.97959183673469,,50,159,3.18,
2019Q4,,S08000022,,S12000035,,Elective Inpatients,,5,,54,99,1.83333333333333,,55,203,3.69090909090909,
2020Q1,,S08000022,,S12000035,,Elective Inpatients,,5,,54,110,2.03703703703704,,55,143,2.6,
2020Q2,,S08000022,,S12000035,,Elective Inpatients,,5,,15,84,5.6,,17,124,7.29411764705882,
2020Q3,,S08000022,,S12000035,,Elective Inpatients,,5,,39,82,2.1025641025641,,40,106,2.65,
2020Q4,,S08000022,,S12000035,,Elective Inpatients,,5,,33,149,4.51515151515152,,30,147,4.9,
2021Q1,,S08000022,,S12000035,,Elective Inpatients,,5,,46,106,2.30434782608696,,45,130,2.88888888888889,
2021Q2,,S08000022,,S12000035,,Elective Inpatients,,5,,48,95,1.97916666666667,,50,432,8.64,
2021Q3,,S08000022,,S12000035,,Elective Inpatients,,5,,45,83,1.84444444444444,,45,121,2.68888888888889,
2021Q4,,S08000022,,S12000035,,Elective Inpatients,,5,,32,74,2.3125,,32,87,2.71875,
2022Q1,,S08000022,,S12000035,,Elective Inpatients,,5,,46,97,2.10869565217391,,45,169,3.75555555555556,
2022Q2,,S08000022,,S12000035,,Elective Inpatients,,5,,34,125,3.67647058823529,,35,163,4.65714285714286,
2022Q3,,S08000022,,S12000035,,Elective Inpatients,,5,,38,69,1.81578947368421,,40,117,2.925,
2022Q4,p,S08000022,,S12000035,,Elective Inpatients,,5,,50,66,1.32,,50,99,1.98,
2017Q4,,S08000022,,S12000017,,Elective Inpatients,,1,,154,343,2.22727272727273,,160,607,3.79375,
2018Q1,,S08000022,,S12000017,,Elective Inpatients,,1,,127,463,3.64566929133858,,130,599,4.60769230769231,
2018Q2,,S08000022,,S12000017,,Elective Inpatients,,1,,165,359,2.17575757575758,,160,456,2.85,
2018Q3,,S08000022,,S12000017,,Elective Inpatients,,1,,190,458,2.41052631578947,,185,726,3.92432432432432,
2018Q4,,S08000022,,S12000017,,Elective Inpatients,,1,,168,397,2.36309523809524,,175,690,3.94285714285714,
2019Q1,,S08000022,,S12000017,,Elective Inpatients,,1,,155,336,2.16774193548387,,150,460,3.06666666666667,
2019Q2,,S08000022,,S12000017,,Elective Inpatients,,1,,175,570,3.25714285714286,,175,851,4.86285714285714,
2019Q3,,S08000022,,S12000017,,Elective Inpatients,,1,,161,364,2.26086956521739,,160,1199,7.49375,
2019Q4,,S08000022,,S12000017,,Elective Inpatients,,1,,124,259,2.08870967741935,,130,620,4.76923076923077,
2020Q1,,S08000022,,S12000017,,Elective Inpatients,,1,,135,345,2.55555555555556,,135,618,4.57777777777778,
2020Q2,,S08000022,,S12000017,,Elective Inpatients,,1,,63,97,1.53968253968254,,65,232,3.56923076923077,
2020Q3,,S08000022,,S12000017,,Elective Inpatients,,1,,85,227,2.67058823529412,,80,464,5.8,
2020Q4,,S08000022,,S12000017,,Elective Inpatients,,1,,107,222,2.07476635514019,,110,483,4.39090909090909,
2021Q1,,S08000022,,S12000017,,Elective Inpatients,,1,,90,285,3.16666666666667,,95,361,3.8,
2021Q2,,S08000022,,S12000017,,Elective Inpatients,,1,,108,331,3.06481481481481,,105,394,3.75238095238095,
2021Q3,,S08000022,,S12000017,,Elective Inpatients,,1,,111,351,3.16216216216216,,110,554,5.03636363636364,
2021Q4,,S08000022,,S12000017,,Elective Inpatients,,1,,85,253,2.97647058823529,,90,487,5.41111111111111,
2022Q1,,S08000022,,S12000017,,Elective Inpatients,,1,,81,173,2.1358024691358,,85,322,3.78823529411765,
2022Q2,,S08000022,,S12000017,,Elective Inpatients,,1,,74,203,2.74324324324324,,75,267,3.56,
2022Q3,,S08000022,,S12000017,,Elective Inpatients,,1,,113,261,2.30973451327434,,115,429,3.7304347826087,
2022Q4,p,S08000022,,S12000017,,Elective Inpatients,,1,,124,389,3.13709677419355,,130,606,4.66153846153846,
2017Q4,,S08000022,,S12000017,,Elective Inpatients,,2,,304,885,2.91118421052632,,305,1272,4.17049180327869,
2018Q1,,S08000022,,S12000017,,Elective Inpatients,,2,,231,604,2.61471861471861,,235,798,3.39574468085106,
2018Q2,,S08000022,,S12000017,,Elective Inpatients,,2,,312,660,2.11538461538462,,310,1083,3.49354838709677,
2018Q3,,S08000022,,S12000017,,Elective Inpatients,,2,,316,787,2.49050632911392,,320,1208,3.775,
2018Q4,,S08000022,,S12000017,,Elective Inpatients,,2,,326,832,2.5521472392638,,330,1283,3.88787878787879,
2019Q1,,S08000022,,S12000017,,Elective Inpatients,,2,,272,623,2.29044117647059,,270,953,3.52962962962963,
2019Q2,,S08000022,,S12000017,,Elective Inpatients,,2,,276,652,2.36231884057971,,285,1023,3.58947368421053,
2019Q3,,S08000022,,S12000017,,Elective Inpatients,,2,,240,569,2.37083333333333,,240,1050,4.375,
2019Q4,,S08000022,,S12000017,,Elective Inpatients,,2,,245,459,1.8734693877551,,256,955,3.73046875,
2020Q1,,S08000022,,S12000017,,Elective Inpatients,,2,,209,444,2.1244019138756,,215,673,3.13023255813953,
2020Q2,,S08000022,,S12000017,,Elective Inpatients,,2,,70,139,1.98571428571429,,70,293,4.18571428571429,
2020Q3,,S08000022,,S12000017,,Elective Inpatients,,2,,159,388,2.44025157232704,,160,498,3.1125,
2020Q4,,S08000022,,S12000017,,Elective Inpatients,,2,,165,407,2.46666666666667,,165,844,5.11515151515152,
2021Q1,,S08000022,,S12000017,,Elective Inpatients,,2,,111,346,3.11711711711712,,115,686,5.96521739130435,
2021Q2,,S08000022,,S12000017,,Elective Inpatients,,2,,152,348,2.28947368421053,,150,644,4.29333333333333,
2021Q3,,S08000022,,S12000017,,Elective Inpatients,,2,,163,555,3.40490797546012,,165,830,5.03030303030303,
2021Q4,,S08000022,,S12000017,,Elective Inpatients,,2,,141,389,2.75886524822695,,150,611,4.07333333333333,
2022Q1,,S08000022,,S12000017,,Elective Inpatients,,2,,96,236,2.45833333333333,,105,438,4.17142857142857,
2022Q2,,S08000022,,S12000017,,Elective Inpatients,,2,,141,397,2.81560283687943,,140,552,3.94285714285714,
2022Q3,,S08000022,,S12000017,,Elective Inpatients,,2,,176,443,2.51704545454545,,180,707,3.92777777777778,
2022Q4,p,S08000022,,S12000017,,Elective Inpatients,,2,,203,439,2.16256157635468,,205,617,3.00975609756098,
2017Q4,,S08000022,,S12000017,,Elective Inpatients,,3,,540,1540,2.85185185185185,,550,2440,4.43636363636364,
2018Q1,,S08000022,,S12000017,,Elective Inpatients,,3,,447,1097,2.45413870246085,,450,1478,3.28444444444444,
2018Q2,,S08000022,,S12000017,,Elective Inpatients,,3,,611,1444,2.3633387888707,,620,2218,3.57741935483871,
2018Q3,,S08000022,,S12000017,,Elective Inpatients,,3,,581,1329,2.28743545611015,,585,1876,3.20683760683761,
2018Q4,,S08000022,,S12000017,,Elective Inpatients,,3,,535,1283,2.3981308411215,,540,2416,4.47407407407407,
2019Q1,,S08000022,,S12000017,,Elective Inpatients,,3,,551,1203,2.18330308529946,,565,2270,4.01769911504425,
2019Q2,,S08000022,,S12000017,,Elective Inpatients,,3,,631,1603,2.54041204437401,,630,2198,3.48888888888889,
2019Q3,,S08000022,,S12000017,,Elective Inpatients,,3,,618,1503,2.43203883495146,,630,2333,3.7031746031746,
2019Q4,,S08000022,,S12000017,,Elective Inpatients,,3,,525,1394,2.6552380952381,,545,1996,3.66238532110092,
2020Q1,,S08000022,,S12000017,,Elective Inpatients,,3,,402,902,2.24378109452736,,415,1394,3.35903614457831,
2020Q2,,S08000022,,S12000017,,Elective Inpatients,,3,,151,385,2.54966887417219,,155,845,5.45161290322581,
2020Q3,,S08000022,,S12000017,,Elective Inpatients,,3,,288,773,2.68402777777778,,305,1167,3.82622950819672,
2020Q4,,S08000022,,S12000017,,Elective Inpatients,,3,,356,3024,8.49438202247191,,365,3781,10.358904109589,
2021Q1,,S08000022,,S12000017,,Elective Inpatients,,3,,223,608,2.7264573991031398,,235,1035,4.40425531914894,
2021Q2,,S08000022,,S12000017,,Elective Inpatients,,3,,344,906,2.63372093023256,,345,1299,3.76521739130435,
2021Q3,,S08000022,,S12000017,,Elective Inpatients,,3,,343,915,2.66763848396501,,345,1613,4.67536231884058,
2021Q4,,S08000022,,S12000017,,Elective Inpatients,,3,,358,1264,3.53072625698324,,370,1833,4.95405405405405,
2022Q1,,S08000022,,S12000017,,Elective Inpatients,,3,,260,699,2.68846153846154,,270,1040,3.85185185185185,
2022Q2,,S08000022,,S12000017,,Elective Inpatients,,3,,373,945,2.53351206434316,,370,1643,4.44054054054054,
2022Q3,,S08000022,,S12000017,,Elective Inpatients,,3,,392,1056,2.69387755102041,,390,1381,3.54102564102564,
2022Q4,p,S08000022,,S12000017,,Elective Inpatients,,3,,462,1369,2.96320346320346,,481,2322,4.82744282744283,
2017Q4,,S08000022,,S12000017,,Elective Inpatients,,4,,425,1042,2.45176470588235,,435,1490,3.42528735632184,
2018Q1,,S08000022,,S12000017,,Elective Inpatients,,4,,346,816,2.35838150289017,,350,1093,3.12285714285714,
2018Q2,,S08000022,,S12000017,,Elective Inpatients,,4,,475,1172,2.46736842105263,,470,1801,3.83191489361702,
2018Q3,,S08000022,,S12000017,,Elective Inpatients,,4,,492,1132,2.30081300813008,,500,1710,3.42,
2018Q4,,S08000022,,S12000017,,Elective Inpatients,,4,,434,1229,2.83179723502304,,440,1534,3.48636363636364,
2019Q1,,S08000022,,S12000017,,Elective Inpatients,,4,,435,1040,2.39080459770115,,430,1467,3.41162790697674,
2019Q2,,S08000022,,S12000017,,Elective Inpatients,,4,,518,1203,2.32239382239382,,525,2020,3.84761904761905,
2019Q3,,S08000022,,S12000017,,Elective Inpatients,,4,,500,1132,2.264,,500,2010,4.02,
2019Q4,,S08000022,,S12000017,,Elective Inpatients,,4,,408,1070,2.62254901960784,,430,1500,3.48837209302326,
2020Q1,,S08000022,,S12000017,,Elective Inpatients,,4,,374,1002,2.67914438502674,,375,1683,4.488,
2020Q2,,S08000022,,S12000017,,Elective Inpatients,,4,,142,312,2.19718309859155,,145,905,6.24137931034483,
2020Q3,,S08000022,,S12000017,,Elective Inpatients,,4,,199,532,2.67336683417085,,200,948,4.74,
2020Q4,,S08000022,,S12000017,,Elective Inpatients,,4,,232,648,2.79310344827586,,240,1138,4.74166666666667,
2021Q1,,S08000022,,S12000017,,Elective Inpatients,,4,,179,352,1.96648044692737,,185,911,4.92432432432432,
2021Q2,,S08000022,,S12000017,,Elective Inpatients,,4,,291,853,2.93127147766323,,295,1647,5.58305084745763,
2021Q3,,S08000022,,S12000017,,Elective Inpatients,,4,,265,734,2.76981132075472,,265,1032,3.89433962264151,
2021Q4,,S08000022,,S12000017,,Elective Inpatients,,4,,245,706,2.88163265306122,,245,1163,4.7469387755102,
2022Q1,,S08000022,,S12000017,,Elective Inpatients,,4,,218,488,2.23853211009174,,230,1014,4.40869565217391,
2022Q2,,S08000022,,S12000017,,Elective Inpatients,,4,,290,670,2.31034482758621,,290,964,3.32413793103448,
2022Q3,,S08000022,,S12000017,,Elective Inpatients,,4,,328,750,2.28658536585366,,335,1170,3.49253731343284,
2022Q4,p,S08000022,,S12000017,,Elective Inpatients,,4,,356,968,2.71910112359551,,365,1643,4.5013698630137,
2017Q4,,S08000022,,S12000017,,Elective Inpatients,,5,,114,378,3.31578947368421,,115,428,3.72173913043478,
2018Q1,,S08000022,,S12000017,,Elective Inpatients,,5,,78,189,2.42307692307692,,75,260,3.46666666666667,
2018Q2,,S08000022,,S12000017,,Elective Inpatients,,5,,112,243,2.16964285714286,,115,390,3.39130434782609,
2018Q3,,S08000022,,S12000017,,Elective Inpatients,,5,,120,300,2.5,,125,422,3.376,
2018Q4,,S08000022,,S12000017,,Elective Inpatients,,5,,104,309,2.97115384615385,,105,337,3.20952380952381,
2019Q1,,S08000022,,S12000017,,Elective Inpatients,,5,,105,310,2.95238095238095,,105,362,3.44761904761905,
2019Q2,,S08000022,,S12000017,,Elective Inpatients,,5,,120,303,2.525,,120,419,3.49166666666667,
2019Q3,,S08000022,,S12000017,,Elective Inpatients,,5,,107,300,2.80373831775701,,105,375,3.57142857142857,
2019Q4,,S08000022,,S12000017,,Elective Inpatients,,5,,108,287,2.65740740740741,,115,495,4.30434782608696,
2020Q1,,S08000022,,S12000017,,Elective Inpatients,,5,,80,196,2.45,,80,358,4.475,
2020Q2,,S08000022,,S12000017,,Elective Inpatients,,5,,29,61,2.10344827586207,,30,57,1.9,
2020Q3,,S08000022,,S12000017,,Elective Inpatients,,5,,46,74,1.60869565217391,,50,185,3.7,
2020Q4,,S08000022,,S12000017,,Elective Inpatients,,5,,60,162,2.7,,60,215,3.58333333333333,
2021Q1,,S08000022,,S12000017,,Elective Inpatients,,5,,51,94,1.84313725490196,,55,148,2.69090909090909,
2021Q2,,S08000022,,S12000017,,Elective Inpatients,,5,,67,134,2,,73,254,3.47945205479452,
2021Q3,,S08000022,,S12000017,,Elective Inpatients,,5,,47,115,2.4468085106383,,45,216,4.8,
2021Q4,,S08000022,,S12000017,,Elective Inpatients,,5,,54,264,4.88888888888889,,55,457,8.30909090909091,
2022Q1,,S08000022,,S12000017,,Elective Inpatients,,5,,46,136,2.95652173913043,,45,222,4.93333333333333,
2022Q2,,S08000022,,S12000017,,Elective Inpatients,,5,,60,135,2.25,,60,306,5.1,
2022Q3,,S08000022,,S12000017,,Elective Inpatients,,5,,82,306,3.73170731707317,,85,410,4.82352941176471,
2022Q4,p,S08000022,,S12000017,,Elective Inpatients,,5,,90,220,2.44444444444444,,90,283,3.14444444444444,
2017Q4,,S08000022,,S08000022,d,Elective Inpatients,,1,,239,583,2.43933054393305,,246,943,3.83333333333333,
2018Q1,,S08000022,,S08000022,d,Elective Inpatients,,1,,182,641,3.52197802197802,,191,903,4.72774869109948,
2018Q2,,S08000022,,S08000022,d,Elective Inpatients,,1,,257,554,2.1556420233463,,254,725,2.85433070866142,
2018Q3,,S08000022,,S08000022,d,Elective Inpatients,,1,,284,749,2.63732394366197,,281,980,3.48754448398576,
2018Q4,,S08000022,,S08000022,d,Elective Inpatients,,1,,238,609,2.55882352941176,,246,1122,4.5609756097561,
2019Q1,,S08000022,,S08000022,d,Elective Inpatients,,1,,238,497,2.08823529411765,,234,667,2.85042735042735,
2019Q2,,S08000022,,S08000022,d,Elective Inpatients,,1,,246,681,2.76829268292683,,247,976,3.95141700404858,
2019Q3,,S08000022,,S08000022,d,Elective Inpatients,,1,,233,507,2.17596566523605,,237,1390,5.86497890295359,
2019Q4,,S08000022,,S08000022,d,Elective Inpatients,,1,,200,478,2.39,,210,926,4.40952380952381,
2020Q1,,S08000022,,S08000022,d,Elective Inpatients,,1,,202,588,2.91089108910891,,205,912,4.44878048780488,
2020Q2,,S08000022,,S08000022,d,Elective Inpatients,,1,,80,171,2.1375,,81,347,4.28395061728395,
2020Q3,,S08000022,,S08000022,d,Elective Inpatients,,1,,122,315,2.58196721311475,,118,567,4.80508474576271,
2020Q4,,S08000022,,S08000022,d,Elective Inpatients,,1,,157,324,2.06369426751592,,161,608,3.77639751552795,
2021Q1,,S08000022,,S08000022,d,Elective Inpatients,,1,,133,431,3.2406015037594,,137,643,4.69343065693431,
2021Q2,,S08000022,,S08000022,d,Elective Inpatients,,1,,156,485,3.10897435897436,,154,565,3.66883116883117,
2021Q3,,S08000022,,S08000022,d,Elective Inpatients,,1,,162,468,2.88888888888889,,161,710,4.40993788819876,
2021Q4,,S08000022,,S08000022,d,Elective Inpatients,,1,,125,383,3.064,,129,653,5.06201550387597,
2022Q1,,S08000022,,S08000022,d,Elective Inpatients,,1,,130,291,2.23846153846154,,133,494,3.71428571428571,
2022Q2,,S08000022,,S08000022,d,Elective Inpatients,,1,,103,307,2.98058252427184,,110,415,3.77272727272727,
2022Q3,,S08000022,,S08000022,d,Elective Inpatients,,1,,167,399,2.38922155688623,,168,631,3.75595238095238,
2022Q4,p,S08000022,,S08000022,d,Elective Inpatients,,1,,171,520,3.04093567251462,,174,792,4.55172413793103,
2017Q4,,S08000022,,S08000022,d,Elective Inpatients,,2,,418,1224,2.92822966507177,,425,1739,4.09176470588235,
2018Q1,,S08000022,,S08000022,d,Elective Inpatients,,2,,351,1037,2.95441595441595,,350,1206,3.44571428571429,
2018Q2,,S08000022,,S08000022,d,Elective Inpatients,,2,,447,1036,2.31767337807606,,447,1553,3.47427293064877,
2018Q3,,S08000022,,S08000022,d,Elective Inpatients,,2,,451,1130,2.50554323725055,,452,1749,3.86946902654867,
2018Q4,,S08000022,,S08000022,d,Elective Inpatients,,2,,468,1413,3.01923076923077,,470,2022,4.30212765957447,
2019Q1,,S08000022,,S08000022,d,Elective Inpatients,,2,,386,921,2.3860103626943,,388,1417,3.6520618556701,
2019Q2,,S08000022,,S08000022,d,Elective Inpatients,,2,,420,1017,2.42142857142857,,428,1490,3.48130841121495,
2019Q3,,S08000022,,S08000022,d,Elective Inpatients,,2,,351,942,2.68376068376068,,347,1517,4.37175792507205,
2019Q4,,S08000022,,S08000022,d,Elective Inpatients,,2,,357,876,2.45378151260504,,370,1515,4.0945945945946,
2020Q1,,S08000022,,S08000022,d,Elective Inpatients,,2,,316,717,2.26898734177215,,325,1062,3.26769230769231,
2020Q2,,S08000022,,S08000022,d,Elective Inpatients,,2,,101,246,2.43564356435644,,97,412,4.24742268041237,
2020Q3,,S08000022,,S08000022,d,Elective Inpatients,,2,,229,596,2.60262008733624,,231,867,3.75324675324675,
2020Q4,,S08000022,,S08000022,d,Elective Inpatients,,2,,266,702,2.6390977443609,,269,1187,4.41263940520446,
2021Q1,,S08000022,,S08000022,d,Elective Inpatients,,2,,187,581,3.10695187165775,,188,961,5.11170212765957,
2021Q2,,S08000022,,S08000022,d,Elective Inpatients,,2,,254,671,2.64173228346457,,254,1011,3.98031496062992,
2021Q3,,S08000022,,S08000022,d,Elective Inpatients,,2,,261,804,3.08045977011494,,262,1093,4.17175572519084,
2021Q4,,S08000022,,S08000022,d,Elective Inpatients,,2,,221,560,2.53393665158371,,231,1000,4.32900432900433,
2022Q1,,S08000022,,S08000022,d,Elective Inpatients,,2,,160,373,2.33125,,169,605,3.57988165680473,
2022Q2,,S08000022,,S08000022,d,Elective Inpatients,,2,,228,654,2.86842105263158,,228,846,3.71052631578947,
2022Q3,,S08000022,,S08000022,d,Elective Inpatients,,2,,285,801,2.81052631578947,,289,1142,3.95155709342561,
2022Q4,p,S08000022,,S08000022,d,Elective Inpatients,,2,,305,681,2.2327868852459,,311,1010,3.2475884244373,
2017Q4,,S08000022,,S08000022,d,Elective Inpatients,,3,,886,2661,3.00338600451467,,897,3873,4.31772575250836,
2018Q1,,S08000022,,S08000022,d,Elective Inpatients,,3,,759,2135,2.8129117259552,,762,3006,3.94488188976378,
2018Q2,,S08000022,,S08000022,d,Elective Inpatients,,3,,954,2562,2.68553459119497,,959,3466,3.61418143899896,
2018Q3,,S08000022,,S08000022,d,Elective Inpatients,,3,,954,2398,2.51362683438155,,962,3311,3.44178794178794,
2018Q4,,S08000022,,S08000022,d,Elective Inpatients,,3,,900,2358,2.62,,915,3948,4.31475409836066,
2019Q1,,S08000022,,S08000022,d,Elective Inpatients,,3,,910,2461,2.7043956043956,,917,3582,3.9062159214831,
2019Q2,,S08000022,,S08000022,d,Elective Inpatients,,3,,944,2531,2.68114406779661,,945,3366,3.56190476190476,
2019Q3,,S08000022,,S08000022,d,Elective Inpatients,,3,,958,2322,2.42379958246347,,968,3308,3.41735537190083,
2019Q4,,S08000022,,S08000022,d,Elective Inpatients,,3,,831,2236,2.69073405535499,,847,3045,3.59504132231405,
2020Q1,,S08000022,,S08000022,d,Elective Inpatients,,3,,708,1764,2.49152542372881,,720,2730,3.79166666666667,
2020Q2,,S08000022,,S08000022,d,Elective Inpatients,,3,,232,705,3.03879310344828,,234,1309,5.59401709401709,
2020Q3,,S08000022,,S08000022,d,Elective Inpatients,,3,,465,1284,2.76129032258065,,481,1958,4.07068607068607,
2020Q4,,S08000022,,S08000022,d,Elective Inpatients,,3,,601,3680,6.12312811980033,,618,4914,7.95145631067961,
2021Q1,,S08000022,,S08000022,d,Elective Inpatients,,3,,424,1341,3.1627358490566,,437,1909,4.36842105263158,
2021Q2,,S08000022,,S08000022,d,Elective Inpatients,,3,,615,1632,2.65365853658537,,616,2194,3.56168831168831,
2021Q3,,S08000022,,S08000022,d,Elective Inpatients,,3,,590,1678,2.84406779661017,,591,2470,4.17935702199662,
2021Q4,,S08000022,,S08000022,d,Elective Inpatients,,3,,594,1992,3.35353535353535,,606,2959,4.88283828382838,
2022Q1,,S08000022,,S08000022,d,Elective Inpatients,,3,,483,1284,2.6583850931677,,494,1876,3.79757085020243,
2022Q2,,S08000022,,S08000022,d,Elective Inpatients,,3,,611,1489,2.43698854337152,,607,2439,4.01812191103789,
2022Q3,,S08000022,,S08000022,d,Elective Inpatients,,3,,671,1816,2.70640834575261,,678,2574,3.79646017699115,
2022Q4,p,S08000022,,S08000022,d,Elective Inpatients,,3,,701,1925,2.74607703281027,,721,3100,4.2995839112344,
2017Q4,,S08000022,,S08000022,d,Elective Inpatients,,4,,574,1479,2.57665505226481,,586,2334,3.98293515358362,
2018Q1,,S08000022,,S08000022,d,Elective Inpatients,,4,,500,1198,2.396,,502,1548,3.08366533864542,
2018Q2,,S08000022,,S08000022,d,Elective Inpatients,,4,,638,1717,2.69122257053292,,636,2442,3.83962264150943,
2018Q3,,S08000022,,S08000022,d,Elective Inpatients,,4,,652,1554,2.38343558282209,,657,2334,3.55251141552511,
2018Q4,,S08000022,,S08000022,d,Elective Inpatients,,4,,592,1732,2.92567567567568,,598,2130,3.561872909699,
2019Q1,,S08000022,,S08000022,d,Elective Inpatients,,4,,609,1413,2.32019704433498,,604,1960,3.24503311258278,
2019Q2,,S08000022,,S08000022,d,Elective Inpatients,,4,,663,1549,2.33634992458522,,672,2489,3.70386904761905,
2019Q3,,S08000022,,S08000022,d,Elective Inpatients,,4,,642,1521,2.36915887850467,,639,2553,3.99530516431925,
2019Q4,,S08000022,,S08000022,d,Elective Inpatients,,4,,543,1429,2.6316758747698,,569,1983,3.48506151142355,
2020Q1,,S08000022,,S08000022,d,Elective Inpatients,,4,,522,1317,2.52298850574713,,524,2176,4.15267175572519,
2020Q2,,S08000022,,S08000022,d,Elective Inpatients,,4,,190,526,2.76842105263158,,193,1185,6.139896373057,
2020Q3,,S08000022,,S08000022,d,Elective Inpatients,,4,,295,719,2.43728813559322,,298,1190,3.99328859060403,
2020Q4,,S08000022,,S08000022,d,Elective Inpatients,,4,,359,958,2.66852367688022,,363,1489,4.10192837465565,
2021Q1,,S08000022,,S08000022,d,Elective Inpatients,,4,,284,769,2.70774647887324,,289,1391,4.81314878892734,
2021Q2,,S08000022,,S08000022,d,Elective Inpatients,,4,,415,1258,3.03132530120482,,413,2139,5.17917675544794,
2021Q3,,S08000022,,S08000022,d,Elective Inpatients,,4,,387,1152,2.97674418604651,,393,1777,4.52162849872774,
2021Q4,,S08000022,,S08000022,d,Elective Inpatients,,4,,343,938,2.73469387755102,,350,1470,4.2,
2022Q1,,S08000022,,S08000022,d,Elective Inpatients,,4,,318,797,2.5062893081761,,327,1481,4.52905198776758,
2022Q2,,S08000022,,S08000022,d,Elective Inpatients,,4,,403,1012,2.51116625310174,,407,1511,3.71253071253071,
2022Q3,,S08000022,,S08000022,d,Elective Inpatients,,4,,459,1038,2.26143790849673,,468,1568,3.35042735042735,
2022Q4,p,S08000022,,S08000022,d,Elective Inpatients,,4,,498,1419,2.84939759036145,,507,2308,4.55226824457594,
2017Q4,,S08000022,,S08000022,d,Elective Inpatients,,5,,177,491,2.77401129943503,,180,606,3.36666666666667,
2018Q1,,S08000022,,S08000022,d,Elective Inpatients,,5,,127,288,2.26771653543307,,126,380,3.01587301587302,
2018Q2,,S08000022,,S08000022,d,Elective Inpatients,,5,,161,329,2.04347826086957,,165,565,3.42424242424242,
2018Q3,,S08000022,,S08000022,d,Elective Inpatients,,5,,179,416,2.32402234636872,,185,647,3.4972972972973,
2018Q4,,S08000022,,S08000022,d,Elective Inpatients,,5,,153,413,2.69934640522876,,154,496,3.22077922077922,
2019Q1,,S08000022,,S08000022,d,Elective Inpatients,,5,,165,482,2.92121212121212,,162,543,3.35185185185185,
2019Q2,,S08000022,,S08000022,d,Elective Inpatients,,5,,179,397,2.21787709497207,,179,565,3.15642458100559,
2019Q3,,S08000022,,S08000022,d,Elective Inpatients,,5,,156,446,2.85897435897436,,154,534,3.46753246753247,
2019Q4,,S08000022,,S08000022,d,Elective Inpatients,,5,,162,386,2.38271604938272,,168,698,4.1547619047619,
2020Q1,,S08000022,,S08000022,d,Elective Inpatients,,5,,134,306,2.28358208955224,,134,501,3.73880597014925,
2020Q2,,S08000022,,S08000022,d,Elective Inpatients,,5,,44,145,3.29545454545455,,46,181,3.93478260869565,
2020Q3,,S08000022,,S08000022,d,Elective Inpatients,,5,,85,156,1.83529411764706,,91,291,3.1978021978022,
2020Q4,,S08000022,,S08000022,d,Elective Inpatients,,5,,93,311,3.34408602150538,,90,362,4.02222222222222,
2021Q1,,S08000022,,S08000022,d,Elective Inpatients,,5,,97,200,2.06185567010309,,98,278,2.83673469387755,
2021Q2,,S08000022,,S08000022,d,Elective Inpatients,,5,,115,229,1.99130434782609,,123,686,5.57723577235772,
2021Q3,,S08000022,,S08000022,d,Elective Inpatients,,5,,92,198,2.15217391304348,,90,337,3.74444444444444,
2021Q4,,S08000022,,S08000022,d,Elective Inpatients,,5,,86,338,3.93023255813953,,89,544,6.1123595505618,
2022Q1,,S08000022,,S08000022,d,Elective Inpatients,,5,,92,233,2.53260869565217,,90,391,4.34444444444444,
2022Q2,,S08000022,,S08000022,d,Elective Inpatients,,5,,94,260,2.76595744680851,,94,469,4.98936170212766,
2022Q3,,S08000022,,S08000022,d,Elective Inpatients,,5,,120,375,3.125,,124,527,4.25,
2022Q4,p,S08000022,,S08000022,d,Elective Inpatients,,5,,140,286,2.04285714285714,,142,382,2.69014084507042,
2017Q4,,S08000032,,S08000032,d,Elective Inpatients,,1,,1138,3566,3.1335676625659,,1171,4757,4.06233988044406,
2018Q1,,S08000032,,S08000032,d,Elective Inpatients,,1,,1136,2645,2.32834507042254,,1149,3875,3.37249782419495,
2018Q2,,S08000032,,S08000032,d,Elective Inpatients,,1,,1090,2514,2.30642201834862,,1088,3683,3.38511029411765,
2018Q3,,S08000032,,S08000032,d,Elective Inpatients,,1,,1098,2835,2.58196721311475,,1105,4213,3.81266968325792,
2018Q4,,S08000032,,S08000032,d,Elective Inpatients,,1,,1158,2719,2.34801381692573,,1174,4904,4.17717206132879,
2019Q1,,S08000032,,S08000032,d,Elective Inpatients,,1,,1139,2860,2.51097453906936,,1148,3793,3.30400696864112,
2019Q2,,S08000032,,S08000032,d,Elective Inpatients,,1,,1089,2867,2.63269054178145,,1107,4314,3.8970189701897,
2019Q3,,S08000032,,S08000032,d,Elective Inpatients,,1,,1007,2527,2.50943396226415,,1029,4069,3.95432458697765,
2019Q4,,S08000032,,S08000032,d,Elective Inpatients,,1,,1055,2426,2.29952606635071,,1064,3707,3.48402255639098,
2020Q1,,S08000032,,S08000032,d,Elective Inpatients,,1,,922,1895,2.05531453362256,,935,3162,3.38181818181818,
2020Q2,,S08000032,,S08000032,d,Elective Inpatients,,1,,361,803,2.22437673130194,,350,1244,3.55428571428571,
2020Q3,,S08000032,,S08000032,d,Elective Inpatients,,1,,514,1112,2.16342412451362,,522,1882,3.60536398467433,
2020Q4,,S08000032,,S08000032,d,Elective Inpatients,,1,,618,1517,2.4546925566343,,624,2539,4.06891025641026,
2021Q1,,S08000032,,S08000032,d,Elective Inpatients,,1,,557,1509,2.70915619389587,,559,2407,4.30590339892666,
2021Q2,,S08000032,,S08000032,d,Elective Inpatients,,1,,744,1725,2.31854838709677,,751,2953,3.93209054593875,
2021Q3,,S08000032,,S08000032,d,Elective Inpatients,,1,,636,1727,2.71540880503145,,643,2589,4.02643856920684,
2021Q4,,S08000032,,S08000032,d,Elective Inpatients,,1,,552,1356,2.45652173913043,,558,2259,4.04838709677419,
2022Q1,,S08000032,,S08000032,d,Elective Inpatients,,1,,543,1751,3.22467771639042,,544,2285,4.20036764705882,
2022Q2,,S08000032,,S08000032,d,Elective Inpatients,,1,,652,1442,2.21165644171779,,662,2917,4.40634441087613,
2022Q3,,S08000032,,S08000032,d,Elective Inpatients,,1,,829,1779,2.145958986731,,831,3318,3.9927797833935,
2022Q4,p,S08000032,,S08000032,d,Elective Inpatients,,1,,768,1595,2.07682291666667,,778,2712,3.48586118251928,
2017Q4,,S08000032,,S08000032,d,Elective Inpatients,,2,,1199,3259,2.71809841534612,,1210,4753,3.92809917355372,
2018Q1,,S08000032,,S08000032,d,Elective Inpatients,,2,,1106,2701,2.44213381555154,,1122,4451,3.96702317290553,
2018Q2,,S08000032,,S08000032,d,Elective Inpatients,,2,,1060,2785,2.62735849056604,,1064,3785,3.55733082706767,
2018Q3,,S08000032,,S08000032,d,Elective Inpatients,,2,,1098,2735,2.49089253187614,,1109,3712,3.34715960324617,
2018Q4,,S08000032,,S08000032,d,Elective Inpatients,,2,,1152,3010,2.61284722222222,,1170,4409,3.76837606837607,
2019Q1,,S08000032,,S08000032,d,Elective Inpatients,,2,,1131,2500,2.210433244916,,1136,3954,3.4806338028169,
2019Q2,,S08000032,,S08000032,d,Elective Inpatients,,2,,1081,2716,2.51248843663275,,1074,3460,3.22160148975791,
2019Q3,,S08000032,,S08000032,d,Elective Inpatients,,2,,1078,2374,2.20222634508349,,1095,3947,3.60456621004566,
2019Q4,,S08000032,,S08000032,d,Elective Inpatients,,2,,1014,2214,2.18343195266272,,1040,3512,3.37692307692308,
2020Q1,,S08000032,,S08000032,d,Elective Inpatients,,2,,861,1974,2.29268292682927,,875,3287,3.75657142857143,
2020Q2,,S08000032,,S08000032,d,Elective Inpatients,,2,,318,908,2.85534591194969,,308,1392,4.51948051948052,
2020Q3,,S08000032,,S08000032,d,Elective Inpatients,,2,,553,2902,5.24773960216998,,557,3965,7.11849192100539,
2020Q4,,S08000032,,S08000032,d,Elective Inpatients,,2,,600,1328,2.21333333333333,,609,1996,3.27750410509031,
2021Q1,,S08000032,,S08000032,d,Elective Inpatients,,2,,531,1874,3.52919020715631,,526,2362,4.49049429657795,
2021Q2,,S08000032,,S08000032,d,Elective Inpatients,,2,,726,1692,2.33057851239669,,729,2624,3.59945130315501,
2021Q3,,S08000032,,S08000032,d,Elective Inpatients,,2,,704,1581,2.24573863636364,,712,2604,3.65730337078652,
2021Q4,,S08000032,,S08000032,d,Elective Inpatients,,2,,541,1495,2.7634011090573,,549,2602,4.73952641165756,
2022Q1,,S08000032,,S08000032,d,Elective Inpatients,,2,,578,1409,2.43771626297578,,565,2007,3.55221238938053,
2022Q2,,S08000032,,S08000032,d,Elective Inpatients,,2,,671,1591,2.37108792846498,,676,3079,4.55473372781065,
2022Q3,,S08000032,,S08000032,d,Elective Inpatients,,2,,718,1537,2.14066852367688,,716,2328,3.25139664804469,
2022Q4,p,S08000032,,S08000032,d,Elective Inpatients,,2,,696,1531,2.19971264367816,,705,2442,3.46382978723404,
2017Q4,,S08000032,,S08000032,d,Elective Inpatients,,3,,695,1878,2.70215827338129,,713,3026,4.24403927068724,
2018Q1,,S08000032,,S08000032,d,Elective Inpatients,,3,,719,1702,2.36717663421419,,724,2502,3.45580110497238,
2018Q2,,S08000032,,S08000032,d,Elective Inpatients,,3,,683,1824,2.6705710102489,,675,2437,3.61037037037037,
2018Q3,,S08000032,,S08000032,d,Elective Inpatients,,3,,673,1584,2.35364041604755,,685,2419,3.53138686131387,
2018Q4,,S08000032,,S08000032,d,Elective Inpatients,,3,,708,1720,2.42937853107345,,719,2666,3.70792767732962,
2019Q1,,S08000032,,S08000032,d,Elective Inpatients,,3,,737,1558,2.11397557666214,,745,2512,3.37181208053691,
2019Q2,,S08000032,,S08000032,d,Elective Inpatients,,3,,609,1484,2.4367816091954,,614,1965,3.20032573289902,
2019Q3,,S08000032,,S08000032,d,Elective Inpatients,,3,,657,1464,2.2283105022831,,668,2177,3.25898203592814,
2019Q4,,S08000032,,S08000032,d,Elective Inpatients,,3,,670,1388,2.07164179104478,,686,2066,3.01166180758017,
2020Q1,,S08000032,,S08000032,d,Elective Inpatients,,3,,599,1329,2.21869782971619,,599,1860,3.10517529215359,
2020Q2,,S08000032,,S08000032,d,Elective Inpatients,,3,,194,472,2.43298969072165,,195,1073,5.5025641025641,
2020Q3,,S08000032,,S08000032,d,Elective Inpatients,,3,,328,1067,3.2530487804878,,320,1575,4.921875,
2020Q4,,S08000032,,S08000032,d,Elective Inpatients,,3,,401,1053,2.62593516209476,,412,1950,4.73300970873786,
2021Q1,,S08000032,,S08000032,d,Elective Inpatients,,3,,327,801,2.44954128440367,,324,1169,3.60802469135802,
2021Q2,,S08000032,,S08000032,d,Elective Inpatients,,3,,430,847,1.96976744186047,,439,1813,4.12984054669704,
2021Q3,,S08000032,,S08000032,d,Elective Inpatients,,3,,436,989,2.26834862385321,,440,1601,3.63863636363636,
2021Q4,,S08000032,,S08000032,d,Elective Inpatients,,3,,312,876,2.80769230769231,,320,1267,3.959375,
2022Q1,,S08000032,,S08000032,d,Elective Inpatients,,3,,379,906,2.39050131926121,,371,1181,3.1832884097035,
2022Q2,,S08000032,,S08000032,d,Elective Inpatients,,3,,409,1089,2.66259168704156,,417,1814,4.35011990407674,
2022Q3,,S08000032,,S08000032,d,Elective Inpatients,,3,,547,1089,1.9908592321755,,543,1652,3.04235727440147,
2022Q4,p,S08000032,,S08000032,d,Elective Inpatients,,3,,483,1068,2.2111801242236,,490,1784,3.64081632653061,
2017Q4,,S08000032,,S08000032,d,Elective Inpatients,,4,,660,1532,2.32121212121212,,672,2492,3.70833333333333,
2018Q1,,S08000032,,S08000032,d,Elective Inpatients,,4,,628,1333,2.12261146496815,,624,2074,3.32371794871795,
2018Q2,,S08000032,,S08000032,d,Elective Inpatients,,4,,662,1974,2.98187311178248,,675,2644,3.91703703703704,
2018Q3,,S08000032,,S08000032,d,Elective Inpatients,,4,,661,1677,2.53706505295008,,668,2328,3.48502994011976,
2018Q4,,S08000032,,S08000032,d,Elective Inpatients,,4,,616,1345,2.18344155844156,,622,2236,3.59485530546624,
2019Q1,,S08000032,,S08000032,d,Elective Inpatients,,4,,667,1360,2.03898050974513,,667,1922,2.8815592203898,
2019Q2,,S08000032,,S08000032,d,Elective Inpatients,,4,,671,1345,2.00447093889717,,671,2129,3.17287630402384,
2019Q3,,S08000032,,S08000032,d,Elective Inpatients,,4,,614,1431,2.33061889250814,,631,2118,3.35657686212361,
2019Q4,,S08000032,,S08000032,d,Elective Inpatients,,4,,667,1464,2.19490254872564,,673,2141,3.18127786032689,
2020Q1,,S08000032,,S08000032,d,Elective Inpatients,,4,,569,1214,2.1335676625659,,577,1876,3.25129982668977,
2020Q2,,S08000032,,S08000032,d,Elective Inpatients,,4,,172,454,2.63953488372093,,166,779,4.69277108433735,
2020Q3,,S08000032,,S08000032,d,Elective Inpatients,,4,,324,777,2.39814814814815,,324,1194,3.68518518518519,
2020Q4,,S08000032,,S08000032,d,Elective Inpatients,,4,,395,834,2.11139240506329,,400,1374,3.435,
2021Q1,,S08000032,,S08000032,d,Elective Inpatients,,4,,345,754,2.18550724637681,,343,1021,2.97667638483965,
2021Q2,,S08000032,,S08000032,d,Elective Inpatients,,4,,471,952,2.02123142250531,,481,1627,3.38253638253638,
2021Q3,,S08000032,,S08000032,d,Elective Inpatients,,4,,426,884,2.07511737089202,,433,1214,2.80369515011547,
2021Q4,,S08000032,,S08000032,d,Elective Inpatients,,4,,385,1044,2.71168831168831,,392,1528,3.89795918367347,
2022Q1,,S08000032,,S08000032,d,Elective Inpatients,,4,,356,671,1.88483146067416,,356,1195,3.35674157303371,
2022Q2,,S08000032,,S08000032,d,Elective Inpatients,,4,,436,925,2.12155963302752,,440,1744,3.96363636363636,
2022Q3,,S08000032,,S08000032,d,Elective Inpatients,,4,,546,1130,2.06959706959707,,549,1837,3.34608378870674,
2022Q4,p,S08000032,,S08000032,d,Elective Inpatients,,4,,475,1164,2.45052631578947,,481,1798,3.73804573804574,
2017Q4,,S08000032,,S08000032,d,Elective Inpatients,,5,,474,1092,2.3037974683544298,,486,1883,3.87448559670782,
2018Q1,,S08000032,,S08000032,d,Elective Inpatients,,5,,544,1407,2.58639705882353,,549,2011,3.66302367941712,
2018Q2,,S08000032,,S08000032,d,Elective Inpatients,,5,,509,1161,2.28094302554027,,514,1462,2.8443579766537,
2018Q3,,S08000032,,S08000032,d,Elective Inpatients,,5,,469,1097,2.33901918976546,,477,1601,3.35639412997904,
2018Q4,,S08000032,,S08000032,d,Elective Inpatients,,5,,480,1013,2.11041666666667,,491,1531,3.11812627291242,
2019Q1,,S08000032,,S08000032,d,Elective Inpatients,,5,,471,932,1.97876857749469,,474,1218,2.56962025316456,
2019Q2,,S08000032,,S08000032,d,Elective Inpatients,,5,,453,994,2.19426048565121,,460,1501,3.26304347826087,
2019Q3,,S08000032,,S08000032,d,Elective Inpatients,,5,,440,1089,2.475,,436,1436,3.29357798165138,
2019Q4,,S08000032,,S08000032,d,Elective Inpatients,,5,,499,1034,2.07214428857715,,506,1684,3.32806324110672,
2020Q1,,S08000032,,S08000032,d,Elective Inpatients,,5,,399,908,2.27568922305764,,408,1401,3.43382352941176,
2020Q2,,S08000032,,S08000032,d,Elective Inpatients,,5,,125,318,2.544,,125,436,3.488,
2020Q3,,S08000032,,S08000032,d,Elective Inpatients,,5,,243,482,1.98353909465021,,241,746,3.0954356846473,
2020Q4,,S08000032,,S08000032,d,Elective Inpatients,,5,,331,823,2.48640483383686,,336,1125,3.34821428571429,
2021Q1,,S08000032,,S08000032,d,Elective Inpatients,,5,,266,506,1.90225563909774,,270,844,3.12592592592593,
2021Q2,,S08000032,,S08000032,d,Elective Inpatients,,5,,361,712,1.97229916897507,,354,1094,3.09039548022599,
2021Q3,,S08000032,,S08000032,d,Elective Inpatients,,5,,329,947,2.87841945288754,,330,1215,3.68181818181818,
2021Q4,,S08000032,,S08000032,d,Elective Inpatients,,5,,296,634,2.14189189189189,,303,1012,3.33993399339934,
2022Q1,,S08000032,,S08000032,d,Elective Inpatients,,5,,282,868,3.07801418439716,,280,1158,4.13571428571429,
2022Q2,,S08000032,,S08000032,d,Elective Inpatients,,5,,287,1060,3.69337979094077,,286,1407,4.91958041958042,
2022Q3,,S08000032,,S08000032,d,Elective Inpatients,,5,,412,724,1.75728155339806,,409,1265,3.09290953545232,
2022Q4,p,S08000032,,S08000032,d,Elective Inpatients,,5,,351,797,2.27065527065527,,356,1270,3.56741573033708,
2017Q4,,S08000032,,S12000050,,Elective Inpatients,,1,,680,2089,3.07205882352941,,700,2672,3.81714285714286,
2018Q1,,S08000032,,S12000050,,Elective Inpatients,,1,,707,1491,2.10891089108911,,718,2200,3.06406685236769,
2018Q2,,S08000032,,S12000050,,Elective Inpatients,,1,,663,1448,2.18401206636501,,663,2273,3.42835595776772,
2018Q3,,S08000032,,S12000050,,Elective Inpatients,,1,,664,1725,2.59789156626506,,667,2450,3.67316341829085,
2018Q4,,S08000032,,S12000050,,Elective Inpatients,,1,,722,1647,2.28116343490305,,737,3309,4.48982360922659,
2019Q1,,S08000032,,S12000050,,Elective Inpatients,,1,,701,1841,2.6262482168331,,708,2437,3.44209039548023,
2019Q2,,S08000032,,S12000050,,Elective Inpatients,,1,,688,1843,2.67877906976744,,697,2948,4.22955523672884,
2019Q3,,S08000032,,S12000050,,Elective Inpatients,,1,,615,1689,2.74634146341463,,635,2841,4.4740157480315,
2019Q4,,S08000032,,S12000050,,Elective Inpatients,,1,,639,1528,2.39123630672926,,642,2280,3.55140186915888,
2020Q1,,S08000032,,S12000050,,Elective Inpatients,,1,,522,1000,1.91570881226054,,531,1816,3.41996233521657,
2020Q2,,S08000032,,S12000050,,Elective Inpatients,,1,,220,518,2.35454545454545,,210,760,3.61904761904762,
2020Q3,,S08000032,,S12000050,,Elective Inpatients,,1,,307,699,2.27687296416938,,310,1180,3.80645161290323,
2020Q4,,S08000032,,S12000050,,Elective Inpatients,,1,,371,925,2.49326145552561,,377,1510,4.0053050397878,
2021Q1,,S08000032,,S12000050,,Elective Inpatients,,1,,325,827,2.54461538461538,,320,1395,4.359375,
2021Q2,,S08000032,,S12000050,,Elective Inpatients,,1,,493,1182,2.39756592292089,,495,2072,4.18585858585859,
2021Q3,,S08000032,,S12000050,,Elective Inpatients,,1,,410,1199,2.92439024390244,,420,1820,4.33333333333333,
2021Q4,,S08000032,,S12000050,,Elective Inpatients,,1,,301,726,2.41196013289037,,305,1410,4.62295081967213,
2022Q1,,S08000032,,S12000050,,Elective Inpatients,,1,,320,959,2.996875,,320,1110,3.46875,
2022Q2,,S08000032,,S12000050,,Elective Inpatients,,1,,423,930,2.19858156028369,,428,1746,4.07943925233645,
2022Q3,,S08000032,,S12000050,,Elective Inpatients,,1,,541,1185,2.19038817005545,,545,2425,4.44954128440367,
2022Q4,p,S08000032,,S12000050,,Elective Inpatients,,1,,459,953,2.07625272331155,,465,1605,3.45161290322581,
2017Q4,,S08000032,,S12000050,,Elective Inpatients,,2,,608,1942,3.19407894736842,,610,2575,4.22131147540984,
2018Q1,,S08000032,,S12000050,,Elective Inpatients,,2,,613,1586,2.58727569331158,,624,2904,4.65384615384615,
2018Q2,,S08000032,,S12000050,,Elective Inpatients,,2,,563,1521,2.70159857904085,,567,2077,3.663139329806,
2018Q3,,S08000032,,S12000050,,Elective Inpatients,,2,,612,1444,2.35947712418301,,618,1981,3.20550161812298,
2018Q4,,S08000032,,S12000050,,Elective Inpatients,,2,,653,1586,2.42879019908116,,662,2389,3.60876132930514,
2019Q1,,S08000032,,S12000050,,Elective Inpatients,,2,,630,1315,2.08730158730159,,638,2025,3.17398119122257,
2019Q2,,S08000032,,S12000050,,Elective Inpatients,,2,,621,1600,2.57648953301127,,607,1952,3.2158154859967,
2019Q3,,S08000032,,S12000050,,Elective Inpatients,,2,,625,1577,2.5232,,630,2548,4.04444444444444,
2019Q4,,S08000032,,S12000050,,Elective Inpatients,,2,,557,1029,1.84739676840215,,576,1926,3.34375,
2020Q1,,S08000032,,S12000050,,Elective Inpatients,,2,,485,1059,2.18350515463918,,491,1831,3.72912423625255,
2020Q2,,S08000032,,S12000050,,Elective Inpatients,,2,,181,664,3.66850828729282,,177,858,4.84745762711864,
2020Q3,,S08000032,,S12000050,,Elective Inpatients,,2,,308,655,2.12662337662338,,309,1260,4.07766990291262,
2020Q4,,S08000032,,S12000050,,Elective Inpatients,,2,,320,797,2.490625,,325,1106,3.40307692307692,
2021Q1,,S08000032,,S12000050,,Elective Inpatients,,2,,290,811,2.79655172413793,,290,1131,3.9,
2021Q2,,S08000032,,S12000050,,Elective Inpatients,,2,,389,1017,2.61439588688946,,385,1428,3.70909090909091,
2021Q3,,S08000032,,S12000050,,Elective Inpatients,,2,,381,909,2.38582677165354,,382,1310,3.42931937172775,
2021Q4,,S08000032,,S12000050,,Elective Inpatients,,2,,306,953,3.11437908496732,,310,1549,4.99677419354839,
2022Q1,,S08000032,,S12000050,,Elective Inpatients,,2,,321,832,2.59190031152648,,310,1174,3.78709677419355,
2022Q2,,S08000032,,S12000050,,Elective Inpatients,,2,,344,853,2.4796511627907,,350,1944,5.55428571428571,
2022Q3,,S08000032,,S12000050,,Elective Inpatients,,2,,392,885,2.25765306122449,,385,1320,3.42857142857143,
2022Q4,p,S08000032,,S12000050,,Elective Inpatients,,2,,350,846,2.41714285714286,,360,1210,3.36111111111111,
2017Q4,,S08000032,,S12000050,,Elective Inpatients,,3,,279,849,3.04301075268817,,296,1514,5.11486486486486,
2018Q1,,S08000032,,S12000050,,Elective Inpatients,,3,,265,612,2.30943396226415,,267,946,3.54307116104869,
2018Q2,,S08000032,,S12000050,,Elective Inpatients,,3,,300,802,2.67333333333333,,292,993,3.40068493150685,
2018Q3,,S08000032,,S12000050,,Elective Inpatients,,3,,267,676,2.53183520599251,,271,1022,3.77121771217712,
2018Q4,,S08000032,,S12000050,,Elective Inpatients,,3,,302,837,2.77152317880795,,306,1327,4.33660130718954,
2019Q1,,S08000032,,S12000050,,Elective Inpatients,,3,,306,557,1.8202614379085,,312,1063,3.40705128205128,
2019Q2,,S08000032,,S12000050,,Elective Inpatients,,3,,266,603,2.26691729323308,,269,845,3.14126394052045,
2019Q3,,S08000032,,S12000050,,Elective Inpatients,,3,,307,648,2.11074918566775,,308,946,3.07142857142857,
2019Q4,,S08000032,,S12000050,,Elective Inpatients,,3,,259,620,2.39382239382239,,269,903,3.35687732342007,
2020Q1,,S08000032,,S12000050,,Elective Inpatients,,3,,228,538,2.35964912280702,,226,712,3.15044247787611,
2020Q2,,S08000032,,S12000050,,Elective Inpatients,,3,,82,195,2.3780487804878,,80,341,4.2625,
2020Q3,,S08000032,,S12000050,,Elective Inpatients,,3,,135,287,2.12592592592593,,129,507,3.93023255813953,
2020Q4,,S08000032,,S12000050,,Elective Inpatients,,3,,172,368,2.13953488372093,,180,781,4.33888888888889,
2021Q1,,S08000032,,S12000050,,Elective Inpatients,,3,,144,366,2.54166666666667,,142,466,3.28169014084507,
2021Q2,,S08000032,,S12000050,,Elective Inpatients,,3,,189,371,1.96296296296296,,190,623,3.27894736842105,
2021Q3,,S08000032,,S12000050,,Elective Inpatients,,3,,194,459,2.3659793814433,,200,836,4.18,
2021Q4,,S08000032,,S12000050,,Elective Inpatients,,3,,132,463,3.50757575757576,,135,720,5.33333333333333,
2022Q1,,S08000032,,S12000050,,Elective Inpatients,,3,,167,399,2.38922155688623,,165,447,2.70909090909091,
2022Q2,,S08000032,,S12000050,,Elective Inpatients,,3,,188,625,3.32446808510638,,195,1083,5.55384615384615,
2022Q3,,S08000032,,S12000050,,Elective Inpatients,,3,,230,349,1.51739130434783,,225,640,2.84444444444444,
2022Q4,p,S08000032,,S12000050,,Elective Inpatients,,3,,197,423,2.14720812182741,,200,766,3.83,
2017Q4,,S08000032,,S12000050,,Elective Inpatients,,4,,306,747,2.44117647058824,,314,1262,4.01910828025478,
2018Q1,,S08000032,,S12000050,,Elective Inpatients,,4,,285,647,2.27017543859649,,279,900,3.2258064516129,
2018Q2,,S08000032,,S12000050,,Elective Inpatients,,4,,300,1037,3.45666666666667,,309,1283,4.15210355987055,
2018Q3,,S08000032,,S12000050,,Elective Inpatients,,4,,284,751,2.6443661971831,,287,1103,3.84320557491289,
2018Q4,,S08000032,,S12000050,,Elective Inpatients,,4,,271,649,2.39483394833948,,273,1111,4.06959706959707,
2019Q1,,S08000032,,S12000050,,Elective Inpatients,,4,,313,576,1.84025559105431,,315,825,2.61904761904762,
2019Q2,,S08000032,,S12000050,,Elective Inpatients,,4,,297,561,1.88888888888889,,298,819,2.74832214765101,
2019Q3,,S08000032,,S12000050,,Elective Inpatients,,4,,296,588,1.98648648648649,,308,927,3.00974025974026,
2019Q4,,S08000032,,S12000050,,Elective Inpatients,,4,,304,650,2.13815789473684,,306,943,3.08169934640523,
2020Q1,,S08000032,,S12000050,,Elective Inpatients,,4,,267,536,2.00749063670412,,267,796,2.9812734082397,
2020Q2,,S08000032,,S12000050,,Elective Inpatients,,4,,77,156,2.02597402597403,,70,227,3.24285714285714,
2020Q3,,S08000032,,S12000050,,Elective Inpatients,,4,,139,298,2.14388489208633,,140,492,3.51428571428571,
2020Q4,,S08000032,,S12000050,,Elective Inpatients,,4,,176,398,2.26136363636364,,175,618,3.53142857142857,
2021Q1,,S08000032,,S12000050,,Elective Inpatients,,4,,161,395,2.45341614906832,,160,482,3.0125,
2021Q2,,S08000032,,S12000050,,Elective Inpatients,,4,,223,381,1.7085201793722,,227,595,2.62114537444934,
2021Q3,,S08000032,,S12000050,,Elective Inpatients,,4,,198,359,1.81313131313131,,200,530,2.65,
2021Q4,,S08000032,,S12000050,,Elective Inpatients,,4,,188,511,2.71808510638298,,195,877,4.4974358974359,
2022Q1,,S08000032,,S12000050,,Elective Inpatients,,4,,153,304,1.98692810457516,,150,541,3.60666666666667,
2022Q2,,S08000032,,S12000050,,Elective Inpatients,,4,,205,396,1.93170731707317,,205,845,4.1219512195122,
2022Q3,,S08000032,,S12000050,,Elective Inpatients,,4,,271,401,1.47970479704797,,270,764,2.82962962962963,
2022Q4,p,S08000032,,S12000050,,Elective Inpatients,,4,,237,462,1.9493670886076,,240,954,3.975,
2017Q4,,S08000032,,S12000050,,Elective Inpatients,,5,,165,444,2.69090909090909,,170,814,4.78823529411765,
2018Q1,,S08000032,,S12000050,,Elective Inpatients,,5,,209,604,2.88995215311005,,215,847,3.93953488372093,
2018Q2,,S08000032,,S12000050,,Elective Inpatients,,5,,181,356,1.96685082872928,,184,484,2.6304347826087,
2018Q3,,S08000032,,S12000050,,Elective Inpatients,,5,,172,436,2.53488372093023,,175,607,3.46857142857143,
2018Q4,,S08000032,,S12000050,,Elective Inpatients,,5,,188,392,2.08510638297872,,195,712,3.65128205128205,
2019Q1,,S08000032,,S12000050,,Elective Inpatients,,5,,196,423,2.15816326530612,,196,481,2.45408163265306,
2019Q2,,S08000032,,S12000050,,Elective Inpatients,,5,,183,396,2.16393442622951,,185,545,2.94594594594595,
2019Q3,,S08000032,,S12000050,,Elective Inpatients,,5,,190,502,2.6421052631579,,187,600,3.20855614973262,
2019Q4,,S08000032,,S12000050,,Elective Inpatients,,5,,206,413,2.00485436893204,,209,756,3.61722488038277,
2020Q1,,S08000032,,S12000050,,Elective Inpatients,,5,,143,319,2.23076923076923,,148,436,2.94594594594595,
2020Q2,,S08000032,,S12000050,,Elective Inpatients,,5,,58,122,2.10344827586207,,60,219,3.65,
2020Q3,,S08000032,,S12000050,,Elective Inpatients,,5,,104,213,2.04807692307692,,100,313,3.13,
2020Q4,,S08000032,,S12000050,,Elective Inpatients,,5,,119,302,2.53781512605042,,120,430,3.58333333333333,
2021Q1,,S08000032,,S12000050,,Elective Inpatients,,5,,94,174,1.85106382978723,,95,333,3.50526315789474,
2021Q2,,S08000032,,S12000050,,Elective Inpatients,,5,,148,274,1.85135135135135,,145,357,2.46206896551724,
2021Q3,,S08000032,,S12000050,,Elective Inpatients,,5,,131,505,3.85496183206107,,130,517,3.97692307692308,
2021Q4,,S08000032,,S12000050,,Elective Inpatients,,5,,110,292,2.65454545454545,,110,473,4.3,
2022Q1,,S08000032,,S12000050,,Elective Inpatients,,5,,111,240,2.16216216216216,,110,283,2.57272727272727,
2022Q2,,S08000032,,S12000050,,Elective Inpatients,,5,,105,239,2.27619047619048,,105,396,3.77142857142857,
2022Q3,,S08000032,,S12000050,,Elective Inpatients,,5,,160,282,1.7625,,160,572,3.575,
2022Q4,p,S08000032,,S12000050,,Elective Inpatients,,5,,130,293,2.25384615384615,,135,473,3.5037037037037,
2017Q4,,S08000032,,S12000029,,Elective Inpatients,,1,,458,1477,3.22489082969432,,471,2085,4.42675159235669,
2018Q1,,S08000032,,S12000029,,Elective Inpatients,,1,,429,1154,2.68997668997669,,431,1675,3.88631090487239,
2018Q2,,S08000032,,S12000029,,Elective Inpatients,,1,,427,1066,2.49648711943794,,425,1410,3.31764705882353,
2018Q3,,S08000032,,S12000029,,Elective Inpatients,,1,,434,1110,2.55760368663594,,438,1763,4.02511415525114,
2018Q4,,S08000032,,S12000029,,Elective Inpatients,,1,,436,1072,2.45871559633028,,437,1595,3.64988558352403,
2019Q1,,S08000032,,S12000029,,Elective Inpatients,,1,,438,1019,2.32648401826484,,440,1356,3.08181818181818,
2019Q2,,S08000032,,S12000029,,Elective Inpatients,,1,,401,1024,2.55361596009975,,410,1366,3.33170731707317,
2019Q3,,S08000032,,S12000029,,Elective Inpatients,,1,,392,838,2.13775510204082,,394,1228,3.11675126903553,
2019Q4,,S08000032,,S12000029,,Elective Inpatients,,1,,416,898,2.15865384615385,,422,1427,3.38151658767773,
2020Q1,,S08000032,,S12000029,,Elective Inpatients,,1,,400,895,2.2375,,404,1346,3.33168316831683,
2020Q2,,S08000032,,S12000029,,Elective Inpatients,,1,,141,285,2.02127659574468,,140,484,3.45714285714286,
2020Q3,,S08000032,,S12000029,,Elective Inpatients,,1,,207,413,1.9951690821256,,212,702,3.31132075471698,
2020Q4,,S08000032,,S12000029,,Elective Inpatients,,1,,247,592,2.39676113360324,,247,1029,4.16599190283401,
2021Q1,,S08000032,,S12000029,,Elective Inpatients,,1,,232,682,2.93965517241379,,235,1012,4.3063829787234,
2021Q2,,S08000032,,S12000029,,Elective Inpatients,,1,,251,543,2.16334661354582,,260,881,3.38846153846154,
2021Q3,,S08000032,,S12000029,,Elective Inpatients,,1,,226,528,2.33628318584071,,225,769,3.41777777777778,
2021Q4,,S08000032,,S12000029,,Elective Inpatients,,1,,251,630,2.50996015936255,,250,849,3.396,
2022Q1,,S08000032,,S12000029,,Elective Inpatients,,1,,223,792,3.55156950672646,,225,1175,5.22222222222222,
2022Q2,,S08000032,,S12000029,,Elective Inpatients,,1,,229,512,2.23580786026201,,234,1171,5.0042735042735,
2022Q3,,S08000032,,S12000029,,Elective Inpatients,,1,,288,594,2.0625,,285,893,3.13333333333333,
2022Q4,p,S08000032,,S12000029,,Elective Inpatients,,1,,309,642,2.07766990291262,,310,1107,3.57096774193548,
2017Q4,,S08000032,,S12000029,,Elective Inpatients,,2,,591,1317,2.22842639593909,,600,2178,3.63,
2018Q1,,S08000032,,S12000029,,Elective Inpatients,,2,,493,1115,2.26166328600406,,498,1547,3.10642570281124,
2018Q2,,S08000032,,S12000029,,Elective Inpatients,,2,,497,1264,2.54325955734406,,497,1708,3.43661971830986,
2018Q3,,S08000032,,S12000029,,Elective Inpatients,,2,,486,1291,2.65637860082305,,491,1731,3.5254582484725,
2018Q4,,S08000032,,S12000029,,Elective Inpatients,,2,,499,1424,2.85370741482966,,508,2020,3.97637795275591,
2019Q1,,S08000032,,S12000029,,Elective Inpatients,,2,,501,1185,2.36526946107784,,498,1929,3.87349397590361,
2019Q2,,S08000032,,S12000029,,Elective Inpatients,,2,,460,1116,2.42608695652174,,467,1508,3.22912205567452,
2019Q3,,S08000032,,S12000029,,Elective Inpatients,,2,,453,797,1.75938189845475,,465,1399,3.00860215053763,
2019Q4,,S08000032,,S12000029,,Elective Inpatients,,2,,457,1185,2.59299781181619,,464,1586,3.41810344827586,
2020Q1,,S08000032,,S12000029,,Elective Inpatients,,2,,376,915,2.43351063829787,,384,1456,3.79166666666667,
2020Q2,,S08000032,,S12000029,,Elective Inpatients,,2,,137,244,1.78102189781022,,131,534,4.0763358778626,
2020Q3,,S08000032,,S12000029,,Elective Inpatients,,2,,245,2247,9.17142857142857,,248,2705,10.9072580645161,
2020Q4,,S08000032,,S12000029,,Elective Inpatients,,2,,280,531,1.89642857142857,,285,890,3.12280701754386,
2021Q1,,S08000032,,S12000029,,Elective Inpatients,,2,,241,1063,4.41078838174274,,235,1231,5.23829787234043,
2021Q2,,S08000032,,S12000029,,Elective Inpatients,,2,,337,675,2.00296735905045,,345,1196,3.46666666666667,
2021Q3,,S08000032,,S12000029,,Elective Inpatients,,2,,323,672,2.08049535603715,,330,1294,3.92121212121212,
2021Q4,,S08000032,,S12000029,,Elective Inpatients,,2,,235,542,2.3063829787234,,239,1053,4.40585774058577,
2022Q1,,S08000032,,S12000029,,Elective Inpatients,,2,,257,577,2.24513618677043,,255,833,3.26666666666667,
2022Q2,,S08000032,,S12000029,,Elective Inpatients,,2,,327,738,2.25688073394495,,330,1135,3.43939393939394,
2022Q3,,S08000032,,S12000029,,Elective Inpatients,,2,,326,652,2,,330,1008,3.05454545454545,
2022Q4,p,S08000032,,S12000029,,Elective Inpatients,,2,,346,685,1.97976878612717,,346,1232,3.5606936416185,
2017Q4,,S08000032,,S12000029,,Elective Inpatients,,3,,416,1029,2.47355769230769,,417,1512,3.62589928057554,
2018Q1,,S08000032,,S12000029,,Elective Inpatients,,3,,454,1090,2.40088105726872,,455,1556,3.41978021978022,
2018Q2,,S08000032,,S12000029,,Elective Inpatients,,3,,383,1022,2.66840731070496,,383,1444,3.77023498694517,
2018Q3,,S08000032,,S12000029,,Elective Inpatients,,3,,406,908,2.23645320197044,,414,1397,3.3743961352657,
2018Q4,,S08000032,,S12000029,,Elective Inpatients,,3,,406,883,2.17487684729064,,413,1339,3.24213075060533,
2019Q1,,S08000032,,S12000029,,Elective Inpatients,,3,,431,1001,2.32250580046404,,433,1449,3.34642032332563,
2019Q2,,S08000032,,S12000029,,Elective Inpatients,,3,,343,881,2.56851311953353,,345,1120,3.2463768115942,
2019Q3,,S08000032,,S12000029,,Elective Inpatients,,3,,350,816,2.33142857142857,,360,1231,3.41944444444444,
2019Q4,,S08000032,,S12000029,,Elective Inpatients,,3,,411,768,1.86861313868613,,417,1163,2.78896882494005,
2020Q1,,S08000032,,S12000029,,Elective Inpatients,,3,,371,791,2.13207547169811,,373,1148,3.07774798927614,
2020Q2,,S08000032,,S12000029,,Elective Inpatients,,3,,112,277,2.47321428571429,,115,732,6.36521739130435,
2020Q3,,S08000032,,S12000029,,Elective Inpatients,,3,,193,780,4.04145077720207,,190,1068,5.62105263157895,
2020Q4,,S08000032,,S12000029,,Elective Inpatients,,3,,229,685,2.99126637554585,,235,1169,4.97446808510638,
2021Q1,,S08000032,,S12000029,,Elective Inpatients,,3,,183,435,2.37704918032787,,180,703,3.90555555555556,
2021Q2,,S08000032,,S12000029,,Elective Inpatients,,3,,241,476,1.97510373443983,,250,1190,4.76,
2021Q3,,S08000032,,S12000029,,Elective Inpatients,,3,,242,530,2.1900826446281,,240,765,3.1875,
2021Q4,,S08000032,,S12000029,,Elective Inpatients,,3,,180,413,2.29444444444444,,185,547,2.95675675675676,
2022Q1,,S08000032,,S12000029,,Elective Inpatients,,3,,212,507,2.39150943396226,,210,734,3.4952380952381,
2022Q2,,S08000032,,S12000029,,Elective Inpatients,,3,,221,464,2.09954751131222,,225,731,3.24888888888889,
2022Q3,,S08000032,,S12000029,,Elective Inpatients,,3,,317,740,2.33438485804416,,315,1012,3.21269841269841,
2022Q4,p,S08000032,,S12000029,,Elective Inpatients,,3,,286,645,2.25524475524476,,290,1018,3.51034482758621,
2017Q4,,S08000032,,S12000029,,Elective Inpatients,,4,,354,785,2.21751412429379,,358,1230,3.43575418994413,
2018Q1,,S08000032,,S12000029,,Elective Inpatients,,4,,343,686,2,,345,1174,3.40289855072464,
2018Q2,,S08000032,,S12000029,,Elective Inpatients,,4,,362,937,2.58839779005525,,365,1361,3.72876712328767,
2018Q3,,S08000032,,S12000029,,Elective Inpatients,,4,,377,926,2.45623342175066,,380,1225,3.22368421052632,
2018Q4,,S08000032,,S12000029,,Elective Inpatients,,4,,345,696,2.01739130434783,,349,1125,3.22349570200573,
2019Q1,,S08000032,,S12000029,,Elective Inpatients,,4,,354,784,2.21468926553672,,350,1097,3.13428571428571,
2019Q2,,S08000032,,S12000029,,Elective Inpatients,,4,,374,784,2.09625668449198,,375,1310,3.49333333333333,
2019Q3,,S08000032,,S12000029,,Elective Inpatients,,4,,318,843,2.65094339622642,,323,1191,3.68730650154799,
2019Q4,,S08000032,,S12000029,,Elective Inpatients,,4,,363,814,2.24242424242424,,365,1198,3.28219178082192,
2020Q1,,S08000032,,S12000029,,Elective Inpatients,,4,,302,678,2.24503311258278,,310,1080,3.48387096774194,
2020Q2,,S08000032,,S12000029,,Elective Inpatients,,4,,95,298,3.13684210526316,,95,552,5.81052631578947,
2020Q3,,S08000032,,S12000029,,Elective Inpatients,,4,,185,479,2.58918918918919,,185,702,3.79459459459459,
2020Q4,,S08000032,,S12000029,,Elective Inpatients,,4,,219,436,1.99086757990868,,225,756,3.36,
2021Q1,,S08000032,,S12000029,,Elective Inpatients,,4,,184,359,1.95108695652174,,185,539,2.91351351351351,
2021Q2,,S08000032,,S12000029,,Elective Inpatients,,4,,248,571,2.30241935483871,,255,1032,4.04705882352941,
2021Q3,,S08000032,,S12000029,,Elective Inpatients,,4,,228,525,2.30263157894737,,230,684,2.97391304347826,
2021Q4,,S08000032,,S12000029,,Elective Inpatients,,4,,197,533,2.70558375634518,,200,651,3.255,
2022Q1,,S08000032,,S12000029,,Elective Inpatients,,4,,203,367,1.80788177339901,,205,654,3.19024390243902,
2022Q2,,S08000032,,S12000029,,Elective Inpatients,,4,,231,529,2.29004329004329,,235,899,3.82553191489362,
2022Q3,,S08000032,,S12000029,,Elective Inpatients,,4,,275,729,2.65090909090909,,280,1073,3.83214285714286,
2022Q4,p,S08000032,,S12000029,,Elective Inpatients,,4,,238,702,2.94957983193277,,240,844,3.51666666666667,
2017Q4,,S08000032,,S12000029,,Elective Inpatients,,5,,309,648,2.09708737864078,,315,1069,3.39365079365079,
2018Q1,,S08000032,,S12000029,,Elective Inpatients,,5,,335,803,2.39701492537313,,335,1164,3.47462686567164,
2018Q2,,S08000032,,S12000029,,Elective Inpatients,,5,,328,805,2.45426829268293,,330,978,2.96363636363636,
2018Q3,,S08000032,,S12000029,,Elective Inpatients,,5,,297,661,2.22558922558923,,305,994,3.25901639344262,
2018Q4,,S08000032,,S12000029,,Elective Inpatients,,5,,292,621,2.12671232876712,,300,819,2.73,
2019Q1,,S08000032,,S12000029,,Elective Inpatients,,5,,275,509,1.85090909090909,,280,737,2.63214285714286,
2019Q2,,S08000032,,S12000029,,Elective Inpatients,,5,,270,598,2.21481481481481,,275,955,3.47272727272727,
2019Q3,,S08000032,,S12000029,,Elective Inpatients,,5,,250,587,2.348,,250,836,3.344,
2019Q4,,S08000032,,S12000029,,Elective Inpatients,,5,,293,621,2.11945392491468,,297,928,3.12457912457912,
2020Q1,,S08000032,,S12000029,,Elective Inpatients,,5,,256,589,2.30078125,,260,965,3.71153846153846,
2020Q2,,S08000032,,S12000029,,Elective Inpatients,,5,,67,196,2.92537313432836,,65,217,3.33846153846154,
2020Q3,,S08000032,,S12000029,,Elective Inpatients,,5,,139,269,1.93525179856115,,140,433,3.09285714285714,
2020Q4,,S08000032,,S12000029,,Elective Inpatients,,5,,212,521,2.45754716981132,,215,695,3.23255813953488,
2021Q1,,S08000032,,S12000029,,Elective Inpatients,,5,,172,332,1.93023255813953,,175,511,2.92,
2021Q2,,S08000032,,S12000029,,Elective Inpatients,,5,,213,438,2.05633802816901,,205,737,3.59512195121951,
2021Q3,,S08000032,,S12000029,,Elective Inpatients,,5,,198,442,2.23232323232323,,200,698,3.49,
2021Q4,,S08000032,,S12000029,,Elective Inpatients,,5,,186,342,1.83870967741935,,190,539,2.83684210526316,
2022Q1,,S08000032,,S12000029,,Elective Inpatients,,5,,171,628,3.67251461988304,,170,875,5.14705882352941,
2022Q2,,S08000032,,S12000029,,Elective Inpatients,,5,,182,821,4.51098901098901,,180,1011,5.61666666666667,
2022Q3,,S08000032,,S12000029,,Elective Inpatients,,5,,252,442,1.75396825396825,,250,693,2.772,
2022Q4,p,S08000032,,S12000029,,Elective Inpatients,,5,,221,504,2.28054298642534,,225,797,3.54222222222222,
2017Q4,,S08000024,,S12000010,,Elective Inpatients,,1,,58,157,2.70689655172414,,55,205,3.72727272727273,
2018Q1,,S08000024,,S12000010,,Elective Inpatients,,1,,50,211,4.22,,49,289,5.89795918367347,
2018Q2,,S08000024,,S12000010,,Elective Inpatients,,1,,41,72,1.75609756097561,,40,176,4.4,
2018Q3,,S08000024,,S12000010,,Elective Inpatients,,1,,53,131,2.47169811320755,,55,215,3.90909090909091,
2018Q4,,S08000024,,S12000010,,Elective Inpatients,,1,,42,161,3.83333333333333,,44,178,4.04545454545455,
2019Q1,,S08000024,,S12000010,,Elective Inpatients,,1,,35,140,4,,35,154,4.4,
2019Q2,,S08000024,,S12000010,,Elective Inpatients,,1,,43,78,1.81395348837209,,43,99,2.30232558139535,
2019Q3,,S08000024,,S12000010,,Elective Inpatients,,1,,45,174,3.86666666666667,,43,182,4.23255813953488,
2019Q4,,S08000024,,S12000010,,Elective Inpatients,,1,,40,93,2.325,,40,147,3.675,
2020Q1,,S08000024,,S12000010,,Elective Inpatients,,1,,35,54,1.54285714285714,,35,76,2.17142857142857,
2020Q2,,S08000024,,S12000010,,Elective Inpatients,,1,,10,36,3.6,,10,32,3.2,
2020Q3,,S08000024,,S12000010,,Elective Inpatients,,1,,23,39,1.69565217391304,,25,164,6.56,
2020Q4,,S08000024,,S12000010,,Elective Inpatients,,1,,28,44,1.57142857142857,,28,108,3.85714285714286,
2021Q1,,S08000024,,S12000010,,Elective Inpatients,,1,,27,66,2.44444444444444,,25,111,4.44,
2021Q2,,S08000024,,S12000010,,Elective Inpatients,,1,,25,66,2.64,,25,75,3,
2021Q3,,S08000024,,S12000010,,Elective Inpatients,,1,,31,113,3.64516129032258,,30,158,5.26666666666667,
2021Q4,,S08000024,,S12000010,,Elective Inpatients,,1,,18,29,1.61111111111111,,18,35,1.94444444444444,
2022Q1,,S08000024,,S12000010,,Elective Inpatients,,1,,17,61,3.58823529411765,,17,82,4.82352941176471,
2022Q2,,S08000024,,S12000010,,Elective Inpatients,,1,,23,42,1.82608695652174,,20,50,2.5,
2022Q3,,S08000024,,S12000010,,Elective Inpatients,,1,,33,52,1.57575757575758,,37,185,5,
2022Q4,p,S08000024,,S12000010,,Elective Inpatients,,1,,33,64,1.93939393939394,,30,85,2.83333333333333,
2017Q4,,S08000024,,S12000010,,Elective Inpatients,,2,,211,664,3.14691943127962,,210,1055,5.02380952380952,
2018Q1,,S08000024,,S12000010,,Elective Inpatients,,2,,184,398,2.16304347826087,,185,689,3.72432432432432,
2018Q2,,S08000024,,S12000010,,Elective Inpatients,,2,,236,633,2.68220338983051,,235,730,3.1063829787234,
2018Q3,,S08000024,,S12000010,,Elective Inpatients,,2,,250,739,2.956,,245,1071,4.37142857142857,
2018Q4,,S08000024,,S12000010,,Elective Inpatients,,2,,203,557,2.74384236453202,,200,925,4.625,
2019Q1,,S08000024,,S12000010,,Elective Inpatients,,2,,205,867,4.22926829268293,,205,1211,5.90731707317073,
2019Q2,,S08000024,,S12000010,,Elective Inpatients,,2,,215,474,2.2046511627907,,210,623,2.96666666666667,
2019Q3,,S08000024,,S12000010,,Elective Inpatients,,2,,221,654,2.95927601809955,,225,950,4.22222222222222,
2019Q4,,S08000024,,S12000010,,Elective Inpatients,,2,,202,548,2.71287128712871,,195,642,3.29230769230769,
2020Q1,,S08000024,,S12000010,,Elective Inpatients,,2,,177,567,3.20338983050847,,180,740,4.11111111111111,
2020Q2,,S08000024,,S12000010,,Elective Inpatients,,2,,69,203,2.94202898550725,,70,268,3.82857142857143,
2020Q3,,S08000024,,S12000010,,Elective Inpatients,,2,,148,394,2.66216216216216,,150,549,3.66,
2020Q4,,S08000024,,S12000010,,Elective Inpatients,,2,,169,414,2.44970414201183,,170,668,3.92941176470588,
2021Q1,,S08000024,,S12000010,,Elective Inpatients,,2,,147,476,3.23809523809524,,145,509,3.51034482758621,
2021Q2,,S08000024,,S12000010,,Elective Inpatients,,2,,165,416,2.52121212121212,,165,708,4.29090909090909,
2021Q3,,S08000024,,S12000010,,Elective Inpatients,,2,,157,468,2.98089171974522,,155,679,4.38064516129032,
2021Q4,,S08000024,,S12000010,,Elective Inpatients,,2,,121,352,2.90909090909091,,129,1088,8.43410852713178,
2022Q1,,S08000024,,S12000010,,Elective Inpatients,,2,,142,324,2.28169014084507,,141,407,2.88652482269504,
2022Q2,,S08000024,,S12000010,,Elective Inpatients,,2,,126,271,2.15079365079365,,127,626,4.92913385826772,
2022Q3,,S08000024,,S12000010,,Elective Inpatients,,2,,196,447,2.28061224489796,,194,766,3.94845360824742,
2022Q4,p,S08000024,,S12000010,,Elective Inpatients,,2,,135,270,2,,140,616,4.4,
2017Q4,,S08000024,,S12000010,,Elective Inpatients,,3,,154,470,3.05194805194805,,150,577,3.84666666666667,
2018Q1,,S08000024,,S12000010,,Elective Inpatients,,3,,166,418,2.51807228915663,,165,593,3.59393939393939,
2018Q2,,S08000024,,S12000010,,Elective Inpatients,,3,,170,524,3.08235294117647,,170,641,3.77058823529412,
2018Q3,,S08000024,,S12000010,,Elective Inpatients,,3,,167,759,4.54491017964072,,165,884,5.35757575757576,
2018Q4,,S08000024,,S12000010,,Elective Inpatients,,3,,155,296,1.90967741935484,,155,647,4.1741935483871,
2019Q1,,S08000024,,S12000010,,Elective Inpatients,,3,,154,485,3.14935064935065,,150,403,2.68666666666667,
2019Q2,,S08000024,,S12000010,,Elective Inpatients,,3,,130,369,2.83846153846154,,130,604,4.64615384615385,
2019Q3,,S08000024,,S12000010,,Elective Inpatients,,3,,162,402,2.48148148148148,,165,672,4.07272727272727,
2019Q4,,S08000024,,S12000010,,Elective Inpatients,,3,,147,394,2.68027210884354,,145,789,5.44137931034483,
2020Q1,,S08000024,,S12000010,,Elective Inpatients,,3,,119,366,3.07563025210084,,115,473,4.11304347826087,
2020Q2,,S08000024,,S12000010,,Elective Inpatients,,3,,57,180,3.1578947368421,,60,297,4.95,
2020Q3,,S08000024,,S12000010,,Elective Inpatients,,3,,106,332,3.13207547169811,,105,650,6.19047619047619,
2020Q4,,S08000024,,S12000010,,Elective Inpatients,,3,,114,352,3.08771929824561,,120,531,4.425,
2021Q1,,S08000024,,S12000010,,Elective Inpatients,,3,,108,193,1.78703703703704,,110,344,3.12727272727273,
2021Q2,,S08000024,,S12000010,,Elective Inpatients,,3,,123,550,4.47154471544715,,120,694,5.78333333333333,
2021Q3,,S08000024,,S12000010,,Elective Inpatients,,3,,102,216,2.11764705882353,,105,575,5.47619047619048,
2021Q4,,S08000024,,S12000010,,Elective Inpatients,,3,,96,160,1.66666666666667,,99,360,3.63636363636364,
2022Q1,,S08000024,,S12000010,,Elective Inpatients,,3,,101,309,3.05940594059406,,97,456,4.70103092783505,
2022Q2,,S08000024,,S12000010,,Elective Inpatients,,3,,94,182,1.93617021276596,,99,336,3.39393939393939,
2022Q3,,S08000024,,S12000010,,Elective Inpatients,,3,,106,234,2.20754716981132,,111,617,5.55855855855856,
2022Q4,p,S08000024,,S12000010,,Elective Inpatients,,3,,127,373,2.93700787401575,,124,381,3.07258064516129,
2017Q4,,S08000024,,S12000010,,Elective Inpatients,,4,,135,634,4.6962962962963,,130,422,3.24615384615385,
2018Q1,,S08000024,,S12000010,,Elective Inpatients,,4,,119,263,2.21008403361345,,120,976,8.13333333333333,
2018Q2,,S08000024,,S12000010,,Elective Inpatients,,4,,169,516,3.05325443786982,,170,652,3.83529411764706,
2018Q3,,S08000024,,S12000010,,Elective Inpatients,,4,,154,546,3.54545454545455,,155,766,4.94193548387097,
2018Q4,,S08000024,,S12000010,,Elective Inpatients,,4,,154,422,2.74025974025974,,155,583,3.76129032258065,
2019Q1,,S08000024,,S12000010,,Elective Inpatients,,4,,142,357,2.51408450704225,,145,520,3.58620689655172,
2019Q2,,S08000024,,S12000010,,Elective Inpatients,,4,,116,346,2.98275862068966,,115,427,3.71304347826087,
2019Q3,,S08000024,,S12000010,,Elective Inpatients,,4,,118,414,3.50847457627119,,115,559,4.86086956521739,
2019Q4,,S08000024,,S12000010,,Elective Inpatients,,4,,125,357,2.856,,125,519,4.152,
2020Q1,,S08000024,,S12000010,,Elective Inpatients,,4,,117,544,4.64957264957265,,115,883,7.67826086956522,
2020Q2,,S08000024,,S12000010,,Elective Inpatients,,4,,45,144,3.2,,45,307,6.82222222222222,
2020Q3,,S08000024,,S12000010,,Elective Inpatients,,4,,118,303,2.56779661016949,,120,580,4.83333333333333,
2020Q4,,S08000024,,S12000010,,Elective Inpatients,,4,,102,249,2.44117647058824,,105,349,3.32380952380952,
2021Q1,,S08000024,,S12000010,,Elective Inpatients,,4,,88,137,1.55681818181818,,88,288,3.27272727272727,
2021Q2,,S08000024,,S12000010,,Elective Inpatients,,4,,127,258,2.03149606299213,,130,351,2.7,
2021Q3,,S08000024,,S12000010,,Elective Inpatients,,4,,81,218,2.69135802469136,,80,285,3.5625,
2021Q4,,S08000024,,S12000010,,Elective Inpatients,,4,,74,178,2.40540540540541,,75,270,3.6,
2022Q1,,S08000024,,S12000010,,Elective Inpatients,,4,,92,162,1.76086956521739,,95,437,4.6,
2022Q2,,S08000024,,S12000010,,Elective Inpatients,,4,,102,243,2.38235294117647,,102,410,4.01960784313725,
2022Q3,,S08000024,,S12000010,,Elective Inpatients,,4,,72,156,2.16666666666667,,79,417,5.27848101265823,
2022Q4,p,S08000024,,S12000010,,Elective Inpatients,,4,,118,281,2.38135593220339,,120,395,3.29166666666667,
2017Q4,,S08000024,,S12000010,,Elective Inpatients,,5,,138,516,3.73913043478261,,140,627,4.47857142857143,
2018Q1,,S08000024,,S12000010,,Elective Inpatients,,5,,96,374,3.89583333333333,,95,419,4.41052631578947,
2018Q2,,S08000024,,S12000010,,Elective Inpatients,,5,,121,329,2.71900826446281,,120,373,3.10833333333333,
2018Q3,,S08000024,,S12000010,,Elective Inpatients,,5,,118,236,2,,115,327,2.84347826086957,
2018Q4,,S08000024,,S12000010,,Elective Inpatients,,5,,116,261,2.25,,115,359,3.12173913043478,
2019Q1,,S08000024,,S12000010,,Elective Inpatients,,5,,105,253,2.40952380952381,,105,364,3.46666666666667,
2019Q2,,S08000024,,S12000010,,Elective Inpatients,,5,,94,199,2.11702127659574,,90,312,3.46666666666667,
2019Q3,,S08000024,,S12000010,,Elective Inpatients,,5,,104,240,2.30769230769231,,110,431,3.91818181818182,
2019Q4,,S08000024,,S12000010,,Elective Inpatients,,5,,114,297,2.60526315789474,,115,392,3.40869565217391,
2020Q1,,S08000024,,S12000010,,Elective Inpatients,,5,,96,267,2.78125,,95,421,4.43157894736842,
2020Q2,,S08000024,,S12000010,,Elective Inpatients,,5,,42,143,3.4047619047619,,40,185,4.625,
2020Q3,,S08000024,,S12000010,,Elective Inpatients,,5,,84,156,1.85714285714286,,85,353,4.15294117647059,
2020Q4,,S08000024,,S12000010,,Elective Inpatients,,5,,78,210,2.69230769230769,,77,276,3.58441558441558,
2021Q1,,S08000024,,S12000010,,Elective Inpatients,,5,,73,127,1.73972602739726,,75,297,3.96,
2021Q2,,S08000024,,S12000010,,Elective Inpatients,,5,,82,182,2.21951219512195,,85,238,2.8,
2021Q3,,S08000024,,S12000010,,Elective Inpatients,,5,,81,199,2.45679012345679,,80,234,2.925,
2021Q4,,S08000024,,S12000010,,Elective Inpatients,,5,,66,153,2.31818181818182,,65,265,4.07692307692308,
2022Q1,,S08000024,,S12000010,,Elective Inpatients,,5,,80,230,2.875,,79,329,4.16455696202532,
2022Q2,,S08000024,,S12000010,,Elective Inpatients,,5,,69,133,1.92753623188406,,70,327,4.67142857142857,
2022Q3,,S08000024,,S12000010,,Elective Inpatients,,5,,74,169,2.28378378378378,,70,245,3.5,
2022Q4,p,S08000024,,S12000010,,Elective Inpatients,,5,,78,234,3,,81,409,5.04938271604938,
2022Q3,,S08000024,,S12000010,,Elective Inpatients,,,:,0,0,,z,0,0,,z
2022Q4,p,S08000024,,S12000010,,Elective Inpatients,,,:,10,10,1,,10,12,1.2,
2017Q4,,S08000024,,S12000036,,Elective Inpatients,,1,,437,1322,3.02517162471396,,435,1925,4.42528735632184,
2018Q1,,S08000024,,S12000036,,Elective Inpatients,,1,,364,893,2.4532967032967,,360,1685,4.68055555555556,
2018Q2,,S08000024,,S12000036,,Elective Inpatients,,1,,422,1264,2.99526066350711,,420,1804,4.2952380952381,
2018Q3,,S08000024,,S12000036,,Elective Inpatients,,1,,382,1000,2.61780104712042,,380,1633,4.29736842105263,
2018Q4,,S08000024,,S12000036,,Elective Inpatients,,1,,366,1143,3.12295081967213,,355,1457,4.10422535211268,
2019Q1,,S08000024,,S12000036,,Elective Inpatients,,1,,358,844,2.35754189944134,,360,1248,3.46666666666667,
2019Q2,,S08000024,,S12000036,,Elective Inpatients,,1,,404,1274,3.15346534653465,,395,1500,3.79746835443038,
2019Q3,,S08000024,,S12000036,,Elective Inpatients,,1,,371,1032,2.78167115902965,,370,1390,3.75675675675676,
2019Q4,,S08000024,,S12000036,,Elective Inpatients,,1,,345,1011,2.9304347826087,,340,1314,3.86470588235294,
2020Q1,,S08000024,,S12000036,,Elective Inpatients,,1,,328,895,2.72865853658537,,330,1370,4.15151515151515,
2020Q2,,S08000024,,S12000036,,Elective Inpatients,,1,,138,390,2.82608695652174,,140,682,4.87142857142857,
2020Q3,,S08000024,,S12000036,,Elective Inpatients,,1,,217,498,2.29493087557604,,215,848,3.94418604651163,
2020Q4,,S08000024,,S12000036,,Elective Inpatients,,1,,268,691,2.57835820895522,,275,1368,4.97454545454545,
2021Q1,,S08000024,,S12000036,,Elective Inpatients,,1,,229,614,2.68122270742358,,225,1151,5.11555555555556,
2021Q2,,S08000024,,S12000036,,Elective Inpatients,,1,,268,829,3.09328358208955,,270,1188,4.4,
2021Q3,,S08000024,,S12000036,,Elective Inpatients,,1,,221,675,3.05429864253394,,220,878,3.99090909090909,
2021Q4,,S08000024,,S12000036,,Elective Inpatients,,1,,203,408,2.00985221674877,,209,668,3.19617224880383,
2022Q1,,S08000024,,S12000036,,Elective Inpatients,,1,,249,608,2.44176706827309,,249,939,3.7710843373494,
2022Q2,,S08000024,,S12000036,,Elective Inpatients,,1,,242,584,2.41322314049587,,239,930,3.89121338912134,
2022Q3,,S08000024,,S12000036,,Elective Inpatients,,1,,240,1347,5.6125,,242,1772,7.32231404958678,
2022Q4,p,S08000024,,S12000036,,Elective Inpatients,,1,,262,601,2.29389312977099,,265,1003,3.78490566037736,
2017Q4,,S08000024,,S12000036,,Elective Inpatients,,2,,437,1506,3.44622425629291,,430,1814,4.21860465116279,
2018Q1,,S08000024,,S12000036,,Elective Inpatients,,2,,379,1155,3.04749340369393,,365,1542,4.22465753424658,
2018Q2,,S08000024,,S12000036,,Elective Inpatients,,2,,428,1232,2.8785046728972,,425,1979,4.65647058823529,
2018Q3,,S08000024,,S12000036,,Elective Inpatients,,2,,405,1106,2.73086419753086,,408,1898,4.65196078431373,
2018Q4,,S08000024,,S12000036,,Elective Inpatients,,2,,428,1358,3.17289719626168,,425,1914,4.50352941176471,
2019Q1,,S08000024,,S12000036,,Elective Inpatients,,2,,407,1685,4.14004914004914,,405,2279,5.62716049382716,
2019Q2,,S08000024,,S12000036,,Elective Inpatients,,2,,409,1110,2.71393643031785,,405,1404,3.46666666666667,
2019Q3,,S08000024,,S12000036,,Elective Inpatients,,2,,410,1136,2.77073170731707,,408,1755,4.30147058823529,
2019Q4,,S08000024,,S12000036,,Elective Inpatients,,2,,374,1199,3.20588235294118,,360,1583,4.39722222222222,
2020Q1,,S08000024,,S12000036,,Elective Inpatients,,2,,320,1031,3.221875,,325,1880,5.78461538461538,
2020Q2,,S08000024,,S12000036,,Elective Inpatients,,2,,145,343,2.36551724137931,,150,876,5.84,
2020Q3,,S08000024,,S12000036,,Elective Inpatients,,2,,252,972,3.85714285714286,,250,1123,4.492,
2020Q4,,S08000024,,S12000036,,Elective Inpatients,,2,,276,750,2.71739130434783,,275,1214,4.41454545454545,
2021Q1,,S08000024,,S12000036,,Elective Inpatients,,2,,297,753,2.53535353535354,,300,1211,4.03666666666667,
2021Q2,,S08000024,,S12000036,,Elective Inpatients,,2,,289,1073,3.71280276816609,,290,1438,4.95862068965517,
2021Q3,,S08000024,,S12000036,,Elective Inpatients,,2,,260,691,2.65769230769231,,252,1016,4.03174603174603,
2021Q4,,S08000024,,S12000036,,Elective Inpatients,,2,,234,693,2.96153846153846,,232,1103,4.75431034482759,
2022Q1,,S08000024,,S12000036,,Elective Inpatients,,2,,240,511,2.12916666666667,,241,911,3.7800829875518702,
2022Q2,,S08000024,,S12000036,,Elective Inpatients,,2,,285,859,3.0140350877193,,284,1388,4.88732394366197,
2022Q3,,S08000024,,S12000036,,Elective Inpatients,,2,,266,558,2.09774436090226,,273,1220,4.46886446886447,
2022Q4,p,S08000024,,S12000036,,Elective Inpatients,,2,,291,861,2.95876288659794,,294,1339,4.55442176870748,
2017Q4,,S08000024,,S12000036,,Elective Inpatients,,3,,338,970,2.8698224852071,,340,1613,4.74411764705882,
2018Q1,,S08000024,,S12000036,,Elective Inpatients,,3,,316,729,2.30696202531646,,320,1242,3.88125,
2018Q2,,S08000024,,S12000036,,Elective Inpatients,,3,,335,1088,3.24776119402985,,330,1164,3.52727272727273,
2018Q3,,S08000024,,S12000036,,Elective Inpatients,,3,,350,924,2.64,,345,1349,3.91014492753623,
2018Q4,,S08000024,,S12000036,,Elective Inpatients,,3,,336,871,2.5922619047619,,335,1101,3.2865671641791,
2019Q1,,S08000024,,S12000036,,Elective Inpatients,,3,,310,1038,3.34838709677419,,310,1384,4.46451612903226,
2019Q2,,S08000024,,S12000036,,Elective Inpatients,,3,,331,894,2.70090634441088,,325,1364,4.19692307692308,
2019Q3,,S08000024,,S12000036,,Elective Inpatients,,3,,298,1100,3.69127516778523,,300,1560,5.2,
2019Q4,,S08000024,,S12000036,,Elective Inpatients,,3,,325,1086,3.34153846153846,,325,1414,4.35076923076923,
2020Q1,,S08000024,,S12000036,,Elective Inpatients,,3,,256,656,2.5625,,261,1240,4.75095785440613,
2020Q2,,S08000024,,S12000036,,Elective Inpatients,,3,,124,551,4.44354838709677,,135,867,6.42222222222222,
2020Q3,,S08000024,,S12000036,,Elective Inpatients,,3,,214,574,2.68224299065421,,215,934,4.34418604651163,
2020Q4,,S08000024,,S12000036,,Elective Inpatients,,3,,215,593,2.75813953488372,,215,1168,5.43255813953488,
2021Q1,,S08000024,,S12000036,,Elective Inpatients,,3,,211,623,2.95260663507109,,215,1075,5,
2021Q2,,S08000024,,S12000036,,Elective Inpatients,,3,,217,579,2.66820276497696,,210,777,3.7,
2021Q3,,S08000024,,S12000036,,Elective Inpatients,,3,,191,589,3.08376963350785,,193,791,4.09844559585492,
2021Q4,,S08000024,,S12000036,,Elective Inpatients,,3,,178,519,2.91573033707865,,179,820,4.58100558659218,
2022Q1,,S08000024,,S12000036,,Elective Inpatients,,3,,179,326,1.82122905027933,,180,617,3.42777777777778,
2022Q2,,S08000024,,S12000036,,Elective Inpatients,,3,,191,483,2.52879581151832,,191,868,4.54450261780105,
2022Q3,,S08000024,,S12000036,,Elective Inpatients,,3,,225,1178,5.23555555555556,,224,1561,6.96875,
2022Q4,p,S08000024,,S12000036,,Elective Inpatients,,3,,201,480,2.38805970149254,,207,811,3.91787439613527,
2017Q4,,S08000024,,S12000036,,Elective Inpatients,,4,,428,1341,3.13317757009346,,430,2061,4.79302325581395,
2018Q1,,S08000024,,S12000036,,Elective Inpatients,,4,,411,1180,2.87104622871046,,405,1598,3.94567901234568,
2018Q2,,S08000024,,S12000036,,Elective Inpatients,,4,,459,1366,2.9760348583878,,455,1822,4.0043956043956,
2018Q3,,S08000024,,S12000036,,Elective Inpatients,,4,,451,1126,2.49667405764967,,449,1950,4.34298440979955,
2018Q4,,S08000024,,S12000036,,Elective Inpatients,,4,,398,1380,3.46733668341709,,400,2616,6.54,
2019Q1,,S08000024,,S12000036,,Elective Inpatients,,4,,392,1101,2.80867346938776,,390,1846,4.73333333333333,
2019Q2,,S08000024,,S12000036,,Elective Inpatients,,4,,422,1169,2.77014218009479,,415,1687,4.06506024096385,
2019Q3,,S08000024,,S12000036,,Elective Inpatients,,4,,400,1206,3.015,,400,1976,4.94,
2019Q4,,S08000024,,S12000036,,Elective Inpatients,,4,,394,1148,2.91370558375635,,385,1427,3.70649350649351,
2020Q1,,S08000024,,S12000036,,Elective Inpatients,,4,,356,1151,3.23314606741573,,355,1576,4.43943661971831,
2020Q2,,S08000024,,S12000036,,Elective Inpatients,,4,,165,483,2.92727272727273,,175,1122,6.41142857142857,
2020Q3,,S08000024,,S12000036,,Elective Inpatients,,4,,280,676,2.41428571428571,,280,1215,4.33928571428571,
2020Q4,,S08000024,,S12000036,,Elective Inpatients,,4,,340,884,2.6,,340,1444,4.24705882352941,
2021Q1,,S08000024,,S12000036,,Elective Inpatients,,4,,308,1052,3.41558441558442,,310,1505,4.85483870967742,
2021Q2,,S08000024,,S12000036,,Elective Inpatients,,4,,356,961,2.69943820224719,,355,1335,3.76056338028169,
2021Q3,,S08000024,,S12000036,,Elective Inpatients,,4,,307,697,2.27035830618893,,310,1263,4.0741935483871,
2021Q4,,S08000024,,S12000036,,Elective Inpatients,,4,,246,645,2.6219512195122,,246,1200,4.8780487804878,
2022Q1,,S08000024,,S12000036,,Elective Inpatients,,4,,248,519,2.09274193548387,,252,1110,4.4047619047619,
2022Q2,,S08000024,,S12000036,,Elective Inpatients,,4,,294,765,2.60204081632653,,292,1052,3.6027397260274,
2022Q3,,S08000024,,S12000036,,Elective Inpatients,,4,,277,644,2.32490974729242,,276,992,3.59420289855072,
2022Q4,p,S08000024,,S12000036,,Elective Inpatients,,4,,318,784,2.46540880503145,,316,1177,3.7246835443038,
2017Q4,,S08000024,,S12000036,,Elective Inpatients,,5,,1053,3064,2.90978157644824,,1052,4524,4.30038022813688,
2018Q1,,S08000024,,S12000036,,Elective Inpatients,,5,,959,3106,3.23879040667362,,938,4165,4.44029850746269,
2018Q2,,S08000024,,S12000036,,Elective Inpatients,,5,,1119,4019,3.59159964253798,,1112,5091,4.57823741007194,
2018Q3,,S08000024,,S12000036,,Elective Inpatients,,5,,983,3227,3.28280773143438,,980,4300,4.38775510204082,
2018Q4,,S08000024,,S12000036,,Elective Inpatients,,5,,1041,3297,3.1671469740634,,1040,4427,4.25673076923077,
2019Q1,,S08000024,,S12000036,,Elective Inpatients,,5,,966,3099,3.20807453416149,,945,3792,4.01269841269841,
2019Q2,,S08000024,,S12000036,,Elective Inpatients,,5,,1028,2864,2.78599221789883,,1032,4662,4.51744186046512,
2019Q3,,S08000024,,S12000036,,Elective Inpatients,,5,,924,2747,2.97294372294372,,910,3856,4.23736263736264,
2019Q4,,S08000024,,S12000036,,Elective Inpatients,,5,,984,2912,2.95934959349594,,987,4273,4.32928064842958,
2020Q1,,S08000024,,S12000036,,Elective Inpatients,,5,,856,2812,3.28504672897196,,850,3872,4.55529411764706,
2020Q2,,S08000024,,S12000036,,Elective Inpatients,,5,,345,1063,3.08115942028985,,350,2002,5.72,
2020Q3,,S08000024,,S12000036,,Elective Inpatients,,5,,652,1683,2.58128834355828,,646,2449,3.79102167182663,
2020Q4,,S08000024,,S12000036,,Elective Inpatients,,5,,741,2021,2.72739541160594,,750,3324,4.432,
2021Q1,,S08000024,,S12000036,,Elective Inpatients,,5,,673,1922,2.85586924219911,,677,2987,4.41211225997046,
2021Q2,,S08000024,,S12000036,,Elective Inpatients,,5,,765,1898,2.48104575163399,,770,2781,3.61168831168831,
2021Q3,,S08000024,,S12000036,,Elective Inpatients,,5,,716,1945,2.71648044692737,,710,3004,4.23098591549296,
2021Q4,,S08000024,,S12000036,,Elective Inpatients,,5,,614,1517,2.47068403908795,,635,2771,4.36377952755906,
2022Q1,,S08000024,,S12000036,,Elective Inpatients,,5,,645,1429,2.21550387596899,,646,2130,3.29721362229102,
2022Q2,,S08000024,,S12000036,,Elective Inpatients,,5,,646,1439,2.22755417956656,,648,2455,3.78858024691358,
2022Q3,,S08000024,,S12000036,,Elective Inpatients,,5,,680,1709,2.51323529411765,,688,3075,4.46947674418605,
2022Q4,p,S08000024,,S12000036,,Elective Inpatients,,5,,752,1818,2.41755319148936,,749,2916,3.8931909212283,
2022Q4,p,S08000024,,S12000036,,Elective Inpatients,,,:,0,0,,z,0,5,,z
2017Q4,,S08000024,,S12000019,,Elective Inpatients,,1,,63,171,2.71428571428571,,60,171,2.85,
2018Q1,,S08000024,,S12000019,,Elective Inpatients,,1,,57,200,3.50877192982456,,57,276,4.8421052631579,
2018Q2,,S08000024,,S12000019,,Elective Inpatients,,1,,63,138,2.19047619047619,,64,215,3.359375,
2018Q3,,S08000024,,S12000019,,Elective Inpatients,,1,,61,147,2.40983606557377,,60,180,3,
2018Q4,,S08000024,,S12000019,,Elective Inpatients,,1,,59,363,6.15254237288136,,58,397,6.8448275862069,
2019Q1,,S08000024,,S12000019,,Elective Inpatients,,1,,63,142,2.25396825396825,,65,212,3.26153846153846,
2019Q2,,S08000024,,S12000019,,Elective Inpatients,,1,,42,67,1.5952380952381,,43,197,4.58139534883721,
2019Q3,,S08000024,,S12000019,,Elective Inpatients,,1,,42,70,1.66666666666667,,40,132,3.3,
2019Q4,,S08000024,,S12000019,,Elective Inpatients,,1,,43,211,4.90697674418605,,45,221,4.91111111111111,
2020Q1,,S08000024,,S12000019,,Elective Inpatients,,1,,36,114,3.16666666666667,,35,259,7.4,
2020Q2,,S08000024,,S12000019,,Elective Inpatients,,1,,25,55,2.2,,24,106,4.41666666666667,
2020Q3,,S08000024,,S12000019,,Elective Inpatients,,1,,30,305,10.1666666666667,,25,89,3.56,
2020Q4,,S08000024,,S12000019,,Elective Inpatients,,1,,37,98,2.64864864864865,,38,117,3.07894736842105,
2021Q1,,S08000024,,S12000019,,Elective Inpatients,,1,,28,47,1.67857142857143,,30,61,2.03333333333333,
2021Q2,,S08000024,,S12000019,,Elective Inpatients,,1,,36,177,4.91666666666667,,35,229,6.54285714285714,
2021Q3,,S08000024,,S12000019,,Elective Inpatients,,1,,37,66,1.78378378378378,,40,154,3.85,
2021Q4,,S08000024,,S12000019,,Elective Inpatients,,1,,46,171,3.71739130434783,,45,409,9.08888888888889,
2022Q1,,S08000024,,S12000019,,Elective Inpatients,,1,,40,130,3.25,,40,212,5.3,
2022Q2,,S08000024,,S12000019,,Elective Inpatients,,1,,40,87,2.175,,42,180,4.28571428571429,
2022Q3,,S08000024,,S12000019,,Elective Inpatients,,1,,26,42,1.61538461538462,,25,74,2.96,
2022Q4,p,S08000024,,S12000019,,Elective Inpatients,,1,,39,113,2.8974358974359,,40,190,4.75,
2017Q4,,S08000024,,S12000019,,Elective Inpatients,,2,,237,674,2.84388185654008,,225,726,3.22666666666667,
2018Q1,,S08000024,,S12000019,,Elective Inpatients,,2,,218,546,2.5045871559633,,220,949,4.31363636363636,
2018Q2,,S08000024,,S12000019,,Elective Inpatients,,2,,213,494,2.31924882629108,,215,722,3.35813953488372,
2018Q3,,S08000024,,S12000019,,Elective Inpatients,,2,,233,511,2.1931330472103,,230,888,3.86086956521739,
2018Q4,,S08000024,,S12000019,,Elective Inpatients,,2,,202,414,2.04950495049505,,207,700,3.38164251207729,
2019Q1,,S08000024,,S12000019,,Elective Inpatients,,2,,190,392,2.06315789473684,,190,580,3.05263157894737,
2019Q2,,S08000024,,S12000019,,Elective Inpatients,,2,,205,576,2.80975609756098,,200,848,4.24,
2019Q3,,S08000024,,S12000019,,Elective Inpatients,,2,,229,622,2.71615720524017,,230,1175,5.10869565217391,
2019Q4,,S08000024,,S12000019,,Elective Inpatients,,2,,201,508,2.5273631840796,,200,776,3.88,
2020Q1,,S08000024,,S12000019,,Elective Inpatients,,2,,197,410,2.08121827411167,,200,883,4.415,
2020Q2,,S08000024,,S12000019,,Elective Inpatients,,2,,74,150,2.02702702702703,,80,305,3.8125,
2020Q3,,S08000024,,S12000019,,Elective Inpatients,,2,,121,312,2.57851239669421,,120,621,5.175,
2020Q4,,S08000024,,S12000019,,Elective Inpatients,,2,,123,264,2.14634146341463,,120,431,3.59166666666667,
2021Q1,,S08000024,,S12000019,,Elective Inpatients,,2,,130,438,3.36923076923077,,130,512,3.93846153846154,
2021Q2,,S08000024,,S12000019,,Elective Inpatients,,2,,157,366,2.3312101910828,,155,630,4.06451612903226,
2021Q3,,S08000024,,S12000019,,Elective Inpatients,,2,,126,402,3.19047619047619,,126,468,3.71428571428571,
2021Q4,,S08000024,,S12000019,,Elective Inpatients,,2,,107,305,2.85046728971963,,108,418,3.87037037037037,
2022Q1,,S08000024,,S12000019,,Elective Inpatients,,2,,120,289,2.40833333333333,,116,553,4.76724137931035,
2022Q2,,S08000024,,S12000019,,Elective Inpatients,,2,,120,266,2.21666666666667,,119,468,3.9327731092437,
2022Q3,,S08000024,,S12000019,,Elective Inpatients,,2,,128,337,2.6328125,,128,645,5.0390625,
2022Q4,p,S08000024,,S12000019,,Elective Inpatients,,2,,138,287,2.07971014492754,,136,415,3.05147058823529,
2017Q4,,S08000024,,S12000019,,Elective Inpatients,,3,,139,422,3.03597122302158,,135,483,3.57777777777778,
2018Q1,,S08000024,,S12000019,,Elective Inpatients,,3,,134,276,2.05970149253731,,130,468,3.6,
2018Q2,,S08000024,,S12000019,,Elective Inpatients,,3,,150,392,2.61333333333333,,150,494,3.29333333333333,
2018Q3,,S08000024,,S12000019,,Elective Inpatients,,3,,149,424,2.84563758389262,,150,783,5.22,
2018Q4,,S08000024,,S12000019,,Elective Inpatients,,3,,138,291,2.10869565217391,,143,494,3.45454545454545,
2019Q1,,S08000024,,S12000019,,Elective Inpatients,,3,,135,292,2.16296296296296,,135,384,2.84444444444444,
2019Q2,,S08000024,,S12000019,,Elective Inpatients,,3,,141,345,2.4468085106383,,140,488,3.48571428571429,
2019Q3,,S08000024,,S12000019,,Elective Inpatients,,3,,158,305,1.93037974683544,,160,482,3.0125,
2019Q4,,S08000024,,S12000019,,Elective Inpatients,,3,,135,360,2.66666666666667,,135,473,3.5037037037037,
2020Q1,,S08000024,,S12000019,,Elective Inpatients,,3,,111,224,2.01801801801802,,110,264,2.4,
2020Q2,,S08000024,,S12000019,,Elective Inpatients,,3,,44,75,1.70454545454545,,45,100,2.22222222222222,
2020Q3,,S08000024,,S12000019,,Elective Inpatients,,3,,102,275,2.69607843137255,,100,323,3.23,
2020Q4,,S08000024,,S12000019,,Elective Inpatients,,3,,110,293,2.66363636363636,,110,551,5.00909090909091,
2021Q1,,S08000024,,S12000019,,Elective Inpatients,,3,,108,228,2.11111111111111,,105,363,3.45714285714286,
2021Q2,,S08000024,,S12000019,,Elective Inpatients,,3,,115,237,2.06086956521739,,120,345,2.875,
2021Q3,,S08000024,,S12000019,,Elective Inpatients,,3,,105,264,2.51428571428571,,105,391,3.72380952380952,
2021Q4,,S08000024,,S12000019,,Elective Inpatients,,3,,118,398,3.3728813559322,,118,524,4.44067796610169,
2022Q1,,S08000024,,S12000019,,Elective Inpatients,,3,,110,216,1.96363636363636,,110,398,3.61818181818182,
2022Q2,,S08000024,,S12000019,,Elective Inpatients,,3,,81,169,2.08641975308642,,83,291,3.50602409638554,
2022Q3,,S08000024,,S12000019,,Elective Inpatients,,3,,78,190,2.43589743589744,,81,275,3.39506172839506,
2022Q4,p,S08000024,,S12000019,,Elective Inpatients,,3,,101,224,2.21782178217822,,95,396,4.16842105263158,
2017Q4,,S08000024,,S12000019,,Elective Inpatients,,4,,104,256,2.46153846153846,,105,503,4.79047619047619,
2018Q1,,S08000024,,S12000019,,Elective Inpatients,,4,,78,162,2.07692307692308,,79,246,3.11392405063291,
2018Q2,,S08000024,,S12000019,,Elective Inpatients,,4,,103,233,2.2621359223301,,102,286,2.80392156862745,
2018Q3,,S08000024,,S12000019,,Elective Inpatients,,4,,97,225,2.31958762886598,,95,377,3.96842105263158,
2018Q4,,S08000024,,S12000019,,Elective Inpatients,,4,,106,213,2.00943396226415,,105,283,2.6952380952381,
2019Q1,,S08000024,,S12000019,,Elective Inpatients,,4,,85,156,1.83529411764706,,85,203,2.38823529411765,
2019Q2,,S08000024,,S12000019,,Elective Inpatients,,4,,91,216,2.37362637362637,,95,375,3.94736842105263,
2019Q3,,S08000024,,S12000019,,Elective Inpatients,,4,,84,297,3.53571428571429,,80,411,5.1375,
2019Q4,,S08000024,,S12000019,,Elective Inpatients,,4,,87,243,2.79310344827586,,90,323,3.58888888888889,
2020Q1,,S08000024,,S12000019,,Elective Inpatients,,4,,82,208,2.53658536585366,,80,308,3.85,
2020Q2,,S08000024,,S12000019,,Elective Inpatients,,4,,30,91,3.03333333333333,,31,160,5.16129032258065,
2020Q3,,S08000024,,S12000019,,Elective Inpatients,,4,,59,112,1.89830508474576,,60,198,3.3,
2020Q4,,S08000024,,S12000019,,Elective Inpatients,,4,,67,205,3.05970149253731,,70,251,3.58571428571429,
2021Q1,,S08000024,,S12000019,,Elective Inpatients,,4,,75,138,1.84,,69,189,2.73913043478261,
2021Q2,,S08000024,,S12000019,,Elective Inpatients,,4,,76,186,2.44736842105263,,78,256,3.28205128205128,
2021Q3,,S08000024,,S12000019,,Elective Inpatients,,4,,69,163,2.36231884057971,,65,219,3.36923076923077,
2021Q4,,S08000024,,S12000019,,Elective Inpatients,,4,,61,124,2.0327868852459,,60,195,3.25,
2022Q1,,S08000024,,S12000019,,Elective Inpatients,,4,,76,199,2.61842105263158,,78,368,4.71794871794872,
2022Q2,,S08000024,,S12000019,,Elective Inpatients,,4,,62,120,1.93548387096774,,60,170,2.83333333333333,
2022Q3,,S08000024,,S12000019,,Elective Inpatients,,4,,64,177,2.765625,,58,221,3.81034482758621,
2022Q4,p,S08000024,,S12000019,,Elective Inpatients,,4,,87,150,1.72413793103448,,85,201,2.36470588235294,
2017Q4,,S08000024,,S12000019,,Elective Inpatients,,5,,66,165,2.5,,64,260,4.0625,
2018Q1,,S08000024,,S12000019,,Elective Inpatients,,5,,68,147,2.16176470588235,,69,208,3.01449275362319,
2018Q2,,S08000024,,S12000019,,Elective Inpatients,,5,,80,186,2.325,,80,286,3.575,
2018Q3,,S08000024,,S12000019,,Elective Inpatients,,5,,76,207,2.72368421052632,,78,334,4.28205128205128,
2018Q4,,S08000024,,S12000019,,Elective Inpatients,,5,,67,194,2.8955223880597,,65,272,4.18461538461538,
2019Q1,,S08000024,,S12000019,,Elective Inpatients,,5,,51,172,3.37254901960784,,50,182,3.64,
2019Q2,,S08000024,,S12000019,,Elective Inpatients,,5,,64,140,2.1875,,63,186,2.95238095238095,
2019Q3,,S08000024,,S12000019,,Elective Inpatients,,5,,57,129,2.26315789473684,,60,201,3.35,
2019Q4,,S08000024,,S12000019,,Elective Inpatients,,5,,58,97,1.67241379310345,,58,223,3.8448275862069,
2020Q1,,S08000024,,S12000019,,Elective Inpatients,,5,,49,135,2.75510204081633,,50,130,2.6,
2020Q2,,S08000024,,S12000019,,Elective Inpatients,,5,,25,65,2.6,,20,68,3.4,
2020Q3,,S08000024,,S12000019,,Elective Inpatients,,5,,46,102,2.21739130434783,,50,250,5,
2020Q4,,S08000024,,S12000019,,Elective Inpatients,,5,,64,86,1.34375,,60,122,2.03333333333333,
2021Q1,,S08000024,,S12000019,,Elective Inpatients,,5,,47,110,2.34042553191489,,49,233,4.75510204081633,
2021Q2,,S08000024,,S12000019,,Elective Inpatients,,5,,64,208,3.25,,60,197,3.28333333333333,
2021Q3,,S08000024,,S12000019,,Elective Inpatients,,5,,50,137,2.74,,50,168,3.36,
2021Q4,,S08000024,,S12000019,,Elective Inpatients,,5,,47,62,1.31914893617021,,46,155,3.3695652173913,
2022Q1,,S08000024,,S12000019,,Elective Inpatients,,5,,62,115,1.85483870967742,,62,246,3.96774193548387,
2022Q2,,S08000024,,S12000019,,Elective Inpatients,,5,,39,125,3.2051282051282,,40,225,5.625,
2022Q3,,S08000024,,S12000019,,Elective Inpatients,,5,,47,92,1.95744680851064,,43,135,3.13953488372093,
2022Q4,p,S08000024,,S12000019,,Elective Inpatients,,5,,54,93,1.72222222222222,,55,238,4.32727272727273,
2017Q4,,S08000024,,S08000024,d,Elective Inpatients,,1,,727,2071,2.84869325997249,,722,2838,3.93074792243767,
2018Q1,,S08000024,,S08000024,d,Elective Inpatients,,1,,614,1619,2.63680781758958,,609,2952,4.84729064039409,
2018Q2,,S08000024,,S08000024,d,Elective Inpatients,,1,,681,1844,2.70778267254038,,685,2803,4.09197080291971,
2018Q3,,S08000024,,S08000024,d,Elective Inpatients,,1,,644,1610,2.5,,645,2488,3.85736434108527,
2018Q4,,S08000024,,S08000024,d,Elective Inpatients,,1,,625,2026,3.2416,,617,2553,4.13776337115073,
2019Q1,,S08000024,,S08000024,d,Elective Inpatients,,1,,628,1464,2.3312101910828,,631,2249,3.56418383518225,
2019Q2,,S08000024,,S08000024,d,Elective Inpatients,,1,,646,1680,2.60061919504644,,641,2247,3.50546021840874,
2019Q3,,S08000024,,S08000024,d,Elective Inpatients,,1,,625,1701,2.7216,,622,2221,3.57073954983923,
2019Q4,,S08000024,,S08000024,d,Elective Inpatients,,1,,568,1636,2.88028169014085,,565,2111,3.73628318584071,
2020Q1,,S08000024,,S08000024,d,Elective Inpatients,,1,,532,1365,2.56578947368421,,531,2108,3.969868173258,
2020Q2,,S08000024,,S08000024,d,Elective Inpatients,,1,,217,550,2.53456221198157,,221,1076,4.8687782805429896,
2020Q3,,S08000024,,S08000024,d,Elective Inpatients,,1,,359,1099,3.06128133704735,,356,1607,4.51404494382022,
2020Q4,,S08000024,,S08000024,d,Elective Inpatients,,1,,442,1051,2.37782805429864,,448,1981,4.421875,
2021Q1,,S08000024,,S08000024,d,Elective Inpatients,,1,,402,946,2.35323383084577,,398,1711,4.29899497487437,
2021Q2,,S08000024,,S08000024,d,Elective Inpatients,,1,,452,1288,2.84955752212389,,461,2022,4.38611713665944,
2021Q3,,S08000024,,S08000024,d,Elective Inpatients,,1,,364,1011,2.77747252747253,,365,1452,3.97808219178082,
2021Q4,,S08000024,,S08000024,d,Elective Inpatients,,1,,342,798,2.33333333333333,,346,1420,4.10404624277457,
2022Q1,,S08000024,,S08000024,d,Elective Inpatients,,1,,398,986,2.47738693467337,,399,1598,4.00501253132832,
2022Q2,,S08000024,,S08000024,d,Elective Inpatients,,1,,393,986,2.5089058524173,,391,1566,4.00511508951407,
2022Q3,,S08000024,,S08000024,d,Elective Inpatients,,1,,367,1618,4.40871934604905,,374,2330,6.22994652406417,
2022Q4,p,S08000024,,S08000024,d,Elective Inpatients,,1,,440,998,2.26818181818182,,447,1612,3.60626398210291,
2017Q4,,S08000024,,S08000024,d,Elective Inpatients,,2,,1189,3529,2.96804037005887,,1172,4841,4.13054607508532,
2018Q1,,S08000024,,S08000024,d,Elective Inpatients,,2,,1060,2894,2.73018867924528,,1054,4413,4.18690702087286,
2018Q2,,S08000024,,S08000024,d,Elective Inpatients,,2,,1195,2959,2.47615062761506,,1187,4291,3.61499578770008,
2018Q3,,S08000024,,S08000024,d,Elective Inpatients,,2,,1203,3106,2.58187863674148,,1208,4986,4.12748344370861,
2018Q4,,S08000024,,S08000024,d,Elective Inpatients,,2,,1107,2897,2.61698283649503,,1111,4536,4.08280828082808,
2019Q1,,S08000024,,S08000024,d,Elective Inpatients,,2,,1056,3640,3.4469696969697,,1050,4923,4.68857142857143,
2019Q2,,S08000024,,S08000024,d,Elective Inpatients,,2,,1111,2880,2.59225922592259,,1090,3712,3.40550458715596,
2019Q3,,S08000024,,S08000024,d,Elective Inpatients,,2,,1119,3020,2.6988382484361,,1124,5091,4.52935943060498,
2019Q4,,S08000024,,S08000024,d,Elective Inpatients,,2,,1077,2870,2.66480965645311,,1063,4097,3.85418626528692,
2020Q1,,S08000024,,S08000024,d,Elective Inpatients,,2,,936,2524,2.6965811965812,,945,4255,4.5026455026455,
2020Q2,,S08000024,,S08000024,d,Elective Inpatients,,2,,389,912,2.34447300771208,,405,1830,4.51851851851852,
2020Q3,,S08000024,,S08000024,d,Elective Inpatients,,2,,722,2075,2.87396121883657,,727,3015,4.14718019257221,
2020Q4,,S08000024,,S08000024,d,Elective Inpatients,,2,,752,1858,2.47074468085106,,757,2992,3.95244385733157,
2021Q1,,S08000024,,S08000024,d,Elective Inpatients,,2,,769,2083,2.70871261378414,,765,2816,3.68104575163399,
2021Q2,,S08000024,,S08000024,d,Elective Inpatients,,2,,839,2308,2.75089392133492,,837,3479,4.15651135005974,
2021Q3,,S08000024,,S08000024,d,Elective Inpatients,,2,,749,2038,2.72096128170895,,743,2939,3.95558546433378,
2021Q4,,S08000024,,S08000024,d,Elective Inpatients,,2,,641,1850,2.88611544461778,,651,3236,4.97081413210445,
2022Q1,,S08000024,,S08000024,d,Elective Inpatients,,2,,656,1360,2.07317073170732,,650,2379,3.66,
2022Q2,,S08000024,,S08000024,d,Elective Inpatients,,2,,706,1784,2.52691218130312,,703,3156,4.48933143669986,
2022Q3,,S08000024,,S08000024,d,Elective Inpatients,,2,,764,1852,2.42408376963351,,776,3531,4.55025773195876,
2022Q4,p,S08000024,,S08000024,d,Elective Inpatients,,2,,732,1746,2.38524590163934,,747,3257,4.36010709504685,
2017Q4,,S08000024,,S08000024,d,Elective Inpatients,,3,,845,2375,2.81065088757396,,845,3398,4.02130177514793,
2018Q1,,S08000024,,S08000024,d,Elective Inpatients,,3,,800,1804,2.255,,800,3008,3.76,
2018Q2,,S08000024,,S08000024,d,Elective Inpatients,,3,,855,2443,2.85730994152047,,853,2884,3.3810082063306,
2018Q3,,S08000024,,S08000024,d,Elective Inpatients,,3,,858,2512,2.92773892773893,,854,3488,4.08430913348946,
2018Q4,,S08000024,,S08000024,d,Elective Inpatients,,3,,807,1831,2.26889714993804,,815,2848,3.49447852760736,
2019Q1,,S08000024,,S08000024,d,Elective Inpatients,,3,,795,2409,3.03018867924528,,790,2903,3.6746835443038,
2019Q2,,S08000024,,S08000024,d,Elective Inpatients,,3,,806,2059,2.5545905707196,,801,3198,3.99250936329588,
2019Q3,,S08000024,,S08000024,d,Elective Inpatients,,3,,819,2355,2.87545787545788,,827,3421,4.136638452237,
2019Q4,,S08000024,,S08000024,d,Elective Inpatients,,3,,800,2268,2.835,,801,3259,4.06866416978777,
2020Q1,,S08000024,,S08000024,d,Elective Inpatients,,3,,658,1655,2.51519756838906,,662,2724,4.11480362537764,
2020Q2,,S08000024,,S08000024,d,Elective Inpatients,,3,,294,923,3.13945578231292,,309,1551,5.01941747572816,
2020Q3,,S08000024,,S08000024,d,Elective Inpatients,,3,,537,1383,2.57541899441341,,541,2261,4.17929759704251,
2020Q4,,S08000024,,S08000024,d,Elective Inpatients,,3,,556,1520,2.73381294964029,,567,2635,4.64726631393298,
2021Q1,,S08000024,,S08000024,d,Elective Inpatients,,3,,563,1298,2.30550621669627,,566,2193,3.87455830388693,
2021Q2,,S08000024,,S08000024,d,Elective Inpatients,,3,,595,1597,2.68403361344538,,591,2195,3.71404399323181,
2021Q3,,S08000024,,S08000024,d,Elective Inpatients,,3,,527,1394,2.64516129032258,,539,2407,4.46567717996289,
2021Q4,,S08000024,,S08000024,d,Elective Inpatients,,3,,497,1347,2.7102615694165,,500,2043,4.086,
2022Q1,,S08000024,,S08000024,d,Elective Inpatients,,3,,487,1048,2.15195071868583,,485,1811,3.7340206185567,
2022Q2,,S08000024,,S08000024,d,Elective Inpatients,,3,,497,1164,2.3420523138833,,508,2153,4.23818897637795,
2022Q3,,S08000024,,S08000024,d,Elective Inpatients,,3,,536,1864,3.47761194029851,,549,3014,5.48998178506375,
2022Q4,p,S08000024,,S08000024,d,Elective Inpatients,,3,,543,1361,2.50644567219153,,542,2058,3.7970479704797,
2017Q4,,S08000024,,S08000024,d,Elective Inpatients,,4,,846,2515,2.97281323877069,,848,3363,3.96580188679245,
2018Q1,,S08000024,,S08000024,d,Elective Inpatients,,4,,770,2010,2.61038961038961,,760,3434,4.51842105263158,
2018Q2,,S08000024,,S08000024,d,Elective Inpatients,,4,,908,2549,2.80726872246696,,905,3469,3.83314917127072,
2018Q3,,S08000024,,S08000024,d,Elective Inpatients,,4,,894,2251,2.5178970917226,,892,3622,4.06053811659193,
2018Q4,,S08000024,,S08000024,d,Elective Inpatients,,4,,850,2390,2.81176470588235,,851,4010,4.71210340775558,
2019Q1,,S08000024,,S08000024,d,Elective Inpatients,,4,,793,1999,2.52080706179067,,791,3040,3.84323640960809,
2019Q2,,S08000024,,S08000024,d,Elective Inpatients,,4,,810,2096,2.58765432098765,,809,3083,3.81087762669963,
2019Q3,,S08000024,,S08000024,d,Elective Inpatients,,4,,748,2205,2.94786096256684,,743,3353,4.51278600269179,
2019Q4,,S08000024,,S08000024,d,Elective Inpatients,,4,,769,2105,2.73732119635891,,756,2799,3.70238095238095,
2020Q1,,S08000024,,S08000024,d,Elective Inpatients,,4,,691,2180,3.1548480463097,,692,3409,4.92630057803468,
2020Q2,,S08000024,,S08000024,d,Elective Inpatients,,4,,308,886,2.87662337662338,,322,1983,6.1583850931677,
2020Q3,,S08000024,,S08000024,d,Elective Inpatients,,4,,552,1331,2.41123188405797,,550,2354,4.28,
2020Q4,,S08000024,,S08000024,d,Elective Inpatients,,4,,629,1644,2.61367249602544,,633,2359,3.72669826224329,
2021Q1,,S08000024,,S08000024,d,Elective Inpatients,,4,,571,1587,2.77933450087566,,572,2611,4.56468531468532,
2021Q2,,S08000024,,S08000024,d,Elective Inpatients,,4,,702,1900,2.70655270655271,,699,2473,3.5379113018598,
2021Q3,,S08000024,,S08000024,d,Elective Inpatients,,4,,568,1320,2.32394366197183,,573,2167,3.78184991273997,
2021Q4,,S08000024,,S08000024,d,Elective Inpatients,,4,,476,1093,2.29621848739496,,478,1950,4.07949790794979,
2022Q1,,S08000024,,S08000024,d,Elective Inpatients,,4,,520,1066,2.05,,532,2250,4.22932330827068,
2022Q2,,S08000024,,S08000024,d,Elective Inpatients,,4,,555,1272,2.29189189189189,,550,1830,3.32727272727273,
2022Q3,,S08000024,,S08000024,d,Elective Inpatients,,4,,533,1238,2.32270168855535,,534,1998,3.74157303370787,
2022Q4,p,S08000024,,S08000024,d,Elective Inpatients,,4,,642,1420,2.21183800623053,,638,2071,3.24608150470219,
2017Q4,,S08000024,,S08000024,d,Elective Inpatients,,5,,1410,4035,2.86170212765957,,1414,5890,4.16548797736917,
2018Q1,,S08000024,,S08000024,d,Elective Inpatients,,5,,1279,3918,3.06333072713057,,1258,5166,4.10651828298887,
2018Q2,,S08000024,,S08000024,d,Elective Inpatients,,5,,1457,4781,3.28140013726836,,1451,6247,4.3053066850448,
2018Q3,,S08000024,,S08000024,d,Elective Inpatients,,5,,1336,4039,3.02320359281437,,1332,5495,4.12537537537538,
2018Q4,,S08000024,,S08000024,d,Elective Inpatients,,5,,1370,4037,2.94671532846715,,1371,5413,3.94821298322392,
2019Q1,,S08000024,,S08000024,d,Elective Inpatients,,5,,1264,3803,3.0087025316455702,,1245,4687,3.76465863453815,
2019Q2,,S08000024,,S08000024,d,Elective Inpatients,,5,,1329,3500,2.63355906696764,,1329,5628,4.23476297968397,
2019Q3,,S08000024,,S08000024,d,Elective Inpatients,,5,,1235,3452,2.79514170040486,,1228,5049,4.11156351791531,
2019Q4,,S08000024,,S08000024,d,Elective Inpatients,,5,,1301,3577,2.74942352036895,,1305,5314,4.072030651341,
2020Q1,,S08000024,,S08000024,d,Elective Inpatients,,5,,1126,3484,3.09413854351687,,1122,4840,4.31372549019608,
2020Q2,,S08000024,,S08000024,d,Elective Inpatients,,5,,468,1419,3.03205128205128,,466,2481,5.32403433476395,
2020Q3,,S08000024,,S08000024,d,Elective Inpatients,,5,,881,2114,2.39954597048808,,886,3494,3.94356659142212,
2020Q4,,S08000024,,S08000024,d,Elective Inpatients,,5,,1004,2526,2.51593625498008,,1007,4096,4.06752730883813,
2021Q1,,S08000024,,S08000024,d,Elective Inpatients,,5,,867,2360,2.72202998846597,,878,3847,4.38154897494305,
2021Q2,,S08000024,,S08000024,d,Elective Inpatients,,5,,1031,2535,2.45877788554801,,1034,3647,3.52707930367505,
2021Q3,,S08000024,,S08000024,d,Elective Inpatients,,5,,938,2560,2.72921108742004,,936,3858,4.12179487179487,
2021Q4,,S08000024,,S08000024,d,Elective Inpatients,,5,,829,1980,2.38841978287093,,849,3601,4.2414605418139,
2022Q1,,S08000024,,S08000024,d,Elective Inpatients,,5,,858,1920,2.23776223776224,,857,3081,3.5950991831972,
2022Q2,,S08000024,,S08000024,d,Elective Inpatients,,5,,856,1919,2.24182242990654,,866,3393,3.91801385681293,
2022Q3,,S08000024,,S08000024,d,Elective Inpatients,,5,,910,2145,2.35714285714286,,914,3920,4.28884026258206,
2022Q4,p,S08000024,,S08000024,d,Elective Inpatients,,5,,980,2332,2.37959183673469,,989,3884,3.92719919110212,
2022Q3,,S08000024,,S08000024,d,Elective Inpatients,,,:,0,0,,z,0,0,,z
2022Q4,p,S08000024,,S08000024,d,Elective Inpatients,,,:,11,12,1.09090909090909,,11,17,1.54545454545455,
2017Q4,,S08000024,,S12000040,,Elective Inpatients,,1,,169,421,2.49112426035503,,170,537,3.15882352941176,
2018Q1,,S08000024,,S12000040,,Elective Inpatients,,1,,143,315,2.2027972027972,,145,702,4.84137931034483,
2018Q2,,S08000024,,S12000040,,Elective Inpatients,,1,,155,370,2.38709677419355,,160,608,3.8,
2018Q3,,S08000024,,S12000040,,Elective Inpatients,,1,,148,332,2.24324324324324,,150,460,3.06666666666667,
2018Q4,,S08000024,,S12000040,,Elective Inpatients,,1,,158,359,2.27215189873418,,160,521,3.25625,
2019Q1,,S08000024,,S12000040,,Elective Inpatients,,1,,172,338,1.96511627906977,,175,635,3.62857142857143,
2019Q2,,S08000024,,S12000040,,Elective Inpatients,,1,,157,261,1.66242038216561,,160,451,2.81875,
2019Q3,,S08000024,,S12000040,,Elective Inpatients,,1,,167,425,2.54491017964072,,165,517,3.13333333333333,
2019Q4,,S08000024,,S12000040,,Elective Inpatients,,1,,140,321,2.29285714285714,,140,429,3.06428571428571,
2020Q1,,S08000024,,S12000040,,Elective Inpatients,,1,,133,302,2.27067669172932,,135,403,2.98518518518519,
2020Q2,,S08000024,,S12000040,,Elective Inpatients,,1,,47,69,1.46808510638298,,50,256,5.12,
2020Q3,,S08000024,,S12000040,,Elective Inpatients,,1,,89,257,2.8876404494382,,95,506,5.32631578947368,
2020Q4,,S08000024,,S12000040,,Elective Inpatients,,1,,109,218,2,,105,388,3.6952380952381,
2021Q1,,S08000024,,S12000040,,Elective Inpatients,,1,,118,219,1.85593220338983,,120,388,3.23333333333333,
2021Q2,,S08000024,,S12000040,,Elective Inpatients,,1,,123,216,1.75609756097561,,130,530,4.07692307692308,
2021Q3,,S08000024,,S12000040,,Elective Inpatients,,1,,75,157,2.09333333333333,,75,262,3.49333333333333,
2021Q4,,S08000024,,S12000040,,Elective Inpatients,,1,,75,190,2.53333333333333,,75,308,4.10666666666667,
2022Q1,,S08000024,,S12000040,,Elective Inpatients,,1,,92,187,2.03260869565217,,93,365,3.9247311827957,
2022Q2,,S08000024,,S12000040,,Elective Inpatients,,1,,88,273,3.10227272727273,,90,408,4.53333333333333,
2022Q3,,S08000024,,S12000040,,Elective Inpatients,,1,,68,177,2.60294117647059,,70,299,4.27142857142857,
2022Q4,p,S08000024,,S12000040,,Elective Inpatients,,1,,106,220,2.07547169811321,,110,334,3.03636363636364,
2017Q4,,S08000024,,S12000040,,Elective Inpatients,,2,,304,685,2.25328947368421,,307,1246,4.0586319218241,
2018Q1,,S08000024,,S12000040,,Elective Inpatients,,2,,279,795,2.8494623655914,,284,1233,4.34154929577465,
2018Q2,,S08000024,,S12000040,,Elective Inpatients,,2,,318,600,1.88679245283019,,315,860,2.73015873015873,
2018Q3,,S08000024,,S12000040,,Elective Inpatients,,2,,315,750,2.38095238095238,,325,1129,3.47384615384615,
2018Q4,,S08000024,,S12000040,,Elective Inpatients,,2,,274,568,2.07299270072993,,280,995,3.55357142857143,
2019Q1,,S08000024,,S12000040,,Elective Inpatients,,2,,254,696,2.74015748031496,,250,853,3.412,
2019Q2,,S08000024,,S12000040,,Elective Inpatients,,2,,282,720,2.5531914893617,,280,837,2.98928571428571,
2019Q3,,S08000024,,S12000040,,Elective Inpatients,,2,,259,608,2.34749034749035,,260,1211,4.65769230769231,
2019Q4,,S08000024,,S12000040,,Elective Inpatients,,2,,300,615,2.05,,300,1096,3.65333333333333,
2020Q1,,S08000024,,S12000040,,Elective Inpatients,,2,,242,516,2.13223140495868,,245,752,3.06938775510204,
2020Q2,,S08000024,,S12000040,,Elective Inpatients,,2,,101,216,2.13861386138614,,100,381,3.81,
2020Q3,,S08000024,,S12000040,,Elective Inpatients,,2,,201,397,1.97512437810945,,205,722,3.5219512195122,
2020Q4,,S08000024,,S12000040,,Elective Inpatients,,2,,184,430,2.33695652173913,,190,679,3.57368421052632,
2021Q1,,S08000024,,S12000040,,Elective Inpatients,,2,,195,416,2.13333333333333,,190,584,3.07368421052632,
2021Q2,,S08000024,,S12000040,,Elective Inpatients,,2,,228,453,1.98684210526316,,230,703,3.05652173913043,
2021Q3,,S08000024,,S12000040,,Elective Inpatients,,2,,206,477,2.31553398058252,,210,776,3.6952380952381,
2021Q4,,S08000024,,S12000040,,Elective Inpatients,,2,,179,500,2.79329608938547,,182,627,3.44505494505495,
2022Q1,,S08000024,,S12000040,,Elective Inpatients,,2,,154,236,1.53246753246753,,152,508,3.3421052631579,
2022Q2,,S08000024,,S12000040,,Elective Inpatients,,2,,175,388,2.21714285714286,,173,674,3.89595375722543,
2022Q3,,S08000024,,S12000040,,Elective Inpatients,,2,,174,510,2.93103448275862,,181,900,4.97237569060773,
2022Q4,p,S08000024,,S12000040,,Elective Inpatients,,2,,168,328,1.95238095238095,,175,887,5.06857142857143,
2017Q4,,S08000024,,S12000040,,Elective Inpatients,,3,,214,513,2.39719626168224,,215,725,3.37209302325581,
2018Q1,,S08000024,,S12000040,,Elective Inpatients,,3,,184,381,2.07065217391304,,190,705,3.71052631578947,
2018Q2,,S08000024,,S12000040,,Elective Inpatients,,3,,200,439,2.195,,205,585,2.85365853658537,
2018Q3,,S08000024,,S12000040,,Elective Inpatients,,3,,192,405,2.109375,,190,472,2.48421052631579,
2018Q4,,S08000024,,S12000040,,Elective Inpatients,,3,,178,373,2.09550561797753,,180,606,3.36666666666667,
2019Q1,,S08000024,,S12000040,,Elective Inpatients,,3,,196,594,3.03061224489796,,195,732,3.75384615384615,
2019Q2,,S08000024,,S12000040,,Elective Inpatients,,3,,204,451,2.21078431372549,,210,742,3.53333333333333,
2019Q3,,S08000024,,S12000040,,Elective Inpatients,,3,,201,548,2.72636815920398,,200,707,3.535,
2019Q4,,S08000024,,S12000040,,Elective Inpatients,,3,,193,428,2.21761658031088,,195,583,2.98974358974359,
2020Q1,,S08000024,,S12000040,,Elective Inpatients,,3,,172,409,2.37790697674419,,175,747,4.26857142857143,
2020Q2,,S08000024,,S12000040,,Elective Inpatients,,3,,69,117,1.69565217391304,,75,287,3.82666666666667,
2020Q3,,S08000024,,S12000040,,Elective Inpatients,,3,,115,202,1.75652173913043,,120,354,2.95,
2020Q4,,S08000024,,S12000040,,Elective Inpatients,,3,,117,282,2.41025641025641,,120,385,3.20833333333333,
2021Q1,,S08000024,,S12000040,,Elective Inpatients,,3,,136,254,1.86764705882353,,135,411,3.04444444444444,
2021Q2,,S08000024,,S12000040,,Elective Inpatients,,3,,140,231,1.65,,140,379,2.70714285714286,
2021Q3,,S08000024,,S12000040,,Elective Inpatients,,3,,129,325,2.51937984496124,,135,650,4.81481481481481,
2021Q4,,S08000024,,S12000040,,Elective Inpatients,,3,,105,270,2.57142857142857,,105,338,3.21904761904762,
2022Q1,,S08000024,,S12000040,,Elective Inpatients,,3,,97,197,2.03092783505155,,98,340,3.46938775510204,
2022Q2,,S08000024,,S12000040,,Elective Inpatients,,3,,131,330,2.51908396946565,,135,658,4.87407407407407,
2022Q3,,S08000024,,S12000040,,Elective Inpatients,,3,,127,262,2.06299212598425,,133,561,4.21804511278195,
2022Q4,p,S08000024,,S12000040,,Elective Inpatients,,3,,114,284,2.49122807017544,,115,470,4.08695652173913,
2017Q4,,S08000024,,S12000040,,Elective Inpatients,,4,,179,284,1.58659217877095,,180,377,2.09444444444444,
2018Q1,,S08000024,,S12000040,,Elective Inpatients,,4,,162,405,2.5,,160,614,3.8375,
2018Q2,,S08000024,,S12000040,,Elective Inpatients,,4,,177,434,2.45197740112994,,180,709,3.93888888888889,
2018Q3,,S08000024,,S12000040,,Elective Inpatients,,4,,192,354,1.84375,,190,529,2.78421052631579,
2018Q4,,S08000024,,S12000040,,Elective Inpatients,,4,,192,375,1.953125,,195,528,2.70769230769231,
2019Q1,,S08000024,,S12000040,,Elective Inpatients,,4,,174,385,2.21264367816092,,175,471,2.69142857142857,
2019Q2,,S08000024,,S12000040,,Elective Inpatients,,4,,181,365,2.01657458563536,,185,594,3.21081081081081,
2019Q3,,S08000024,,S12000040,,Elective Inpatients,,4,,146,288,1.97260273972603,,145,407,2.80689655172414,
2019Q4,,S08000024,,S12000040,,Elective Inpatients,,4,,163,357,2.19018404907975,,160,530,3.3125,
2020Q1,,S08000024,,S12000040,,Elective Inpatients,,4,,136,277,2.03676470588235,,139,642,4.61870503597122,
2020Q2,,S08000024,,S12000040,,Elective Inpatients,,4,,68,168,2.47058823529412,,70,394,5.62857142857143,
2020Q3,,S08000024,,S12000040,,Elective Inpatients,,4,,95,240,2.52631578947368,,95,361,3.8,
2020Q4,,S08000024,,S12000040,,Elective Inpatients,,4,,120,306,2.55,,120,315,2.625,
2021Q1,,S08000024,,S12000040,,Elective Inpatients,,4,,100,260,2.6,,105,629,5.99047619047619,
2021Q2,,S08000024,,S12000040,,Elective Inpatients,,4,,143,495,3.46153846153846,,140,531,3.79285714285714,
2021Q3,,S08000024,,S12000040,,Elective Inpatients,,4,,111,242,2.18018018018018,,115,400,3.47826086956522,
2021Q4,,S08000024,,S12000040,,Elective Inpatients,,4,,95,146,1.53684210526316,,100,284,2.84,
2022Q1,,S08000024,,S12000040,,Elective Inpatients,,4,,104,186,1.78846153846154,,105,335,3.19047619047619,
2022Q2,,S08000024,,S12000040,,Elective Inpatients,,4,,97,144,1.48453608247423,,95,200,2.10526315789474,
2022Q3,,S08000024,,S12000040,,Elective Inpatients,,4,,120,261,2.175,,121,368,3.04132231404959,
2022Q4,p,S08000024,,S12000040,,Elective Inpatients,,4,,119,205,1.72268907563025,,120,298,2.48333333333333,
2017Q4,,S08000024,,S12000040,,Elective Inpatients,,5,,153,290,1.89542483660131,,160,479,2.99375,
2018Q1,,S08000024,,S12000040,,Elective Inpatients,,5,,156,291,1.86538461538462,,155,374,2.41290322580645,
2018Q2,,S08000024,,S12000040,,Elective Inpatients,,5,,137,247,1.8029197080292,,140,497,3.55,
2018Q3,,S08000024,,S12000040,,Elective Inpatients,,5,,159,369,2.32075471698113,,160,534,3.3375,
2018Q4,,S08000024,,S12000040,,Elective Inpatients,,5,,146,285,1.95205479452055,,148,355,2.39864864864865,
2019Q1,,S08000024,,S12000040,,Elective Inpatients,,5,,142,279,1.96478873239437,,140,349,2.49285714285714,
2019Q2,,S08000024,,S12000040,,Elective Inpatients,,5,,143,297,2.07692307692308,,145,468,3.22758620689655,
2019Q3,,S08000024,,S12000040,,Elective Inpatients,,5,,150,336,2.24,,152,561,3.69078947368421,
2019Q4,,S08000024,,S12000040,,Elective Inpatients,,5,,145,271,1.86896551724138,,145,426,2.93793103448276,
2020Q1,,S08000024,,S12000040,,Elective Inpatients,,5,,125,270,2.16,,125,417,3.336,
2020Q2,,S08000024,,S12000040,,Elective Inpatients,,5,,56,148,2.64285714285714,,55,226,4.10909090909091,
2020Q3,,S08000024,,S12000040,,Elective Inpatients,,5,,99,173,1.74747474747475,,105,442,4.20952380952381,
2020Q4,,S08000024,,S12000040,,Elective Inpatients,,5,,121,209,1.72727272727273,,120,374,3.11666666666667,
2021Q1,,S08000024,,S12000040,,Elective Inpatients,,5,,74,201,2.71621621621622,,80,330,4.125,
2021Q2,,S08000024,,S12000040,,Elective Inpatients,,5,,120,247,2.05833333333333,,120,431,3.59166666666667,
2021Q3,,S08000024,,S12000040,,Elective Inpatients,,5,,91,279,3.06593406593407,,95,452,4.7578947368421,
2021Q4,,S08000024,,S12000040,,Elective Inpatients,,5,,102,248,2.43137254901961,,100,411,4.11,
2022Q1,,S08000024,,S12000040,,Elective Inpatients,,5,,71,146,2.05633802816901,,70,376,5.37142857142857,
2022Q2,,S08000024,,S12000040,,Elective Inpatients,,5,,102,222,2.17647058823529,,105,386,3.67619047619048,
2022Q3,,S08000024,,S12000040,,Elective Inpatients,,5,,109,175,1.60550458715596,,110,468,4.25454545454545,
2022Q4,p,S08000024,,S12000040,,Elective Inpatients,,5,,96,187,1.94791666666667,,100,321,3.21,
2017Q4,,S08000025,,S08000025,d,Elective Inpatients,,2,,35,163,4.65714285714286,,35,196,5.6,
2018Q1,,S08000025,,S08000025,d,Elective Inpatients,,2,,30,89,2.96666666666667,,30,97,3.23333333333333,
2018Q2,,S08000025,,S08000025,d,Elective Inpatients,,2,,36,66,1.83333333333333,,35,111,3.17142857142857,
2018Q3,,S08000025,,S08000025,d,Elective Inpatients,,2,,41,113,2.75609756097561,,40,135,3.375,
2018Q4,,S08000025,,S08000025,d,Elective Inpatients,,2,,30,103,3.43333333333333,,30,145,4.83333333333333,
2019Q1,,S08000025,,S08000025,d,Elective Inpatients,,2,,45,114,2.53333333333333,,45,136,3.02222222222222,
2019Q2,,S08000025,,S08000025,d,Elective Inpatients,,2,,35,101,2.88571428571429,,35,202,5.77142857142857,
2019Q3,,S08000025,,S08000025,d,Elective Inpatients,,2,,35,145,4.14285714285714,,35,153,4.37142857142857,
2019Q4,,S08000025,,S08000025,d,Elective Inpatients,,2,,40,118,2.95,,35,137,3.91428571428571,
2020Q1,,S08000025,,S08000025,d,Elective Inpatients,,2,,20,73,3.65,,25,81,3.24,
2020Q2,,S08000025,,S08000025,d,Elective Inpatients,,2,,5,5,1,,5,10,2,
2020Q3,,S08000025,,S08000025,d,Elective Inpatients,,2,,15,29,1.93333333333333,,15,56,3.73333333333333,
2020Q4,,S08000025,,S08000025,d,Elective Inpatients,,2,,20,46,2.3,,20,75,3.75,
2021Q1,,S08000025,,S08000025,d,Elective Inpatients,,2,,27,71,2.62962962962963,,25,195,7.8,
2021Q2,,S08000025,,S08000025,d,Elective Inpatients,,2,,25,49,1.96,,25,73,2.92,
2021Q3,,S08000025,,S08000025,d,Elective Inpatients,,2,,24,91,3.79166666666667,,27,133,4.92592592592593,
2021Q4,,S08000025,,S08000025,d,Elective Inpatients,,2,,30,67,2.23333333333333,,30,89,2.96666666666667,
2022Q1,,S08000025,,S08000025,d,Elective Inpatients,,2,,25,91,3.64,,24,103,4.29166666666667,
2022Q2,,S08000025,,S08000025,d,Elective Inpatients,,2,,20,69,3.45,,20,70,3.5,
2022Q3,,S08000025,,S08000025,d,Elective Inpatients,,2,,22,98,4.45454545454545,,25,108,4.32,
2022Q4,p,S08000025,,S08000025,d,Elective Inpatients,,2,,15,83,5.53333333333333,,15,86,5.73333333333333,
2017Q4,,S08000025,,S08000025,d,Elective Inpatients,,3,,22,79,3.59090909090909,,20,93,4.65,
2018Q1,,S08000025,,S08000025,d,Elective Inpatients,,3,,17,58,3.41176470588235,,16,34,2.125,
2018Q2,,S08000025,,S08000025,d,Elective Inpatients,,3,,29,101,3.48275862068966,,30,138,4.6,
2018Q3,,S08000025,,S08000025,d,Elective Inpatients,,3,,30,152,5.06666666666667,,30,192,6.4,
2018Q4,,S08000025,,S08000025,d,Elective Inpatients,,3,,35,116,3.31428571428571,,35,136,3.88571428571429,
2019Q1,,S08000025,,S08000025,d,Elective Inpatients,,3,,33,127,3.84848484848485,,35,143,4.08571428571429,
2019Q2,,S08000025,,S08000025,d,Elective Inpatients,,3,,33,94,2.84848484848485,,35,136,3.88571428571429,
2019Q3,,S08000025,,S08000025,d,Elective Inpatients,,3,,34,106,3.11764705882353,,35,104,2.97142857142857,
2019Q4,,S08000025,,S08000025,d,Elective Inpatients,,3,,31,133,4.29032258064516,,30,259,8.63333333333333,
2020Q1,,S08000025,,S08000025,d,Elective Inpatients,,3,,25,80,3.2,,25,90,3.6,
2020Q2,,S08000025,,S08000025,d,Elective Inpatients,,3,,14,53,3.78571428571429,,13,109,8.38461538461539,
2020Q3,,S08000025,,S08000025,d,Elective Inpatients,,3,,30,57,1.9,,31,159,5.12903225806452,
2020Q4,,S08000025,,S08000025,d,Elective Inpatients,,3,,16,23,1.4375,,16,49,3.0625,
2021Q1,,S08000025,,S08000025,d,Elective Inpatients,,3,,15,28,1.86666666666667,,15,43,2.86666666666667,
2021Q2,,S08000025,,S08000025,d,Elective Inpatients,,3,,18,55,3.05555555555556,,20,76,3.8,
2021Q3,,S08000025,,S08000025,d,Elective Inpatients,,3,,21,60,2.85714285714286,,24,96,4,
2021Q4,,S08000025,,S08000025,d,Elective Inpatients,,3,,16,27,1.6875,,15,49,3.26666666666667,
2022Q1,,S08000025,,S08000025,d,Elective Inpatients,,3,,24,53,2.20833333333333,,25,58,2.32,
2022Q2,,S08000025,,S08000025,d,Elective Inpatients,,3,,26,52,2,,25,64,2.56,
2022Q3,,S08000025,,S08000025,d,Elective Inpatients,,3,,17,36,2.11764705882353,,16,39,2.4375,
2022Q4,p,S08000025,,S08000025,d,Elective Inpatients,,3,,26,71,2.73076923076923,,25,106,4.24,
2017Q4,,S08000025,,S08000025,d,Elective Inpatients,,4,,84,195,2.32142857142857,,85,307,3.61176470588235,
2018Q1,,S08000025,,S08000025,d,Elective Inpatients,,4,,76,198,2.60526315789474,,80,234,2.925,
2018Q2,,S08000025,,S08000025,d,Elective Inpatients,,4,,91,262,2.87912087912088,,90,294,3.26666666666667,
2018Q3,,S08000025,,S08000025,d,Elective Inpatients,,4,,105,318,3.02857142857143,,105,505,4.80952380952381,
2018Q4,,S08000025,,S08000025,d,Elective Inpatients,,4,,115,285,2.47826086956522,,115,419,3.64347826086957,
2019Q1,,S08000025,,S08000025,d,Elective Inpatients,,4,,95,214,2.25263157894737,,100,295,2.95,
2019Q2,,S08000025,,S08000025,d,Elective Inpatients,,4,,84,229,2.72619047619048,,86,329,3.82558139534884,
2019Q3,,S08000025,,S08000025,d,Elective Inpatients,,4,,81,202,2.49382716049383,,82,294,3.58536585365854,
2019Q4,,S08000025,,S08000025,d,Elective Inpatients,,4,,97,226,2.3298969072165,,100,325,3.25,
2020Q1,,S08000025,,S08000025,d,Elective Inpatients,,4,,89,187,2.10112359550562,,95,250,2.63157894736842,
2020Q2,,S08000025,,S08000025,d,Elective Inpatients,,4,,31,65,2.09677419354839,,35,93,2.65714285714286,
2020Q3,,S08000025,,S08000025,d,Elective Inpatients,,4,,58,122,2.10344827586207,,55,206,3.74545454545455,
2020Q4,,S08000025,,S08000025,d,Elective Inpatients,,4,,62,160,2.58064516129032,,65,241,3.70769230769231,
2021Q1,,S08000025,,S08000025,d,Elective Inpatients,,4,,43,114,2.65116279069767,,45,120,2.66666666666667,
2021Q2,,S08000025,,S08000025,d,Elective Inpatients,,4,,75,263,3.50666666666667,,80,402,5.025,
2021Q3,,S08000025,,S08000025,d,Elective Inpatients,,4,,90,235,2.61111111111111,,90,317,3.52222222222222,
2021Q4,,S08000025,,S08000025,d,Elective Inpatients,,4,,77,249,3.23376623376623,,80,353,4.4125,
2022Q1,,S08000025,,S08000025,d,Elective Inpatients,,4,,86,204,2.37209302325581,,90,328,3.64444444444444,
2022Q2,,S08000025,,S08000025,d,Elective Inpatients,,4,,97,196,2.02061855670103,,95,235,2.47368421052632,
2022Q3,,S08000025,,S08000025,d,Elective Inpatients,,4,,85,259,3.04705882352941,,90,327,3.63333333333333,
2022Q4,p,S08000025,,S08000025,d,Elective Inpatients,,4,,74,154,2.08108108108108,,75,192,2.56,
2017Q4,,S08000025,,S12000023,,Elective Inpatients,,2,,35,163,4.65714285714286,,35,196,5.6,
2018Q1,,S08000025,,S12000023,,Elective Inpatients,,2,,30,89,2.96666666666667,,30,97,3.23333333333333,
2018Q2,,S08000025,,S12000023,,Elective Inpatients,,2,,36,66,1.83333333333333,,35,111,3.17142857142857,
2018Q3,,S08000025,,S12000023,,Elective Inpatients,,2,,41,113,2.75609756097561,,40,135,3.375,
2018Q4,,S08000025,,S12000023,,Elective Inpatients,,2,,30,103,3.43333333333333,,30,145,4.83333333333333,
2019Q1,,S08000025,,S12000023,,Elective Inpatients,,2,,45,114,2.53333333333333,,45,136,3.02222222222222,
2019Q2,,S08000025,,S12000023,,Elective Inpatients,,2,,35,101,2.88571428571429,,35,202,5.77142857142857,
2019Q3,,S08000025,,S12000023,,Elective Inpatients,,2,,35,145,4.14285714285714,,35,153,4.37142857142857,
2019Q4,,S08000025,,S12000023,,Elective Inpatients,,2,,40,118,2.95,,35,137,3.91428571428571,
2020Q1,,S08000025,,S12000023,,Elective Inpatients,,2,,20,73,3.65,,25,81,3.24,
2020Q2,,S08000025,,S12000023,,Elective Inpatients,,2,,5,5,1,,5,10,2,
2020Q3,,S08000025,,S12000023,,Elective Inpatients,,2,,15,29,1.93333333333333,,15,56,3.73333333333333,
2020Q4,,S08000025,,S12000023,,Elective Inpatients,,2,,20,46,2.3,,20,75,3.75,
2021Q1,,S08000025,,S12000023,,Elective Inpatients,,2,,27,71,2.62962962962963,,25,195,7.8,
2021Q2,,S08000025,,S12000023,,Elective Inpatients,,2,,25,49,1.96,,25,73,2.92,
2021Q3,,S08000025,,S12000023,,Elective Inpatients,,2,,24,91,3.79166666666667,,27,133,4.92592592592593,
2021Q4,,S08000025,,S12000023,,Elective Inpatients,,2,,30,67,2.23333333333333,,30,89,2.96666666666667,
2022Q1,,S08000025,,S12000023,,Elective Inpatients,,2,,25,91,3.64,,24,103,4.29166666666667,
2022Q2,,S08000025,,S12000023,,Elective Inpatients,,2,,20,69,3.45,,20,70,3.5,
2022Q3,,S08000025,,S12000023,,Elective Inpatients,,2,,22,98,4.45454545454545,,25,108,4.32,
2022Q4,p,S08000025,,S12000023,,Elective Inpatients,,2,,15,83,5.53333333333333,,15,86,5.73333333333333,
2017Q4,,S08000025,,S12000023,,Elective Inpatients,,3,,22,79,3.59090909090909,,20,93,4.65,
2018Q1,,S08000025,,S12000023,,Elective Inpatients,,3,,17,58,3.41176470588235,,16,34,2.125,
2018Q2,,S08000025,,S12000023,,Elective Inpatients,,3,,29,101,3.48275862068966,,30,138,4.6,
2018Q3,,S08000025,,S12000023,,Elective Inpatients,,3,,30,152,5.06666666666667,,30,192,6.4,
2018Q4,,S08000025,,S12000023,,Elective Inpatients,,3,,35,116,3.31428571428571,,35,136,3.88571428571429,
2019Q1,,S08000025,,S12000023,,Elective Inpatients,,3,,33,127,3.84848484848485,,35,143,4.08571428571429,
2019Q2,,S08000025,,S12000023,,Elective Inpatients,,3,,33,94,2.84848484848485,,35,136,3.88571428571429,
2019Q3,,S08000025,,S12000023,,Elective Inpatients,,3,,34,106,3.11764705882353,,35,104,2.97142857142857,
2019Q4,,S08000025,,S12000023,,Elective Inpatients,,3,,31,133,4.29032258064516,,30,259,8.63333333333333,
2020Q1,,S08000025,,S12000023,,Elective Inpatients,,3,,25,80,3.2,,25,90,3.6,
2020Q2,,S08000025,,S12000023,,Elective Inpatients,,3,,14,53,3.78571428571429,,13,109,8.38461538461539,
2020Q3,,S08000025,,S12000023,,Elective Inpatients,,3,,30,57,1.9,,31,159,5.12903225806452,
2020Q4,,S08000025,,S12000023,,Elective Inpatients,,3,,16,23,1.4375,,16,49,3.0625,
2021Q1,,S08000025,,S12000023,,Elective Inpatients,,3,,15,28,1.86666666666667,,15,43,2.86666666666667,
2021Q2,,S08000025,,S12000023,,Elective Inpatients,,3,,18,55,3.05555555555556,,20,76,3.8,
2021Q3,,S08000025,,S12000023,,Elective Inpatients,,3,,21,60,2.85714285714286,,24,96,4,
2021Q4,,S08000025,,S12000023,,Elective Inpatients,,3,,16,27,1.6875,,15,49,3.26666666666667,
2022Q1,,S08000025,,S12000023,,Elective Inpatients,,3,,24,53,2.20833333333333,,25,58,2.32,
2022Q2,,S08000025,,S12000023,,Elective Inpatients,,3,,26,52,2,,25,64,2.56,
2022Q3,,S08000025,,S12000023,,Elective Inpatients,,3,,17,36,2.11764705882353,,16,39,2.4375,
2022Q4,p,S08000025,,S12000023,,Elective Inpatients,,3,,26,71,2.73076923076923,,25,106,4.24,
2017Q4,,S08000025,,S12000023,,Elective Inpatients,,4,,84,195,2.32142857142857,,85,307,3.61176470588235,
2018Q1,,S08000025,,S12000023,,Elective Inpatients,,4,,76,198,2.60526315789474,,80,234,2.925,
2018Q2,,S08000025,,S12000023,,Elective Inpatients,,4,,91,262,2.87912087912088,,90,294,3.26666666666667,
2018Q3,,S08000025,,S12000023,,Elective Inpatients,,4,,105,318,3.02857142857143,,105,505,4.80952380952381,
2018Q4,,S08000025,,S12000023,,Elective Inpatients,,4,,115,285,2.47826086956522,,115,419,3.64347826086957,
2019Q1,,S08000025,,S12000023,,Elective Inpatients,,4,,95,214,2.25263157894737,,100,295,2.95,
2019Q2,,S08000025,,S12000023,,Elective Inpatients,,4,,84,229,2.72619047619048,,86,329,3.82558139534884,
2019Q3,,S08000025,,S12000023,,Elective Inpatients,,4,,81,202,2.49382716049383,,82,294,3.58536585365854,
2019Q4,,S08000025,,S12000023,,Elective Inpatients,,4,,97,226,2.3298969072165,,100,325,3.25,
2020Q1,,S08000025,,S12000023,,Elective Inpatients,,4,,89,187,2.10112359550562,,95,250,2.63157894736842,
2020Q2,,S08000025,,S12000023,,Elective Inpatients,,4,,31,65,2.09677419354839,,35,93,2.65714285714286,
2020Q3,,S08000025,,S12000023,,Elective Inpatients,,4,,58,122,2.10344827586207,,55,206,3.74545454545455,
2020Q4,,S08000025,,S12000023,,Elective Inpatients,,4,,62,160,2.58064516129032,,65,241,3.70769230769231,
2021Q1,,S08000025,,S12000023,,Elective Inpatients,,4,,43,114,2.65116279069767,,45,120,2.66666666666667,
2021Q2,,S08000025,,S12000023,,Elective Inpatients,,4,,75,263,3.50666666666667,,80,402,5.025,
2021Q3,,S08000025,,S12000023,,Elective Inpatients,,4,,90,235,2.61111111111111,,90,317,3.52222222222222,
2021Q4,,S08000025,,S12000023,,Elective Inpatients,,4,,77,249,3.23376623376623,,80,353,4.4125,
2022Q1,,S08000025,,S12000023,,Elective Inpatients,,4,,86,204,2.37209302325581,,90,328,3.64444444444444,
2022Q2,,S08000025,,S12000023,,Elective Inpatients,,4,,97,196,2.02061855670103,,95,235,2.47368421052632,
2022Q3,,S08000025,,S12000023,,Elective Inpatients,,4,,85,259,3.04705882352941,,90,327,3.63333333333333,
2022Q4,p,S08000025,,S12000023,,Elective Inpatients,,4,,74,154,2.08108108108108,,75,192,2.56,
2017Q4,,S08000026,,S08000026,d,Elective Inpatients,,2,,5,5,1,,5,21,4.2,
2018Q1,,S08000026,,S08000026,d,Elective Inpatients,,2,,10,18,1.8,,10,24,2.4,
2018Q2,,S08000026,,S08000026,d,Elective Inpatients,,2,,13,35,2.69230769230769,,14,50,3.57142857142857,
2018Q3,,S08000026,,S08000026,d,Elective Inpatients,,2,,20,38,1.9,,19,38,2,
2018Q4,,S08000026,,S08000026,d,Elective Inpatients,,2,,20,36,1.8,,18,64,3.55555555555556,
2019Q1,,S08000026,,S08000026,d,Elective Inpatients,,2,,15,17,1.13333333333333,,13,17,1.30769230769231,
2019Q2,,S08000026,,S08000026,d,Elective Inpatients,,2,,20,44,2.2,,20,57,2.85,
2019Q3,,S08000026,,S08000026,d,Elective Inpatients,,2,,5,15,3,,5,22,4.4,
2019Q4,,S08000026,,S08000026,d,Elective Inpatients,,2,,10,22,2.2,,10,14,1.4,
2020Q1,,S08000026,,S08000026,d,Elective Inpatients,,2,,10,23,2.3,,10,23,2.3,
2020Q2,,S08000026,,S08000026,d,Elective Inpatients,,2,,0,5,,z,0,5,,z
2020Q3,,S08000026,,S08000026,d,Elective Inpatients,,2,,10,15,1.5,,10,17,1.7,
2020Q4,,S08000026,,S08000026,d,Elective Inpatients,,2,,0,6,,z,0,6,,z
2021Q1,,S08000026,,S08000026,d,Elective Inpatients,,2,,5,8,1.6,,5,13,2.6,
2021Q2,,S08000026,,S08000026,d,Elective Inpatients,,2,,5,15,3,,5,17,3.4,
2021Q3,,S08000026,,S08000026,d,Elective Inpatients,,2,,0,7,,z,5,21,4.2,
2021Q4,,S08000026,,S08000026,d,Elective Inpatients,,2,,5,8,1.6,,10,9,0.9,
2022Q1,,S08000026,,S08000026,d,Elective Inpatients,,2,,10,16,1.6,,11,16,1.45454545454545,
2022Q2,,S08000026,,S08000026,d,Elective Inpatients,,2,,10,36,3.6,,10,36,3.6,
2022Q3,,S08000026,,S08000026,d,Elective Inpatients,,2,,11,25,2.27272727272727,,10,37,3.7,
2022Q4,p,S08000026,,S08000026,d,Elective Inpatients,,2,,10,26,2.6,,10,37,3.7,
2017Q4,,S08000026,,S08000026,d,Elective Inpatients,,3,,93,226,2.43010752688172,,95,338,3.5578947368421,
2018Q1,,S08000026,,S08000026,d,Elective Inpatients,,3,,63,107,1.6984126984127,,65,158,2.43076923076923,
2018Q2,,S08000026,,S08000026,d,Elective Inpatients,,3,,70,151,2.15714285714286,,70,232,3.31428571428571,
2018Q3,,S08000026,,S08000026,d,Elective Inpatients,,3,,83,230,2.7710843373494,,80,240,3,
2018Q4,,S08000026,,S08000026,d,Elective Inpatients,,3,,81,203,2.50617283950617,,84,301,3.58333333333333,
2019Q1,,S08000026,,S08000026,d,Elective Inpatients,,3,,72,178,2.47222222222222,,70,213,3.04285714285714,
2019Q2,,S08000026,,S08000026,d,Elective Inpatients,,3,,84,185,2.20238095238095,,85,272,3.2,
2019Q3,,S08000026,,S08000026,d,Elective Inpatients,,3,,96,265,2.76041666666667,,98,431,4.39795918367347,
2019Q4,,S08000026,,S08000026,d,Elective Inpatients,,3,,90,247,2.74444444444444,,90,272,3.02222222222222,
2020Q1,,S08000026,,S08000026,d,Elective Inpatients,,3,,60,117,1.95,,60,225,3.75,
2020Q2,,S08000026,,S08000026,d,Elective Inpatients,,3,,20,64,3.2,,19,63,3.31578947368421,
2020Q3,,S08000026,,S08000026,d,Elective Inpatients,,3,,53,112,2.11320754716981,,54,146,2.7037037037037,
2020Q4,,S08000026,,S08000026,d,Elective Inpatients,,3,,34,152,4.47058823529412,,35,122,3.48571428571429,
2021Q1,,S08000026,,S08000026,d,Elective Inpatients,,3,,41,71,1.73170731707317,,41,88,2.14634146341463,
2021Q2,,S08000026,,S08000026,d,Elective Inpatients,,3,,35,68,1.94285714285714,,35,80,2.28571428571429,
2021Q3,,S08000026,,S08000026,d,Elective Inpatients,,3,,48,111,2.3125,,50,137,2.74,
2021Q4,,S08000026,,S08000026,d,Elective Inpatients,,3,,34,105,3.08823529411765,,35,124,3.54285714285714,
2022Q1,,S08000026,,S08000026,d,Elective Inpatients,,3,,92,197,2.14130434782609,,93,214,2.3010752688172,
2022Q2,,S08000026,,S08000026,d,Elective Inpatients,,3,,55,105,1.90909090909091,,55,129,2.34545454545455,
2022Q3,,S08000026,,S08000026,d,Elective Inpatients,,3,,51,122,2.3921568627451,,50,150,3,
2022Q4,p,S08000026,,S08000026,d,Elective Inpatients,,3,,46,94,2.04347826086957,,50,126,2.52,
2017Q4,,S08000026,,S08000026,d,Elective Inpatients,,4,,124,306,2.46774193548387,,125,362,2.896,
2018Q1,,S08000026,,S08000026,d,Elective Inpatients,,4,,91,277,3.04395604395604,,90,405,4.5,
2018Q2,,S08000026,,S08000026,d,Elective Inpatients,,4,,86,259,3.01162790697674,,85,300,3.52941176470588,
2018Q3,,S08000026,,S08000026,d,Elective Inpatients,,4,,100,315,3.15,,100,449,4.49,
2018Q4,,S08000026,,S08000026,d,Elective Inpatients,,4,,112,243,2.16964285714286,,110,287,2.60909090909091,
2019Q1,,S08000026,,S08000026,d,Elective Inpatients,,4,,99,279,2.81818181818182,,100,360,3.6,
2019Q2,,S08000026,,S08000026,d,Elective Inpatients,,4,,103,264,2.5631067961165,,100,282,2.82,
2019Q3,,S08000026,,S08000026,d,Elective Inpatients,,4,,118,250,2.11864406779661,,116,363,3.12931034482759,
2019Q4,,S08000026,,S08000026,d,Elective Inpatients,,4,,86,245,2.84883720930233,,90,330,3.66666666666667,
2020Q1,,S08000026,,S08000026,d,Elective Inpatients,,4,,78,172,2.20512820512821,,80,224,2.8,
2020Q2,,S08000026,,S08000026,d,Elective Inpatients,,4,,29,79,2.72413793103448,,29,94,3.24137931034483,
2020Q3,,S08000026,,S08000026,d,Elective Inpatients,,4,,48,147,3.0625,,50,162,3.24,
2020Q4,,S08000026,,S08000026,d,Elective Inpatients,,4,,59,177,3,,57,262,4.59649122807018,
2021Q1,,S08000026,,S08000026,d,Elective Inpatients,,4,,41,72,1.75609756097561,,40,101,2.525,
2021Q2,,S08000026,,S08000026,d,Elective Inpatients,,4,,70,180,2.57142857142857,,70,501,7.15714285714286,
2021Q3,,S08000026,,S08000026,d,Elective Inpatients,,4,,61,228,3.73770491803279,,60,285,4.75,
2021Q4,,S08000026,,S08000026,d,Elective Inpatients,,4,,51,94,1.84313725490196,,52,146,2.80769230769231,
2022Q1,,S08000026,,S08000026,d,Elective Inpatients,,4,,118,220,1.86440677966102,,120,253,2.10833333333333,
2022Q2,,S08000026,,S08000026,d,Elective Inpatients,,4,,68,123,1.80882352941176,,70,228,3.25714285714286,
2022Q3,,S08000026,,S08000026,d,Elective Inpatients,,4,,74,162,2.18918918918919,,75,280,3.73333333333333,
2022Q4,p,S08000026,,S08000026,d,Elective Inpatients,,4,,71,152,2.14084507042254,,75,236,3.14666666666667,
2017Q4,,S08000026,,S12000027,,Elective Inpatients,,2,,5,5,1,,5,21,4.2,
2018Q1,,S08000026,,S12000027,,Elective Inpatients,,2,,10,18,1.8,,10,24,2.4,
2018Q2,,S08000026,,S12000027,,Elective Inpatients,,2,,13,35,2.69230769230769,,14,50,3.57142857142857,
2018Q3,,S08000026,,S12000027,,Elective Inpatients,,2,,20,38,1.9,,19,38,2,
2018Q4,,S08000026,,S12000027,,Elective Inpatients,,2,,20,36,1.8,,18,64,3.55555555555556,
2019Q1,,S08000026,,S12000027,,Elective Inpatients,,2,,15,17,1.13333333333333,,13,17,1.30769230769231,
2019Q2,,S08000026,,S12000027,,Elective Inpatients,,2,,20,44,2.2,,20,57,2.85,
2019Q3,,S08000026,,S12000027,,Elective Inpatients,,2,,5,15,3,,5,22,4.4,
2019Q4,,S08000026,,S12000027,,Elective Inpatients,,2,,10,22,2.2,,10,14,1.4,
2020Q1,,S08000026,,S12000027,,Elective Inpatients,,2,,10,23,2.3,,10,23,2.3,
2020Q2,,S08000026,,S12000027,,Elective Inpatients,,2,,0,5,,z,0,5,,z
2020Q3,,S08000026,,S12000027,,Elective Inpatients,,2,,10,15,1.5,,10,17,1.7,
2020Q4,,S08000026,,S12000027,,Elective Inpatients,,2,,0,6,,z,0,6,,z
2021Q1,,S08000026,,S12000027,,Elective Inpatients,,2,,5,8,1.6,,5,13,2.6,
2021Q2,,S08000026,,S12000027,,Elective Inpatients,,2,,5,15,3,,5,17,3.4,
2021Q3,,S08000026,,S12000027,,Elective Inpatients,,2,,0,7,,z,5,21,4.2,
2021Q4,,S08000026,,S12000027,,Elective Inpatients,,2,,5,8,1.6,,10,9,0.9,
2022Q1,,S08000026,,S12000027,,Elective Inpatients,,2,,10,16,1.6,,11,16,1.45454545454545,
2022Q2,,S08000026,,S12000027,,Elective Inpatients,,2,,10,36,3.6,,10,36,3.6,
2022Q3,,S08000026,,S12000027,,Elective Inpatients,,2,,11,25,2.27272727272727,,10,37,3.7,
2022Q4,p,S08000026,,S12000027,,Elective Inpatients,,2,,10,26,2.6,,10,37,3.7,
2017Q4,,S08000026,,S12000027,,Elective Inpatients,,3,,93,226,2.43010752688172,,95,338,3.5578947368421,
2018Q1,,S08000026,,S12000027,,Elective Inpatients,,3,,63,107,1.6984126984127,,65,158,2.43076923076923,
2018Q2,,S08000026,,S12000027,,Elective Inpatients,,3,,70,151,2.15714285714286,,70,232,3.31428571428571,
2018Q3,,S08000026,,S12000027,,Elective Inpatients,,3,,83,230,2.7710843373494,,80,240,3,
2018Q4,,S08000026,,S12000027,,Elective Inpatients,,3,,81,203,2.50617283950617,,84,301,3.58333333333333,
2019Q1,,S08000026,,S12000027,,Elective Inpatients,,3,,72,178,2.47222222222222,,70,213,3.04285714285714,
2019Q2,,S08000026,,S12000027,,Elective Inpatients,,3,,84,185,2.20238095238095,,85,272,3.2,
2019Q3,,S08000026,,S12000027,,Elective Inpatients,,3,,96,265,2.76041666666667,,98,431,4.39795918367347,
2019Q4,,S08000026,,S12000027,,Elective Inpatients,,3,,90,247,2.74444444444444,,90,272,3.02222222222222,
2020Q1,,S08000026,,S12000027,,Elective Inpatients,,3,,60,117,1.95,,60,225,3.75,
2020Q2,,S08000026,,S12000027,,Elective Inpatients,,3,,20,64,3.2,,19,63,3.31578947368421,
2020Q3,,S08000026,,S12000027,,Elective Inpatients,,3,,53,112,2.11320754716981,,54,146,2.7037037037037,
2020Q4,,S08000026,,S12000027,,Elective Inpatients,,3,,34,152,4.47058823529412,,35,122,3.48571428571429,
2021Q1,,S08000026,,S12000027,,Elective Inpatients,,3,,41,71,1.73170731707317,,41,88,2.14634146341463,
2021Q2,,S08000026,,S12000027,,Elective Inpatients,,3,,35,68,1.94285714285714,,35,80,2.28571428571429,
2021Q3,,S08000026,,S12000027,,Elective Inpatients,,3,,48,111,2.3125,,50,137,2.74,
2021Q4,,S08000026,,S12000027,,Elective Inpatients,,3,,34,105,3.08823529411765,,35,124,3.54285714285714,
2022Q1,,S08000026,,S12000027,,Elective Inpatients,,3,,92,197,2.14130434782609,,93,214,2.3010752688172,
2022Q2,,S08000026,,S12000027,,Elective Inpatients,,3,,55,105,1.90909090909091,,55,129,2.34545454545455,
2022Q3,,S08000026,,S12000027,,Elective Inpatients,,3,,51,122,2.3921568627451,,50,150,3,
2022Q4,p,S08000026,,S12000027,,Elective Inpatients,,3,,46,94,2.04347826086957,,50,126,2.52,
2017Q4,,S08000026,,S12000027,,Elective Inpatients,,4,,124,306,2.46774193548387,,125,362,2.896,
2018Q1,,S08000026,,S12000027,,Elective Inpatients,,4,,91,277,3.04395604395604,,90,405,4.5,
2018Q2,,S08000026,,S12000027,,Elective Inpatients,,4,,86,259,3.01162790697674,,85,300,3.52941176470588,
2018Q3,,S08000026,,S12000027,,Elective Inpatients,,4,,100,315,3.15,,100,449,4.49,
2018Q4,,S08000026,,S12000027,,Elective Inpatients,,4,,112,243,2.16964285714286,,110,287,2.60909090909091,
2019Q1,,S08000026,,S12000027,,Elective Inpatients,,4,,99,279,2.81818181818182,,100,360,3.6,
2019Q2,,S08000026,,S12000027,,Elective Inpatients,,4,,103,264,2.5631067961165,,100,282,2.82,
2019Q3,,S08000026,,S12000027,,Elective Inpatients,,4,,118,250,2.11864406779661,,116,363,3.12931034482759,
2019Q4,,S08000026,,S12000027,,Elective Inpatients,,4,,86,245,2.84883720930233,,90,330,3.66666666666667,
2020Q1,,S08000026,,S12000027,,Elective Inpatients,,4,,78,172,2.20512820512821,,80,224,2.8,
2020Q2,,S08000026,,S12000027,,Elective Inpatients,,4,,29,79,2.72413793103448,,29,94,3.24137931034483,
2020Q3,,S08000026,,S12000027,,Elective Inpatients,,4,,48,147,3.0625,,50,162,3.24,
2020Q4,,S08000026,,S12000027,,Elective Inpatients,,4,,59,177,3,,57,262,4.59649122807018,
2021Q1,,S08000026,,S12000027,,Elective Inpatients,,4,,41,72,1.75609756097561,,40,101,2.525,
2021Q2,,S08000026,,S12000027,,Elective Inpatients,,4,,70,180,2.57142857142857,,70,501,7.15714285714286,
2021Q3,,S08000026,,S12000027,,Elective Inpatients,,4,,61,228,3.73770491803279,,60,285,4.75,
2021Q4,,S08000026,,S12000027,,Elective Inpatients,,4,,51,94,1.84313725490196,,52,146,2.80769230769231,
2022Q1,,S08000026,,S12000027,,Elective Inpatients,,4,,118,220,1.86440677966102,,120,253,2.10833333333333,
2022Q2,,S08000026,,S12000027,,Elective Inpatients,,4,,68,123,1.80882352941176,,70,228,3.25714285714286,
2022Q3,,S08000026,,S12000027,,Elective Inpatients,,4,,74,162,2.18918918918919,,75,280,3.73333333333333,
2022Q4,p,S08000026,,S12000027,,Elective Inpatients,,4,,71,152,2.14084507042254,,75,236,3.14666666666667,
2017Q4,,S08000030,,S12000041,,Elective Inpatients,,1,,41,92,2.24390243902439,,42,222,5.28571428571429,
2018Q1,,S08000030,,S12000041,,Elective Inpatients,,1,,57,131,2.29824561403509,,55,709,12.8909090909091,
2018Q2,,S08000030,,S12000041,,Elective Inpatients,,1,,55,310,5.63636363636364,,55,343,6.23636363636364,
2018Q3,,S08000030,,S12000041,,Elective Inpatients,,1,,47,85,1.80851063829787,,45,153,3.4,
2018Q4,,S08000030,,S12000041,,Elective Inpatients,,1,,51,89,1.74509803921569,,50,172,3.44,
2019Q1,,S08000030,,S12000041,,Elective Inpatients,,1,,39,80,2.05128205128205,,37,115,3.10810810810811,
2019Q2,,S08000030,,S12000041,,Elective Inpatients,,1,,50,109,2.18,,50,181,3.62,
2019Q3,,S08000030,,S12000041,,Elective Inpatients,,1,,39,70,1.7948717948718,,40,125,3.125,
2019Q4,,S08000030,,S12000041,,Elective Inpatients,,1,,36,139,3.86111111111111,,35,140,4,
2020Q1,,S08000030,,S12000041,,Elective Inpatients,,1,,37,103,2.78378378378378,,38,113,2.97368421052632,
2020Q2,,S08000030,,S12000041,,Elective Inpatients,,1,,15,62,4.13333333333333,,15,69,4.6,
2020Q3,,S08000030,,S12000041,,Elective Inpatients,,1,,22,55,2.5,,20,68,3.4,
2020Q4,,S08000030,,S12000041,,Elective Inpatients,,1,,38,86,2.26315789473684,,39,116,2.97435897435897,
2021Q1,,S08000030,,S12000041,,Elective Inpatients,,1,,26,60,2.30769230769231,,26,69,2.65384615384615,
2021Q2,,S08000030,,S12000041,,Elective Inpatients,,1,,51,115,2.25490196078431,,50,169,3.38,
2021Q3,,S08000030,,S12000041,,Elective Inpatients,,1,,31,82,2.64516129032258,,30,84,2.8,
2021Q4,,S08000030,,S12000041,,Elective Inpatients,,1,,42,123,2.92857142857143,,42,133,3.16666666666667,
2022Q1,,S08000030,,S12000041,,Elective Inpatients,,1,,34,44,1.29411764705882,,35,54,1.54285714285714,
2022Q2,,S08000030,,S12000041,,Elective Inpatients,,1,,42,113,2.69047619047619,,40,130,3.25,
2022Q3,,S08000030,,S12000041,,Elective Inpatients,,1,,56,116,2.07142857142857,,55,192,3.49090909090909,
2022Q4,p,S08000030,,S12000041,,Elective Inpatients,,1,,38,132,3.47368421052632,,40,184,4.6,
2017Q4,,S08000030,,S12000041,,Elective Inpatients,,2,,143,338,2.36363636363636,,140,646,4.61428571428571,
2018Q1,,S08000030,,S12000041,,Elective Inpatients,,2,,128,328,2.5625,,125,478,3.824,
2018Q2,,S08000030,,S12000041,,Elective Inpatients,,2,,162,374,2.30864197530864,,160,440,2.75,
2018Q3,,S08000030,,S12000041,,Elective Inpatients,,2,,123,294,2.39024390243902,,125,564,4.512,
2018Q4,,S08000030,,S12000041,,Elective Inpatients,,2,,107,229,2.14018691588785,,110,418,3.8,
2019Q1,,S08000030,,S12000041,,Elective Inpatients,,2,,129,325,2.51937984496124,,130,485,3.73076923076923,
2019Q2,,S08000030,,S12000041,,Elective Inpatients,,2,,150,334,2.22666666666667,,155,623,4.01935483870968,
2019Q3,,S08000030,,S12000041,,Elective Inpatients,,2,,132,256,1.93939393939394,,130,351,2.7,
2019Q4,,S08000030,,S12000041,,Elective Inpatients,,2,,119,272,2.28571428571429,,120,497,4.14166666666667,
2020Q1,,S08000030,,S12000041,,Elective Inpatients,,2,,158,360,2.27848101265823,,160,410,2.5625,
2020Q2,,S08000030,,S12000041,,Elective Inpatients,,2,,46,126,2.73913043478261,,44,163,3.70454545454545,
2020Q3,,S08000030,,S12000041,,Elective Inpatients,,2,,109,287,2.63302752293578,,110,524,4.76363636363636,
2020Q4,,S08000030,,S12000041,,Elective Inpatients,,2,,115,214,1.86086956521739,,115,393,3.41739130434783,
2021Q1,,S08000030,,S12000041,,Elective Inpatients,,2,,65,160,2.46153846153846,,67,247,3.6865671641791,
2021Q2,,S08000030,,S12000041,,Elective Inpatients,,2,,117,294,2.51282051282051,,115,340,2.95652173913043,
2021Q3,,S08000030,,S12000041,,Elective Inpatients,,2,,97,280,2.88659793814433,,95,298,3.13684210526316,
2021Q4,,S08000030,,S12000041,,Elective Inpatients,,2,,95,237,2.49473684210526,,95,352,3.70526315789474,
2022Q1,,S08000030,,S12000041,,Elective Inpatients,,2,,91,193,2.12087912087912,,90,368,4.08888888888889,
2022Q2,,S08000030,,S12000041,,Elective Inpatients,,2,,100,232,2.32,,100,329,3.29,
2022Q3,,S08000030,,S12000041,,Elective Inpatients,,2,,113,200,1.76991150442478,,110,347,3.15454545454545,
2022Q4,p,S08000030,,S12000041,,Elective Inpatients,,2,,134,285,2.12686567164179,,135,461,3.41481481481481,
2017Q4,,S08000030,,S12000041,,Elective Inpatients,,3,,194,376,1.93814432989691,,195,591,3.03076923076923,
2018Q1,,S08000030,,S12000041,,Elective Inpatients,,3,,199,483,2.42713567839196,,195,677,3.47179487179487,
2018Q2,,S08000030,,S12000041,,Elective Inpatients,,3,,220,581,2.64090909090909,,225,1002,4.45333333333333,
2018Q3,,S08000030,,S12000041,,Elective Inpatients,,3,,170,388,2.28235294117647,,170,579,3.40588235294118,
2018Q4,,S08000030,,S12000041,,Elective Inpatients,,3,,171,398,2.32748538011696,,175,623,3.56,
2019Q1,,S08000030,,S12000041,,Elective Inpatients,,3,,176,474,2.69318181818182,,175,731,4.17714285714286,
2019Q2,,S08000030,,S12000041,,Elective Inpatients,,3,,183,357,1.95081967213115,,180,465,2.58333333333333,
2019Q3,,S08000030,,S12000041,,Elective Inpatients,,3,,179,310,1.73184357541899,,180,611,3.39444444444444,
2019Q4,,S08000030,,S12000041,,Elective Inpatients,,3,,200,826,4.13,,200,996,4.98,
2020Q1,,S08000030,,S12000041,,Elective Inpatients,,3,,185,394,2.12972972972973,,185,534,2.88648648648649,
2020Q2,,S08000030,,S12000041,,Elective Inpatients,,3,,68,188,2.76470588235294,,66,271,4.10606060606061,
2020Q3,,S08000030,,S12000041,,Elective Inpatients,,3,,111,235,2.11711711711712,,110,384,3.49090909090909,
2020Q4,,S08000030,,S12000041,,Elective Inpatients,,3,,169,456,2.69822485207101,,170,702,4.12941176470588,
2021Q1,,S08000030,,S12000041,,Elective Inpatients,,3,,105,221,2.1047619047619,,105,375,3.57142857142857,
2021Q2,,S08000030,,S12000041,,Elective Inpatients,,3,,159,373,2.34591194968553,,160,658,4.1125,
2021Q3,,S08000030,,S12000041,,Elective Inpatients,,3,,155,287,1.85161290322581,,155,413,2.66451612903226,
2021Q4,,S08000030,,S12000041,,Elective Inpatients,,3,,117,298,2.54700854700855,,120,398,3.31666666666667,
2022Q1,,S08000030,,S12000041,,Elective Inpatients,,3,,145,226,1.55862068965517,,145,329,2.26896551724138,
2022Q2,,S08000030,,S12000041,,Elective Inpatients,,3,,156,370,2.37179487179487,,155,481,3.10322580645161,
2022Q3,,S08000030,,S12000041,,Elective Inpatients,,3,,159,353,2.22012578616352,,160,452,2.825,
2022Q4,p,S08000030,,S12000041,,Elective Inpatients,,3,,179,398,2.22346368715084,,180,581,3.22777777777778,
2017Q4,,S08000030,,S12000041,,Elective Inpatients,,4,,206,508,2.46601941747573,,210,842,4.00952380952381,
2018Q1,,S08000030,,S12000041,,Elective Inpatients,,4,,170,352,2.07058823529412,,175,1020,5.82857142857143,
2018Q2,,S08000030,,S12000041,,Elective Inpatients,,4,,178,367,2.06179775280899,,175,497,2.84,
2018Q3,,S08000030,,S12000041,,Elective Inpatients,,4,,162,315,1.94444444444444,,165,439,2.66060606060606,
2018Q4,,S08000030,,S12000041,,Elective Inpatients,,4,,165,373,2.26060606060606,,165,572,3.46666666666667,
2019Q1,,S08000030,,S12000041,,Elective Inpatients,,4,,175,364,2.08,,175,440,2.51428571428571,
2019Q2,,S08000030,,S12000041,,Elective Inpatients,,4,,203,454,2.23645320197044,,205,658,3.20975609756098,
2019Q3,,S08000030,,S12000041,,Elective Inpatients,,4,,188,334,1.77659574468085,,185,504,2.72432432432432,
2019Q4,,S08000030,,S12000041,,Elective Inpatients,,4,,190,599,3.15263157894737,,190,688,3.62105263157895,
2020Q1,,S08000030,,S12000041,,Elective Inpatients,,4,,218,443,2.03211009174312,,220,716,3.25454545454545,
2020Q2,,S08000030,,S12000041,,Elective Inpatients,,4,,63,183,2.9047619047619,,66,344,5.21212121212121,
2020Q3,,S08000030,,S12000041,,Elective Inpatients,,4,,123,244,1.98373983739837,,120,424,3.53333333333333,
2020Q4,,S08000030,,S12000041,,Elective Inpatients,,4,,149,420,2.81879194630872,,145,635,4.37931034482759,
2021Q1,,S08000030,,S12000041,,Elective Inpatients,,4,,110,272,2.47272727272727,,115,475,4.1304347826087,
2021Q2,,S08000030,,S12000041,,Elective Inpatients,,4,,188,490,2.6063829787234,,185,561,3.03243243243243,
2021Q3,,S08000030,,S12000041,,Elective Inpatients,,4,,188,550,2.92553191489362,,185,649,3.50810810810811,
2021Q4,,S08000030,,S12000041,,Elective Inpatients,,4,,153,504,3.29411764705882,,155,660,4.25806451612903,
2022Q1,,S08000030,,S12000041,,Elective Inpatients,,4,,145,307,2.11724137931034,,145,521,3.59310344827586,
2022Q2,,S08000030,,S12000041,,Elective Inpatients,,4,,164,315,1.92073170731707,,165,451,2.73333333333333,
2022Q3,,S08000030,,S12000041,,Elective Inpatients,,4,,170,434,2.55294117647059,,170,579,3.40588235294118,
2022Q4,p,S08000030,,S12000041,,Elective Inpatients,,4,,184,351,1.90760869565217,,185,512,2.76756756756757,
2017Q4,,S08000030,,S12000041,,Elective Inpatients,,5,,88,283,3.21590909090909,,85,373,4.38823529411765,
2018Q1,,S08000030,,S12000041,,Elective Inpatients,,5,,123,275,2.23577235772358,,125,446,3.568,
2018Q2,,S08000030,,S12000041,,Elective Inpatients,,5,,91,205,2.25274725274725,,95,261,2.74736842105263,
2018Q3,,S08000030,,S12000041,,Elective Inpatients,,5,,93,188,2.02150537634409,,89,245,2.75280898876404,
2018Q4,,S08000030,,S12000041,,Elective Inpatients,,5,,99,292,2.94949494949495,,100,400,4,
2019Q1,,S08000030,,S12000041,,Elective Inpatients,,5,,105,240,2.28571428571429,,102,308,3.01960784313725,
2019Q2,,S08000030,,S12000041,,Elective Inpatients,,5,,95,192,2.02105263157895,,100,262,2.62,
2019Q3,,S08000030,,S12000041,,Elective Inpatients,,5,,101,224,2.21782178217822,,102,298,2.92156862745098,
2019Q4,,S08000030,,S12000041,,Elective Inpatients,,5,,102,170,1.66666666666667,,101,222,2.1980198019802,
2020Q1,,S08000030,,S12000041,,Elective Inpatients,,5,,86,187,2.17441860465116,,87,304,3.49425287356322,
2020Q2,,S08000030,,S12000041,,Elective Inpatients,,5,,32,83,2.59375,,30,102,3.4,
2020Q3,,S08000030,,S12000041,,Elective Inpatients,,5,,57,133,2.33333333333333,,59,213,3.61016949152542,
2020Q4,,S08000030,,S12000041,,Elective Inpatients,,5,,55,82,1.49090909090909,,52,129,2.48076923076923,
2021Q1,,S08000030,,S12000041,,Elective Inpatients,,5,,41,63,1.53658536585366,,42,114,2.71428571428571,
2021Q2,,S08000030,,S12000041,,Elective Inpatients,,5,,71,211,2.97183098591549,,70,280,4,
2021Q3,,S08000030,,S12000041,,Elective Inpatients,,5,,61,119,1.95081967213115,,62,196,3.16129032258065,
2021Q4,,S08000030,,S12000041,,Elective Inpatients,,5,,44,92,2.09090909090909,,45,112,2.48888888888889,
2022Q1,,S08000030,,S12000041,,Elective Inpatients,,5,,57,86,1.50877192982456,,58,172,2.96551724137931,
2022Q2,,S08000030,,S12000041,,Elective Inpatients,,5,,59,182,3.08474576271186,,60,202,3.36666666666667,
2022Q3,,S08000030,,S12000041,,Elective Inpatients,,5,,61,164,2.68852459016393,,60,180,3,
2022Q4,p,S08000030,,S12000041,,Elective Inpatients,,5,,60,143,2.38333333333333,,60,233,3.88333333333333,
2017Q4,,S08000030,,S12000042,,Elective Inpatients,,1,,278,652,2.34532374100719,,282,915,3.24468085106383,
2018Q1,,S08000030,,S12000042,,Elective Inpatients,,1,,249,506,2.03212851405622,,246,825,3.35365853658537,
2018Q2,,S08000030,,S12000042,,Elective Inpatients,,1,,261,574,2.1992337164751,,266,805,3.02631578947368,
2018Q3,,S08000030,,S12000042,,Elective Inpatients,,1,,281,483,1.71886120996441,,285,735,2.57894736842105,
2018Q4,,S08000030,,S12000042,,Elective Inpatients,,1,,232,721,3.10775862068966,,230,1217,5.29130434782609,
2019Q1,,S08000030,,S12000042,,Elective Inpatients,,1,,286,663,2.31818181818182,,285,1035,3.63157894736842,
2019Q2,,S08000030,,S12000042,,Elective Inpatients,,1,,265,564,2.12830188679245,,265,1068,4.03018867924528,
2019Q3,,S08000030,,S12000042,,Elective Inpatients,,1,,264,584,2.21212121212121,,265,1004,3.78867924528302,
2019Q4,,S08000030,,S12000042,,Elective Inpatients,,1,,299,593,1.98327759197324,,300,975,3.25,
2020Q1,,S08000030,,S12000042,,Elective Inpatients,,1,,240,437,1.82083333333333,,240,630,2.625,
2020Q2,,S08000030,,S12000042,,Elective Inpatients,,1,,95,234,2.46315789473684,,95,374,3.93684210526316,
2020Q3,,S08000030,,S12000042,,Elective Inpatients,,1,,154,440,2.85714285714286,,155,685,4.41935483870968,
2020Q4,,S08000030,,S12000042,,Elective Inpatients,,1,,184,390,2.1195652173913,,185,534,2.88648648648649,
2021Q1,,S08000030,,S12000042,,Elective Inpatients,,1,,143,369,2.58041958041958,,140,443,3.16428571428571,
2021Q2,,S08000030,,S12000042,,Elective Inpatients,,1,,208,470,2.25961538461538,,210,659,3.13809523809524,
2021Q3,,S08000030,,S12000042,,Elective Inpatients,,1,,209,525,2.51196172248804,,215,762,3.54418604651163,
2021Q4,,S08000030,,S12000042,,Elective Inpatients,,1,,199,509,2.55778894472362,,200,720,3.6,
2022Q1,,S08000030,,S12000042,,Elective Inpatients,,1,,166,448,2.69879518072289,,165,662,4.01212121212121,
2022Q2,,S08000030,,S12000042,,Elective Inpatients,,1,,214,440,2.05607476635514,,214,542,2.53271028037383,
2022Q3,,S08000030,,S12000042,,Elective Inpatients,,1,,213,487,2.28638497652582,,215,782,3.63720930232558,
2022Q4,p,S08000030,,S12000042,,Elective Inpatients,,1,,180,572,3.17777777777778,,180,784,4.35555555555556,
2017Q4,,S08000030,,S12000042,,Elective Inpatients,,2,,154,449,2.91558441558442,,155,562,3.6258064516129,
2018Q1,,S08000030,,S12000042,,Elective Inpatients,,2,,147,502,3.41496598639456,,145,548,3.77931034482759,
2018Q2,,S08000030,,S12000042,,Elective Inpatients,,2,,169,454,2.68639053254438,,170,579,3.40588235294118,
2018Q3,,S08000030,,S12000042,,Elective Inpatients,,2,,139,267,1.92086330935252,,140,404,2.88571428571429,
2018Q4,,S08000030,,S12000042,,Elective Inpatients,,2,,141,322,2.28368794326241,,145,473,3.26206896551724,
2019Q1,,S08000030,,S12000042,,Elective Inpatients,,2,,153,316,2.06535947712418,,152,529,3.48026315789474,
2019Q2,,S08000030,,S12000042,,Elective Inpatients,,2,,171,435,2.54385964912281,,170,678,3.98823529411765,
2019Q3,,S08000030,,S12000042,,Elective Inpatients,,2,,157,391,2.49044585987261,,161,697,4.32919254658385,
2019Q4,,S08000030,,S12000042,,Elective Inpatients,,2,,180,390,2.16666666666667,,180,625,3.47222222222222,
2020Q1,,S08000030,,S12000042,,Elective Inpatients,,2,,130,219,1.68461538461538,,135,392,2.9037037037037,
2020Q2,,S08000030,,S12000042,,Elective Inpatients,,2,,51,175,3.43137254901961,,51,178,3.49019607843137,
2020Q3,,S08000030,,S12000042,,Elective Inpatients,,2,,88,134,1.52272727272727,,89,214,2.40449438202247,
2020Q4,,S08000030,,S12000042,,Elective Inpatients,,2,,127,257,2.02362204724409,,125,382,3.056,
2021Q1,,S08000030,,S12000042,,Elective Inpatients,,2,,78,139,1.78205128205128,,80,264,3.3,
2021Q2,,S08000030,,S12000042,,Elective Inpatients,,2,,125,289,2.312,,125,359,2.872,
2021Q3,,S08000030,,S12000042,,Elective Inpatients,,2,,118,385,3.26271186440678,,120,451,3.75833333333333,
2021Q4,,S08000030,,S12000042,,Elective Inpatients,,2,,113,292,2.58407079646018,,115,383,3.3304347826087,
2022Q1,,S08000030,,S12000042,,Elective Inpatients,,2,,109,240,2.20183486238532,,110,315,2.86363636363636,
2022Q2,,S08000030,,S12000042,,Elective Inpatients,,2,,112,223,1.99107142857143,,110,345,3.13636363636364,
2022Q3,,S08000030,,S12000042,,Elective Inpatients,,2,,117,226,1.93162393162393,,115,247,2.14782608695652,
2022Q4,p,S08000030,,S12000042,,Elective Inpatients,,2,,135,264,1.95555555555556,,140,458,3.27142857142857,
2017Q4,,S08000030,,S12000042,,Elective Inpatients,,3,,80,172,2.15,,80,189,2.3625,
2018Q1,,S08000030,,S12000042,,Elective Inpatients,,3,,64,151,2.359375,,65,272,4.18461538461538,
2018Q2,,S08000030,,S12000042,,Elective Inpatients,,3,,73,242,3.31506849315068,,75,283,3.77333333333333,
2018Q3,,S08000030,,S12000042,,Elective Inpatients,,3,,72,158,2.19444444444444,,75,241,3.21333333333333,
2018Q4,,S08000030,,S12000042,,Elective Inpatients,,3,,75,145,1.93333333333333,,75,227,3.02666666666667,
2019Q1,,S08000030,,S12000042,,Elective Inpatients,,3,,65,146,2.24615384615385,,65,180,2.76923076923077,
2019Q2,,S08000030,,S12000042,,Elective Inpatients,,3,,76,187,2.46052631578947,,75,196,2.61333333333333,
2019Q3,,S08000030,,S12000042,,Elective Inpatients,,3,,65,224,3.44615384615385,,64,274,4.28125,
2019Q4,,S08000030,,S12000042,,Elective Inpatients,,3,,57,169,2.96491228070175,,58,240,4.13793103448276,
2020Q1,,S08000030,,S12000042,,Elective Inpatients,,3,,78,176,2.25641025641026,,80,228,2.85,
2020Q2,,S08000030,,S12000042,,Elective Inpatients,,3,,24,36,1.5,,24,75,3.125,
2020Q3,,S08000030,,S12000042,,Elective Inpatients,,3,,35,51,1.45714285714286,,35,129,3.68571428571429,
2020Q4,,S08000030,,S12000042,,Elective Inpatients,,3,,45,93,2.06666666666667,,45,120,2.66666666666667,
2021Q1,,S08000030,,S12000042,,Elective Inpatients,,3,,37,86,2.32432432432432,,37,117,3.16216216216216,
2021Q2,,S08000030,,S12000042,,Elective Inpatients,,3,,60,113,1.88333333333333,,61,150,2.45901639344262,
2021Q3,,S08000030,,S12000042,,Elective Inpatients,,3,,58,129,2.22413793103448,,60,185,3.08333333333333,
2021Q4,,S08000030,,S12000042,,Elective Inpatients,,3,,47,109,2.31914893617021,,47,116,2.46808510638298,
2022Q1,,S08000030,,S12000042,,Elective Inpatients,,3,,48,145,3.02083333333333,,50,167,3.34,
2022Q2,,S08000030,,S12000042,,Elective Inpatients,,3,,45,96,2.13333333333333,,45,134,2.97777777777778,
2022Q3,,S08000030,,S12000042,,Elective Inpatients,,3,,42,98,2.33333333333333,,45,214,4.75555555555556,
2022Q4,p,S08000030,,S12000042,,Elective Inpatients,,3,,48,173,3.60416666666667,,45,192,4.26666666666667,
2017Q4,,S08000030,,S12000042,,Elective Inpatients,,4,,91,245,2.69230769230769,,90,443,4.92222222222222,
2018Q1,,S08000030,,S12000042,,Elective Inpatients,,4,,100,214,2.14,,100,307,3.07,
2018Q2,,S08000030,,S12000042,,Elective Inpatients,,4,,104,277,2.66346153846154,,100,301,3.01,
2018Q3,,S08000030,,S12000042,,Elective Inpatients,,4,,100,241,2.41,,99,316,3.19191919191919,
2018Q4,,S08000030,,S12000042,,Elective Inpatients,,4,,94,181,1.92553191489362,,90,270,3,
2019Q1,,S08000030,,S12000042,,Elective Inpatients,,4,,101,200,1.98019801980198,,100,258,2.58,
2019Q2,,S08000030,,S12000042,,Elective Inpatients,,4,,119,278,2.33613445378151,,120,361,3.00833333333333,
2019Q3,,S08000030,,S12000042,,Elective Inpatients,,4,,112,251,2.24107142857143,,110,313,2.84545454545455,
2019Q4,,S08000030,,S12000042,,Elective Inpatients,,4,,98,182,1.85714285714286,,100,322,3.22,
2020Q1,,S08000030,,S12000042,,Elective Inpatients,,4,,92,242,2.6304347826087,,95,315,3.31578947368421,
2020Q2,,S08000030,,S12000042,,Elective Inpatients,,4,,39,83,2.12820512820513,,39,93,2.38461538461538,
2020Q3,,S08000030,,S12000042,,Elective Inpatients,,4,,65,183,2.81538461538462,,66,236,3.57575757575758,
2020Q4,,S08000030,,S12000042,,Elective Inpatients,,4,,75,279,3.72,,75,365,4.86666666666667,
2021Q1,,S08000030,,S12000042,,Elective Inpatients,,4,,75,117,1.56,,75,180,2.4,
2021Q2,,S08000030,,S12000042,,Elective Inpatients,,4,,78,173,2.21794871794872,,80,229,2.8625,
2021Q3,,S08000030,,S12000042,,Elective Inpatients,,4,,92,330,3.58695652173913,,90,539,5.98888888888889,
2021Q4,,S08000030,,S12000042,,Elective Inpatients,,4,,86,145,1.68604651162791,,90,214,2.37777777777778,
2022Q1,,S08000030,,S12000042,,Elective Inpatients,,4,,87,176,2.02298850574713,,85,217,2.55294117647059,
2022Q2,,S08000030,,S12000042,,Elective Inpatients,,4,,88,303,3.44318181818182,,90,486,5.4,
2022Q3,,S08000030,,S12000042,,Elective Inpatients,,4,,83,216,2.60240963855422,,85,300,3.52941176470588,
2022Q4,p,S08000030,,S12000042,,Elective Inpatients,,4,,82,277,3.3780487804878,,85,531,6.24705882352941,
2017Q4,,S08000030,,S12000042,,Elective Inpatients,,5,,122,305,2.5,,115,383,3.3304347826087,
2018Q1,,S08000030,,S12000042,,Elective Inpatients,,5,,143,275,1.92307692307692,,145,471,3.24827586206897,
2018Q2,,S08000030,,S12000042,,Elective Inpatients,,5,,108,286,2.64814814814815,,110,351,3.19090909090909,
2018Q3,,S08000030,,S12000042,,Elective Inpatients,,5,,100,338,3.38,,100,518,5.18,
2018Q4,,S08000030,,S12000042,,Elective Inpatients,,5,,110,252,2.29090909090909,,110,409,3.71818181818182,
2019Q1,,S08000030,,S12000042,,Elective Inpatients,,5,,123,238,1.9349593495935,,120,352,2.93333333333333,
2019Q2,,S08000030,,S12000042,,Elective Inpatients,,5,,124,234,1.88709677419355,,125,390,3.12,
2019Q3,,S08000030,,S12000042,,Elective Inpatients,,5,,122,262,2.14754098360656,,120,360,3,
2019Q4,,S08000030,,S12000042,,Elective Inpatients,,5,,142,266,1.87323943661972,,145,410,2.82758620689655,
2020Q1,,S08000030,,S12000042,,Elective Inpatients,,5,,113,173,1.53097345132743,,115,212,1.84347826086957,
2020Q2,,S08000030,,S12000042,,Elective Inpatients,,5,,38,143,3.76315789473684,,35,195,5.57142857142857,
2020Q3,,S08000030,,S12000042,,Elective Inpatients,,5,,80,169,2.1125,,82,256,3.1219512195122,
2020Q4,,S08000030,,S12000042,,Elective Inpatients,,5,,96,313,3.26041666666667,,97,389,4.01030927835052,
2021Q1,,S08000030,,S12000042,,Elective Inpatients,,5,,76,166,2.18421052631579,,75,223,2.97333333333333,
2021Q2,,S08000030,,S12000042,,Elective Inpatients,,5,,107,234,2.18691588785047,,105,303,2.88571428571429,
2021Q3,,S08000030,,S12000042,,Elective Inpatients,,5,,77,119,1.54545454545455,,75,129,1.72,
2021Q4,,S08000030,,S12000042,,Elective Inpatients,,5,,97,232,2.39175257731959,,95,233,2.45263157894737,
2022Q1,,S08000030,,S12000042,,Elective Inpatients,,5,,98,219,2.23469387755102,,100,287,2.87,
2022Q2,,S08000030,,S12000042,,Elective Inpatients,,5,,93,245,2.63440860215054,,95,384,4.0421052631579,
2022Q3,,S08000030,,S12000042,,Elective Inpatients,,5,,91,169,1.85714285714286,,90,345,3.83333333333333,
2022Q4,p,S08000030,,S12000042,,Elective Inpatients,,5,,120,271,2.25833333333333,,125,504,4.032,
2017Q4,,S08000030,,S08000030,d,Elective Inpatients,,1,,389,846,2.17480719794344,,392,1251,3.19132653061224,
2018Q1,,S08000030,,S08000030,d,Elective Inpatients,,1,,359,730,2.03342618384401,,358,1670,4.66480446927374,
2018Q2,,S08000030,,S08000030,d,Elective Inpatients,,1,,375,999,2.664,,379,1298,3.42480211081794,
2018Q3,,S08000030,,S08000030,d,Elective Inpatients,,1,,380,652,1.71578947368421,,382,1028,2.69109947643979,
2018Q4,,S08000030,,S08000030,d,Elective Inpatients,,1,,326,882,2.70552147239264,,327,1600,4.89296636085627,
2019Q1,,S08000030,,S08000030,d,Elective Inpatients,,1,,377,832,2.20689655172414,,375,1362,3.632,
2019Q2,,S08000030,,S08000030,d,Elective Inpatients,,1,,364,764,2.0989010989011,,367,1348,3.67302452316076,
2019Q3,,S08000030,,S08000030,d,Elective Inpatients,,1,,358,747,2.08659217877095,,359,1231,3.42896935933148,
2019Q4,,S08000030,,S08000030,d,Elective Inpatients,,1,,397,881,2.2191435768262,,396,1344,3.39393939393939,
2020Q1,,S08000030,,S08000030,d,Elective Inpatients,,1,,318,617,1.94025157232704,,321,846,2.63551401869159,
2020Q2,,S08000030,,S08000030,d,Elective Inpatients,,1,,126,340,2.6984126984127,,122,471,3.86065573770492,
2020Q3,,S08000030,,S08000030,d,Elective Inpatients,,1,,200,546,2.73,,204,942,4.61764705882353,
2020Q4,,S08000030,,S08000030,d,Elective Inpatients,,1,,247,537,2.17408906882591,,246,724,2.94308943089431,
2021Q1,,S08000030,,S08000030,d,Elective Inpatients,,1,,185,466,2.51891891891892,,184,580,3.15217391304348,
2021Q2,,S08000030,,S08000030,d,Elective Inpatients,,1,,278,666,2.39568345323741,,278,915,3.29136690647482,
2021Q3,,S08000030,,S08000030,d,Elective Inpatients,,1,,266,649,2.43984962406015,,270,891,3.3,
2021Q4,,S08000030,,S08000030,d,Elective Inpatients,,1,,261,703,2.69348659003831,,265,933,3.52075471698113,
2022Q1,,S08000030,,S08000030,d,Elective Inpatients,,1,,232,578,2.49137931034483,,233,804,3.45064377682403,
2022Q2,,S08000030,,S08000030,d,Elective Inpatients,,1,,281,591,2.10320284697509,,280,715,2.55357142857143,
2022Q3,,S08000030,,S08000030,d,Elective Inpatients,,1,,301,665,2.2093023255814,,303,1093,3.60726072607261,
2022Q4,p,S08000030,,S08000030,d,Elective Inpatients,,1,,249,799,3.20883534136546,,252,1095,4.3452380952381,
2017Q4,,S08000030,,S08000030,d,Elective Inpatients,,2,,417,1053,2.52517985611511,,417,1723,4.13189448441247,
2018Q1,,S08000030,,S08000030,d,Elective Inpatients,,2,,386,1029,2.66580310880829,,380,1408,3.70526315789474,
2018Q2,,S08000030,,S08000030,d,Elective Inpatients,,2,,439,991,2.25740318906606,,445,1266,2.84494382022472,
2018Q3,,S08000030,,S08000030,d,Elective Inpatients,,2,,369,798,2.16260162601626,,373,1259,3.37533512064343,
2018Q4,,S08000030,,S08000030,d,Elective Inpatients,,2,,361,815,2.25761772853186,,366,1580,4.31693989071038,
2019Q1,,S08000030,,S08000030,d,Elective Inpatients,,2,,374,756,2.02139037433155,,373,1342,3.59785522788204,
2019Q2,,S08000030,,S08000030,d,Elective Inpatients,,2,,412,1047,2.54126213592233,,413,1611,3.90072639225182,
2019Q3,,S08000030,,S08000030,d,Elective Inpatients,,2,,400,865,2.1625,,402,1396,3.4726368159204,
2019Q4,,S08000030,,S08000030,d,Elective Inpatients,,2,,393,861,2.19083969465649,,394,1454,3.69035532994924,
2020Q1,,S08000030,,S08000030,d,Elective Inpatients,,2,,398,816,2.05025125628141,,402,1088,2.70646766169154,
2020Q2,,S08000030,,S08000030,d,Elective Inpatients,,2,,135,381,2.82222222222222,,133,477,3.58646616541353,
2020Q3,,S08000030,,S08000030,d,Elective Inpatients,,2,,251,527,2.0996015936255,,251,869,3.46215139442231,
2020Q4,,S08000030,,S08000030,d,Elective Inpatients,,2,,310,657,2.11935483870968,,311,1094,3.51768488745981,
2021Q1,,S08000030,,S08000030,d,Elective Inpatients,,2,,196,396,2.02040816326531,,200,621,3.105,
2021Q2,,S08000030,,S08000030,d,Elective Inpatients,,2,,317,742,2.34069400630915,,318,1177,3.70125786163522,
2021Q3,,S08000030,,S08000030,d,Elective Inpatients,,2,,273,794,2.90842490842491,,272,957,3.51838235294118,
2021Q4,,S08000030,,S08000030,d,Elective Inpatients,,2,,268,628,2.34328358208955,,270,918,3.4,
2022Q1,,S08000030,,S08000030,d,Elective Inpatients,,2,,263,572,2.17490494296578,,259,879,3.39382239382239,
2022Q2,,S08000030,,S08000030,d,Elective Inpatients,,2,,302,745,2.46688741721854,,306,1070,3.49673202614379,
2022Q3,,S08000030,,S08000030,d,Elective Inpatients,,2,,317,561,1.76971608832808,,311,778,2.5016077170418,
2022Q4,p,S08000030,,S08000030,d,Elective Inpatients,,2,,356,766,2.15168539325843,,363,1187,3.26997245179063,
2017Q4,,S08000030,,S08000030,d,Elective Inpatients,,3,,506,1140,2.25296442687747,,508,1575,3.1003937007874,
2018Q1,,S08000030,,S08000030,d,Elective Inpatients,,3,,461,1149,2.49240780911063,,459,1667,3.6318082788671,
2018Q2,,S08000030,,S08000030,d,Elective Inpatients,,3,,515,1363,2.64660194174757,,515,2032,3.94563106796117,
2018Q3,,S08000030,,S08000030,d,Elective Inpatients,,3,,413,856,2.0726392251816,,413,1423,3.4455205811138,
2018Q4,,S08000030,,S08000030,d,Elective Inpatients,,3,,423,830,1.96217494089835,,438,1378,3.14611872146119,
2019Q1,,S08000030,,S08000030,d,Elective Inpatients,,3,,398,1000,2.51256281407035,,399,1503,3.76691729323308,
2019Q2,,S08000030,,S08000030,d,Elective Inpatients,,3,,430,863,2.00697674418605,,427,1165,2.72833723653396,
2019Q3,,S08000030,,S08000030,d,Elective Inpatients,,3,,449,962,2.14253897550111,,452,1554,3.43805309734513,
2019Q4,,S08000030,,S08000030,d,Elective Inpatients,,3,,473,1401,2.96194503171247,,479,2011,4.19832985386221,
2020Q1,,S08000030,,S08000030,d,Elective Inpatients,,3,,448,1021,2.27901785714286,,448,1347,3.00669642857143,
2020Q2,,S08000030,,S08000030,d,Elective Inpatients,,3,,157,426,2.71337579617834,,153,562,3.67320261437908,
2020Q3,,S08000030,,S08000030,d,Elective Inpatients,,3,,257,506,1.96887159533074,,255,838,3.28627450980392,
2020Q4,,S08000030,,S08000030,d,Elective Inpatients,,3,,372,897,2.41129032258065,,376,1385,3.68351063829787,
2021Q1,,S08000030,,S08000030,d,Elective Inpatients,,3,,271,582,2.14760147601476,,267,916,3.43071161048689,
2021Q2,,S08000030,,S08000030,d,Elective Inpatients,,3,,363,928,2.5564738292011,,364,1399,3.84340659340659,
2021Q3,,S08000030,,S08000030,d,Elective Inpatients,,3,,347,738,2.12680115273775,,349,946,2.71060171919771,
2021Q4,,S08000030,,S08000030,d,Elective Inpatients,,3,,281,667,2.37366548042705,,290,1034,3.56551724137931,
2022Q1,,S08000030,,S08000030,d,Elective Inpatients,,3,,320,600,1.875,,322,844,2.62111801242236,
2022Q2,,S08000030,,S08000030,d,Elective Inpatients,,3,,360,779,2.16388888888889,,360,1021,2.83611111111111,
2022Q3,,S08000030,,S08000030,d,Elective Inpatients,,3,,366,789,2.15573770491803,,373,1177,3.15549597855228,
2022Q4,p,S08000030,,S08000030,d,Elective Inpatients,,3,,398,903,2.26884422110553,,392,1201,3.06377551020408,
2017Q4,,S08000030,,S08000030,d,Elective Inpatients,,4,,635,1445,2.2755905511811,,636,2378,3.73899371069182,
2018Q1,,S08000030,,S08000030,d,Elective Inpatients,,4,,568,1221,2.14964788732394,,579,2410,4.16234887737478,
2018Q2,,S08000030,,S08000030,d,Elective Inpatients,,4,,595,1342,2.25546218487395,,590,1747,2.96101694915254,
2018Q3,,S08000030,,S08000030,d,Elective Inpatients,,4,,513,974,1.89863547758285,,515,1400,2.71844660194175,
2018Q4,,S08000030,,S08000030,d,Elective Inpatients,,4,,562,1183,2.10498220640569,,561,1846,3.29055258467023,
2019Q1,,S08000030,,S08000030,d,Elective Inpatients,,4,,592,1191,2.01182432432432,,591,1511,2.55668358714044,
2019Q2,,S08000030,,S08000030,d,Elective Inpatients,,4,,632,1402,2.21835443037975,,639,2093,3.2754303599374,
2019Q3,,S08000030,,S08000030,d,Elective Inpatients,,4,,577,1098,1.90294627383016,,578,1581,2.73529411764706,
2019Q4,,S08000030,,S08000030,d,Elective Inpatients,,4,,594,1434,2.41414141414141,,596,1928,3.23489932885906,
2020Q1,,S08000030,,S08000030,d,Elective Inpatients,,4,,618,1352,2.18770226537217,,625,2294,3.6704,
2020Q2,,S08000030,,S08000030,d,Elective Inpatients,,4,,205,516,2.51707317073171,,207,782,3.77777777777778,
2020Q3,,S08000030,,S08000030,d,Elective Inpatients,,4,,375,855,2.28,,373,1256,3.36729222520107,
2020Q4,,S08000030,,S08000030,d,Elective Inpatients,,4,,451,1242,2.75388026607539,,447,1677,3.75167785234899,
2021Q1,,S08000030,,S08000030,d,Elective Inpatients,,4,,339,726,2.14159292035398,,347,1269,3.65706051873199,
2021Q2,,S08000030,,S08000030,d,Elective Inpatients,,4,,535,1540,2.8785046728972,,534,1815,3.3988764044943802,
2021Q3,,S08000030,,S08000030,d,Elective Inpatients,,4,,532,1507,2.83270676691729,,531,1973,3.71563088512241,
2021Q4,,S08000030,,S08000030,d,Elective Inpatients,,4,,464,1220,2.62931034482759,,471,1630,3.46072186836518,
2022Q1,,S08000030,,S08000030,d,Elective Inpatients,,4,,447,951,2.12751677852349,,445,1555,3.49438202247191,
2022Q2,,S08000030,,S08000030,d,Elective Inpatients,,4,,499,1112,2.22845691382766,,504,1540,3.05555555555556,
2022Q3,,S08000030,,S08000030,d,Elective Inpatients,,4,,495,1329,2.68484848484849,,492,1716,3.48780487804878,
2022Q4,p,S08000030,,S08000030,d,Elective Inpatients,,4,,551,1265,2.29582577132486,,556,2137,3.84352517985611,
2017Q4,,S08000030,,S08000030,d,Elective Inpatients,,5,,405,969,2.39259259259259,,402,1415,3.51990049751244,
2018Q1,,S08000030,,S08000030,d,Elective Inpatients,,5,,478,986,2.06276150627615,,477,1468,3.07756813417191,
2018Q2,,S08000030,,S08000030,d,Elective Inpatients,,5,,427,937,2.1943793911007,,425,1330,3.12941176470588,
2018Q3,,S08000030,,S08000030,d,Elective Inpatients,,5,,357,813,2.27731092436975,,358,1393,3.89106145251397,
2018Q4,,S08000030,,S08000030,d,Elective Inpatients,,5,,379,867,2.28759894459103,,381,1284,3.37007874015748,
2019Q1,,S08000030,,S08000030,d,Elective Inpatients,,5,,421,782,1.85748218527316,,416,1229,2.95432692307692,
2019Q2,,S08000030,,S08000030,d,Elective Inpatients,,5,,409,843,2.06112469437653,,413,1348,3.26392251815981,
2019Q3,,S08000030,,S08000030,d,Elective Inpatients,,5,,423,919,2.1725768321513,,425,1201,2.82588235294118,
2019Q4,,S08000030,,S08000030,d,Elective Inpatients,,5,,434,845,1.94700460829493,,439,1384,3.15261958997722,
2020Q1,,S08000030,,S08000030,d,Elective Inpatients,,5,,386,740,1.91709844559585,,389,1122,2.88431876606684,
2020Q2,,S08000030,,S08000030,d,Elective Inpatients,,5,,139,421,3.02877697841727,,132,621,4.70454545454545,
2020Q3,,S08000030,,S08000030,d,Elective Inpatients,,5,,254,601,2.36614173228346,,262,1072,4.09160305343511,
2020Q4,,S08000030,,S08000030,d,Elective Inpatients,,5,,318,774,2.43396226415094,,315,1061,3.36825396825397,
2021Q1,,S08000030,,S08000030,d,Elective Inpatients,,5,,195,347,1.77948717948718,,197,551,2.79695431472081,
2021Q2,,S08000030,,S08000030,d,Elective Inpatients,,5,,317,859,2.70977917981073,,318,1118,3.51572327044025,
2021Q3,,S08000030,,S08000030,d,Elective Inpatients,,5,,262,508,1.93893129770992,,265,727,2.74339622641509,
2021Q4,,S08000030,,S08000030,d,Elective Inpatients,,5,,278,617,2.21942446043165,,272,694,2.55147058823529,
2022Q1,,S08000030,,S08000030,d,Elective Inpatients,,5,,269,493,1.83271375464684,,271,821,3.02952029520295,
2022Q2,,S08000030,,S08000030,d,Elective Inpatients,,5,,311,965,3.10289389067524,,316,1294,4.09493670886076,
2022Q3,,S08000030,,S08000030,d,Elective Inpatients,,5,,320,719,2.246875,,317,1194,3.76656151419558,
2022Q4,p,S08000030,,S08000030,d,Elective Inpatients,,5,,337,721,2.13946587537092,,343,1269,3.6997084548105,
2017Q4,,S08000030,,S12000048,,Elective Inpatients,,1,,70,102,1.45714285714286,,70,114,1.62857142857143,
2018Q1,,S08000030,,S12000048,,Elective Inpatients,,1,,53,93,1.75471698113208,,55,136,2.47272727272727,
2018Q2,,S08000030,,S12000048,,Elective Inpatients,,1,,59,115,1.94915254237288,,60,150,2.5,
2018Q3,,S08000030,,S12000048,,Elective Inpatients,,1,,52,84,1.61538461538462,,50,140,2.8,
2018Q4,,S08000030,,S12000048,,Elective Inpatients,,1,,43,72,1.67441860465116,,45,211,4.68888888888889,
2019Q1,,S08000030,,S12000048,,Elective Inpatients,,1,,52,89,1.71153846153846,,55,212,3.85454545454545,
2019Q2,,S08000030,,S12000048,,Elective Inpatients,,1,,49,91,1.85714285714286,,49,99,2.02040816326531,
2019Q3,,S08000030,,S12000048,,Elective Inpatients,,1,,55,93,1.69090909090909,,55,102,1.85454545454545,
2019Q4,,S08000030,,S12000048,,Elective Inpatients,,1,,62,149,2.40322580645161,,60,229,3.81666666666667,
2020Q1,,S08000030,,S12000048,,Elective Inpatients,,1,,41,77,1.8780487804878,,40,103,2.575,
2020Q2,,S08000030,,S12000048,,Elective Inpatients,,1,,15,44,2.93333333333333,,12,28,2.33333333333333,
2020Q3,,S08000030,,S12000048,,Elective Inpatients,,1,,24,51,2.125,,27,189,7,
2020Q4,,S08000030,,S12000048,,Elective Inpatients,,1,,25,61,2.44,,25,74,2.96,
2021Q1,,S08000030,,S12000048,,Elective Inpatients,,1,,16,37,2.3125,,20,68,3.4,
2021Q2,,S08000030,,S12000048,,Elective Inpatients,,1,,19,81,4.26315789473684,,20,87,4.35,
2021Q3,,S08000030,,S12000048,,Elective Inpatients,,1,,26,42,1.61538461538462,,25,45,1.8,
2021Q4,,S08000030,,S12000048,,Elective Inpatients,,1,,20,71,3.55,,20,80,4,
2022Q1,,S08000030,,S12000048,,Elective Inpatients,,1,,32,86,2.6875,,32,88,2.75,
2022Q2,,S08000030,,S12000048,,Elective Inpatients,,1,,25,38,1.52,,25,43,1.72,
2022Q3,,S08000030,,S12000048,,Elective Inpatients,,1,,32,62,1.9375,,35,119,3.4,
2022Q4,p,S08000030,,S12000048,,Elective Inpatients,,1,,31,95,3.06451612903226,,30,127,4.23333333333333,
2017Q4,,S08000030,,S12000048,,Elective Inpatients,,2,,120,266,2.21666666666667,,121,515,4.25619834710744,
2018Q1,,S08000030,,S12000048,,Elective Inpatients,,2,,111,199,1.79279279279279,,110,382,3.47272727272727,
2018Q2,,S08000030,,S12000048,,Elective Inpatients,,2,,108,163,1.50925925925926,,111,247,2.22522522522523,
2018Q3,,S08000030,,S12000048,,Elective Inpatients,,2,,107,237,2.21495327102804,,108,291,2.69444444444444,
2018Q4,,S08000030,,S12000048,,Elective Inpatients,,2,,113,264,2.33628318584071,,114,689,6.04385964912281,
2019Q1,,S08000030,,S12000048,,Elective Inpatients,,2,,92,115,1.25,,90,328,3.64444444444444,
2019Q2,,S08000030,,S12000048,,Elective Inpatients,,2,,91,278,3.05494505494505,,90,310,3.44444444444444,
2019Q3,,S08000030,,S12000048,,Elective Inpatients,,2,,111,218,1.96396396396396,,110,348,3.16363636363636,
2019Q4,,S08000030,,S12000048,,Elective Inpatients,,2,,94,199,2.11702127659574,,95,332,3.49473684210526,
2020Q1,,S08000030,,S12000048,,Elective Inpatients,,2,,110,237,2.15454545454545,,110,286,2.6,
2020Q2,,S08000030,,S12000048,,Elective Inpatients,,2,,38,80,2.10526315789474,,38,136,3.57894736842105,
2020Q3,,S08000030,,S12000048,,Elective Inpatients,,2,,54,106,1.96296296296296,,50,131,2.62,
2020Q4,,S08000030,,S12000048,,Elective Inpatients,,2,,68,186,2.73529411764706,,70,319,4.55714285714286,
2021Q1,,S08000030,,S12000048,,Elective Inpatients,,2,,53,97,1.83018867924528,,55,110,2,
2021Q2,,S08000030,,S12000048,,Elective Inpatients,,2,,75,159,2.12,,75,478,6.37333333333333,
2021Q3,,S08000030,,S12000048,,Elective Inpatients,,2,,58,129,2.22413793103448,,57,208,3.64912280701754,
2021Q4,,S08000030,,S12000048,,Elective Inpatients,,2,,60,99,1.65,,60,183,3.05,
2022Q1,,S08000030,,S12000048,,Elective Inpatients,,2,,63,139,2.20634920634921,,62,195,3.14516129032258,
2022Q2,,S08000030,,S12000048,,Elective Inpatients,,2,,90,290,3.22222222222222,,90,396,4.4,
2022Q3,,S08000030,,S12000048,,Elective Inpatients,,2,,87,135,1.55172413793103,,90,184,2.04444444444444,
2022Q4,p,S08000030,,S12000048,,Elective Inpatients,,2,,87,217,2.49425287356322,,87,268,3.08045977011494,
2017Q4,,S08000030,,S12000048,,Elective Inpatients,,3,,232,592,2.55172413793103,,233,795,3.41201716738197,
2018Q1,,S08000030,,S12000048,,Elective Inpatients,,3,,198,515,2.6010101010101,,200,718,3.59,
2018Q2,,S08000030,,S12000048,,Elective Inpatients,,3,,222,540,2.43243243243243,,215,747,3.47441860465116,
2018Q3,,S08000030,,S12000048,,Elective Inpatients,,3,,171,310,1.81286549707602,,170,603,3.54705882352941,
2018Q4,,S08000030,,S12000048,,Elective Inpatients,,3,,177,287,1.62146892655367,,190,528,2.77894736842105,
2019Q1,,S08000030,,S12000048,,Elective Inpatients,,3,,157,380,2.4203821656051,,155,592,3.81935483870968,
2019Q2,,S08000030,,S12000048,,Elective Inpatients,,3,,171,319,1.86549707602339,,170,504,2.96470588235294,
2019Q3,,S08000030,,S12000048,,Elective Inpatients,,3,,205,428,2.08780487804878,,205,669,3.26341463414634,
2019Q4,,S08000030,,S12000048,,Elective Inpatients,,3,,216,406,1.87962962962963,,220,775,3.52272727272727,
2020Q1,,S08000030,,S12000048,,Elective Inpatients,,3,,185,451,2.43783783783784,,185,585,3.16216216216216,
2020Q2,,S08000030,,S12000048,,Elective Inpatients,,3,,65,202,3.10769230769231,,65,216,3.32307692307692,
2020Q3,,S08000030,,S12000048,,Elective Inpatients,,3,,111,220,1.98198198198198,,110,325,2.95454545454545,
2020Q4,,S08000030,,S12000048,,Elective Inpatients,,3,,158,348,2.20253164556962,,160,563,3.51875,
2021Q1,,S08000030,,S12000048,,Elective Inpatients,,3,,129,275,2.13178294573643,,125,424,3.392,
2021Q2,,S08000030,,S12000048,,Elective Inpatients,,3,,144,442,3.06944444444444,,145,591,4.07586206896552,
2021Q3,,S08000030,,S12000048,,Elective Inpatients,,3,,134,322,2.40298507462687,,135,348,2.57777777777778,
2021Q4,,S08000030,,S12000048,,Elective Inpatients,,3,,117,260,2.22222222222222,,120,520,4.33333333333333,
2022Q1,,S08000030,,S12000048,,Elective Inpatients,,3,,127,229,1.80314960629921,,130,348,2.67692307692308,
2022Q2,,S08000030,,S12000048,,Elective Inpatients,,3,,159,313,1.9685534591195,,160,406,2.5375,
2022Q3,,S08000030,,S12000048,,Elective Inpatients,,3,,165,338,2.04848484848485,,170,511,3.00588235294118,
2022Q4,p,S08000030,,S12000048,,Elective Inpatients,,3,,171,332,1.94152046783626,,165,428,2.59393939393939,
2017Q4,,S08000030,,S12000048,,Elective Inpatients,,4,,338,692,2.04733727810651,,335,1093,3.26268656716418,
2018Q1,,S08000030,,S12000048,,Elective Inpatients,,4,,298,655,2.19798657718121,,305,1083,3.55081967213115,
2018Q2,,S08000030,,S12000048,,Elective Inpatients,,4,,313,698,2.23003194888179,,315,949,3.01269841269841,
2018Q3,,S08000030,,S12000048,,Elective Inpatients,,4,,251,418,1.66533864541833,,250,645,2.58,
2018Q4,,S08000030,,S12000048,,Elective Inpatients,,4,,303,629,2.07590759075908,,305,1004,3.29180327868852,
2019Q1,,S08000030,,S12000048,,Elective Inpatients,,4,,316,627,1.98417721518987,,315,813,2.58095238095238,
2019Q2,,S08000030,,S12000048,,Elective Inpatients,,4,,310,670,2.16129032258065,,315,1074,3.40952380952381,
2019Q3,,S08000030,,S12000048,,Elective Inpatients,,4,,277,513,1.85198555956679,,280,764,2.72857142857143,
2019Q4,,S08000030,,S12000048,,Elective Inpatients,,4,,306,653,2.13398692810458,,305,918,3.00983606557377,
2020Q1,,S08000030,,S12000048,,Elective Inpatients,,4,,308,667,2.16558441558442,,315,1263,4.00952380952381,
2020Q2,,S08000030,,S12000048,,Elective Inpatients,,4,,103,250,2.42718446601942,,102,345,3.38235294117647,
2020Q3,,S08000030,,S12000048,,Elective Inpatients,,4,,187,428,2.28877005347594,,190,596,3.13684210526316,
2020Q4,,S08000030,,S12000048,,Elective Inpatients,,4,,227,543,2.3920704845815,,225,677,3.00888888888889,
2021Q1,,S08000030,,S12000048,,Elective Inpatients,,4,,154,337,2.18831168831169,,155,614,3.96129032258065,
2021Q2,,S08000030,,S12000048,,Elective Inpatients,,4,,269,877,3.26022304832714,,270,1025,3.7962962962963,
2021Q3,,S08000030,,S12000048,,Elective Inpatients,,4,,252,627,2.48809523809524,,250,785,3.14,
2021Q4,,S08000030,,S12000048,,Elective Inpatients,,4,,225,571,2.53777777777778,,230,756,3.28695652173913,
2022Q1,,S08000030,,S12000048,,Elective Inpatients,,4,,215,468,2.17674418604651,,215,817,3.8,
2022Q2,,S08000030,,S12000048,,Elective Inpatients,,4,,247,494,2,,250,603,2.412,
2022Q3,,S08000030,,S12000048,,Elective Inpatients,,4,,242,679,2.80578512396694,,240,837,3.4875,
2022Q4,p,S08000030,,S12000048,,Elective Inpatients,,4,,285,637,2.23508771929825,,285,1094,3.83859649122807,
2017Q4,,S08000030,,S12000048,,Elective Inpatients,,5,,195,381,1.95384615384615,,200,659,3.295,
2018Q1,,S08000030,,S12000048,,Elective Inpatients,,5,,212,436,2.05660377358491,,210,551,2.62380952380952,
2018Q2,,S08000030,,S12000048,,Elective Inpatients,,5,,228,446,1.95614035087719,,225,718,3.19111111111111,
2018Q3,,S08000030,,S12000048,,Elective Inpatients,,5,,164,287,1.75,,170,630,3.70588235294118,
2018Q4,,S08000030,,S12000048,,Elective Inpatients,,5,,170,323,1.9,,170,475,2.79411764705882,
2019Q1,,S08000030,,S12000048,,Elective Inpatients,,5,,193,304,1.57512953367876,,195,569,2.91794871794872,
2019Q2,,S08000030,,S12000048,,Elective Inpatients,,5,,190,417,2.19473684210526,,190,696,3.66315789473684,
2019Q3,,S08000030,,S12000048,,Elective Inpatients,,5,,200,433,2.165,,200,543,2.715,
2019Q4,,S08000030,,S12000048,,Elective Inpatients,,5,,190,409,2.15263157894737,,195,752,3.85641025641026,
2020Q1,,S08000030,,S12000048,,Elective Inpatients,,5,,187,380,2.03208556149733,,190,606,3.18947368421053,
2020Q2,,S08000030,,S12000048,,Elective Inpatients,,5,,69,195,2.82608695652174,,65,324,4.98461538461538,
2020Q3,,S08000030,,S12000048,,Elective Inpatients,,5,,117,299,2.55555555555556,,121,603,4.98347107438016,
2020Q4,,S08000030,,S12000048,,Elective Inpatients,,5,,167,379,2.26946107784431,,166,543,3.2710843373494,
2021Q1,,S08000030,,S12000048,,Elective Inpatients,,5,,78,118,1.51282051282051,,80,214,2.675,
2021Q2,,S08000030,,S12000048,,Elective Inpatients,,5,,139,414,2.97841726618705,,140,535,3.82142857142857,
2021Q3,,S08000030,,S12000048,,Elective Inpatients,,5,,124,270,2.17741935483871,,125,402,3.216,
2021Q4,,S08000030,,S12000048,,Elective Inpatients,,5,,137,293,2.13868613138686,,135,349,2.58518518518519,
2022Q1,,S08000030,,S12000048,,Elective Inpatients,,5,,114,188,1.64912280701754,,115,362,3.14782608695652,
2022Q2,,S08000030,,S12000048,,Elective Inpatients,,5,,159,538,3.38364779874214,,160,708,4.425,
2022Q3,,S08000030,,S12000048,,Elective Inpatients,,5,,168,386,2.29761904761905,,165,669,4.05454545454545,
2022Q4,p,S08000030,,S12000048,,Elective Inpatients,,5,,157,307,1.95541401273885,,160,532,3.325,
2017Q4,,S08000028,,S08000028,d,Elective Inpatients,,2,,44,80,1.81818181818182,,45,523,11.6222222222222,
2018Q1,,S08000028,,S08000028,d,Elective Inpatients,,2,,46,147,3.19565217391304,,47,178,3.78723404255319,
2018Q2,,S08000028,,S08000028,d,Elective Inpatients,,2,,38,99,2.60526315789474,,36,147,4.08333333333333,
2018Q3,,S08000028,,S08000028,d,Elective Inpatients,,2,,40,140,3.5,,40,275,6.875,
2018Q4,,S08000028,,S08000028,d,Elective Inpatients,,2,,40,165,4.125,,40,203,5.075,
2019Q1,,S08000028,,S08000028,d,Elective Inpatients,,2,,50,104,2.08,,45,128,2.84444444444444,
2019Q2,,S08000028,,S08000028,d,Elective Inpatients,,2,,55,91,1.65454545454545,,55,193,3.50909090909091,
2019Q3,,S08000028,,S08000028,d,Elective Inpatients,,2,,53,115,2.16981132075472,,50,124,2.48,
2019Q4,,S08000028,,S08000028,d,Elective Inpatients,,2,,51,128,2.50980392156863,,55,413,7.50909090909091,
2020Q1,,S08000028,,S08000028,d,Elective Inpatients,,2,,30,66,2.2,,30,96,3.2,
2020Q2,,S08000028,,S08000028,d,Elective Inpatients,,2,,18,18,1,,15,27,1.8,
2020Q3,,S08000028,,S08000028,d,Elective Inpatients,,2,,30,48,1.6,,30,100,3.33333333333333,
2020Q4,,S08000028,,S08000028,d,Elective Inpatients,,2,,36,74,2.05555555555556,,35,102,2.91428571428571,
2021Q1,,S08000028,,S08000028,d,Elective Inpatients,,2,,20,52,2.6,,19,59,3.10526315789474,
2021Q2,,S08000028,,S08000028,d,Elective Inpatients,,2,,26,89,3.42307692307692,,25,125,5,
2021Q3,,S08000028,,S08000028,d,Elective Inpatients,,2,,20,107,5.35,,20,184,9.2,
2021Q4,,S08000028,,S08000028,d,Elective Inpatients,,2,,30,80,2.66666666666667,,30,81,2.7,
2022Q1,,S08000028,,S08000028,d,Elective Inpatients,,2,,25,61,2.44,,25,79,3.16,
2022Q2,,S08000028,,S08000028,d,Elective Inpatients,,2,,32,101,3.15625,,30,101,3.36666666666667,
2022Q3,,S08000028,,S08000028,d,Elective Inpatients,,2,,36,118,3.27777777777778,,35,190,5.42857142857143,
2022Q4,p,S08000028,,S08000028,d,Elective Inpatients,,2,,47,96,2.04255319148936,,45,123,2.73333333333333,
2017Q4,,S08000028,,S08000028,d,Elective Inpatients,,3,,269,751,2.79182156133829,,265,966,3.64528301886792,
2018Q1,,S08000028,,S08000028,d,Elective Inpatients,,3,,275,738,2.68363636363636,,275,1002,3.64363636363636,
2018Q2,,S08000028,,S08000028,d,Elective Inpatients,,3,,227,606,2.66960352422907,,230,683,2.9695652173913,
2018Q3,,S08000028,,S08000028,d,Elective Inpatients,,3,,230,561,2.43913043478261,,225,889,3.95111111111111,
2018Q4,,S08000028,,S08000028,d,Elective Inpatients,,3,,215,558,2.5953488372093,,220,884,4.01818181818182,
2019Q1,,S08000028,,S08000028,d,Elective Inpatients,,3,,215,538,2.50232558139535,,210,567,2.7,
2019Q2,,S08000028,,S08000028,d,Elective Inpatients,,3,,232,549,2.36637931034483,,225,792,3.52,
2019Q3,,S08000028,,S08000028,d,Elective Inpatients,,3,,245,754,3.07755102040816,,245,1232,5.02857142857143,
2019Q4,,S08000028,,S08000028,d,Elective Inpatients,,3,,267,803,3.00749063670412,,265,1167,4.40377358490566,
2020Q1,,S08000028,,S08000028,d,Elective Inpatients,,3,,196,647,3.30102040816327,,195,1024,5.25128205128205,
2020Q2,,S08000028,,S08000028,d,Elective Inpatients,,3,,102,345,3.38235294117647,,100,456,4.56,
2020Q3,,S08000028,,S08000028,d,Elective Inpatients,,3,,126,315,2.5,,125,531,4.248,
2020Q4,,S08000028,,S08000028,d,Elective Inpatients,,3,,176,394,2.23863636363636,,177,613,3.46327683615819,
2021Q1,,S08000028,,S08000028,d,Elective Inpatients,,3,,97,439,4.52577319587629,,94,724,7.70212765957447,
2021Q2,,S08000028,,S08000028,d,Elective Inpatients,,3,,189,514,2.71957671957672,,190,891,4.68947368421053,
2021Q3,,S08000028,,S08000028,d,Elective Inpatients,,3,,171,617,3.60818713450292,,174,888,5.10344827586207,
2021Q4,,S08000028,,S08000028,d,Elective Inpatients,,3,,132,399,3.02272727272727,,130,578,4.44615384615385,
2022Q1,,S08000028,,S08000028,d,Elective Inpatients,,3,,98,277,2.8265306122449,,98,367,3.74489795918367,
2022Q2,,S08000028,,S08000028,d,Elective Inpatients,,3,,146,406,2.78082191780822,,150,729,4.86,
2022Q3,,S08000028,,S08000028,d,Elective Inpatients,,3,,195,583,2.98974358974359,,200,917,4.585,
2022Q4,p,S08000028,,S08000028,d,Elective Inpatients,,3,,202,602,2.98019801980198,,205,710,3.46341463414634,
2017Q4,,S08000028,,S12000013,,Elective Inpatients,,2,,44,80,1.81818181818182,,45,523,11.6222222222222,
2018Q1,,S08000028,,S12000013,,Elective Inpatients,,2,,46,147,3.19565217391304,,47,178,3.78723404255319,
2018Q2,,S08000028,,S12000013,,Elective Inpatients,,2,,38,99,2.60526315789474,,36,147,4.08333333333333,
2018Q3,,S08000028,,S12000013,,Elective Inpatients,,2,,40,140,3.5,,40,275,6.875,
2018Q4,,S08000028,,S12000013,,Elective Inpatients,,2,,40,165,4.125,,40,203,5.075,
2019Q1,,S08000028,,S12000013,,Elective Inpatients,,2,,50,104,2.08,,45,128,2.84444444444444,
2019Q2,,S08000028,,S12000013,,Elective Inpatients,,2,,55,91,1.65454545454545,,55,193,3.50909090909091,
2019Q3,,S08000028,,S12000013,,Elective Inpatients,,2,,53,115,2.16981132075472,,50,124,2.48,
2019Q4,,S08000028,,S12000013,,Elective Inpatients,,2,,51,128,2.50980392156863,,55,413,7.50909090909091,
2020Q1,,S08000028,,S12000013,,Elective Inpatients,,2,,30,66,2.2,,30,96,3.2,
2020Q2,,S08000028,,S12000013,,Elective Inpatients,,2,,18,18,1,,15,27,1.8,
2020Q3,,S08000028,,S12000013,,Elective Inpatients,,2,,30,48,1.6,,30,100,3.33333333333333,
2020Q4,,S08000028,,S12000013,,Elective Inpatients,,2,,36,74,2.05555555555556,,35,102,2.91428571428571,
2021Q1,,S08000028,,S12000013,,Elective Inpatients,,2,,20,52,2.6,,19,59,3.10526315789474,
2021Q2,,S08000028,,S12000013,,Elective Inpatients,,2,,26,89,3.42307692307692,,25,125,5,
2021Q3,,S08000028,,S12000013,,Elective Inpatients,,2,,20,107,5.35,,20,184,9.2,
2021Q4,,S08000028,,S12000013,,Elective Inpatients,,2,,30,80,2.66666666666667,,30,81,2.7,
2022Q1,,S08000028,,S12000013,,Elective Inpatients,,2,,25,61,2.44,,25,79,3.16,
2022Q2,,S08000028,,S12000013,,Elective Inpatients,,2,,32,101,3.15625,,30,101,3.36666666666667,
2022Q3,,S08000028,,S12000013,,Elective Inpatients,,2,,36,118,3.27777777777778,,35,190,5.42857142857143,
2022Q4,p,S08000028,,S12000013,,Elective Inpatients,,2,,47,96,2.04255319148936,,45,123,2.73333333333333,
2017Q4,,S08000028,,S12000013,,Elective Inpatients,,3,,269,751,2.79182156133829,,265,966,3.64528301886792,
2018Q1,,S08000028,,S12000013,,Elective Inpatients,,3,,275,738,2.68363636363636,,275,1002,3.64363636363636,
2018Q2,,S08000028,,S12000013,,Elective Inpatients,,3,,227,606,2.66960352422907,,230,683,2.9695652173913,
2018Q3,,S08000028,,S12000013,,Elective Inpatients,,3,,230,561,2.43913043478261,,225,889,3.95111111111111,
2018Q4,,S08000028,,S12000013,,Elective Inpatients,,3,,215,558,2.5953488372093,,220,884,4.01818181818182,
2019Q1,,S08000028,,S12000013,,Elective Inpatients,,3,,215,538,2.50232558139535,,210,567,2.7,
2019Q2,,S08000028,,S12000013,,Elective Inpatients,,3,,232,549,2.36637931034483,,225,792,3.52,
2019Q3,,S08000028,,S12000013,,Elective Inpatients,,3,,245,754,3.07755102040816,,245,1232,5.02857142857143,
2019Q4,,S08000028,,S12000013,,Elective Inpatients,,3,,267,803,3.00749063670412,,265,1167,4.40377358490566,
2020Q1,,S08000028,,S12000013,,Elective Inpatients,,3,,196,647,3.30102040816327,,195,1024,5.25128205128205,
2020Q2,,S08000028,,S12000013,,Elective Inpatients,,3,,102,345,3.38235294117647,,100,456,4.56,
2020Q3,,S08000028,,S12000013,,Elective Inpatients,,3,,126,315,2.5,,125,531,4.248,
2020Q4,,S08000028,,S12000013,,Elective Inpatients,,3,,176,394,2.23863636363636,,177,613,3.46327683615819,
2021Q1,,S08000028,,S12000013,,Elective Inpatients,,3,,97,439,4.52577319587629,,94,724,7.70212765957447,
2021Q2,,S08000028,,S12000013,,Elective Inpatients,,3,,189,514,2.71957671957672,,190,891,4.68947368421053,
2021Q3,,S08000028,,S12000013,,Elective Inpatients,,3,,171,617,3.60818713450292,,174,888,5.10344827586207,
2021Q4,,S08000028,,S12000013,,Elective Inpatients,,3,,132,399,3.02272727272727,,130,578,4.44615384615385,
2022Q1,,S08000028,,S12000013,,Elective Inpatients,,3,,98,277,2.8265306122449,,98,367,3.74489795918367,
2022Q2,,S08000028,,S12000013,,Elective Inpatients,,3,,146,406,2.78082191780822,,150,729,4.86,
2022Q3,,S08000028,,S12000013,,Elective Inpatients,,3,,195,583,2.98974358974359,,200,917,4.585,
2022Q4,p,S08000028,,S12000013,,Elective Inpatients,,3,,202,602,2.98019801980198,,205,710,3.46341463414634,
2018Q1,,RA2701,,RA2701,,Elective Inpatients,,,:,0,0,,z,0,0,,z
2018Q2,,RA2701,,RA2701,,Elective Inpatients,,,:,0,0,,z,0,0,,z
2019Q1,,RA2701,,RA2701,,Elective Inpatients,,,:,0,0,,z,0,0,,z
2019Q2,,RA2701,,RA2701,,Elective Inpatients,,,:,0,25,,z,0,0,,z
2022Q2,,RA2701,,RA2701,,Elective Inpatients,,,:,0,6,,z,0,6,,z
2017Q4,,RA2703,,RA2703,,Elective Inpatients,,,:,5,13,2.6,,5,13,2.6,
2018Q1,,RA2703,,RA2703,,Elective Inpatients,,,:,5,12,2.4,,5,12,2.4,
2018Q2,,RA2703,,RA2703,,Elective Inpatients,,,:,5,11,2.2,,5,11,2.2,
2018Q3,,RA2703,,RA2703,,Elective Inpatients,,,:,15,50,3.33333333333333,,15,52,3.46666666666667,
2018Q4,,RA2703,,RA2703,,Elective Inpatients,,,:,5,22,4.4,,5,43,8.6,
2019Q1,,RA2703,,RA2703,,Elective Inpatients,,,:,5,0,0,,5,24,4.8,
2019Q2,,RA2703,,RA2703,,Elective Inpatients,,,:,5,5,1,,5,5,1,
2019Q3,,RA2703,,RA2703,,Elective Inpatients,,,:,10,13,1.3,,10,17,1.7,
2019Q4,,RA2703,,RA2703,,Elective Inpatients,,,:,5,8,1.6,,5,13,2.6,
2020Q1,,RA2703,,RA2703,,Elective Inpatients,,,:,0,18,,z,0,6,,z
2020Q2,,RA2703,,RA2703,,Elective Inpatients,,,:,0,0,,z,0,0,,z
2020Q3,,RA2703,,RA2703,,Elective Inpatients,,,:,0,0,,z,0,0,,z
2020Q4,,RA2703,,RA2703,,Elective Inpatients,,,:,0,0,,z,0,0,,z
2021Q3,,RA2703,,RA2703,,Elective Inpatients,,,:,0,0,,z,0,0,,z
2021Q4,,RA2703,,RA2703,,Elective Inpatients,,,:,5,0,0,,5,0,0,
2022Q2,,RA2703,,RA2703,,Elective Inpatients,,,:,0,7,,z,0,0,,z
2022Q4,p,RA2703,,RA2703,,Elective Inpatients,,,:,0,0,,z,0,0,,z
2017Q4,,RA2702,,RA2702,,Elective Inpatients,,,:,45,100,2.22222222222222,,45,112,2.48888888888889,
2018Q1,,RA2702,,RA2702,,Elective Inpatients,,,:,38,103,2.71052631578947,,40,125,3.125,
2018Q2,,RA2702,,RA2702,,Elective Inpatients,,,:,38,96,2.52631578947368,,35,112,3.2,
2018Q3,,RA2702,,RA2702,,Elective Inpatients,,,:,40,167,4.175,,35,174,4.97142857142857,
2018Q4,,RA2702,,RA2702,,Elective Inpatients,,,:,49,239,4.87755102040816,,55,328,5.96363636363636,
2019Q1,,RA2702,,RA2702,,Elective Inpatients,,,:,41,76,1.85365853658537,,45,90,2,
2019Q2,,RA2702,,RA2702,,Elective Inpatients,,,:,41,103,2.51219512195122,,40,135,3.375,
2019Q3,,RA2702,,RA2702,,Elective Inpatients,,,:,46,87,1.89130434782609,,45,183,4.06666666666667,
2019Q4,,RA2702,,RA2702,,Elective Inpatients,,,:,38,132,3.47368421052632,,35,120,3.42857142857143,
2020Q1,,RA2702,,RA2702,,Elective Inpatients,,,:,27,45,1.66666666666667,,30,126,4.2,
2020Q2,,RA2702,,RA2702,,Elective Inpatients,,,:,10,15,1.5,,10,21,2.1,
2020Q3,,RA2702,,RA2702,,Elective Inpatients,,,:,18,32,1.77777777777778,,15,27,1.8,
2020Q4,,RA2702,,RA2702,,Elective Inpatients,,,:,11,19,1.72727272727273,,10,43,4.3,
2021Q1,,RA2702,,RA2702,,Elective Inpatients,,,:,10,10,1,,10,19,1.9,
2021Q2,,RA2702,,RA2702,,Elective Inpatients,,,:,32,61,1.90625,,30,75,2.5,
2021Q3,,RA2702,,RA2702,,Elective Inpatients,,,:,21,36,1.71428571428571,,20,95,4.75,
2021Q4,,RA2702,,RA2702,,Elective Inpatients,,,:,18,45,2.5,,20,50,2.5,
2022Q1,,RA2702,,RA2702,,Elective Inpatients,,,:,14,22,1.57142857142857,,14,164,11.7142857142857,
2022Q2,,RA2702,,RA2702,,Elective Inpatients,,,:,22,27,1.22727272727273,,22,60,2.72727272727273,
2022Q3,,RA2702,,RA2702,,Elective Inpatients,,,:,21,59,2.80952380952381,,20,62,3.1,
2022Q4,p,RA2702,,RA2702,,Elective Inpatients,,,:,21,27,1.28571428571429,,25,56,2.24,
2017Q4,,S92000003,d,S92000003,d,Elective Inpatients,,1,,7222,21000,2.90778177790086,,7309,28415,3.88767273224791,
2018Q1,,S92000003,d,S92000003,d,Elective Inpatients,,1,,6944,18059,2.60066244239631,,6930,26888,3.87994227994228,
2018Q2,,S92000003,d,S92000003,d,Elective Inpatients,,1,,7446,19382,2.60300832661832,,7456,27724,3.71834763948498,
2018Q3,,S92000003,d,S92000003,d,Elective Inpatients,,1,,6946,17830,2.56694500431903,,6995,25095,3.58756254467477,
2018Q4,,S92000003,d,S92000003,d,Elective Inpatients,,1,,6744,17630,2.61417556346382,,6809,25914,3.8058452048759,
2019Q1,,S92000003,d,S92000003,d,Elective Inpatients,,1,,6952,17690,2.5445914844649,,6974,24343,3.49053627760252,
2019Q2,,S92000003,d,S92000003,d,Elective Inpatients,,1,,7000,17967,2.56671428571429,,7063,25529,3.61446977205154,
2019Q3,,S92000003,d,S92000003,d,Elective Inpatients,,1,,6675,16945,2.53857677902622,,6744,24841,3.68342230130486,
2019Q4,,S92000003,d,S92000003,d,Elective Inpatients,,1,,6836,16883,2.46971913399649,,6907,24200,3.50369190676126,
2020Q1,,S92000003,d,S92000003,d,Elective Inpatients,,1,,6155,15143,2.46027619821283,,6213,21650,3.48462900370192,
2020Q2,,S92000003,d,S92000003,d,Elective Inpatients,,1,,2352,6554,2.78656462585034,,2328,9943,4.27104810996564,
2020Q3,,S92000003,d,S92000003,d,Elective Inpatients,,1,,4120,11529,2.79830097087379,,4139,16519,3.99106064266731,
2020Q4,,S92000003,d,S92000003,d,Elective Inpatients,,1,,4701,11425,2.43033397149543,,4762,17393,3.65245695086098,
2021Q1,,S92000003,d,S92000003,d,Elective Inpatients,,1,,3970,10342,2.60503778337531,,3948,14856,3.7629179331307,
2021Q2,,S92000003,d,S92000003,d,Elective Inpatients,,1,,5032,13024,2.58823529411765,,5061,18336,3.62299940723177,
2021Q3,,S92000003,d,S92000003,d,Elective Inpatients,,1,,4366,11713,2.68277599633532,,4422,17399,3.93464495703302,
2021Q4,,S92000003,d,S92000003,d,Elective Inpatients,,1,,4227,10556,2.49727939436953,,4298,16686,3.8822708236389,
2022Q1,,S92000003,d,S92000003,d,Elective Inpatients,,1,,4113,10862,2.64089472404571,,4122,15206,3.6889859291606,
2022Q2,,S92000003,d,S92000003,d,Elective Inpatients,,1,,4310,11174,2.59257540603248,,4343,16946,3.90191112134469,
2022Q3,,S92000003,d,S92000003,d,Elective Inpatients,,1,,5014,13477,2.68787395293179,,5051,19529,3.86636309641655,
2022Q4,p,S92000003,d,S92000003,d,Elective Inpatients,,1,,4937,12276,2.4865302815475,,4994,18447,3.69383259911894,
2017Q4,,S92000003,d,S92000003,d,Elective Inpatients,,2,,7228,19872,2.74930824571112,,7288,29990,4.11498353457739,
2018Q1,,S92000003,d,S92000003,d,Elective Inpatients,,2,,6518,16866,2.58760355937404,,6523,24499,3.75578721447187,
2018Q2,,S92000003,d,S92000003,d,Elective Inpatients,,2,,7114,17971,2.52614562833849,,7160,26088,3.64357541899441,
2018Q3,,S92000003,d,S92000003,d,Elective Inpatients,,2,,7007,17747,2.53275296132439,,7096,26194,3.69137542277339,
2018Q4,,S92000003,d,S92000003,d,Elective Inpatients,,2,,6862,17836,2.59924220343923,,6996,27250,3.89508290451687,
2019Q1,,S92000003,d,S92000003,d,Elective Inpatients,,2,,6799,16564,2.43624062362112,,6838,24537,3.58832992102954,
2019Q2,,S92000003,d,S92000003,d,Elective Inpatients,,2,,6844,16629,2.42971946230275,,6906,23274,3.37011294526499,
2019Q3,,S92000003,d,S92000003,d,Elective Inpatients,,2,,6649,15986,2.40427131899534,,6753,25370,3.75684880793721,
2019Q4,,S92000003,d,S92000003,d,Elective Inpatients,,2,,6524,16071,2.46336603310852,,6642,24522,3.69196025293586,
2020Q1,,S92000003,d,S92000003,d,Elective Inpatients,,2,,5835,13963,2.3929734361611,,5943,21958,3.69476695271748,
2020Q2,,S92000003,d,S92000003,d,Elective Inpatients,,2,,2203,5848,2.65456196096232,,2201,8796,3.99636528850522,
2020Q3,,S92000003,d,S92000003,d,Elective Inpatients,,2,,4094,12212,2.9829018075232,,4164,17680,4.24591738712776,
2020Q4,,S92000003,d,S92000003,d,Elective Inpatients,,2,,4503,10906,2.42194092827004,,4606,16197,3.51650021710812,
2021Q1,,S92000003,d,S92000003,d,Elective Inpatients,,2,,3808,10694,2.80829831932773,,3816,15444,4.04716981132075,
2021Q2,,S92000003,d,S92000003,d,Elective Inpatients,,2,,4977,12819,2.57564798071127,,5047,18648,3.69486823855756,
2021Q3,,S92000003,d,S92000003,d,Elective Inpatients,,2,,4467,12035,2.69420192522946,,4493,17478,3.89005119074115,
2021Q4,,S92000003,d,S92000003,d,Elective Inpatients,,2,,3972,10529,2.65080563947633,,4077,16711,4.09884719156242,
2022Q1,,S92000003,d,S92000003,d,Elective Inpatients,,2,,3942,9448,2.39675291730086,,3961,14870,3.75410249936885,
2022Q2,,S92000003,d,S92000003,d,Elective Inpatients,,2,,4358,10628,2.43873336392841,,4414,17524,3.97009515178976,
2022Q3,,S92000003,d,S92000003,d,Elective Inpatients,,2,,4803,11551,2.40495523631064,,4864,18570,3.81784539473684,
2022Q4,p,S92000003,d,S92000003,d,Elective Inpatients,,2,,4813,11513,2.39206316226886,,4913,18159,3.69611235497659,
2017Q4,,S92000003,d,S92000003,d,Elective Inpatients,,3,,6931,18800,2.71245130572789,,7008,27581,3.93564497716895,
2018Q1,,S92000003,d,S92000003,d,Elective Inpatients,,3,,6482,16122,2.48719531008948,,6513,23913,3.6715799170889,
2018Q2,,S92000003,d,S92000003,d,Elective Inpatients,,3,,6902,17640,2.55578093306288,,6913,24598,3.55822363662665,
2018Q3,,S92000003,d,S92000003,d,Elective Inpatients,,3,,6646,16877,2.53942220884743,,6739,24342,3.61210862145719,
2018Q4,,S92000003,d,S92000003,d,Elective Inpatients,,3,,6770,16422,2.42570162481536,,6906,24808,3.59223863307269,
2019Q1,,S92000003,d,S92000003,d,Elective Inpatients,,3,,6544,17252,2.63630806845966,,6633,23482,3.54017789838685,
2019Q2,,S92000003,d,S92000003,d,Elective Inpatients,,3,,6684,16567,2.47860562537403,,6769,24762,3.65814743684444,
2019Q3,,S92000003,d,S92000003,d,Elective Inpatients,,3,,6715,16884,2.51437081161579,,6853,24779,3.61578870567635,
2019Q4,,S92000003,d,S92000003,d,Elective Inpatients,,3,,6476,16548,2.55528103767758,,6612,24224,3.66364186327889,
2020Q1,,S92000003,d,S92000003,d,Elective Inpatients,,3,,5705,13801,2.41910604732691,,5798,21189,3.65453604691273,
2020Q2,,S92000003,d,S92000003,d,Elective Inpatients,,3,,2184,6272,2.87179487179487,,2186,10063,4.60338517840805,
2020Q3,,S92000003,d,S92000003,d,Elective Inpatients,,3,,3860,9365,2.42616580310881,,3928,14518,3.69602851323829,
2020Q4,,S92000003,d,S92000003,d,Elective Inpatients,,3,,4528,13489,2.97901943462898,,4688,20167,4.30183447098976,
2021Q1,,S92000003,d,S92000003,d,Elective Inpatients,,3,,3634,9108,2.50632911392405,,3678,13682,3.71995649809679,
2021Q2,,S92000003,d,S92000003,d,Elective Inpatients,,3,,4792,11777,2.45763772954925,,4886,17112,3.50225133033156,
2021Q3,,S92000003,d,S92000003,d,Elective Inpatients,,3,,4413,11288,2.55789712213913,,4485,16891,3.76610925306577,
2021Q4,,S92000003,d,S92000003,d,Elective Inpatients,,3,,3960,11271,2.84621212121212,,4081,17001,4.16589071306052,
2022Q1,,S92000003,d,S92000003,d,Elective Inpatients,,3,,4056,9324,2.29881656804734,,4092,14544,3.55425219941349,
2022Q2,,S92000003,d,S92000003,d,Elective Inpatients,,3,,4519,11017,2.43792874529763,,4573,16493,3.60660397988192,
2022Q3,,S92000003,d,S92000003,d,Elective Inpatients,,3,,4871,12117,2.4875795524533,,4962,19041,3.83736396614268,
2022Q4,p,S92000003,d,S92000003,d,Elective Inpatients,,3,,5070,12563,2.47790927021696,,5179,19327,3.73180150608226,
2017Q4,,S92000003,d,S92000003,d,Elective Inpatients,,4,,6342,16395,2.58514664143803,,6404,24517,3.82838850718301,
2018Q1,,S92000003,d,S92000003,d,Elective Inpatients,,4,,5757,14697,2.5528921313184,,5741,22480,3.91569412994252,
2018Q2,,S92000003,d,S92000003,d,Elective Inpatients,,4,,6432,16973,2.63883706467662,,6448,24209,3.75449751861042,
2018Q3,,S92000003,d,S92000003,d,Elective Inpatients,,4,,6199,14779,2.38409420874335,,6272,22782,3.63233418367347,
2018Q4,,S92000003,d,S92000003,d,Elective Inpatients,,4,,6164,15465,2.50892277741726,,6211,23594,3.79874416358074,
2019Q1,,S92000003,d,S92000003,d,Elective Inpatients,,4,,6066,13640,2.24859874711507,,6089,19892,3.26687469206766,
2019Q2,,S92000003,d,S92000003,d,Elective Inpatients,,4,,6313,14992,2.37478219546967,,6355,22209,3.49472856018883,
2019Q3,,S92000003,d,S92000003,d,Elective Inpatients,,4,,6043,14635,2.42181035909317,,6105,22349,3.66076986076986,
2019Q4,,S92000003,d,S92000003,d,Elective Inpatients,,4,,5897,14291,2.42343564524334,,5979,20023,3.34888777387523,
2020Q1,,S92000003,d,S92000003,d,Elective Inpatients,,4,,5482,12861,2.34604159066034,,5572,20223,3.62939698492462,
2020Q2,,S92000003,d,S92000003,d,Elective Inpatients,,4,,2055,5233,2.54647201946472,,2061,9166,4.44735565259583,
2020Q3,,S92000003,d,S92000003,d,Elective Inpatients,,4,,3611,8433,2.33536416505123,,3632,13260,3.65088105726872,
2020Q4,,S92000003,d,S92000003,d,Elective Inpatients,,4,,4223,10465,2.4780961401847,,4293,15519,3.61495457721873,
2021Q1,,S92000003,d,S92000003,d,Elective Inpatients,,4,,3363,8082,2.40321141837645,,3387,12437,3.67198110422203,
2021Q2,,S92000003,d,S92000003,d,Elective Inpatients,,4,,4763,11602,2.43585975225698,,4820,17374,3.6045643153527,
2021Q3,,S92000003,d,S92000003,d,Elective Inpatients,,4,,4397,11412,2.59540595860814,,4461,16355,3.66621833669581,
2021Q4,,S92000003,d,S92000003,d,Elective Inpatients,,4,,4003,9870,2.46565076192855,,4088,15799,3.86472602739726,
2022Q1,,S92000003,d,S92000003,d,Elective Inpatients,,4,,3943,8933,2.26553385746893,,3981,13979,3.51142928912334,
2022Q2,,S92000003,d,S92000003,d,Elective Inpatients,,4,,4426,10280,2.32263895164934,,4470,15311,3.42527964205817,
2022Q3,,S92000003,d,S92000003,d,Elective Inpatients,,4,,4658,10812,2.32116788321168,,4727,16402,3.46985403004019,
2022Q4,p,S92000003,d,S92000003,d,Elective Inpatients,,4,,4915,11952,2.43173957273652,,4988,18286,3.66599839615076,
2017Q4,,S92000003,d,S92000003,d,Elective Inpatients,,5,,5769,15053,2.6092910383082,,5821,21507,3.69472599209758,
2018Q1,,S92000003,d,S92000003,d,Elective Inpatients,,5,,5588,14223,2.54527559055118,,5584,20273,3.63055157593123,
2018Q2,,S92000003,d,S92000003,d,Elective Inpatients,,5,,5896,15773,2.67520352781547,,5918,21497,3.63247718823927,
2018Q3,,S92000003,d,S92000003,d,Elective Inpatients,,5,,5471,13987,2.55657101078413,,5534,20091,3.6304662088905,
2018Q4,,S92000003,d,S92000003,d,Elective Inpatients,,5,,5469,13889,2.53958676174803,,5530,20555,3.71699819168174,
2019Q1,,S92000003,d,S92000003,d,Elective Inpatients,,5,,5545,14060,2.5356176735798,,5544,18613,3.35732323232323,
2019Q2,,S92000003,d,S92000003,d,Elective Inpatients,,5,,5480,13119,2.39397810218978,,5506,19554,3.55139847439157,
2019Q3,,S92000003,d,S92000003,d,Elective Inpatients,,5,,5410,13988,2.58558225508318,,5438,19829,3.64637734461199,
2019Q4,,S92000003,d,S92000003,d,Elective Inpatients,,5,,5587,13251,2.37175586182209,,5649,20127,3.56293149229952,
2020Q1,,S92000003,d,S92000003,d,Elective Inpatients,,5,,5025,11882,2.36457711442786,,5060,16662,3.29288537549407,
2020Q2,,S92000003,d,S92000003,d,Elective Inpatients,,5,,1812,4861,2.6826710816777,,1798,7654,4.25695216907675,
2020Q3,,S92000003,d,S92000003,d,Elective Inpatients,,5,,3503,8076,2.30545246931202,,3526,12846,3.64322178105502,
2020Q4,,S92000003,d,S92000003,d,Elective Inpatients,,5,,4094,9812,2.39667806546165,,4162,14290,3.43344545891398,
2021Q1,,S92000003,d,S92000003,d,Elective Inpatients,,5,,3363,8237,2.44930121914957,,3367,12059,3.58152658152658,
2021Q2,,S92000003,d,S92000003,d,Elective Inpatients,,5,,4355,10288,2.36234213547646,,4380,15536,3.54703196347032,
2021Q3,,S92000003,d,S92000003,d,Elective Inpatients,,5,,3888,10288,2.64609053497942,,3929,14892,3.79027742428099,
2021Q4,,S92000003,d,S92000003,d,Elective Inpatients,,5,,3779,8814,2.33236305901032,,3829,13734,3.58683729433272,
2022Q1,,S92000003,d,S92000003,d,Elective Inpatients,,5,,3711,8181,2.20452708164915,,3715,12804,3.44656796769852,
2022Q2,,S92000003,d,S92000003,d,Elective Inpatients,,5,,3889,9596,2.46747235793263,,3913,14377,3.67416304625607,
2022Q3,,S92000003,d,S92000003,d,Elective Inpatients,,5,,4264,9634,2.2593808630394,,4313,16043,3.71968467424067,
2022Q4,p,S92000003,d,S92000003,d,Elective Inpatients,,5,,4274,10206,2.38792700046795,,4326,15863,3.666897827092,
2017Q4,,S92000003,d,S92000003,d,Elective Inpatients,,,:,65,136,2.09230769230769,,66,151,2.28787878787879,
2018Q1,,S92000003,d,S92000003,d,Elective Inpatients,,,:,55,146,2.65454545454545,,55,170,3.09090909090909,
2018Q2,,S92000003,d,S92000003,d,Elective Inpatients,,,:,53,113,2.13207547169811,,50,129,2.58,
2018Q3,,S92000003,d,S92000003,d,Elective Inpatients,,,:,66,243,3.68181818181818,,59,338,5.72881355932203,
2018Q4,,S92000003,d,S92000003,d,Elective Inpatients,,,:,63,291,4.61904761904762,,67,431,6.43283582089552,
2019Q1,,S92000003,d,S92000003,d,Elective Inpatients,,,:,50,87,1.74,,53,123,2.32075471698113,
2019Q2,,S92000003,d,S92000003,d,Elective Inpatients,,,:,53,196,3.69811320754717,,52,209,4.01923076923077,
2019Q3,,S92000003,d,S92000003,d,Elective Inpatients,,,:,68,167,2.45588235294118,,68,303,4.45588235294118,
2019Q4,,S92000003,d,S92000003,d,Elective Inpatients,,,:,51,157,3.07843137254902,,51,150,2.94117647058824,
2020Q1,,S92000003,d,S92000003,d,Elective Inpatients,,,:,35,69,1.97142857142857,,35,169,4.82857142857143,
2020Q2,,S92000003,d,S92000003,d,Elective Inpatients,,,:,18,50,2.77777777777778,,17,35,2.05882352941176,
2020Q3,,S92000003,d,S92000003,d,Elective Inpatients,,,:,26,40,1.53846153846154,,24,39,1.625,
2020Q4,,S92000003,d,S92000003,d,Elective Inpatients,,,:,22,34,1.54545454545455,,23,58,2.52173913043478,
2021Q1,,S92000003,d,S92000003,d,Elective Inpatients,,,:,22,19,0.863636363636364,,21,29,1.38095238095238,
2021Q2,,S92000003,d,S92000003,d,Elective Inpatients,,,:,47,115,2.4468085106383,,44,142,3.22727272727273,
2021Q3,,S92000003,d,S92000003,d,Elective Inpatients,,,:,29,53,1.82758620689655,,29,107,3.68965517241379,
2021Q4,,S92000003,d,S92000003,d,Elective Inpatients,,,:,27,49,1.81481481481481,,27,54,2,
2022Q1,,S92000003,d,S92000003,d,Elective Inpatients,,,:,30,40,1.33333333333333,,30,193,6.43333333333333,
2022Q2,,S92000003,d,S92000003,d,Elective Inpatients,,,:,34,50,1.47058823529412,,32,74,2.3125,
2022Q3,,S92000003,d,S92000003,d,Elective Inpatients,,,:,35,109,3.11428571428571,,35,134,3.82857142857143,
2022Q4,p,S92000003,d,S92000003,d,Elective Inpatients,,,:,43,59,1.37209302325581,,45,89,1.97777777777778,
2017Q4,,RA2704,,RA2704,,Elective Inpatients,,,:,15,23,1.53333333333333,,15,26,1.73333333333333,
2018Q1,,RA2704,,RA2704,,Elective Inpatients,,,:,10,31,3.1,,10,30,3,
2018Q2,,RA2704,,RA2704,,Elective Inpatients,,,:,5,5,1,,5,5,1,
2018Q3,,RA2704,,RA2704,,Elective Inpatients,,,:,10,26,2.6,,10,112,11.2,
2018Q4,,RA2704,,RA2704,,Elective Inpatients,,,:,10,30,3,,10,60,6,
2019Q1,,RA2704,,RA2704,,Elective Inpatients,,,:,5,8,1.6,,5,8,1.6,
2019Q2,,RA2704,,RA2704,,Elective Inpatients,,,:,10,63,6.3,,10,70,7,
2019Q3,,RA2704,,RA2704,,Elective Inpatients,,,:,10,67,6.7,,10,103,10.3,
2019Q4,,RA2704,,RA2704,,Elective Inpatients,,,:,10,17,1.7,,10,17,1.7,
2020Q1,,RA2704,,RA2704,,Elective Inpatients,,,:,5,6,1.2,,5,37,7.4,
2020Q2,,RA2704,,RA2704,,Elective Inpatients,,,:,5,35,7,,5,14,2.8,
2020Q3,,RA2704,,RA2704,,Elective Inpatients,,,:,5,5,1,,5,10,2,
2020Q4,,RA2704,,RA2704,,Elective Inpatients,,,:,10,15,1.5,,10,15,1.5,
2021Q1,,RA2704,,RA2704,,Elective Inpatients,,,:,10,9,0.9,,10,10,1,
2021Q2,,RA2704,,RA2704,,Elective Inpatients,,,:,15,54,3.6,,16,67,4.1875,
2021Q3,,RA2704,,RA2704,,Elective Inpatients,,,:,5,15,3,,5,10,2,
2021Q4,,RA2704,,RA2704,,Elective Inpatients,,,:,5,5,1,,5,5,1,
2022Q1,,RA2704,,RA2704,,Elective Inpatients,,,:,16,18,1.125,,15,29,1.93333333333333,
2022Q2,,RA2704,,RA2704,,Elective Inpatients,,,:,10,10,1,,10,9,0.9,
2022Q3,,RA2704,,RA2704,,Elective Inpatients,,,:,10,31,3.1,,10,52,5.2,
2022Q4,p,RA2704,,RA2704,,Elective Inpatients,,,:,10,17,1.7,,5,11,2.2,
2017Q4,,S08000015,,S12000008,,Emergency Inpatients,,1,,1455,2382,1.63711340206186,,1435,9210,6.41811846689895,
2018Q1,,S08000015,,S12000008,,Emergency Inpatients,,1,,1452,2237,1.54063360881543,,1439,7988,5.55107713690063,
2018Q2,,S08000015,,S12000008,,Emergency Inpatients,,1,,1412,2498,1.76912181303116,,1407,8773,6.23525230987918,
2018Q3,,S08000015,,S12000008,,Emergency Inpatients,,1,,1309,2145,1.63865546218487,,1289,7434,5.76726144297905,
2018Q4,,S08000015,,S12000008,,Emergency Inpatients,,1,,1392,2234,1.60488505747126,,1377,8141,5.9121278140886,
2019Q1,,S08000015,,S12000008,,Emergency Inpatients,,1,,1435,2470,1.7212543554007,,1408,8386,5.95596590909091,
2019Q2,,S08000015,,S12000008,,Emergency Inpatients,,1,,1563,2776,1.77607165706974,,1550,8402,5.42064516129032,
2019Q3,,S08000015,,S12000008,,Emergency Inpatients,,1,,1442,2453,1.70110957004161,,1405,7325,5.2135231316726,
2019Q4,,S08000015,,S12000008,,Emergency Inpatients,,1,,1444,2779,1.92451523545706,,1421,8902,6.26460239268121,
2020Q1,,S08000015,,S12000008,,Emergency Inpatients,,1,,1289,2578,2,,1308,9243,7.06651376146789,
2020Q2,,S08000015,,S12000008,,Emergency Inpatients,,1,,1114,1799,1.6149012567325,,1075,7178,6.67720930232558,
2020Q3,,S08000015,,S12000008,,Emergency Inpatients,,1,,1309,1979,1.51184110007639,,1302,6873,5.27880184331797,
2020Q4,,S08000015,,S12000008,,Emergency Inpatients,,1,,1248,2398,1.92147435897436,,1233,8347,6.76966747769668,
2021Q1,,S08000015,,S12000008,,Emergency Inpatients,,1,,1135,2427,2.13832599118943,,1120,8740,7.80357142857143,
2021Q2,,S08000015,,S12000008,,Emergency Inpatients,,1,,1333,2052,1.53938484621155,,1308,8391,6.4151376146789,
2021Q3,,S08000015,,S12000008,,Emergency Inpatients,,1,,1348,2297,1.7040059347181,,1333,7751,5.81470367591898,
2021Q4,,S08000015,,S12000008,,Emergency Inpatients,,1,,1277,2860,2.23962411902897,,1269,9804,7.725768321513,
2022Q1,,S08000015,,S12000008,,Emergency Inpatients,,1,,1196,2642,2.20903010033445,,1172,9314,7.94709897610922,
2022Q2,,S08000015,,S12000008,,Emergency Inpatients,,1,,1184,3094,2.61317567567568,,1183,9692,8.1927303465765,
2022Q3,,S08000015,,S12000008,,Emergency Inpatients,,1,,1148,3264,2.84320557491289,,1148,9359,8.15243902439024,
2022Q4,p,S08000015,,S12000008,,Emergency Inpatients,,1,,1186,3129,2.63827993254637,,1172,8305,7.08617747440273,
2017Q4,,S08000015,,S12000008,,Emergency Inpatients,,2,,1060,1858,1.75283018867925,,1037,6869,6.62391513982642,
2018Q1,,S08000015,,S12000008,,Emergency Inpatients,,2,,1057,2212,2.09271523178808,,1044,7668,7.3448275862069,
2018Q2,,S08000015,,S12000008,,Emergency Inpatients,,2,,1042,2169,2.08157389635317,,1026,7425,7.23684210526316,
2018Q3,,S08000015,,S12000008,,Emergency Inpatients,,2,,1062,2012,1.89453860640301,,1059,7440,7.02549575070821,
2018Q4,,S08000015,,S12000008,,Emergency Inpatients,,2,,1031,1925,1.86711930164888,,1007,6433,6.38828202581927,
2019Q1,,S08000015,,S12000008,,Emergency Inpatients,,2,,1035,1822,1.76038647342995,,1035,6607,6.38357487922705,
2019Q2,,S08000015,,S12000008,,Emergency Inpatients,,2,,1040,1854,1.78269230769231,,1008,5978,5.93055555555556,
2019Q3,,S08000015,,S12000008,,Emergency Inpatients,,2,,1049,1808,1.72354623450906,,1051,6262,5.9581351094196,
2019Q4,,S08000015,,S12000008,,Emergency Inpatients,,2,,1019,1933,1.89695780176644,,1011,6039,5.97329376854599,
2020Q1,,S08000015,,S12000008,,Emergency Inpatients,,2,,938,1895,2.02025586353945,,960,6815,7.09895833333333,
2020Q2,,S08000015,,S12000008,,Emergency Inpatients,,2,,733,1511,2.06139154160982,,714,4758,6.66386554621849,
2020Q3,,S08000015,,S12000008,,Emergency Inpatients,,2,,910,1898,2.08571428571429,,894,5554,6.21252796420582,
2020Q4,,S08000015,,S12000008,,Emergency Inpatients,,2,,902,2039,2.26053215077605,,872,6198,7.10779816513761,
2021Q1,,S08000015,,S12000008,,Emergency Inpatients,,2,,818,1829,2.2359413202934,,817,7037,8.61321909424725,
2021Q2,,S08000015,,S12000008,,Emergency Inpatients,,2,,995,1711,1.71959798994975,,986,5825,5.90770791075051,
2021Q3,,S08000015,,S12000008,,Emergency Inpatients,,2,,953,1953,2.04931794333683,,948,6961,7.34282700421941,
2021Q4,,S08000015,,S12000008,,Emergency Inpatients,,2,,860,2295,2.66860465116279,,840,6247,7.43690476190476,
2022Q1,,S08000015,,S12000008,,Emergency Inpatients,,2,,843,2175,2.58007117437722,,832,6932,8.33173076923077,
2022Q2,,S08000015,,S12000008,,Emergency Inpatients,,2,,874,2329,2.66475972540046,,863,7309,8.46929316338355,
2022Q3,,S08000015,,S12000008,,Emergency Inpatients,,2,,847,2345,2.76859504132231,,838,7636,9.11217183770883,
2022Q4,p,S08000015,,S12000008,,Emergency Inpatients,,2,,885,2610,2.94915254237288,,862,7665,8.89211136890951,
2017Q4,,S08000015,,S12000008,,Emergency Inpatients,,3,,667,1453,2.1784107946027,,654,4750,7.26299694189602,
2018Q1,,S08000015,,S12000008,,Emergency Inpatients,,3,,592,1125,1.90033783783784,,590,3762,6.37627118644068,
2018Q2,,S08000015,,S12000008,,Emergency Inpatients,,3,,571,1010,1.76882661996497,,565,4214,7.45840707964602,
2018Q3,,S08000015,,S12000008,,Emergency Inpatients,,3,,612,1005,1.6421568627451,,606,3827,6.31518151815182,
2018Q4,,S08000015,,S12000008,,Emergency Inpatients,,3,,652,1022,1.56748466257669,,633,3581,5.65718799368088,
2019Q1,,S08000015,,S12000008,,Emergency Inpatients,,3,,670,1148,1.7134328358209,,670,4199,6.26716417910448,
2019Q2,,S08000015,,S12000008,,Emergency Inpatients,,3,,690,1209,1.75217391304348,,675,3875,5.74074074074074,
2019Q3,,S08000015,,S12000008,,Emergency Inpatients,,3,,680,1459,2.14558823529412,,689,4356,6.322206095791,
2019Q4,,S08000015,,S12000008,,Emergency Inpatients,,3,,585,1077,1.84102564102564,,567,3350,5.90828924162258,
2020Q1,,S08000015,,S12000008,,Emergency Inpatients,,3,,544,994,1.82720588235294,,546,3918,7.17582417582418,
2020Q2,,S08000015,,S12000008,,Emergency Inpatients,,3,,438,770,1.75799086757991,,419,2255,5.381861575179,
2020Q3,,S08000015,,S12000008,,Emergency Inpatients,,3,,600,972,1.62,,585,3386,5.78803418803419,
2020Q4,,S08000015,,S12000008,,Emergency Inpatients,,3,,569,1227,2.15641476274165,,560,3876,6.92142857142857,
2021Q1,,S08000015,,S12000008,,Emergency Inpatients,,3,,534,1397,2.61610486891386,,526,3974,7.55513307984791,
2021Q2,,S08000015,,S12000008,,Emergency Inpatients,,3,,594,1098,1.84848484848485,,596,4275,7.17281879194631,
2021Q3,,S08000015,,S12000008,,Emergency Inpatients,,3,,637,1311,2.05808477237049,,621,3925,6.32045088566828,
2021Q4,,S08000015,,S12000008,,Emergency Inpatients,,3,,561,1370,2.44206773618538,,547,4180,7.64168190127971,
2022Q1,,S08000015,,S12000008,,Emergency Inpatients,,3,,523,1653,3.16061185468451,,511,4635,9.07045009784736,
2022Q2,,S08000015,,S12000008,,Emergency Inpatients,,3,,568,1673,2.94542253521127,,559,4767,8.52772808586762,
2022Q3,,S08000015,,S12000008,,Emergency Inpatients,,3,,546,1334,2.44322344322344,,544,4383,8.05698529411765,
2022Q4,p,S08000015,,S12000008,,Emergency Inpatients,,3,,559,1676,2.99821109123435,,545,4780,8.77064220183486,
2017Q4,,S08000015,,S12000008,,Emergency Inpatients,,4,,464,712,1.53448275862069,,453,2766,6.10596026490066,
2018Q1,,S08000015,,S12000008,,Emergency Inpatients,,4,,409,752,1.83863080684597,,400,2557,6.3925,
2018Q2,,S08000015,,S12000008,,Emergency Inpatients,,4,,460,806,1.75217391304348,,450,2849,6.33111111111111,
2018Q3,,S08000015,,S12000008,,Emergency Inpatients,,4,,449,1014,2.25835189309577,,438,3104,7.08675799086758,
2018Q4,,S08000015,,S12000008,,Emergency Inpatients,,4,,456,1025,2.24780701754386,,453,2747,6.06401766004415,
2019Q1,,S08000015,,S12000008,,Emergency Inpatients,,4,,475,841,1.77052631578947,,468,2524,5.39316239316239,
2019Q2,,S08000015,,S12000008,,Emergency Inpatients,,4,,441,736,1.66893424036281,,443,2593,5.85327313769752,
2019Q3,,S08000015,,S12000008,,Emergency Inpatients,,4,,439,812,1.8496583143508,,437,2969,6.79405034324943,
2019Q4,,S08000015,,S12000008,,Emergency Inpatients,,4,,415,817,1.96867469879518,,405,2891,7.13827160493827,
2020Q1,,S08000015,,S12000008,,Emergency Inpatients,,4,,386,1021,2.64507772020725,,383,2345,6.12271540469974,
2020Q2,,S08000015,,S12000008,,Emergency Inpatients,,4,,307,560,1.82410423452769,,299,1859,6.21739130434783,
2020Q3,,S08000015,,S12000008,,Emergency Inpatients,,4,,442,758,1.71493212669683,,439,2351,5.35535307517084,
2020Q4,,S08000015,,S12000008,,Emergency Inpatients,,4,,421,726,1.72446555819477,,422,2199,5.21090047393365,
2021Q1,,S08000015,,S12000008,,Emergency Inpatients,,4,,401,1231,3.06982543640898,,386,2711,7.02331606217617,
2021Q2,,S08000015,,S12000008,,Emergency Inpatients,,4,,464,1002,2.15948275862069,,458,2925,6.38646288209607,
2021Q3,,S08000015,,S12000008,,Emergency Inpatients,,4,,495,1244,2.51313131313131,,486,3334,6.86008230452675,
2021Q4,,S08000015,,S12000008,,Emergency Inpatients,,4,,379,982,2.5910290237467,,385,3211,8.34025974025974,
2022Q1,,S08000015,,S12000008,,Emergency Inpatients,,4,,402,977,2.43034825870647,,392,2568,6.55102040816327,
2022Q2,,S08000015,,S12000008,,Emergency Inpatients,,4,,399,1047,2.62406015037594,,396,3036,7.66666666666667,
2022Q3,,S08000015,,S12000008,,Emergency Inpatients,,4,,352,1049,2.98011363636364,,343,2606,7.59766763848396,
2022Q4,p,S08000015,,S12000008,,Emergency Inpatients,,4,,394,1092,2.77157360406091,,396,3823,9.6540404040404,
2017Q4,,S08000015,,S12000008,,Emergency Inpatients,,5,,279,583,2.08960573476703,,273,2163,7.92307692307692,
2018Q1,,S08000015,,S12000008,,Emergency Inpatients,,5,,265,694,2.6188679245283,,251,2080,8.28685258964143,
2018Q2,,S08000015,,S12000008,,Emergency Inpatients,,5,,282,502,1.7801418439716299,,285,2037,7.14736842105263,
2018Q3,,S08000015,,S12000008,,Emergency Inpatients,,5,,250,461,1.844,,255,1490,5.84313725490196,
2018Q4,,S08000015,,S12000008,,Emergency Inpatients,,5,,289,634,2.19377162629758,,286,1586,5.54545454545455,
2019Q1,,S08000015,,S12000008,,Emergency Inpatients,,5,,254,570,2.24409448818898,,243,1318,5.4238683127572,
2019Q2,,S08000015,,S12000008,,Emergency Inpatients,,5,,282,636,2.25531914893617,,282,2187,7.75531914893617,
2019Q3,,S08000015,,S12000008,,Emergency Inpatients,,5,,270,458,1.6962962962963,,268,1462,5.45522388059702,
2019Q4,,S08000015,,S12000008,,Emergency Inpatients,,5,,256,598,2.3359375,,253,1573,6.21739130434783,
2020Q1,,S08000015,,S12000008,,Emergency Inpatients,,5,,230,497,2.16086956521739,,229,1491,6.51091703056769,
2020Q2,,S08000015,,S12000008,,Emergency Inpatients,,5,,192,288,1.5,,181,1190,6.57458563535912,
2020Q3,,S08000015,,S12000008,,Emergency Inpatients,,5,,257,516,2.00778210116732,,257,1625,6.32295719844358,
2020Q4,,S08000015,,S12000008,,Emergency Inpatients,,5,,240,710,2.95833333333333,,238,1678,7.05042016806723,
2021Q1,,S08000015,,S12000008,,Emergency Inpatients,,5,,241,542,2.24896265560166,,235,2083,8.86382978723404,
2021Q2,,S08000015,,S12000008,,Emergency Inpatients,,5,,283,567,2.00353356890459,,271,1690,6.23616236162362,
2021Q3,,S08000015,,S12000008,,Emergency Inpatients,,5,,293,652,2.22525597269625,,284,2197,7.73591549295775,
2021Q4,,S08000015,,S12000008,,Emergency Inpatients,,5,,259,578,2.23166023166023,,262,2017,7.69847328244275,
2022Q1,,S08000015,,S12000008,,Emergency Inpatients,,5,,225,587,2.60888888888889,,221,1849,8.36651583710407,
2022Q2,,S08000015,,S12000008,,Emergency Inpatients,,5,,243,633,2.60493827160494,,234,1830,7.82051282051282,
2022Q3,,S08000015,,S12000008,,Emergency Inpatients,,5,,216,886,4.10185185185185,,221,2072,9.37556561085973,
2022Q4,p,S08000015,,S12000008,,Emergency Inpatients,,5,,252,654,2.5952380952381,,248,2085,8.40725806451613,
2017Q4,,S08000015,,S08000015,d,Emergency Inpatients,,1,,4559,8245,1.80851063829787,,4502,32419,7.20102176810307,
2018Q1,,S08000015,,S08000015,d,Emergency Inpatients,,1,,4506,7853,1.742787394585,,4455,30659,6.88193041526375,
2018Q2,,S08000015,,S08000015,d,Emergency Inpatients,,1,,4289,7875,1.83609232921427,,4275,29206,6.8318128654970796,
2018Q3,,S08000015,,S08000015,d,Emergency Inpatients,,1,,4385,8027,1.83055872291904,,4325,28826,6.6649710982659,
2018Q4,,S08000015,,S08000015,d,Emergency Inpatients,,1,,4517,7901,1.74916980296657,,4446,27723,6.23549257759784,
2019Q1,,S08000015,,S08000015,d,Emergency Inpatients,,1,,4512,7892,1.7491134751773,,4477,28789,6.43042215769488,
2019Q2,,S08000015,,S08000015,d,Emergency Inpatients,,1,,4639,9212,1.98577279586118,,4566,28107,6.1557161629435,
2019Q3,,S08000015,,S08000015,d,Emergency Inpatients,,1,,4536,8438,1.86022927689594,,4470,27847,6.22975391498881,
2019Q4,,S08000015,,S08000015,d,Emergency Inpatients,,1,,4373,8784,2.00868968671393,,4269,27141,6.35769501054111,
2020Q1,,S08000015,,S08000015,d,Emergency Inpatients,,1,,3899,8280,2.12362144139523,,3941,31597,8.01750824663791,
2020Q2,,S08000015,,S08000015,d,Emergency Inpatients,,1,,3314,5275,1.59173204586602,,3210,23357,7.27632398753894,
2020Q3,,S08000015,,S08000015,d,Emergency Inpatients,,1,,4125,6894,1.67127272727273,,4069,23862,5.86434013271074,
2020Q4,,S08000015,,S08000015,d,Emergency Inpatients,,1,,3758,7700,2.04896221394359,,3714,27287,7.34706515885837,
2021Q1,,S08000015,,S08000015,d,Emergency Inpatients,,1,,3494,7599,2.17487120778477,,3437,27185,7.90951411114344,
2021Q2,,S08000015,,S08000015,d,Emergency Inpatients,,1,,4100,7476,1.82341463414634,,4040,28736,7.11287128712871,
2021Q3,,S08000015,,S08000015,d,Emergency Inpatients,,1,,3948,8407,2.12943262411348,,3886,26847,6.90864642305713,
2021Q4,,S08000015,,S08000015,d,Emergency Inpatients,,1,,3691,8889,2.40829043619615,,3670,31363,8.54577656675749,
2022Q1,,S08000015,,S08000015,d,Emergency Inpatients,,1,,3441,8641,2.5111886079628,,3383,27759,8.2054389595034,
2022Q2,,S08000015,,S08000015,d,Emergency Inpatients,,1,,3432,9270,2.70104895104895,,3408,29230,8.5768779342723,
2022Q3,,S08000015,,S08000015,d,Emergency Inpatients,,1,,3501,10127,2.89260211368181,,3463,28920,8.35114062951198,
2022Q4,p,S08000015,,S08000015,d,Emergency Inpatients,,1,,3505,10606,3.02596291012839,,3428,29003,8.46061843640607,
2017Q4,,S08000015,,S08000015,d,Emergency Inpatients,,2,,2972,5431,1.82738896366083,,2900,21489,7.41,
2018Q1,,S08000015,,S08000015,d,Emergency Inpatients,,2,,2942,5434,1.84704282800816,,2902,22670,7.8118538938663,
2018Q2,,S08000015,,S08000015,d,Emergency Inpatients,,2,,2947,5337,1.81099423142178,,2927,23340,7.9740348479672,
2018Q3,,S08000015,,S08000015,d,Emergency Inpatients,,2,,2909,5016,1.72430388449639,,2881,20138,6.98993405067685,
2018Q4,,S08000015,,S08000015,d,Emergency Inpatients,,2,,2991,5251,1.75560013373454,,2950,18448,6.2535593220339,
2019Q1,,S08000015,,S08000015,d,Emergency Inpatients,,2,,3019,6349,2.10301424312686,,2993,21439,7.16304710992315,
2019Q2,,S08000015,,S08000015,d,Emergency Inpatients,,2,,2909,5763,1.98109315916122,,2838,17921,6.31465821000705,
2019Q3,,S08000015,,S08000015,d,Emergency Inpatients,,2,,2927,5550,1.89613939186881,,2901,20065,6.91658048948638,
2019Q4,,S08000015,,S08000015,d,Emergency Inpatients,,2,,2985,5534,1.85393634840871,,2961,22995,7.76595744680851,
2020Q1,,S08000015,,S08000015,d,Emergency Inpatients,,2,,2610,5635,2.15900383141762,,2646,21099,7.97392290249433,
2020Q2,,S08000015,,S08000015,d,Emergency Inpatients,,2,,2160,3848,1.78148148148148,,2104,15539,7.38545627376426,
2020Q3,,S08000015,,S08000015,d,Emergency Inpatients,,2,,2748,5175,1.88318777292576,,2707,16846,6.2231252308829,
2020Q4,,S08000015,,S08000015,d,Emergency Inpatients,,2,,2587,5190,2.00618477000387,,2543,19443,7.64569406213134,
2021Q1,,S08000015,,S08000015,d,Emergency Inpatients,,2,,2454,4976,2.02770986145069,,2394,19788,8.265664160401,
2021Q2,,S08000015,,S08000015,d,Emergency Inpatients,,2,,2790,5045,1.80824372759857,,2769,19719,7.12134344528711,
2021Q3,,S08000015,,S08000015,d,Emergency Inpatients,,2,,2805,5762,2.0541889483066,,2774,20912,7.53857245854362,
2021Q4,,S08000015,,S08000015,d,Emergency Inpatients,,2,,2533,6084,2.40189498618239,,2506,20989,8.3754988028731,
2022Q1,,S08000015,,S08000015,d,Emergency Inpatients,,2,,2389,6584,2.7559648388447,,2350,20260,8.62127659574468,
2022Q2,,S08000015,,S08000015,d,Emergency Inpatients,,2,,2493,6926,2.77817890092258,,2465,22252,9.02718052738337,
2022Q3,,S08000015,,S08000015,d,Emergency Inpatients,,2,,2375,6974,2.93642105263158,,2339,21470,9.17913638306969,
2022Q4,p,S08000015,,S08000015,d,Emergency Inpatients,,2,,2415,7042,2.91594202898551,,2374,22395,9.43344566133109,
2017Q4,,S08000015,,S08000015,d,Emergency Inpatients,,3,,2020,4328,2.14257425742574,,1951,16103,8.25371604305484,
2018Q1,,S08000015,,S08000015,d,Emergency Inpatients,,3,,1929,3515,1.82218766200104,,1926,15429,8.01090342679128,
2018Q2,,S08000015,,S08000015,d,Emergency Inpatients,,3,,1861,3087,1.65878559914025,,1860,15138,8.13870967741935,
2018Q3,,S08000015,,S08000015,d,Emergency Inpatients,,3,,1878,3181,1.69382321618743,,1841,11931,6.48071700162955,
2018Q4,,S08000015,,S08000015,d,Emergency Inpatients,,3,,2060,3557,1.72669902912621,,2011,13857,6.89060169070114,
2019Q1,,S08000015,,S08000015,d,Emergency Inpatients,,3,,2115,4258,2.01323877068558,,2056,14119,6.86721789883268,
2019Q2,,S08000015,,S08000015,d,Emergency Inpatients,,3,,2111,3950,1.87115111321649,,2079,14392,6.92255892255892,
2019Q3,,S08000015,,S08000015,d,Emergency Inpatients,,3,,2032,4418,2.1742125984252,,2041,15245,7.46937775600196,
2019Q4,,S08000015,,S08000015,d,Emergency Inpatients,,3,,1909,3928,2.05762179151388,,1861,13652,7.3358409457281,
2020Q1,,S08000015,,S08000015,d,Emergency Inpatients,,3,,1736,3871,2.22983870967742,,1732,14823,8.55831408775981,
2020Q2,,S08000015,,S08000015,d,Emergency Inpatients,,3,,1475,2692,1.82508474576271,,1433,10905,7.60990928122819,
2020Q3,,S08000015,,S08000015,d,Emergency Inpatients,,3,,1974,3553,1.79989868287741,,1938,12565,6.48348813209494,
2020Q4,,S08000015,,S08000015,d,Emergency Inpatients,,3,,1781,3789,2.12745648512072,,1746,13627,7.80469644902635,
2021Q1,,S08000015,,S08000015,d,Emergency Inpatients,,3,,1595,3608,2.26206896551724,,1566,13474,8.60408684546616,
2021Q2,,S08000015,,S08000015,d,Emergency Inpatients,,3,,1858,3703,1.99300322927879,,1834,14486,7.89858233369684,
2021Q3,,S08000015,,S08000015,d,Emergency Inpatients,,3,,1962,3818,1.94597349643221,,1899,13135,6.91679831490258,
2021Q4,,S08000015,,S08000015,d,Emergency Inpatients,,3,,1867,4309,2.30798071772898,,1845,15322,8.30460704607046,
2022Q1,,S08000015,,S08000015,d,Emergency Inpatients,,3,,1707,5042,2.95371997656708,,1669,15550,9.31695626123427,
2022Q2,,S08000015,,S08000015,d,Emergency Inpatients,,3,,1752,5378,3.06963470319635,,1745,17275,9.89971346704871,
2022Q3,,S08000015,,S08000015,d,Emergency Inpatients,,3,,1768,5056,2.85972850678733,,1734,14763,8.51384083044983,
2022Q4,p,S08000015,,S08000015,d,Emergency Inpatients,,3,,1771,4982,2.81309994353473,,1748,16098,9.20938215102975,
2017Q4,,S08000015,,S08000015,d,Emergency Inpatients,,4,,1472,2707,1.83899456521739,,1423,10613,7.45818692902319,
2018Q1,,S08000015,,S08000015,d,Emergency Inpatients,,4,,1407,2723,1.93532338308458,,1399,10746,7.68120085775554,
2018Q2,,S08000015,,S08000015,d,Emergency Inpatients,,4,,1454,2802,1.92709766162311,,1426,10022,7.02805049088359,
2018Q3,,S08000015,,S08000015,d,Emergency Inpatients,,4,,1403,2981,2.12473271560941,,1360,10082,7.41323529411765,
2018Q4,,S08000015,,S08000015,d,Emergency Inpatients,,4,,1483,2917,1.96695886716116,,1451,10756,7.41281874569263,
2019Q1,,S08000015,,S08000015,d,Emergency Inpatients,,4,,1487,2887,1.94149293880296,,1457,9643,6.61839396019218,
2019Q2,,S08000015,,S08000015,d,Emergency Inpatients,,4,,1436,2807,1.95473537604457,,1424,10521,7.38834269662921,
2019Q3,,S08000015,,S08000015,d,Emergency Inpatients,,4,,1418,2800,1.97461212976023,,1374,11495,8.36608442503639,
2019Q4,,S08000015,,S08000015,d,Emergency Inpatients,,4,,1419,2962,2.08738548273432,,1399,11211,8.01358112937813,
2020Q1,,S08000015,,S08000015,d,Emergency Inpatients,,4,,1280,3008,2.35,,1295,10977,8.47644787644788,
2020Q2,,S08000015,,S08000015,d,Emergency Inpatients,,4,,1048,2335,2.2280534351145,,1014,7255,7.15483234714004,
2020Q3,,S08000015,,S08000015,d,Emergency Inpatients,,4,,1405,2655,1.88967971530249,,1373,9804,7.14056809905317,
2020Q4,,S08000015,,S08000015,d,Emergency Inpatients,,4,,1304,2776,2.12883435582822,,1295,9090,7.01930501930502,
2021Q1,,S08000015,,S08000015,d,Emergency Inpatients,,4,,1172,3013,2.57081911262799,,1131,9204,8.13793103448276,
2021Q2,,S08000015,,S08000015,d,Emergency Inpatients,,4,,1417,2669,1.88355681016231,,1401,10279,7.33690221270521,
2021Q3,,S08000015,,S08000015,d,Emergency Inpatients,,4,,1493,3270,2.19022103148024,,1473,10384,7.04955872369314,
2021Q4,,S08000015,,S08000015,d,Emergency Inpatients,,4,,1289,2894,2.24515128006206,,1279,10747,8.40265832681783,
2022Q1,,S08000015,,S08000015,d,Emergency Inpatients,,4,,1261,3147,2.49563838223632,,1242,10342,8.32689210950081,
2022Q2,,S08000015,,S08000015,d,Emergency Inpatients,,4,,1294,3621,2.79829984544049,,1260,10862,8.62063492063492,
2022Q3,,S08000015,,S08000015,d,Emergency Inpatients,,4,,1225,3592,2.93224489795918,,1206,12260,10.1658374792703,
2022Q4,p,S08000015,,S08000015,d,Emergency Inpatients,,4,,1294,3714,2.87017001545595,,1278,12797,10.0133020344288,
2017Q4,,S08000015,,S08000015,d,Emergency Inpatients,,5,,1221,2805,2.2972972972973,,1188,10350,8.71212121212121,
2018Q1,,S08000015,,S08000015,d,Emergency Inpatients,,5,,1248,2447,1.96073717948718,,1227,9036,7.36430317848411,
2018Q2,,S08000015,,S08000015,d,Emergency Inpatients,,5,,1252,2218,1.77156549520767,,1241,10105,8.14262691377921,
2018Q3,,S08000015,,S08000015,d,Emergency Inpatients,,5,,1181,2525,2.13801862828112,,1149,8217,7.15143603133159,
2018Q4,,S08000015,,S08000015,d,Emergency Inpatients,,5,,1226,2183,1.78058727569331,,1214,9370,7.71828665568369,
2019Q1,,S08000015,,S08000015,d,Emergency Inpatients,,5,,1242,2838,2.28502415458937,,1199,9062,7.55796497080901,
2019Q2,,S08000015,,S08000015,d,Emergency Inpatients,,5,,1250,2404,1.9232,,1255,10320,8.22310756972112,
2019Q3,,S08000015,,S08000015,d,Emergency Inpatients,,5,,1174,2051,1.74701873935264,,1166,9262,7.9433962264151,
2019Q4,,S08000015,,S08000015,d,Emergency Inpatients,,5,,1161,2262,1.94832041343669,,1140,8082,7.08947368421053,
2020Q1,,S08000015,,S08000015,d,Emergency Inpatients,,5,,1109,2465,2.22272317403066,,1116,8516,7.63082437275986,
2020Q2,,S08000015,,S08000015,d,Emergency Inpatients,,5,,887,1667,1.8793686583991,,854,6525,7.64051522248244,
2020Q3,,S08000015,,S08000015,d,Emergency Inpatients,,5,,1123,2184,1.94479073909172,,1117,8566,7.66875559534467,
2020Q4,,S08000015,,S08000015,d,Emergency Inpatients,,5,,1066,2709,2.54127579737336,,1050,9016,8.58666666666667,
2021Q1,,S08000015,,S08000015,d,Emergency Inpatients,,5,,1010,2462,2.43762376237624,,985,9410,9.55329949238579,
2021Q2,,S08000015,,S08000015,d,Emergency Inpatients,,5,,1287,2783,2.16239316239316,,1253,8663,6.91380686352753,
2021Q3,,S08000015,,S08000015,d,Emergency Inpatients,,5,,1128,2398,2.1258865248227,,1099,8199,7.46041856232939,
2021Q4,,S08000015,,S08000015,d,Emergency Inpatients,,5,,1086,2894,2.66482504604052,,1079,11018,10.2113067655236,
2022Q1,,S08000015,,S08000015,d,Emergency Inpatients,,5,,1035,3061,2.95748792270531,,1008,10112,10.031746031746,
2022Q2,,S08000015,,S08000015,d,Emergency Inpatients,,5,,1051,2770,2.63558515699334,,1029,9852,9.57434402332362,
2022Q3,,S08000015,,S08000015,d,Emergency Inpatients,,5,,1032,3210,3.11046511627907,,1019,10800,10.5986261040236,
2022Q4,p,S08000015,,S08000015,d,Emergency Inpatients,,5,,1119,3455,3.0875781948168,,1102,11088,10.0617059891107,
2022Q4,p,S08000015,,S08000015,d,Emergency Inpatients,,,:,5,9,1.8,,5,11,2.2,
2017Q4,,S08000015,,S12000021,,Emergency Inpatients,,1,,2230,4548,2.03946188340807,,2222,17556,7.9009900990099,
2018Q1,,S08000015,,S12000021,,Emergency Inpatients,,1,,2172,4438,2.04327808471455,,2137,15724,7.35797847449696,
2018Q2,,S08000015,,S12000021,,Emergency Inpatients,,1,,2035,4273,2.0997542997543,,2028,14272,7.03747534516765,
2018Q3,,S08000015,,S12000021,,Emergency Inpatients,,1,,2170,4564,2.10322580645161,,2128,15895,7.46945488721805,
2018Q4,,S08000015,,S12000021,,Emergency Inpatients,,1,,2245,4616,2.05612472160356,,2209,14812,6.70529651425985,
2019Q1,,S08000015,,S12000021,,Emergency Inpatients,,1,,2191,4171,1.9036969420356,,2193,14648,6.67943456452348,
2019Q2,,S08000015,,S12000021,,Emergency Inpatients,,1,,2228,5393,2.4205565529623,,2180,14135,6.48394495412844,
2019Q3,,S08000015,,S12000021,,Emergency Inpatients,,1,,2206,4478,2.02991840435177,,2185,14358,6.57116704805492,
2019Q4,,S08000015,,S12000021,,Emergency Inpatients,,1,,2064,4678,2.26647286821705,,2009,12622,6.28272772523644,
2020Q1,,S08000015,,S12000021,,Emergency Inpatients,,1,,1846,4503,2.43932827735645,,1860,15887,8.54139784946237,
2020Q2,,S08000015,,S12000021,,Emergency Inpatients,,1,,1539,2588,1.6816114359974,,1489,11131,7.47548690396239,
2020Q3,,S08000015,,S12000021,,Emergency Inpatients,,1,,2003,3863,1.92860708936595,,1984,12225,6.16179435483871,
2020Q4,,S08000015,,S12000021,,Emergency Inpatients,,1,,1749,4131,2.36192109777015,,1729,13425,7.7646038172354,
2021Q1,,S08000015,,S12000021,,Emergency Inpatients,,1,,1671,4266,2.55296229802513,,1631,12523,7.67811158798283,
2021Q2,,S08000015,,S12000021,,Emergency Inpatients,,1,,1930,4111,2.1300518134715,,1902,14514,7.63091482649842,
2021Q3,,S08000015,,S12000021,,Emergency Inpatients,,1,,1824,5098,2.79495614035088,,1794,14285,7.96265328874025,
2021Q4,,S08000015,,S12000021,,Emergency Inpatients,,1,,1696,4498,2.65212264150943,,1687,14776,8.75874333135744,
2022Q1,,S08000015,,S12000021,,Emergency Inpatients,,1,,1548,4745,3.06524547803618,,1521,13074,8.5956607495069,
2022Q2,,S08000015,,S12000021,,Emergency Inpatients,,1,,1581,4660,2.94750158127767,,1558,12882,8.26829268292683,
2022Q3,,S08000015,,S12000021,,Emergency Inpatients,,1,,1671,5144,3.07839616995811,,1653,14044,8.49606775559589,
2022Q4,p,S08000015,,S12000021,,Emergency Inpatients,,1,,1654,5567,3.36577992744861,,1607,14888,9.26446795270691,
2017Q4,,S08000015,,S12000021,,Emergency Inpatients,,2,,835,1891,2.26467065868263,,823,6537,7.94289185905225,
2018Q1,,S08000015,,S12000021,,Emergency Inpatients,,2,,823,1679,2.04009720534629,,812,7145,8.79926108374384,
2018Q2,,S08000015,,S12000021,,Emergency Inpatients,,2,,829,1827,2.20386007237636,,825,6548,7.9369696969697,
2018Q3,,S08000015,,S12000021,,Emergency Inpatients,,2,,815,1659,2.03558282208589,,805,5504,6.83726708074534,
2018Q4,,S08000015,,S12000021,,Emergency Inpatients,,2,,901,1853,2.05660377358491,,883,5448,6.16987542468856,
2019Q1,,S08000015,,S12000021,,Emergency Inpatients,,2,,866,1870,2.15935334872979,,852,5698,6.68779342723005,
2019Q2,,S08000015,,S12000021,,Emergency Inpatients,,2,,839,2469,2.94278903456496,,832,5614,6.74759615384615,
2019Q3,,S08000015,,S12000021,,Emergency Inpatients,,2,,856,2367,2.76518691588785,,839,6857,8.17282479141836,
2019Q4,,S08000015,,S12000021,,Emergency Inpatients,,2,,868,2012,2.31797235023041,,849,7090,8.3510011778563,
2020Q1,,S08000015,,S12000021,,Emergency Inpatients,,2,,747,1796,2.40428380187416,,756,5671,7.50132275132275,
2020Q2,,S08000015,,S12000021,,Emergency Inpatients,,2,,628,1244,1.98089171974522,,621,5207,8.38486312399356,
2020Q3,,S08000015,,S12000021,,Emergency Inpatients,,2,,817,1831,2.24112607099143,,802,4907,6.11845386533666,
2020Q4,,S08000015,,S12000021,,Emergency Inpatients,,2,,764,1709,2.2369109947644,,758,5636,7.4353562005277,
2021Q1,,S08000015,,S12000021,,Emergency Inpatients,,2,,703,1818,2.58605974395448,,669,5436,8.12556053811659,
2021Q2,,S08000015,,S12000021,,Emergency Inpatients,,2,,805,1811,2.24968944099379,,806,6658,8.2605459057072,
2021Q3,,S08000015,,S12000021,,Emergency Inpatients,,2,,776,2216,2.85567010309278,,768,6009,7.82421875,
2021Q4,,S08000015,,S12000021,,Emergency Inpatients,,2,,706,2017,2.85694050991501,,695,6451,9.28201438848921,
2022Q1,,S08000015,,S12000021,,Emergency Inpatients,,2,,697,2461,3.53084648493544,,689,6855,9.94920174165457,
2022Q2,,S08000015,,S12000021,,Emergency Inpatients,,2,,694,2302,3.31700288184438,,693,6528,9.41991341991342,
2022Q3,,S08000015,,S12000021,,Emergency Inpatients,,2,,688,2494,3.625,,680,6424,9.44705882352941,
2022Q4,p,S08000015,,S12000021,,Emergency Inpatients,,2,,669,1911,2.85650224215247,,664,6444,9.70481927710843,
2017Q4,,S08000015,,S12000021,,Emergency Inpatients,,3,,562,1513,2.69217081850534,,539,5308,9.84786641929499,
2018Q1,,S08000015,,S12000021,,Emergency Inpatients,,3,,553,1280,2.31464737793852,,545,4990,9.15596330275229,
2018Q2,,S08000015,,S12000021,,Emergency Inpatients,,3,,543,1186,2.1841620626151,,538,4770,8.86617100371747,
2018Q3,,S08000015,,S12000021,,Emergency Inpatients,,3,,505,1082,2.14257425742574,,498,3619,7.26706827309237,
2018Q4,,S08000015,,S12000021,,Emergency Inpatients,,3,,586,1255,2.14163822525597,,563,3600,6.3943161634103,
2019Q1,,S08000015,,S12000021,,Emergency Inpatients,,3,,618,1606,2.59870550161812,,588,4548,7.73469387755102,
2019Q2,,S08000015,,S12000021,,Emergency Inpatients,,3,,610,1706,2.79672131147541,,595,5400,9.07563025210084,
2019Q3,,S08000015,,S12000021,,Emergency Inpatients,,3,,598,1741,2.91137123745819,,590,4931,8.35762711864407,
2019Q4,,S08000015,,S12000021,,Emergency Inpatients,,3,,597,1610,2.69681742043551,,584,5031,8.61472602739726,
2020Q1,,S08000015,,S12000021,,Emergency Inpatients,,3,,492,1475,2.9979674796748,,485,5022,10.3546391752577,
2020Q2,,S08000015,,S12000021,,Emergency Inpatients,,3,,416,967,2.32451923076923,,406,3485,8.58374384236453,
2020Q3,,S08000015,,S12000021,,Emergency Inpatients,,3,,564,1443,2.55851063829787,,550,4044,7.35272727272727,
2020Q4,,S08000015,,S12000021,,Emergency Inpatients,,3,,501,1437,2.86826347305389,,490,4821,9.83877551020408,
2021Q1,,S08000015,,S12000021,,Emergency Inpatients,,3,,431,1179,2.73549883990719,,426,3820,8.96713615023474,
2021Q2,,S08000015,,S12000021,,Emergency Inpatients,,3,,531,1624,3.05838041431262,,505,4644,9.1960396039604,
2021Q3,,S08000015,,S12000021,,Emergency Inpatients,,3,,510,1325,2.59803921568627,,503,4069,8.08946322067594,
2021Q4,,S08000015,,S12000021,,Emergency Inpatients,,3,,528,1559,2.95265151515152,,509,4533,8.9056974459725,
2022Q1,,S08000015,,S12000021,,Emergency Inpatients,,3,,475,1653,3.48,,458,4346,9.48908296943231,
2022Q2,,S08000015,,S12000021,,Emergency Inpatients,,3,,505,2223,4.4019801980198,,506,6343,12.5355731225296,
2022Q3,,S08000015,,S12000021,,Emergency Inpatients,,3,,540,2255,4.17592592592593,,522,4841,9.27394636015326,
2022Q4,p,S08000015,,S12000021,,Emergency Inpatients,,3,,533,1582,2.96810506566604,,528,4917,9.3125,
2017Q4,,S08000015,,S12000021,,Emergency Inpatients,,4,,471,1227,2.60509554140127,,456,3378,7.4078947368421,
2018Q1,,S08000015,,S12000021,,Emergency Inpatients,,4,,457,1090,2.38512035010941,,446,3430,7.69058295964126,
2018Q2,,S08000015,,S12000021,,Emergency Inpatients,,4,,465,1130,2.43010752688172,,451,3320,7.36141906873614,
2018Q3,,S08000015,,S12000021,,Emergency Inpatients,,4,,483,1191,2.46583850931677,,461,3019,6.54880694143167,
2018Q4,,S08000015,,S12000021,,Emergency Inpatients,,4,,514,1196,2.32684824902724,,495,3528,7.12727272727273,
2019Q1,,S08000015,,S12000021,,Emergency Inpatients,,4,,498,1217,2.44377510040161,,476,3079,6.46848739495798,
2019Q2,,S08000015,,S12000021,,Emergency Inpatients,,4,,490,1264,2.57959183673469,,483,3812,7.89233954451346,
2019Q3,,S08000015,,S12000021,,Emergency Inpatients,,4,,448,936,2.08928571428571,,433,3713,8.57505773672055,
2019Q4,,S08000015,,S12000021,,Emergency Inpatients,,4,,474,1277,2.69409282700422,,460,3237,7.03695652173913,
2020Q1,,S08000015,,S12000021,,Emergency Inpatients,,4,,404,1072,2.65346534653465,,397,3784,9.53148614609572,
2020Q2,,S08000015,,S12000021,,Emergency Inpatients,,4,,342,860,2.51461988304094,,331,2586,7.81268882175227,
2020Q3,,S08000015,,S12000021,,Emergency Inpatients,,4,,472,1234,2.61440677966102,,449,3351,7.46325167037862,
2020Q4,,S08000015,,S12000021,,Emergency Inpatients,,4,,393,1191,3.03053435114504,,391,3602,9.21227621483376,
2021Q1,,S08000015,,S12000021,,Emergency Inpatients,,4,,359,1169,3.25626740947075,,344,3090,8.98255813953488,
2021Q2,,S08000015,,S12000021,,Emergency Inpatients,,4,,457,1049,2.29540481400438,,451,3644,8.07982261640798,
2021Q3,,S08000015,,S12000021,,Emergency Inpatients,,4,,480,1194,2.4875,,472,3113,6.59533898305085,
2021Q4,,S08000015,,S12000021,,Emergency Inpatients,,4,,430,1069,2.48604651162791,,422,3468,8.21800947867299,
2022Q1,,S08000015,,S12000021,,Emergency Inpatients,,4,,388,1253,3.22938144329897,,386,3946,10.2227979274611,
2022Q2,,S08000015,,S12000021,,Emergency Inpatients,,4,,423,1543,3.64775413711584,,409,3650,8.92420537897311,
2022Q3,,S08000015,,S12000021,,Emergency Inpatients,,4,,391,1415,3.61892583120205,,387,5266,13.6072351421189,
2022Q4,p,S08000015,,S12000021,,Emergency Inpatients,,4,,416,1470,3.53365384615385,,407,3864,9.49385749385749,
2017Q4,,S08000015,,S12000021,,Emergency Inpatients,,5,,307,1274,4.1498371335504904,,299,2937,9.82274247491639,
2018Q1,,S08000015,,S12000021,,Emergency Inpatients,,5,,297,730,2.45791245791246,,284,2259,7.95422535211268,
2018Q2,,S08000015,,S12000021,,Emergency Inpatients,,5,,291,759,2.60824742268041,,283,2562,9.0530035335689,
2018Q3,,S08000015,,S12000021,,Emergency Inpatients,,5,,298,932,3.12751677852349,,290,3083,10.6310344827586,
2018Q4,,S08000015,,S12000021,,Emergency Inpatients,,5,,274,728,2.65693430656934,,267,2441,9.14232209737828,
2019Q1,,S08000015,,S12000021,,Emergency Inpatients,,5,,282,1123,3.9822695035461,,271,2332,8.60516605166052,
2019Q2,,S08000015,,S12000021,,Emergency Inpatients,,5,,282,822,2.91489361702128,,283,2817,9.95406360424028,
2019Q3,,S08000015,,S12000021,,Emergency Inpatients,,5,,283,649,2.29328621908127,,276,2378,8.61594202898551,
2019Q4,,S08000015,,S12000021,,Emergency Inpatients,,5,,256,691,2.69921875,,248,1902,7.66935483870968,
2020Q1,,S08000015,,S12000021,,Emergency Inpatients,,5,,265,951,3.58867924528302,,268,2640,9.85074626865672,
2020Q2,,S08000015,,S12000021,,Emergency Inpatients,,5,,211,597,2.82938388625592,,200,1733,8.665,
2020Q3,,S08000015,,S12000021,,Emergency Inpatients,,5,,270,926,3.42962962962963,,261,1995,7.64367816091954,
2020Q4,,S08000015,,S12000021,,Emergency Inpatients,,5,,268,933,3.48134328358209,,271,2939,10.8450184501845,
2021Q1,,S08000015,,S12000021,,Emergency Inpatients,,5,,281,1076,3.82918149466192,,271,2577,9.50922509225092,
2021Q2,,S08000015,,S12000021,,Emergency Inpatients,,5,,317,1170,3.69085173501577,,308,2508,8.14285714285714,
2021Q3,,S08000015,,S12000021,,Emergency Inpatients,,5,,285,951,3.33684210526316,,269,1904,7.07806691449814,
2021Q4,,S08000015,,S12000021,,Emergency Inpatients,,5,,253,1040,4.11067193675889,,266,3035,11.4097744360902,
2022Q1,,S08000015,,S12000021,,Emergency Inpatients,,5,,261,1022,3.91570881226054,,251,2814,11.211155378486101,
2022Q2,,S08000015,,S12000021,,Emergency Inpatients,,5,,271,956,3.52767527675277,,261,2279,8.73180076628353,
2022Q3,,S08000015,,S12000021,,Emergency Inpatients,,5,,255,861,3.37647058823529,,249,2503,10.0522088353414,
2022Q4,p,S08000015,,S12000021,,Emergency Inpatients,,5,,296,1219,4.11824324324324,,284,3326,11.7112676056338,
2022Q4,p,S08000015,,S12000021,,Emergency Inpatients,,,:,5,10,2,,5,10,2,
2017Q4,,S08000015,,S12000028,,Emergency Inpatients,,1,,874,1315,1.5045766590389,,845,5653,6.68994082840237,
2018Q1,,S08000015,,S12000028,,Emergency Inpatients,,1,,882,1178,1.33560090702948,,879,6947,7.9032992036405,
2018Q2,,S08000015,,S12000028,,Emergency Inpatients,,1,,842,1104,1.31116389548694,,840,6161,7.33452380952381,
2018Q3,,S08000015,,S12000028,,Emergency Inpatients,,1,,906,1318,1.45474613686534,,908,5497,6.05396475770925,
2018Q4,,S08000015,,S12000028,,Emergency Inpatients,,1,,880,1051,1.19431818181818,,860,4770,5.54651162790698,
2019Q1,,S08000015,,S12000028,,Emergency Inpatients,,1,,886,1251,1.41196388261851,,876,5755,6.56963470319635,
2019Q2,,S08000015,,S12000028,,Emergency Inpatients,,1,,848,1043,1.22995283018868,,836,5570,6.66267942583732,
2019Q3,,S08000015,,S12000028,,Emergency Inpatients,,1,,888,1507,1.69707207207207,,880,6164,7.00454545454545,
2019Q4,,S08000015,,S12000028,,Emergency Inpatients,,1,,865,1327,1.53410404624277,,839,5617,6.69487485101311,
2020Q1,,S08000015,,S12000028,,Emergency Inpatients,,1,,764,1199,1.56937172774869,,773,6467,8.36610608020699,
2020Q2,,S08000015,,S12000028,,Emergency Inpatients,,1,,661,888,1.34341906202723,,646,5048,7.81424148606811,
2020Q3,,S08000015,,S12000028,,Emergency Inpatients,,1,,813,1052,1.2939729397294,,783,4764,6.08429118773946,
2020Q4,,S08000015,,S12000028,,Emergency Inpatients,,1,,761,1171,1.53876478318003,,752,5515,7.33377659574468,
2021Q1,,S08000015,,S12000028,,Emergency Inpatients,,1,,688,906,1.31686046511628,,686,5922,8.63265306122449,
2021Q2,,S08000015,,S12000028,,Emergency Inpatients,,1,,837,1313,1.56869772998805,,830,5831,7.0253012048192804,
2021Q3,,S08000015,,S12000028,,Emergency Inpatients,,1,,776,1012,1.30412371134021,,759,4811,6.33860342555995,
2021Q4,,S08000015,,S12000028,,Emergency Inpatients,,1,,718,1531,2.13231197771588,,714,6783,9.5,
2022Q1,,S08000015,,S12000028,,Emergency Inpatients,,1,,697,1254,1.79913916786227,,690,5371,7.78405797101449,
2022Q2,,S08000015,,S12000028,,Emergency Inpatients,,1,,667,1516,2.27286356821589,,667,6656,9.97901049475262,
2022Q3,,S08000015,,S12000028,,Emergency Inpatients,,1,,682,1719,2.52052785923754,,662,5517,8.33383685800604,
2022Q4,p,S08000015,,S12000028,,Emergency Inpatients,,1,,665,1910,2.87218045112782,,649,5810,8.9522342064715,
2017Q4,,S08000015,,S12000028,,Emergency Inpatients,,2,,1077,1682,1.56174558960074,,1040,8083,7.77211538461538,
2018Q1,,S08000015,,S12000028,,Emergency Inpatients,,2,,1062,1543,1.45291902071563,,1046,7857,7.51147227533461,
2018Q2,,S08000015,,S12000028,,Emergency Inpatients,,2,,1076,1341,1.24628252788104,,1076,9367,8.70539033457249,
2018Q3,,S08000015,,S12000028,,Emergency Inpatients,,2,,1032,1345,1.30329457364341,,1017,7194,7.07374631268437,
2018Q4,,S08000015,,S12000028,,Emergency Inpatients,,2,,1059,1473,1.39093484419263,,1060,6567,6.19528301886792,
2019Q1,,S08000015,,S12000028,,Emergency Inpatients,,2,,1118,2657,2.37656529516995,,1106,9134,8.25858951175407,
2019Q2,,S08000015,,S12000028,,Emergency Inpatients,,2,,1030,1440,1.39805825242718,,998,6329,6.34168336673347,
2019Q3,,S08000015,,S12000028,,Emergency Inpatients,,2,,1022,1375,1.3454011741683,,1011,6946,6.8704253214639,
2019Q4,,S08000015,,S12000028,,Emergency Inpatients,,2,,1098,1589,1.4471766848816,,1101,9866,8.96094459582198,
2020Q1,,S08000015,,S12000028,,Emergency Inpatients,,2,,925,1944,2.10162162162162,,930,8613,9.26129032258065,
2020Q2,,S08000015,,S12000028,,Emergency Inpatients,,2,,799,1093,1.36795994993742,,769,5574,7.24837451235371,
2020Q3,,S08000015,,S12000028,,Emergency Inpatients,,2,,1021,1446,1.41625857002938,,1011,6385,6.31552917903066,
2020Q4,,S08000015,,S12000028,,Emergency Inpatients,,2,,921,1442,1.5656894679696,,913,7609,8.33406352683461,
2021Q1,,S08000015,,S12000028,,Emergency Inpatients,,2,,933,1329,1.42443729903537,,908,7315,8.05616740088106,
2021Q2,,S08000015,,S12000028,,Emergency Inpatients,,2,,990,1523,1.53838383838384,,977,7236,7.40634595701126,
2021Q3,,S08000015,,S12000028,,Emergency Inpatients,,2,,1076,1593,1.48048327137546,,1058,7942,7.50661625708885,
2021Q4,,S08000015,,S12000028,,Emergency Inpatients,,2,,967,1772,1.83247156153051,,971,8291,8.53861997940268,
2022Q1,,S08000015,,S12000028,,Emergency Inpatients,,2,,849,1948,2.2944640753828,,829,6473,7.80820265379976,
2022Q2,,S08000015,,S12000028,,Emergency Inpatients,,2,,925,2295,2.48108108108108,,909,8415,9.25742574257426,
2022Q3,,S08000015,,S12000028,,Emergency Inpatients,,2,,840,2135,2.54166666666667,,821,7410,9.02557856272838,
2022Q4,p,S08000015,,S12000028,,Emergency Inpatients,,2,,861,2521,2.92799070847851,,848,8286,9.77122641509434,
2017Q4,,S08000015,,S12000028,,Emergency Inpatients,,3,,791,1362,1.72187104930468,,758,6045,7.97493403693931,
2018Q1,,S08000015,,S12000028,,Emergency Inpatients,,3,,784,1110,1.41581632653061,,791,6677,8.44121365360303,
2018Q2,,S08000015,,S12000028,,Emergency Inpatients,,3,,747,891,1.19277108433735,,757,6154,8.12945838837516,
2018Q3,,S08000015,,S12000028,,Emergency Inpatients,,3,,761,1094,1.43758212877792,,737,4485,6.08548168249661,
2018Q4,,S08000015,,S12000028,,Emergency Inpatients,,3,,822,1280,1.55717761557178,,815,6676,8.19141104294479,
2019Q1,,S08000015,,S12000028,,Emergency Inpatients,,3,,827,1504,1.8186215235792,,798,5372,6.73182957393484,
2019Q2,,S08000015,,S12000028,,Emergency Inpatients,,3,,811,1035,1.27620221948212,,809,5117,6.32509270704574,
2019Q3,,S08000015,,S12000028,,Emergency Inpatients,,3,,754,1218,1.61538461538462,,762,5958,7.81889763779528,
2019Q4,,S08000015,,S12000028,,Emergency Inpatients,,3,,727,1241,1.707015130674,,710,5271,7.42394366197183,
2020Q1,,S08000015,,S12000028,,Emergency Inpatients,,3,,700,1402,2.00285714285714,,701,5883,8.3922967189729,
2020Q2,,S08000015,,S12000028,,Emergency Inpatients,,3,,621,955,1.5378421900161,,608,5165,8.49506578947368,
2020Q3,,S08000015,,S12000028,,Emergency Inpatients,,3,,810,1138,1.40493827160494,,803,5135,6.3947696139477,
2020Q4,,S08000015,,S12000028,,Emergency Inpatients,,3,,711,1125,1.58227848101266,,696,4930,7.08333333333333,
2021Q1,,S08000015,,S12000028,,Emergency Inpatients,,3,,630,1032,1.63809523809524,,614,5680,9.25081433224756,
2021Q2,,S08000015,,S12000028,,Emergency Inpatients,,3,,733,981,1.33833560709413,,733,5567,7.59481582537517,
2021Q3,,S08000015,,S12000028,,Emergency Inpatients,,3,,815,1182,1.45030674846626,,775,5141,6.63354838709677,
2021Q4,,S08000015,,S12000028,,Emergency Inpatients,,3,,778,1380,1.77377892030848,,789,6609,8.37642585551331,
2022Q1,,S08000015,,S12000028,,Emergency Inpatients,,3,,709,1736,2.44851904090268,,700,6569,9.38428571428571,
2022Q2,,S08000015,,S12000028,,Emergency Inpatients,,3,,679,1482,2.18262150220913,,680,6165,9.06617647058824,
2022Q3,,S08000015,,S12000028,,Emergency Inpatients,,3,,682,1467,2.15102639296188,,668,5539,8.29191616766467,
2022Q4,p,S08000015,,S12000028,,Emergency Inpatients,,3,,679,1724,2.53902798232695,,675,6401,9.48296296296296,
2017Q4,,S08000015,,S12000028,,Emergency Inpatients,,4,,537,768,1.43016759776536,,514,4469,8.69455252918288,
2018Q1,,S08000015,,S12000028,,Emergency Inpatients,,4,,541,881,1.62846580406654,,553,4759,8.60578661844485,
2018Q2,,S08000015,,S12000028,,Emergency Inpatients,,4,,529,866,1.63705103969754,,525,3853,7.33904761904762,
2018Q3,,S08000015,,S12000028,,Emergency Inpatients,,4,,471,776,1.64755838641189,,461,3959,8.58785249457701,
2018Q4,,S08000015,,S12000028,,Emergency Inpatients,,4,,513,696,1.35672514619883,,503,4481,8.90854870775348,
2019Q1,,S08000015,,S12000028,,Emergency Inpatients,,4,,514,829,1.61284046692607,,513,4040,7.87524366471735,
2019Q2,,S08000015,,S12000028,,Emergency Inpatients,,4,,505,807,1.5980198019802,,498,4116,8.26506024096386,
2019Q3,,S08000015,,S12000028,,Emergency Inpatients,,4,,531,1052,1.98116760828625,,504,4813,9.54960317460317,
2019Q4,,S08000015,,S12000028,,Emergency Inpatients,,4,,530,868,1.6377358490566,,534,5083,9.5187265917603,
2020Q1,,S08000015,,S12000028,,Emergency Inpatients,,4,,490,915,1.86734693877551,,515,4848,9.41359223300971,
2020Q2,,S08000015,,S12000028,,Emergency Inpatients,,4,,399,915,2.29323308270677,,384,2810,7.31770833333333,
2020Q3,,S08000015,,S12000028,,Emergency Inpatients,,4,,491,663,1.35030549898167,,485,4102,8.45773195876289,
2020Q4,,S08000015,,S12000028,,Emergency Inpatients,,4,,490,859,1.7530612244898,,482,3289,6.82365145228216,
2021Q1,,S08000015,,S12000028,,Emergency Inpatients,,4,,412,613,1.4878640776699,,401,3403,8.48628428927681,
2021Q2,,S08000015,,S12000028,,Emergency Inpatients,,4,,496,618,1.24596774193548,,492,3710,7.54065040650407,
2021Q3,,S08000015,,S12000028,,Emergency Inpatients,,4,,518,832,1.60617760617761,,515,3937,7.64466019417476,
2021Q4,,S08000015,,S12000028,,Emergency Inpatients,,4,,480,843,1.75625,,472,4068,8.61864406779661,
2022Q1,,S08000015,,S12000028,,Emergency Inpatients,,4,,471,917,1.94692144373673,,464,3828,8.25,
2022Q2,,S08000015,,S12000028,,Emergency Inpatients,,4,,472,1031,2.1843220338983,,455,4176,9.17802197802198,
2022Q3,,S08000015,,S12000028,,Emergency Inpatients,,4,,482,1128,2.3402489626556,,476,4388,9.21848739495798,
2022Q4,p,S08000015,,S12000028,,Emergency Inpatients,,4,,484,1152,2.3801652892562,,475,5110,10.7578947368421,
2017Q4,,S08000015,,S12000028,,Emergency Inpatients,,5,,635,948,1.49291338582677,,616,5250,8.52272727272727,
2018Q1,,S08000015,,S12000028,,Emergency Inpatients,,5,,686,1023,1.49125364431487,,692,4697,6.78757225433526,
2018Q2,,S08000015,,S12000028,,Emergency Inpatients,,5,,679,957,1.40942562592047,,673,5506,8.18127786032689,
2018Q3,,S08000015,,S12000028,,Emergency Inpatients,,5,,633,1132,1.78830963665087,,604,3644,6.03311258278146,
2018Q4,,S08000015,,S12000028,,Emergency Inpatients,,5,,663,821,1.23831070889894,,661,5343,8.08320726172466,
2019Q1,,S08000015,,S12000028,,Emergency Inpatients,,5,,706,1145,1.62181303116147,,685,5412,7.9007299270073,
2019Q2,,S08000015,,S12000028,,Emergency Inpatients,,5,,686,946,1.37900874635569,,690,5316,7.70434782608696,
2019Q3,,S08000015,,S12000028,,Emergency Inpatients,,5,,621,944,1.52012882447665,,622,5422,8.71704180064309,
2019Q4,,S08000015,,S12000028,,Emergency Inpatients,,5,,649,973,1.49922958397535,,639,4607,7.20970266040689,
2020Q1,,S08000015,,S12000028,,Emergency Inpatients,,5,,614,1017,1.65635179153094,,619,4385,7.08400646203554,
2020Q2,,S08000015,,S12000028,,Emergency Inpatients,,5,,484,782,1.61570247933884,,473,3602,7.61522198731501,
2020Q3,,S08000015,,S12000028,,Emergency Inpatients,,5,,596,742,1.24496644295302,,599,4946,8.25709515859766,
2020Q4,,S08000015,,S12000028,,Emergency Inpatients,,5,,558,1066,1.91039426523297,,541,4399,8.13123844731978,
2021Q1,,S08000015,,S12000028,,Emergency Inpatients,,5,,488,844,1.72950819672131,,479,4750,9.91649269311065,
2021Q2,,S08000015,,S12000028,,Emergency Inpatients,,5,,687,1046,1.52256186317322,,674,4465,6.6246290801187,
2021Q3,,S08000015,,S12000028,,Emergency Inpatients,,5,,550,795,1.44545454545455,,546,4098,7.5054945054945,
2021Q4,,S08000015,,S12000028,,Emergency Inpatients,,5,,574,1276,2.22299651567944,,551,5966,10.8275862068966,
2022Q1,,S08000015,,S12000028,,Emergency Inpatients,,5,,549,1452,2.6448087431694,,536,5449,10.1660447761194,
2022Q2,,S08000015,,S12000028,,Emergency Inpatients,,5,,537,1181,2.19925512104283,,534,5743,10.7546816479401,
2022Q3,,S08000015,,S12000028,,Emergency Inpatients,,5,,561,1463,2.6078431372549,,549,6225,11.3387978142077,
2022Q4,p,S08000015,,S12000028,,Emergency Inpatients,,5,,571,1582,2.77057793345009,,570,5677,9.95964912280702,
2022Q4,p,S08000015,,S12000028,,Emergency Inpatients,,,:,0,0,,z,0,5,,z
2017Q4,,S08000016,,S08000016,d,Emergency Inpatients,,1,,241,782,3.2448132780083,,231,1765,7.64069264069264,
2018Q1,,S08000016,,S08000016,d,Emergency Inpatients,,1,,228,735,3.22368421052632,,221,1717,7.76923076923077,
2018Q2,,S08000016,,S08000016,d,Emergency Inpatients,,1,,238,615,2.58403361344538,,228,1463,6.41666666666667,
2018Q3,,S08000016,,S08000016,d,Emergency Inpatients,,1,,257,627,2.43968871595331,,254,1654,6.51181102362205,
2018Q4,,S08000016,,S08000016,d,Emergency Inpatients,,1,,241,590,2.44813278008299,,239,1312,5.48953974895398,
2019Q1,,S08000016,,S08000016,d,Emergency Inpatients,,1,,228,606,2.65789473684211,,230,1809,7.86521739130435,
2019Q2,,S08000016,,S08000016,d,Emergency Inpatients,,1,,237,704,2.9704641350211,,224,1047,4.67410714285714,
2019Q3,,S08000016,,S08000016,d,Emergency Inpatients,,1,,257,777,3.02334630350195,,250,1716,6.864,
2019Q4,,S08000016,,S08000016,d,Emergency Inpatients,,1,,264,637,2.41287878787879,,257,1510,5.87548638132296,
2020Q1,,S08000016,,S08000016,d,Emergency Inpatients,,1,,194,438,2.25773195876289,,199,1317,6.61809045226131,
2020Q2,,S08000016,,S08000016,d,Emergency Inpatients,,1,,143,258,1.8041958041958,,139,793,5.70503597122302,
2020Q3,,S08000016,,S08000016,d,Emergency Inpatients,,1,,183,397,2.16939890710383,,176,932,5.29545454545455,
2020Q4,,S08000016,,S08000016,d,Emergency Inpatients,,1,,167,526,3.1497005988024,,163,1055,6.47239263803681,
2021Q1,,S08000016,,S08000016,d,Emergency Inpatients,,1,,162,530,3.2716049382716,,163,1366,8.38036809815951,
2021Q2,,S08000016,,S08000016,d,Emergency Inpatients,,1,,219,598,2.73059360730594,,202,1282,6.34653465346535,
2021Q3,,S08000016,,S08000016,d,Emergency Inpatients,,1,,170,490,2.88235294117647,,160,1227,7.66875,
2021Q4,,S08000016,,S08000016,d,Emergency Inpatients,,1,,170,463,2.72352941176471,,171,1462,8.54970760233918,
2022Q1,,S08000016,,S08000016,d,Emergency Inpatients,,1,,166,593,3.57228915662651,,168,1794,10.6785714285714,
2022Q2,,S08000016,,S08000016,d,Emergency Inpatients,,1,,167,523,3.13173652694611,,160,1155,7.21875,
2022Q3,,S08000016,,S08000016,d,Emergency Inpatients,,1,,192,587,3.05729166666667,,179,1133,6.32960893854749,
2022Q4,p,S08000016,,S08000016,d,Emergency Inpatients,,1,,146,427,2.92465753424658,,147,1215,8.26530612244898,
2017Q4,,S08000016,,S08000016,d,Emergency Inpatients,,2,,575,1768,3.07478260869565,,558,4190,7.5089605734767,
2018Q1,,S08000016,,S08000016,d,Emergency Inpatients,,2,,498,1582,3.17670682730924,,485,3835,7.90721649484536,
2018Q2,,S08000016,,S08000016,d,Emergency Inpatients,,2,,557,1532,2.75044883303411,,536,3480,6.49253731343284,
2018Q3,,S08000016,,S08000016,d,Emergency Inpatients,,2,,551,1418,2.57350272232305,,531,4655,8.76647834274953,
2018Q4,,S08000016,,S08000016,d,Emergency Inpatients,,2,,554,1544,2.7870036101082998,,539,3506,6.50463821892393,
2019Q1,,S08000016,,S08000016,d,Emergency Inpatients,,2,,572,1457,2.5472027972028,,559,3522,6.3005366726297,
2019Q2,,S08000016,,S08000016,d,Emergency Inpatients,,2,,545,1334,2.44770642201835,,532,3160,5.93984962406015,
2019Q3,,S08000016,,S08000016,d,Emergency Inpatients,,2,,574,1435,2.5,,548,3161,5.76824817518248,
2019Q4,,S08000016,,S08000016,d,Emergency Inpatients,,2,,598,1459,2.43979933110368,,585,3958,6.76581196581197,
2020Q1,,S08000016,,S08000016,d,Emergency Inpatients,,2,,488,1378,2.82377049180328,,484,3577,7.3904958677686,
2020Q2,,S08000016,,S08000016,d,Emergency Inpatients,,2,,397,828,2.08564231738035,,379,2381,6.28232189973615,
2020Q3,,S08000016,,S08000016,d,Emergency Inpatients,,2,,479,1285,2.68267223382046,,471,2896,6.14861995753716,
2020Q4,,S08000016,,S08000016,d,Emergency Inpatients,,2,,471,1312,2.78556263269639,,460,3210,6.97826086956522,
2021Q1,,S08000016,,S08000016,d,Emergency Inpatients,,2,,431,1313,3.04640371229698,,417,3197,7.66666666666667,
2021Q2,,S08000016,,S08000016,d,Emergency Inpatients,,2,,480,1510,3.14583333333333,,465,3162,6.8,
2021Q3,,S08000016,,S08000016,d,Emergency Inpatients,,2,,413,1349,3.26634382566586,,415,3471,8.36385542168675,
2021Q4,,S08000016,,S08000016,d,Emergency Inpatients,,2,,425,1331,3.13176470588235,,402,3726,9.26865671641791,
2022Q1,,S08000016,,S08000016,d,Emergency Inpatients,,2,,375,1329,3.544,,381,3584,9.40682414698163,
2022Q2,,S08000016,,S08000016,d,Emergency Inpatients,,2,,401,1450,3.61596009975062,,395,3751,9.49620253164557,
2022Q3,,S08000016,,S08000016,d,Emergency Inpatients,,2,,425,1462,3.44,,410,3391,8.27073170731707,
2022Q4,p,S08000016,,S08000016,d,Emergency Inpatients,,2,,470,1916,4.07659574468085,,449,3869,8.61692650334076,
2017Q4,,S08000016,,S08000016,d,Emergency Inpatients,,3,,1049,3142,2.9952335557674,,1006,7215,7.17196819085487,
2018Q1,,S08000016,,S08000016,d,Emergency Inpatients,,3,,1103,3348,3.03535811423391,,1048,7848,7.48854961832061,
2018Q2,,S08000016,,S08000016,d,Emergency Inpatients,,3,,1109,3012,2.71596032461677,,1092,8050,7.37179487179487,
2018Q3,,S08000016,,S08000016,d,Emergency Inpatients,,3,,1053,2719,2.58214624881292,,1016,7317,7.20177165354331,
2018Q4,,S08000016,,S08000016,d,Emergency Inpatients,,3,,1100,2985,2.71363636363636,,1065,7048,6.61784037558685,
2019Q1,,S08000016,,S08000016,d,Emergency Inpatients,,3,,1055,3240,3.07109004739337,,1029,7278,7.07288629737609,
2019Q2,,S08000016,,S08000016,d,Emergency Inpatients,,3,,1080,2717,2.51574074074074,,1041,7075,6.79634966378482,
2019Q3,,S08000016,,S08000016,d,Emergency Inpatients,,3,,1064,2815,2.64567669172932,,1027,6564,6.39143135345667,
2019Q4,,S08000016,,S08000016,d,Emergency Inpatients,,3,,1131,3084,2.72679045092838,,1089,6318,5.80165289256198,
2020Q1,,S08000016,,S08000016,d,Emergency Inpatients,,3,,1019,2799,2.7468105986261,,1003,7472,7.44965104685942,
2020Q2,,S08000016,,S08000016,d,Emergency Inpatients,,3,,844,1838,2.17772511848341,,817,4720,5.77723378212974,
2020Q3,,S08000016,,S08000016,d,Emergency Inpatients,,3,,961,2475,2.57544224765869,,934,5626,6.02355460385439,
2020Q4,,S08000016,,S08000016,d,Emergency Inpatients,,3,,905,2872,3.17348066298343,,874,5986,6.84897025171625,
2021Q1,,S08000016,,S08000016,d,Emergency Inpatients,,3,,954,3171,3.32389937106918,,913,7735,8.47207009857612,
2021Q2,,S08000016,,S08000016,d,Emergency Inpatients,,3,,1051,3147,2.99429115128449,,1020,7652,7.50196078431373,
2021Q3,,S08000016,,S08000016,d,Emergency Inpatients,,3,,889,2488,2.79865016872891,,870,6579,7.56206896551724,
2021Q4,,S08000016,,S08000016,d,Emergency Inpatients,,3,,858,2939,3.42540792540793,,830,7087,8.53855421686747,
2022Q1,,S08000016,,S08000016,d,Emergency Inpatients,,3,,868,3116,3.58986175115207,,822,7463,9.07907542579076,
2022Q2,,S08000016,,S08000016,d,Emergency Inpatients,,3,,873,3350,3.83734249713631,,850,8202,9.64941176470588,
2022Q3,,S08000016,,S08000016,d,Emergency Inpatients,,3,,862,3410,3.95591647331787,,842,7939,9.42874109263658,
2022Q4,p,S08000016,,S08000016,d,Emergency Inpatients,,3,,873,2911,3.33447880870561,,843,7422,8.80427046263345,
2017Q4,,S08000016,,S08000016,d,Emergency Inpatients,,4,,617,1876,3.04051863857374,,596,4745,7.96140939597315,
2018Q1,,S08000016,,S08000016,d,Emergency Inpatients,,4,,663,2184,3.29411764705882,,624,5171,8.28685897435897,
2018Q2,,S08000016,,S08000016,d,Emergency Inpatients,,4,,729,2146,2.9437585733882,,705,6242,8.85390070921986,
2018Q3,,S08000016,,S08000016,d,Emergency Inpatients,,4,,706,1841,2.60764872521246,,692,5745,8.30202312138728,
2018Q4,,S08000016,,S08000016,d,Emergency Inpatients,,4,,722,2035,2.8185595567867,,700,5342,7.63142857142857,
2019Q1,,S08000016,,S08000016,d,Emergency Inpatients,,4,,705,1823,2.58581560283688,,685,4851,7.08175182481752,
2019Q2,,S08000016,,S08000016,d,Emergency Inpatients,,4,,724,1901,2.62569060773481,,689,4792,6.95500725689405,
2019Q3,,S08000016,,S08000016,d,Emergency Inpatients,,4,,726,1998,2.75206611570248,,724,5362,7.4060773480663,
2019Q4,,S08000016,,S08000016,d,Emergency Inpatients,,4,,719,1949,2.71070931849791,,705,4401,6.24255319148936,
2020Q1,,S08000016,,S08000016,d,Emergency Inpatients,,4,,694,1807,2.60374639769452,,673,4815,7.15453194650817,
2020Q2,,S08000016,,S08000016,d,Emergency Inpatients,,4,,530,1184,2.23396226415094,,511,3042,5.95303326810176,
2020Q3,,S08000016,,S08000016,d,Emergency Inpatients,,4,,568,1582,2.78521126760563,,552,3501,6.34239130434783,
2020Q4,,S08000016,,S08000016,d,Emergency Inpatients,,4,,589,1866,3.16808149405772,,566,3968,7.01060070671378,
2021Q1,,S08000016,,S08000016,d,Emergency Inpatients,,4,,616,1886,3.06168831168831,,591,4502,7.6175972927242,
2021Q2,,S08000016,,S08000016,d,Emergency Inpatients,,4,,697,2059,2.95408895265423,,668,5111,7.65119760479042,
2021Q3,,S08000016,,S08000016,d,Emergency Inpatients,,4,,606,1933,3.18976897689769,,584,4720,8.08219178082192,
2021Q4,,S08000016,,S08000016,d,Emergency Inpatients,,4,,596,2578,4.3255033557047,,574,5296,9.22648083623693,
2022Q1,,S08000016,,S08000016,d,Emergency Inpatients,,4,,496,1687,3.40120967741935,,486,4503,9.26543209876543,
2022Q2,,S08000016,,S08000016,d,Emergency Inpatients,,4,,581,1906,3.28055077452668,,561,4903,8.7397504456328,
2022Q3,,S08000016,,S08000016,d,Emergency Inpatients,,4,,579,2327,4.01899827288428,,561,6153,10.9679144385027,
2022Q4,p,S08000016,,S08000016,d,Emergency Inpatients,,4,,583,2373,4.07032590051458,,569,5279,9.27768014059754,
2017Q4,,S08000016,,S08000016,d,Emergency Inpatients,,5,,177,533,3.01129943502825,,171,1245,7.28070175438596,
2018Q1,,S08000016,,S08000016,d,Emergency Inpatients,,5,,162,525,3.24074074074074,,162,1528,9.4320987654321,
2018Q2,,S08000016,,S08000016,d,Emergency Inpatients,,5,,159,441,2.77358490566038,,150,992,6.61333333333333,
2018Q3,,S08000016,,S08000016,d,Emergency Inpatients,,5,,166,340,2.04819277108434,,164,1070,6.52439024390244,
2018Q4,,S08000016,,S08000016,d,Emergency Inpatients,,5,,165,484,2.93333333333333,,161,949,5.8944099378882,
2019Q1,,S08000016,,S08000016,d,Emergency Inpatients,,5,,139,350,2.51798561151079,,135,970,7.18518518518519,
2019Q2,,S08000016,,S08000016,d,Emergency Inpatients,,5,,181,419,2.31491712707182,,185,1249,6.75135135135135,
2019Q3,,S08000016,,S08000016,d,Emergency Inpatients,,5,,177,401,2.26553672316384,,166,973,5.86144578313253,
2019Q4,,S08000016,,S08000016,d,Emergency Inpatients,,5,,185,455,2.45945945945946,,181,1072,5.92265193370166,
2020Q1,,S08000016,,S08000016,d,Emergency Inpatients,,5,,163,437,2.68098159509202,,156,1287,8.25,
2020Q2,,S08000016,,S08000016,d,Emergency Inpatients,,5,,149,268,1.79865771812081,,144,855,5.9375,
2020Q3,,S08000016,,S08000016,d,Emergency Inpatients,,5,,163,329,2.01840490797546,,163,945,5.79754601226994,
2020Q4,,S08000016,,S08000016,d,Emergency Inpatients,,5,,169,532,3.14792899408284,,155,866,5.58709677419355,
2021Q1,,S08000016,,S08000016,d,Emergency Inpatients,,5,,135,454,3.36296296296296,,136,1391,10.2279411764706,
2021Q2,,S08000016,,S08000016,d,Emergency Inpatients,,5,,168,436,2.5952380952381,,154,773,5.01948051948052,
2021Q3,,S08000016,,S08000016,d,Emergency Inpatients,,5,,157,581,3.70063694267516,,152,1098,7.22368421052632,
2021Q4,,S08000016,,S08000016,d,Emergency Inpatients,,5,,133,406,3.05263157894737,,132,1281,9.70454545454546,
2022Q1,,S08000016,,S08000016,d,Emergency Inpatients,,5,,155,562,3.6258064516129,,148,1239,8.37162162162162,
2022Q2,,S08000016,,S08000016,d,Emergency Inpatients,,5,,139,556,4,,137,1421,10.3722627737226,
2022Q3,,S08000016,,S08000016,d,Emergency Inpatients,,5,,140,356,2.54285714285714,,137,1611,11.7591240875912,
2022Q4,p,S08000016,,S08000016,d,Emergency Inpatients,,5,,146,543,3.71917808219178,,137,1094,7.98540145985401,
2017Q4,,S08000016,,S12000026,,Emergency Inpatients,,1,,241,782,3.2448132780083,,231,1765,7.64069264069264,
2018Q1,,S08000016,,S12000026,,Emergency Inpatients,,1,,228,735,3.22368421052632,,221,1717,7.76923076923077,
2018Q2,,S08000016,,S12000026,,Emergency Inpatients,,1,,238,615,2.58403361344538,,228,1463,6.41666666666667,
2018Q3,,S08000016,,S12000026,,Emergency Inpatients,,1,,257,627,2.43968871595331,,254,1654,6.51181102362205,
2018Q4,,S08000016,,S12000026,,Emergency Inpatients,,1,,241,590,2.44813278008299,,239,1312,5.48953974895398,
2019Q1,,S08000016,,S12000026,,Emergency Inpatients,,1,,228,606,2.65789473684211,,230,1809,7.86521739130435,
2019Q2,,S08000016,,S12000026,,Emergency Inpatients,,1,,237,704,2.9704641350211,,224,1047,4.67410714285714,
2019Q3,,S08000016,,S12000026,,Emergency Inpatients,,1,,257,777,3.02334630350195,,250,1716,6.864,
2019Q4,,S08000016,,S12000026,,Emergency Inpatients,,1,,264,637,2.41287878787879,,257,1510,5.87548638132296,
2020Q1,,S08000016,,S12000026,,Emergency Inpatients,,1,,194,438,2.25773195876289,,199,1317,6.61809045226131,
2020Q2,,S08000016,,S12000026,,Emergency Inpatients,,1,,143,258,1.8041958041958,,139,793,5.70503597122302,
2020Q3,,S08000016,,S12000026,,Emergency Inpatients,,1,,183,397,2.16939890710383,,176,932,5.29545454545455,
2020Q4,,S08000016,,S12000026,,Emergency Inpatients,,1,,167,526,3.1497005988024,,163,1055,6.47239263803681,
2021Q1,,S08000016,,S12000026,,Emergency Inpatients,,1,,162,530,3.2716049382716,,163,1366,8.38036809815951,
2021Q2,,S08000016,,S12000026,,Emergency Inpatients,,1,,219,598,2.73059360730594,,202,1282,6.34653465346535,
2021Q3,,S08000016,,S12000026,,Emergency Inpatients,,1,,170,490,2.88235294117647,,160,1227,7.66875,
2021Q4,,S08000016,,S12000026,,Emergency Inpatients,,1,,170,463,2.72352941176471,,171,1462,8.54970760233918,
2022Q1,,S08000016,,S12000026,,Emergency Inpatients,,1,,166,593,3.57228915662651,,168,1794,10.6785714285714,
2022Q2,,S08000016,,S12000026,,Emergency Inpatients,,1,,167,523,3.13173652694611,,160,1155,7.21875,
2022Q3,,S08000016,,S12000026,,Emergency Inpatients,,1,,192,587,3.05729166666667,,179,1133,6.32960893854749,
2022Q4,p,S08000016,,S12000026,,Emergency Inpatients,,1,,146,427,2.92465753424658,,147,1215,8.26530612244898,
2017Q4,,S08000016,,S12000026,,Emergency Inpatients,,2,,575,1768,3.07478260869565,,558,4190,7.5089605734767,
2018Q1,,S08000016,,S12000026,,Emergency Inpatients,,2,,498,1582,3.17670682730924,,485,3835,7.90721649484536,
2018Q2,,S08000016,,S12000026,,Emergency Inpatients,,2,,557,1532,2.75044883303411,,536,3480,6.49253731343284,
2018Q3,,S08000016,,S12000026,,Emergency Inpatients,,2,,551,1418,2.57350272232305,,531,4655,8.76647834274953,
2018Q4,,S08000016,,S12000026,,Emergency Inpatients,,2,,554,1544,2.7870036101082998,,539,3506,6.50463821892393,
2019Q1,,S08000016,,S12000026,,Emergency Inpatients,,2,,572,1457,2.5472027972028,,559,3522,6.3005366726297,
2019Q2,,S08000016,,S12000026,,Emergency Inpatients,,2,,545,1334,2.44770642201835,,532,3160,5.93984962406015,
2019Q3,,S08000016,,S12000026,,Emergency Inpatients,,2,,574,1435,2.5,,548,3161,5.76824817518248,
2019Q4,,S08000016,,S12000026,,Emergency Inpatients,,2,,598,1459,2.43979933110368,,585,3958,6.76581196581197,
2020Q1,,S08000016,,S12000026,,Emergency Inpatients,,2,,488,1378,2.82377049180328,,484,3577,7.3904958677686,
2020Q2,,S08000016,,S12000026,,Emergency Inpatients,,2,,397,828,2.08564231738035,,379,2381,6.28232189973615,
2020Q3,,S08000016,,S12000026,,Emergency Inpatients,,2,,479,1285,2.68267223382046,,471,2896,6.14861995753716,
2020Q4,,S08000016,,S12000026,,Emergency Inpatients,,2,,471,1312,2.78556263269639,,460,3210,6.97826086956522,
2021Q1,,S08000016,,S12000026,,Emergency Inpatients,,2,,431,1313,3.04640371229698,,417,3197,7.66666666666667,
2021Q2,,S08000016,,S12000026,,Emergency Inpatients,,2,,480,1510,3.14583333333333,,465,3162,6.8,
2021Q3,,S08000016,,S12000026,,Emergency Inpatients,,2,,413,1349,3.26634382566586,,415,3471,8.36385542168675,
2021Q4,,S08000016,,S12000026,,Emergency Inpatients,,2,,425,1331,3.13176470588235,,402,3726,9.26865671641791,
2022Q1,,S08000016,,S12000026,,Emergency Inpatients,,2,,375,1329,3.544,,381,3584,9.40682414698163,
2022Q2,,S08000016,,S12000026,,Emergency Inpatients,,2,,401,1450,3.61596009975062,,395,3751,9.49620253164557,
2022Q3,,S08000016,,S12000026,,Emergency Inpatients,,2,,425,1462,3.44,,410,3391,8.27073170731707,
2022Q4,p,S08000016,,S12000026,,Emergency Inpatients,,2,,470,1916,4.07659574468085,,449,3869,8.61692650334076,
2017Q4,,S08000016,,S12000026,,Emergency Inpatients,,3,,1049,3142,2.9952335557674,,1006,7215,7.17196819085487,
2018Q1,,S08000016,,S12000026,,Emergency Inpatients,,3,,1103,3348,3.03535811423391,,1048,7848,7.48854961832061,
2018Q2,,S08000016,,S12000026,,Emergency Inpatients,,3,,1109,3012,2.71596032461677,,1092,8050,7.37179487179487,
2018Q3,,S08000016,,S12000026,,Emergency Inpatients,,3,,1053,2719,2.58214624881292,,1016,7317,7.20177165354331,
2018Q4,,S08000016,,S12000026,,Emergency Inpatients,,3,,1100,2985,2.71363636363636,,1065,7048,6.61784037558685,
2019Q1,,S08000016,,S12000026,,Emergency Inpatients,,3,,1055,3240,3.07109004739337,,1029,7278,7.07288629737609,
2019Q2,,S08000016,,S12000026,,Emergency Inpatients,,3,,1080,2717,2.51574074074074,,1041,7075,6.79634966378482,
2019Q3,,S08000016,,S12000026,,Emergency Inpatients,,3,,1064,2815,2.64567669172932,,1027,6564,6.39143135345667,
2019Q4,,S08000016,,S12000026,,Emergency Inpatients,,3,,1131,3084,2.72679045092838,,1089,6318,5.80165289256198,
2020Q1,,S08000016,,S12000026,,Emergency Inpatients,,3,,1019,2799,2.7468105986261,,1003,7472,7.44965104685942,
2020Q2,,S08000016,,S12000026,,Emergency Inpatients,,3,,844,1838,2.17772511848341,,817,4720,5.77723378212974,
2020Q3,,S08000016,,S12000026,,Emergency Inpatients,,3,,961,2475,2.57544224765869,,934,5626,6.02355460385439,
2020Q4,,S08000016,,S12000026,,Emergency Inpatients,,3,,905,2872,3.17348066298343,,874,5986,6.84897025171625,
2021Q1,,S08000016,,S12000026,,Emergency Inpatients,,3,,954,3171,3.32389937106918,,913,7735,8.47207009857612,
2021Q2,,S08000016,,S12000026,,Emergency Inpatients,,3,,1051,3147,2.99429115128449,,1020,7652,7.50196078431373,
2021Q3,,S08000016,,S12000026,,Emergency Inpatients,,3,,889,2488,2.79865016872891,,870,6579,7.56206896551724,
2021Q4,,S08000016,,S12000026,,Emergency Inpatients,,3,,858,2939,3.42540792540793,,830,7087,8.53855421686747,
2022Q1,,S08000016,,S12000026,,Emergency Inpatients,,3,,868,3116,3.58986175115207,,822,7463,9.07907542579076,
2022Q2,,S08000016,,S12000026,,Emergency Inpatients,,3,,873,3350,3.83734249713631,,850,8202,9.64941176470588,
2022Q3,,S08000016,,S12000026,,Emergency Inpatients,,3,,862,3410,3.95591647331787,,842,7939,9.42874109263658,
2022Q4,p,S08000016,,S12000026,,Emergency Inpatients,,3,,873,2911,3.33447880870561,,843,7422,8.80427046263345,
2017Q4,,S08000016,,S12000026,,Emergency Inpatients,,4,,617,1876,3.04051863857374,,596,4745,7.96140939597315,
2018Q1,,S08000016,,S12000026,,Emergency Inpatients,,4,,663,2184,3.29411764705882,,624,5171,8.28685897435897,
2018Q2,,S08000016,,S12000026,,Emergency Inpatients,,4,,729,2146,2.9437585733882,,705,6242,8.85390070921986,
2018Q3,,S08000016,,S12000026,,Emergency Inpatients,,4,,706,1841,2.60764872521246,,692,5745,8.30202312138728,
2018Q4,,S08000016,,S12000026,,Emergency Inpatients,,4,,722,2035,2.8185595567867,,700,5342,7.63142857142857,
2019Q1,,S08000016,,S12000026,,Emergency Inpatients,,4,,705,1823,2.58581560283688,,685,4851,7.08175182481752,
2019Q2,,S08000016,,S12000026,,Emergency Inpatients,,4,,724,1901,2.62569060773481,,689,4792,6.95500725689405,
2019Q3,,S08000016,,S12000026,,Emergency Inpatients,,4,,726,1998,2.75206611570248,,724,5362,7.4060773480663,
2019Q4,,S08000016,,S12000026,,Emergency Inpatients,,4,,719,1949,2.71070931849791,,705,4401,6.24255319148936,
2020Q1,,S08000016,,S12000026,,Emergency Inpatients,,4,,694,1807,2.60374639769452,,673,4815,7.15453194650817,
2020Q2,,S08000016,,S12000026,,Emergency Inpatients,,4,,530,1184,2.23396226415094,,511,3042,5.95303326810176,
2020Q3,,S08000016,,S12000026,,Emergency Inpatients,,4,,568,1582,2.78521126760563,,552,3501,6.34239130434783,
2020Q4,,S08000016,,S12000026,,Emergency Inpatients,,4,,589,1866,3.16808149405772,,566,3968,7.01060070671378,
2021Q1,,S08000016,,S12000026,,Emergency Inpatients,,4,,616,1886,3.06168831168831,,591,4502,7.6175972927242,
2021Q2,,S08000016,,S12000026,,Emergency Inpatients,,4,,697,2059,2.95408895265423,,668,5111,7.65119760479042,
2021Q3,,S08000016,,S12000026,,Emergency Inpatients,,4,,606,1933,3.18976897689769,,584,4720,8.08219178082192,
2021Q4,,S08000016,,S12000026,,Emergency Inpatients,,4,,596,2578,4.3255033557047,,574,5296,9.22648083623693,
2022Q1,,S08000016,,S12000026,,Emergency Inpatients,,4,,496,1687,3.40120967741935,,486,4503,9.26543209876543,
2022Q2,,S08000016,,S12000026,,Emergency Inpatients,,4,,581,1906,3.28055077452668,,561,4903,8.7397504456328,
2022Q3,,S08000016,,S12000026,,Emergency Inpatients,,4,,579,2327,4.01899827288428,,561,6153,10.9679144385027,
2022Q4,p,S08000016,,S12000026,,Emergency Inpatients,,4,,583,2373,4.07032590051458,,569,5279,9.27768014059754,
2017Q4,,S08000016,,S12000026,,Emergency Inpatients,,5,,177,533,3.01129943502825,,171,1245,7.28070175438596,
2018Q1,,S08000016,,S12000026,,Emergency Inpatients,,5,,162,525,3.24074074074074,,162,1528,9.4320987654321,
2018Q2,,S08000016,,S12000026,,Emergency Inpatients,,5,,159,441,2.77358490566038,,150,992,6.61333333333333,
2018Q3,,S08000016,,S12000026,,Emergency Inpatients,,5,,166,340,2.04819277108434,,164,1070,6.52439024390244,
2018Q4,,S08000016,,S12000026,,Emergency Inpatients,,5,,165,484,2.93333333333333,,161,949,5.8944099378882,
2019Q1,,S08000016,,S12000026,,Emergency Inpatients,,5,,139,350,2.51798561151079,,135,970,7.18518518518519,
2019Q2,,S08000016,,S12000026,,Emergency Inpatients,,5,,181,419,2.31491712707182,,185,1249,6.75135135135135,
2019Q3,,S08000016,,S12000026,,Emergency Inpatients,,5,,177,401,2.26553672316384,,166,973,5.86144578313253,
2019Q4,,S08000016,,S12000026,,Emergency Inpatients,,5,,185,455,2.45945945945946,,181,1072,5.92265193370166,
2020Q1,,S08000016,,S12000026,,Emergency Inpatients,,5,,163,437,2.68098159509202,,156,1287,8.25,
2020Q2,,S08000016,,S12000026,,Emergency Inpatients,,5,,149,268,1.79865771812081,,144,855,5.9375,
2020Q3,,S08000016,,S12000026,,Emergency Inpatients,,5,,163,329,2.01840490797546,,163,945,5.79754601226994,
2020Q4,,S08000016,,S12000026,,Emergency Inpatients,,5,,169,532,3.14792899408284,,155,866,5.58709677419355,
2021Q1,,S08000016,,S12000026,,Emergency Inpatients,,5,,135,454,3.36296296296296,,136,1391,10.2279411764706,
2021Q2,,S08000016,,S12000026,,Emergency Inpatients,,5,,168,436,2.5952380952381,,154,773,5.01948051948052,
2021Q3,,S08000016,,S12000026,,Emergency Inpatients,,5,,157,581,3.70063694267516,,152,1098,7.22368421052632,
2021Q4,,S08000016,,S12000026,,Emergency Inpatients,,5,,133,406,3.05263157894737,,132,1281,9.70454545454546,
2022Q1,,S08000016,,S12000026,,Emergency Inpatients,,5,,155,562,3.6258064516129,,148,1239,8.37162162162162,
2022Q2,,S08000016,,S12000026,,Emergency Inpatients,,5,,139,556,4,,137,1421,10.3722627737226,
2022Q3,,S08000016,,S12000026,,Emergency Inpatients,,5,,140,356,2.54285714285714,,137,1611,11.7591240875912,
2022Q4,p,S08000016,,S12000026,,Emergency Inpatients,,5,,146,543,3.71917808219178,,137,1094,7.98540145985401,
2017Q4,,S08000017,,S12000006,,Emergency Inpatients,,1,,385,570,1.48051948051948,,369,2269,6.1490514905149,
2018Q1,,S08000017,,S12000006,,Emergency Inpatients,,1,,401,757,1.88778054862843,,404,3030,7.5,
2018Q2,,S08000017,,S12000006,,Emergency Inpatients,,1,,395,621,1.57215189873418,,386,2272,5.8860103626943,
2018Q3,,S08000017,,S12000006,,Emergency Inpatients,,1,,375,526,1.40266666666667,,373,2688,7.20643431635389,
2018Q4,,S08000017,,S12000006,,Emergency Inpatients,,1,,397,571,1.43828715365239,,380,2300,6.05263157894737,
2019Q1,,S08000017,,S12000006,,Emergency Inpatients,,1,,393,490,1.24681933842239,,382,2673,6.99738219895288,
2019Q2,,S08000017,,S12000006,,Emergency Inpatients,,1,,436,716,1.64220183486239,,437,3268,7.47826086956522,
2019Q3,,S08000017,,S12000006,,Emergency Inpatients,,1,,411,627,1.52554744525547,,402,3150,7.83582089552239,
2019Q4,,S08000017,,S12000006,,Emergency Inpatients,,1,,407,643,1.57985257985258,,394,2406,6.10659898477157,
2020Q1,,S08000017,,S12000006,,Emergency Inpatients,,1,,357,529,1.48179271708683,,368,3957,10.7527173913043,
2020Q2,,S08000017,,S12000006,,Emergency Inpatients,,1,,328,415,1.26524390243902,,302,1571,5.20198675496689,
2020Q3,,S08000017,,S12000006,,Emergency Inpatients,,1,,362,599,1.65469613259669,,355,2742,7.72394366197183,
2020Q4,,S08000017,,S12000006,,Emergency Inpatients,,1,,363,446,1.22865013774105,,360,2295,6.375,
2021Q1,,S08000017,,S12000006,,Emergency Inpatients,,1,,336,492,1.46428571428571,,331,2264,6.83987915407855,
2021Q2,,S08000017,,S12000006,,Emergency Inpatients,,1,,419,629,1.50119331742243,,404,2532,6.26732673267327,
2021Q3,,S08000017,,S12000006,,Emergency Inpatients,,1,,441,782,1.77324263038549,,432,2935,6.79398148148148,
2021Q4,,S08000017,,S12000006,,Emergency Inpatients,,1,,320,713,2.228125,,326,3031,9.29754601226994,
2022Q1,,S08000017,,S12000006,,Emergency Inpatients,,1,,344,788,2.2906976744186,,325,2226,6.84923076923077,
2022Q2,,S08000017,,S12000006,,Emergency Inpatients,,1,,363,725,1.99724517906336,,355,3198,9.00845070422535,
2022Q3,,S08000017,,S12000006,,Emergency Inpatients,,1,,344,772,2.24418604651163,,340,3534,10.3941176470588,
2022Q4,p,S08000017,,S12000006,,Emergency Inpatients,,1,,298,656,2.20134228187919,,289,2387,8.25951557093426,
2017Q4,,S08000017,,S12000006,,Emergency Inpatients,,2,,926,1969,2.12634989200864,,901,8923,9.90344062153163,
2018Q1,,S08000017,,S12000006,,Emergency Inpatients,,2,,963,1595,1.65628245067497,,944,7865,8.33156779661017,
2018Q2,,S08000017,,S12000006,,Emergency Inpatients,,2,,906,1493,1.64790286975717,,876,7727,8.82077625570776,
2018Q3,,S08000017,,S12000006,,Emergency Inpatients,,2,,918,1652,1.79956427015251,,895,8321,9.29720670391061,
2018Q4,,S08000017,,S12000006,,Emergency Inpatients,,2,,979,1564,1.59754851889683,,958,7439,7.7651356993737,
2019Q1,,S08000017,,S12000006,,Emergency Inpatients,,2,,951,1457,1.53207150368034,,950,8390,8.83157894736842,
2019Q2,,S08000017,,S12000006,,Emergency Inpatients,,2,,976,1728,1.77049180327869,,939,7995,8.51437699680511,
2019Q3,,S08000017,,S12000006,,Emergency Inpatients,,2,,993,1784,1.79657603222558,,975,8214,8.42461538461538,
2019Q4,,S08000017,,S12000006,,Emergency Inpatients,,2,,967,1766,1.82626680455016,,945,8617,9.11851851851852,
2020Q1,,S08000017,,S12000006,,Emergency Inpatients,,2,,912,1629,1.78618421052632,,923,9405,10.1895991332611,
2020Q2,,S08000017,,S12000006,,Emergency Inpatients,,2,,726,1253,1.72589531680441,,687,4870,7.08879184861718,
2020Q3,,S08000017,,S12000006,,Emergency Inpatients,,2,,850,1592,1.87294117647059,,826,7423,8.98668280871671,
2020Q4,,S08000017,,S12000006,,Emergency Inpatients,,2,,904,1657,1.83296460176991,,889,6803,7.65241844769404,
2021Q1,,S08000017,,S12000006,,Emergency Inpatients,,2,,924,1616,1.74891774891775,,895,7078,7.90837988826816,
2021Q2,,S08000017,,S12000006,,Emergency Inpatients,,2,,991,1558,1.57214934409687,,971,7735,7.96601441812564,
2021Q3,,S08000017,,S12000006,,Emergency Inpatients,,2,,905,1818,2.00883977900553,,890,6943,7.80112359550562,
2021Q4,,S08000017,,S12000006,,Emergency Inpatients,,2,,833,1835,2.20288115246098,,805,6784,8.42732919254658,
2022Q1,,S08000017,,S12000006,,Emergency Inpatients,,2,,872,1780,2.04128440366972,,867,7286,8.40369088811995,
2022Q2,,S08000017,,S12000006,,Emergency Inpatients,,2,,889,2143,2.41057367829021,,864,7770,8.99305555555556,
2022Q3,,S08000017,,S12000006,,Emergency Inpatients,,2,,757,1909,2.5217965653897,,738,6499,8.80623306233062,
2022Q4,p,S08000017,,S12000006,,Emergency Inpatients,,2,,820,1909,2.3280487804878,,807,8682,10.7583643122677,
2017Q4,,S08000017,,S12000006,,Emergency Inpatients,,3,,1470,2655,1.80612244897959,,1406,12453,8.85704125177809,
2018Q1,,S08000017,,S12000006,,Emergency Inpatients,,3,,1533,2723,1.77625570776256,,1527,14060,9.20759659462999,
2018Q2,,S08000017,,S12000006,,Emergency Inpatients,,3,,1410,2364,1.67659574468085,,1390,12018,8.64604316546763,
2018Q3,,S08000017,,S12000006,,Emergency Inpatients,,3,,1415,2443,1.72650176678445,,1380,11882,8.61014492753623,
2018Q4,,S08000017,,S12000006,,Emergency Inpatients,,3,,1387,2441,1.75991348233598,,1337,12536,9.37621540762902,
2019Q1,,S08000017,,S12000006,,Emergency Inpatients,,3,,1421,2785,1.95988740323716,,1377,13044,9.47276688453159,
2019Q2,,S08000017,,S12000006,,Emergency Inpatients,,3,,1511,2477,1.63931171409662,,1500,14028,9.352,
2019Q3,,S08000017,,S12000006,,Emergency Inpatients,,3,,1379,2649,1.92095721537346,,1345,12796,9.51375464684015,
2019Q4,,S08000017,,S12000006,,Emergency Inpatients,,3,,1525,3044,1.99606557377049,,1508,13972,9.26525198938992,
2020Q1,,S08000017,,S12000006,,Emergency Inpatients,,3,,1399,2591,1.85203716940672,,1412,15465,10.9525495750708,
2020Q2,,S08000017,,S12000006,,Emergency Inpatients,,3,,1112,1938,1.74280575539568,,1073,9123,8.50232991612302,
2020Q3,,S08000017,,S12000006,,Emergency Inpatients,,3,,1422,2630,1.84950773558368,,1395,10884,7.80215053763441,
2020Q4,,S08000017,,S12000006,,Emergency Inpatients,,3,,1380,2454,1.77826086956522,,1360,11579,8.51397058823529,
2021Q1,,S08000017,,S12000006,,Emergency Inpatients,,3,,1319,2474,1.87566338134951,,1277,11464,8.97729052466719,
2021Q2,,S08000017,,S12000006,,Emergency Inpatients,,3,,1439,2455,1.70604586518416,,1412,11382,8.06090651558074,
2021Q3,,S08000017,,S12000006,,Emergency Inpatients,,3,,1354,3094,2.28508124076809,,1311,10785,8.22654462242563,
2021Q4,,S08000017,,S12000006,,Emergency Inpatients,,3,,1384,3104,2.24277456647399,,1378,13108,9.51233671988389,
2022Q1,,S08000017,,S12000006,,Emergency Inpatients,,3,,1333,2995,2.24681170292573,,1316,11920,9.05775075987842,
2022Q2,,S08000017,,S12000006,,Emergency Inpatients,,3,,1373,3223,2.34741442097596,,1335,11784,8.82696629213483,
2022Q3,,S08000017,,S12000006,,Emergency Inpatients,,3,,1367,3572,2.61302121433797,,1342,13064,9.73472429210134,
2022Q4,p,S08000017,,S12000006,,Emergency Inpatients,,3,,1365,3631,2.66007326007326,,1328,12690,9.55572289156627,
2017Q4,,S08000017,,S12000006,,Emergency Inpatients,,4,,534,968,1.812734082397,,526,4364,8.29657794676806,
2018Q1,,S08000017,,S12000006,,Emergency Inpatients,,4,,518,785,1.51544401544402,,512,4906,9.58203125,
2018Q2,,S08000017,,S12000006,,Emergency Inpatients,,4,,558,882,1.58064516129032,,546,4423,8.1007326007326,
2018Q3,,S08000017,,S12000006,,Emergency Inpatients,,4,,566,967,1.70848056537102,,544,5018,9.22426470588235,
2018Q4,,S08000017,,S12000006,,Emergency Inpatients,,4,,569,1075,1.88927943760984,,558,5393,9.66487455197133,
2019Q1,,S08000017,,S12000006,,Emergency Inpatients,,4,,577,962,1.66724436741768,,574,5045,8.78919860627178,
2019Q2,,S08000017,,S12000006,,Emergency Inpatients,,4,,575,1130,1.96521739130435,,554,5247,9.47111913357401,
2019Q3,,S08000017,,S12000006,,Emergency Inpatients,,4,,552,1026,1.85869565217391,,555,5743,10.3477477477477,
2019Q4,,S08000017,,S12000006,,Emergency Inpatients,,4,,626,1017,1.62460063897764,,596,5040,8.45637583892617,
2020Q1,,S08000017,,S12000006,,Emergency Inpatients,,4,,530,1296,2.44528301886792,,543,6207,11.4309392265193,
2020Q2,,S08000017,,S12000006,,Emergency Inpatients,,4,,437,811,1.8558352402746,,429,3604,8.4009324009324,
2020Q3,,S08000017,,S12000006,,Emergency Inpatients,,4,,543,998,1.83793738489871,,523,3895,7.44741873804971,
2020Q4,,S08000017,,S12000006,,Emergency Inpatients,,4,,509,832,1.63457760314342,,503,3507,6.97216699801193,
2021Q1,,S08000017,,S12000006,,Emergency Inpatients,,4,,509,921,1.80943025540275,,506,4778,9.44268774703557,
2021Q2,,S08000017,,S12000006,,Emergency Inpatients,,4,,576,813,1.41145833333333,,556,4264,7.66906474820144,
2021Q3,,S08000017,,S12000006,,Emergency Inpatients,,4,,534,1186,2.22097378277154,,529,5144,9.72400756143667,
2021Q4,,S08000017,,S12000006,,Emergency Inpatients,,4,,545,1291,2.36880733944954,,535,5475,10.2336448598131,
2022Q1,,S08000017,,S12000006,,Emergency Inpatients,,4,,545,1576,2.89174311926606,,529,5030,9.50850661625709,
2022Q2,,S08000017,,S12000006,,Emergency Inpatients,,4,,566,1209,2.13604240282686,,552,5184,9.39130434782609,
2022Q3,,S08000017,,S12000006,,Emergency Inpatients,,4,,521,1338,2.56813819577735,,519,6219,11.9826589595376,
2022Q4,p,S08000017,,S12000006,,Emergency Inpatients,,4,,529,1182,2.234404536862,,518,4645,8.96718146718147,
2017Q4,,S08000017,,S12000006,,Emergency Inpatients,,5,,242,322,1.33057851239669,,234,1541,6.58547008547009,
2018Q1,,S08000017,,S12000006,,Emergency Inpatients,,5,,261,446,1.7088122605364,,251,2067,8.23505976095618,
2018Q2,,S08000017,,S12000006,,Emergency Inpatients,,5,,265,487,1.8377358490566,,263,2112,8.03041825095057,
2018Q3,,S08000017,,S12000006,,Emergency Inpatients,,5,,265,513,1.93584905660377,,257,2006,7.80544747081712,
2018Q4,,S08000017,,S12000006,,Emergency Inpatients,,5,,260,450,1.73076923076923,,255,2205,8.64705882352941,
2019Q1,,S08000017,,S12000006,,Emergency Inpatients,,5,,243,398,1.63786008230453,,241,2044,8.48132780082988,
2019Q2,,S08000017,,S12000006,,Emergency Inpatients,,5,,248,347,1.3991935483871,,245,1815,7.40816326530612,
2019Q3,,S08000017,,S12000006,,Emergency Inpatients,,5,,232,407,1.75431034482759,,220,1938,8.80909090909091,
2019Q4,,S08000017,,S12000006,,Emergency Inpatients,,5,,276,539,1.95289855072464,,269,2018,7.50185873605948,
2020Q1,,S08000017,,S12000006,,Emergency Inpatients,,5,,253,486,1.92094861660079,,263,3327,12.6501901140684,
2020Q2,,S08000017,,S12000006,,Emergency Inpatients,,5,,193,380,1.96891191709845,,186,1643,8.83333333333333,
2020Q3,,S08000017,,S12000006,,Emergency Inpatients,,5,,235,398,1.6936170212766,,232,1683,7.25431034482759,
2020Q4,,S08000017,,S12000006,,Emergency Inpatients,,5,,226,321,1.42035398230089,,217,1391,6.41013824884793,
2021Q1,,S08000017,,S12000006,,Emergency Inpatients,,5,,235,386,1.64255319148936,,234,1888,8.06837606837607,
2021Q2,,S08000017,,S12000006,,Emergency Inpatients,,5,,279,348,1.24731182795699,,268,1450,5.41044776119403,
2021Q3,,S08000017,,S12000006,,Emergency Inpatients,,5,,250,400,1.6,,248,2529,10.1975806451613,
2021Q4,,S08000017,,S12000006,,Emergency Inpatients,,5,,280,791,2.825,,271,2276,8.39852398523985,
2022Q1,,S08000017,,S12000006,,Emergency Inpatients,,5,,276,520,1.88405797101449,,272,2208,8.11764705882353,
2022Q2,,S08000017,,S12000006,,Emergency Inpatients,,5,,254,650,2.55905511811024,,252,1943,7.71031746031746,
2022Q3,,S08000017,,S12000006,,Emergency Inpatients,,5,,273,856,3.13553113553114,,258,2497,9.67829457364341,
2022Q4,p,S08000017,,S12000006,,Emergency Inpatients,,5,,285,840,2.94736842105263,,278,2487,8.94604316546763,
2022Q3,,S08000017,,S12000006,,Emergency Inpatients,,,:,5,5,1,,5,16,3.2,
2022Q4,p,S08000017,,S12000006,,Emergency Inpatients,,,:,5,0,0,,5,15,3,
2017Q4,,S08000017,,S08000017,d,Emergency Inpatients,,1,,385,570,1.48051948051948,,369,2269,6.1490514905149,
2018Q1,,S08000017,,S08000017,d,Emergency Inpatients,,1,,401,757,1.88778054862843,,404,3030,7.5,
2018Q2,,S08000017,,S08000017,d,Emergency Inpatients,,1,,395,621,1.57215189873418,,386,2272,5.8860103626943,
2018Q3,,S08000017,,S08000017,d,Emergency Inpatients,,1,,375,526,1.40266666666667,,373,2688,7.20643431635389,
2018Q4,,S08000017,,S08000017,d,Emergency Inpatients,,1,,397,571,1.43828715365239,,380,2300,6.05263157894737,
2019Q1,,S08000017,,S08000017,d,Emergency Inpatients,,1,,393,490,1.24681933842239,,382,2673,6.99738219895288,
2019Q2,,S08000017,,S08000017,d,Emergency Inpatients,,1,,436,716,1.64220183486239,,437,3268,7.47826086956522,
2019Q3,,S08000017,,S08000017,d,Emergency Inpatients,,1,,411,627,1.52554744525547,,402,3150,7.83582089552239,
2019Q4,,S08000017,,S08000017,d,Emergency Inpatients,,1,,407,643,1.57985257985258,,394,2406,6.10659898477157,
2020Q1,,S08000017,,S08000017,d,Emergency Inpatients,,1,,357,529,1.48179271708683,,368,3957,10.7527173913043,
2020Q2,,S08000017,,S08000017,d,Emergency Inpatients,,1,,328,415,1.26524390243902,,302,1571,5.20198675496689,
2020Q3,,S08000017,,S08000017,d,Emergency Inpatients,,1,,362,599,1.65469613259669,,355,2742,7.72394366197183,
2020Q4,,S08000017,,S08000017,d,Emergency Inpatients,,1,,363,446,1.22865013774105,,360,2295,6.375,
2021Q1,,S08000017,,S08000017,d,Emergency Inpatients,,1,,336,492,1.46428571428571,,331,2264,6.83987915407855,
2021Q2,,S08000017,,S08000017,d,Emergency Inpatients,,1,,419,629,1.50119331742243,,404,2532,6.26732673267327,
2021Q3,,S08000017,,S08000017,d,Emergency Inpatients,,1,,441,782,1.77324263038549,,432,2935,6.79398148148148,
2021Q4,,S08000017,,S08000017,d,Emergency Inpatients,,1,,320,713,2.228125,,326,3031,9.29754601226994,
2022Q1,,S08000017,,S08000017,d,Emergency Inpatients,,1,,344,788,2.2906976744186,,325,2226,6.84923076923077,
2022Q2,,S08000017,,S08000017,d,Emergency Inpatients,,1,,363,725,1.99724517906336,,355,3198,9.00845070422535,
2022Q3,,S08000017,,S08000017,d,Emergency Inpatients,,1,,344,772,2.24418604651163,,340,3534,10.3941176470588,
2022Q4,p,S08000017,,S08000017,d,Emergency Inpatients,,1,,298,656,2.20134228187919,,289,2387,8.25951557093426,
2017Q4,,S08000017,,S08000017,d,Emergency Inpatients,,2,,926,1969,2.12634989200864,,901,8923,9.90344062153163,
2018Q1,,S08000017,,S08000017,d,Emergency Inpatients,,2,,963,1595,1.65628245067497,,944,7865,8.33156779661017,
2018Q2,,S08000017,,S08000017,d,Emergency Inpatients,,2,,906,1493,1.64790286975717,,876,7727,8.82077625570776,
2018Q3,,S08000017,,S08000017,d,Emergency Inpatients,,2,,918,1652,1.79956427015251,,895,8321,9.29720670391061,
2018Q4,,S08000017,,S08000017,d,Emergency Inpatients,,2,,979,1564,1.59754851889683,,958,7439,7.7651356993737,
2019Q1,,S08000017,,S08000017,d,Emergency Inpatients,,2,,951,1457,1.53207150368034,,950,8390,8.83157894736842,
2019Q2,,S08000017,,S08000017,d,Emergency Inpatients,,2,,976,1728,1.77049180327869,,939,7995,8.51437699680511,
2019Q3,,S08000017,,S08000017,d,Emergency Inpatients,,2,,993,1784,1.79657603222558,,975,8214,8.42461538461538,
2019Q4,,S08000017,,S08000017,d,Emergency Inpatients,,2,,967,1766,1.82626680455016,,945,8617,9.11851851851852,
2020Q1,,S08000017,,S08000017,d,Emergency Inpatients,,2,,912,1629,1.78618421052632,,923,9405,10.1895991332611,
2020Q2,,S08000017,,S08000017,d,Emergency Inpatients,,2,,726,1253,1.72589531680441,,687,4870,7.08879184861718,
2020Q3,,S08000017,,S08000017,d,Emergency Inpatients,,2,,850,1592,1.87294117647059,,826,7423,8.98668280871671,
2020Q4,,S08000017,,S08000017,d,Emergency Inpatients,,2,,904,1657,1.83296460176991,,889,6803,7.65241844769404,
2021Q1,,S08000017,,S08000017,d,Emergency Inpatients,,2,,924,1616,1.74891774891775,,895,7078,7.90837988826816,
2021Q2,,S08000017,,S08000017,d,Emergency Inpatients,,2,,991,1558,1.57214934409687,,971,7735,7.96601441812564,
2021Q3,,S08000017,,S08000017,d,Emergency Inpatients,,2,,905,1818,2.00883977900553,,890,6943,7.80112359550562,
2021Q4,,S08000017,,S08000017,d,Emergency Inpatients,,2,,833,1835,2.20288115246098,,805,6784,8.42732919254658,
2022Q1,,S08000017,,S08000017,d,Emergency Inpatients,,2,,872,1780,2.04128440366972,,867,7286,8.40369088811995,
2022Q2,,S08000017,,S08000017,d,Emergency Inpatients,,2,,889,2143,2.41057367829021,,864,7770,8.99305555555556,
2022Q3,,S08000017,,S08000017,d,Emergency Inpatients,,2,,757,1909,2.5217965653897,,738,6499,8.80623306233062,
2022Q4,p,S08000017,,S08000017,d,Emergency Inpatients,,2,,820,1909,2.3280487804878,,807,8682,10.7583643122677,
2017Q4,,S08000017,,S08000017,d,Emergency Inpatients,,3,,1470,2655,1.80612244897959,,1406,12453,8.85704125177809,
2018Q1,,S08000017,,S08000017,d,Emergency Inpatients,,3,,1533,2723,1.77625570776256,,1527,14060,9.20759659462999,
2018Q2,,S08000017,,S08000017,d,Emergency Inpatients,,3,,1410,2364,1.67659574468085,,1390,12018,8.64604316546763,
2018Q3,,S08000017,,S08000017,d,Emergency Inpatients,,3,,1415,2443,1.72650176678445,,1380,11882,8.61014492753623,
2018Q4,,S08000017,,S08000017,d,Emergency Inpatients,,3,,1387,2441,1.75991348233598,,1337,12536,9.37621540762902,
2019Q1,,S08000017,,S08000017,d,Emergency Inpatients,,3,,1421,2785,1.95988740323716,,1377,13044,9.47276688453159,
2019Q2,,S08000017,,S08000017,d,Emergency Inpatients,,3,,1511,2477,1.63931171409662,,1500,14028,9.352,
2019Q3,,S08000017,,S08000017,d,Emergency Inpatients,,3,,1379,2649,1.92095721537346,,1345,12796,9.51375464684015,
2019Q4,,S08000017,,S08000017,d,Emergency Inpatients,,3,,1525,3044,1.99606557377049,,1508,13972,9.26525198938992,
2020Q1,,S08000017,,S08000017,d,Emergency Inpatients,,3,,1399,2591,1.85203716940672,,1412,15465,10.9525495750708,
2020Q2,,S08000017,,S08000017,d,Emergency Inpatients,,3,,1112,1938,1.74280575539568,,1073,9123,8.50232991612302,
2020Q3,,S08000017,,S08000017,d,Emergency Inpatients,,3,,1422,2630,1.84950773558368,,1395,10884,7.80215053763441,
2020Q4,,S08000017,,S08000017,d,Emergency Inpatients,,3,,1380,2454,1.77826086956522,,1360,11579,8.51397058823529,
2021Q1,,S08000017,,S08000017,d,Emergency Inpatients,,3,,1319,2474,1.87566338134951,,1277,11464,8.97729052466719,
2021Q2,,S08000017,,S08000017,d,Emergency Inpatients,,3,,1439,2455,1.70604586518416,,1412,11382,8.06090651558074,
2021Q3,,S08000017,,S08000017,d,Emergency Inpatients,,3,,1354,3094,2.28508124076809,,1311,10785,8.22654462242563,
2021Q4,,S08000017,,S08000017,d,Emergency Inpatients,,3,,1384,3104,2.24277456647399,,1378,13108,9.51233671988389,
2022Q1,,S08000017,,S08000017,d,Emergency Inpatients,,3,,1333,2995,2.24681170292573,,1316,11920,9.05775075987842,
2022Q2,,S08000017,,S08000017,d,Emergency Inpatients,,3,,1373,3223,2.34741442097596,,1335,11784,8.82696629213483,
2022Q3,,S08000017,,S08000017,d,Emergency Inpatients,,3,,1367,3572,2.61302121433797,,1342,13064,9.73472429210134,
2022Q4,p,S08000017,,S08000017,d,Emergency Inpatients,,3,,1365,3631,2.66007326007326,,1328,12690,9.55572289156627,
2017Q4,,S08000017,,S08000017,d,Emergency Inpatients,,4,,534,968,1.812734082397,,526,4364,8.29657794676806,
2018Q1,,S08000017,,S08000017,d,Emergency Inpatients,,4,,518,785,1.51544401544402,,512,4906,9.58203125,
2018Q2,,S08000017,,S08000017,d,Emergency Inpatients,,4,,558,882,1.58064516129032,,546,4423,8.1007326007326,
2018Q3,,S08000017,,S08000017,d,Emergency Inpatients,,4,,566,967,1.70848056537102,,544,5018,9.22426470588235,
2018Q4,,S08000017,,S08000017,d,Emergency Inpatients,,4,,569,1075,1.88927943760984,,558,5393,9.66487455197133,
2019Q1,,S08000017,,S08000017,d,Emergency Inpatients,,4,,577,962,1.66724436741768,,574,5045,8.78919860627178,
2019Q2,,S08000017,,S08000017,d,Emergency Inpatients,,4,,575,1130,1.96521739130435,,554,5247,9.47111913357401,
2019Q3,,S08000017,,S08000017,d,Emergency Inpatients,,4,,552,1026,1.85869565217391,,555,5743,10.3477477477477,
2019Q4,,S08000017,,S08000017,d,Emergency Inpatients,,4,,626,1017,1.62460063897764,,596,5040,8.45637583892617,
2020Q1,,S08000017,,S08000017,d,Emergency Inpatients,,4,,530,1296,2.44528301886792,,543,6207,11.4309392265193,
2020Q2,,S08000017,,S08000017,d,Emergency Inpatients,,4,,437,811,1.8558352402746,,429,3604,8.4009324009324,
2020Q3,,S08000017,,S08000017,d,Emergency Inpatients,,4,,543,998,1.83793738489871,,523,3895,7.44741873804971,
2020Q4,,S08000017,,S08000017,d,Emergency Inpatients,,4,,509,832,1.63457760314342,,503,3507,6.97216699801193,
2021Q1,,S08000017,,S08000017,d,Emergency Inpatients,,4,,509,921,1.80943025540275,,506,4778,9.44268774703557,
2021Q2,,S08000017,,S08000017,d,Emergency Inpatients,,4,,576,813,1.41145833333333,,556,4264,7.66906474820144,
2021Q3,,S08000017,,S08000017,d,Emergency Inpatients,,4,,534,1186,2.22097378277154,,529,5144,9.72400756143667,
2021Q4,,S08000017,,S08000017,d,Emergency Inpatients,,4,,545,1291,2.36880733944954,,535,5475,10.2336448598131,
2022Q1,,S08000017,,S08000017,d,Emergency Inpatients,,4,,545,1576,2.89174311926606,,529,5030,9.50850661625709,
2022Q2,,S08000017,,S08000017,d,Emergency Inpatients,,4,,566,1209,2.13604240282686,,552,5184,9.39130434782609,
2022Q3,,S08000017,,S08000017,d,Emergency Inpatients,,4,,521,1338,2.56813819577735,,519,6219,11.9826589595376,
2022Q4,p,S08000017,,S08000017,d,Emergency Inpatients,,4,,529,1182,2.234404536862,,518,4645,8.96718146718147,
2017Q4,,S08000017,,S08000017,d,Emergency Inpatients,,5,,242,322,1.33057851239669,,234,1541,6.58547008547009,
2018Q1,,S08000017,,S08000017,d,Emergency Inpatients,,5,,261,446,1.7088122605364,,251,2067,8.23505976095618,
2018Q2,,S08000017,,S08000017,d,Emergency Inpatients,,5,,265,487,1.8377358490566,,263,2112,8.03041825095057,
2018Q3,,S08000017,,S08000017,d,Emergency Inpatients,,5,,265,513,1.93584905660377,,257,2006,7.80544747081712,
2018Q4,,S08000017,,S08000017,d,Emergency Inpatients,,5,,260,450,1.73076923076923,,255,2205,8.64705882352941,
2019Q1,,S08000017,,S08000017,d,Emergency Inpatients,,5,,243,398,1.63786008230453,,241,2044,8.48132780082988,
2019Q2,,S08000017,,S08000017,d,Emergency Inpatients,,5,,248,347,1.3991935483871,,245,1815,7.40816326530612,
2019Q3,,S08000017,,S08000017,d,Emergency Inpatients,,5,,232,407,1.75431034482759,,220,1938,8.80909090909091,
2019Q4,,S08000017,,S08000017,d,Emergency Inpatients,,5,,276,539,1.95289855072464,,269,2018,7.50185873605948,
2020Q1,,S08000017,,S08000017,d,Emergency Inpatients,,5,,253,486,1.92094861660079,,263,3327,12.6501901140684,
2020Q2,,S08000017,,S08000017,d,Emergency Inpatients,,5,,193,380,1.96891191709845,,186,1643,8.83333333333333,
2020Q3,,S08000017,,S08000017,d,Emergency Inpatients,,5,,235,398,1.6936170212766,,232,1683,7.25431034482759,
2020Q4,,S08000017,,S08000017,d,Emergency Inpatients,,5,,226,321,1.42035398230089,,217,1391,6.41013824884793,
2021Q1,,S08000017,,S08000017,d,Emergency Inpatients,,5,,235,386,1.64255319148936,,234,1888,8.06837606837607,
2021Q2,,S08000017,,S08000017,d,Emergency Inpatients,,5,,279,348,1.24731182795699,,268,1450,5.41044776119403,
2021Q3,,S08000017,,S08000017,d,Emergency Inpatients,,5,,250,400,1.6,,248,2529,10.1975806451613,
2021Q4,,S08000017,,S08000017,d,Emergency Inpatients,,5,,280,791,2.825,,271,2276,8.39852398523985,
2022Q1,,S08000017,,S08000017,d,Emergency Inpatients,,5,,276,520,1.88405797101449,,272,2208,8.11764705882353,
2022Q2,,S08000017,,S08000017,d,Emergency Inpatients,,5,,254,650,2.55905511811024,,252,1943,7.71031746031746,
2022Q3,,S08000017,,S08000017,d,Emergency Inpatients,,5,,273,856,3.13553113553114,,258,2497,9.67829457364341,
2022Q4,p,S08000017,,S08000017,d,Emergency Inpatients,,5,,285,840,2.94736842105263,,278,2487,8.94604316546763,
2022Q3,,S08000017,,S08000017,d,Emergency Inpatients,,,:,5,5,1,,5,16,3.2,
2022Q4,p,S08000017,,S08000017,d,Emergency Inpatients,,,:,5,0,0,,5,15,3,
2017Q4,,S08000029,,S12000047,,Emergency Inpatients,,1,,2163,3156,1.45908460471567,,2084,12886,6.18330134357006,
2018Q1,,S08000029,,S12000047,,Emergency Inpatients,,1,,2174,3189,1.46688132474701,,2138,15055,7.04162768942937,
2018Q2,,S08000029,,S12000047,,Emergency Inpatients,,1,,2280,3247,1.42412280701754,,2239,15267,6.81866904868245,
2018Q3,,S08000029,,S12000047,,Emergency Inpatients,,1,,2118,3096,1.46175637393768,,2047,13919,6.79970688812897,
2018Q4,,S08000029,,S12000047,,Emergency Inpatients,,1,,2172,3299,1.51887661141805,,2148,16656,7.75418994413408,
2019Q1,,S08000029,,S12000047,,Emergency Inpatients,,1,,2248,3509,1.56094306049822,,2203,14401,6.5369950068089,
2019Q2,,S08000029,,S12000047,,Emergency Inpatients,,1,,2213,3170,1.4324446452779,,2166,13717,6.33287165281625,
2019Q3,,S08000029,,S12000047,,Emergency Inpatients,,1,,2324,3566,1.53442340791738,,2271,15449,6.80273007485689,
2019Q4,,S08000029,,S12000047,,Emergency Inpatients,,1,,2166,3600,1.66204986149584,,2123,14947,7.04050871408384,
2020Q1,,S08000029,,S12000047,,Emergency Inpatients,,1,,1958,3457,1.7655771195097,,1956,16421,8.39519427402863,
2020Q2,,S08000029,,S12000047,,Emergency Inpatients,,1,,1502,2126,1.41544607190413,,1413,9995,7.07360226468507,
2020Q3,,S08000029,,S12000047,,Emergency Inpatients,,1,,1890,2482,1.31322751322751,,1872,11942,6.3792735042735,
2020Q4,,S08000029,,S12000047,,Emergency Inpatients,,1,,1927,2886,1.49766476388168,,1877,12461,6.6387852956846,
2021Q1,,S08000029,,S12000047,,Emergency Inpatients,,1,,1837,2901,1.57920522591181,,1761,12330,7.00170357751278,
2021Q2,,S08000029,,S12000047,,Emergency Inpatients,,1,,2182,3259,1.493583868011,,2134,15303,7.17104029990628,
2021Q3,,S08000029,,S12000047,,Emergency Inpatients,,1,,2113,3339,1.58021769995267,,2066,14363,6.95208131655373,
2021Q4,,S08000029,,S12000047,,Emergency Inpatients,,1,,2062,3376,1.6372453928225,,2004,14809,7.38972055888224,
2022Q1,,S08000029,,S12000047,,Emergency Inpatients,,1,,1878,2902,1.54526091586794,,1865,13107,7.02788203753351,
2022Q2,,S08000029,,S12000047,,Emergency Inpatients,,1,,1892,3224,1.70401691331924,,1852,12766,6.89308855291577,
2022Q3,,S08000029,,S12000047,,Emergency Inpatients,,1,,1945,2938,1.51053984575835,,1895,12241,6.45963060686016,
2022Q4,p,S08000029,,S12000047,,Emergency Inpatients,,1,,1925,3508,1.82233766233766,,1901,12168,6.40084166228301,
2017Q4,,S08000029,,S12000047,,Emergency Inpatients,,2,,2096,3259,1.55486641221374,,2005,13539,6.75261845386534,
2018Q1,,S08000029,,S12000047,,Emergency Inpatients,,2,,2079,3463,1.66570466570467,,2052,16664,8.12085769980507,
2018Q2,,S08000029,,S12000047,,Emergency Inpatients,,2,,2204,3526,1.59981851179673,,2158,14845,6.8790546802595,
2018Q3,,S08000029,,S12000047,,Emergency Inpatients,,2,,2076,3222,1.55202312138728,,2035,14605,7.17690417690418,
2018Q4,,S08000029,,S12000047,,Emergency Inpatients,,2,,2099,3532,1.68270605050024,,2045,15395,7.5281173594132,
2019Q1,,S08000029,,S12000047,,Emergency Inpatients,,2,,2182,3264,1.49587534372136,,2138,16863,7.88727782974743,
2019Q2,,S08000029,,S12000047,,Emergency Inpatients,,2,,2250,3695,1.64222222222222,,2209,15091,6.83159800814848,
2019Q3,,S08000029,,S12000047,,Emergency Inpatients,,2,,2196,3625,1.65072859744991,,2168,16163,7.45525830258303,
2019Q4,,S08000029,,S12000047,,Emergency Inpatients,,2,,2215,3280,1.48081264108352,,2158,16430,7.61353104726599,
2020Q1,,S08000029,,S12000047,,Emergency Inpatients,,2,,2014,3660,1.81727904667329,,2023,16516,8.16411270390509,
2020Q2,,S08000029,,S12000047,,Emergency Inpatients,,2,,1544,2330,1.50906735751295,,1478,10165,6.87753721244926,
2020Q3,,S08000029,,S12000047,,Emergency Inpatients,,2,,1897,2673,1.40906694781234,,1841,13394,7.2753938077132,
2020Q4,,S08000029,,S12000047,,Emergency Inpatients,,2,,1904,3166,1.66281512605042,,1866,14855,7.96087888531618,
2021Q1,,S08000029,,S12000047,,Emergency Inpatients,,2,,1911,3149,1.64782836211408,,1857,14163,7.62681744749596,
2021Q2,,S08000029,,S12000047,,Emergency Inpatients,,2,,2015,3249,1.61240694789082,,1966,14050,7.14649033570702,
2021Q3,,S08000029,,S12000047,,Emergency Inpatients,,2,,1993,3235,1.62318113396889,,1972,15226,7.7210953346856,
2021Q4,,S08000029,,S12000047,,Emergency Inpatients,,2,,1922,3519,1.8309053069719,,1884,14116,7.49256900212314,
2022Q1,,S08000029,,S12000047,,Emergency Inpatients,,2,,1929,3191,1.65422498703992,,1889,14061,7.44362096347274,
2022Q2,,S08000029,,S12000047,,Emergency Inpatients,,2,,2065,3265,1.58111380145278,,2009,13577,6.75808860129418,
2022Q3,,S08000029,,S12000047,,Emergency Inpatients,,2,,1962,3489,1.7782874617737,,1954,14360,7.34902763561924,
2022Q4,p,S08000029,,S12000047,,Emergency Inpatients,,2,,2042,4133,2.02399608227228,,1996,14518,7.27354709418838,
2017Q4,,S08000029,,S12000047,,Emergency Inpatients,,3,,1780,2666,1.49775280898876,,1738,12565,7.22957422324511,
2018Q1,,S08000029,,S12000047,,Emergency Inpatients,,3,,1756,3229,1.83883826879271,,1722,13954,8.10336817653891,
2018Q2,,S08000029,,S12000047,,Emergency Inpatients,,3,,1687,2358,1.39774748073503,,1667,12265,7.35752849430114,
2018Q3,,S08000029,,S12000047,,Emergency Inpatients,,3,,1718,2580,1.50174621653085,,1680,10560,6.28571428571429,
2018Q4,,S08000029,,S12000047,,Emergency Inpatients,,3,,1743,2701,1.54962707974756,,1680,12325,7.33630952380952,
2019Q1,,S08000029,,S12000047,,Emergency Inpatients,,3,,1682,2672,1.58858501783591,,1656,11507,6.94867149758454,
2019Q2,,S08000029,,S12000047,,Emergency Inpatients,,3,,1719,2903,1.68877254217568,,1675,13979,8.34567164179104,
2019Q3,,S08000029,,S12000047,,Emergency Inpatients,,3,,1766,2627,1.48754246885617,,1723,12514,7.26291352292513,
2019Q4,,S08000029,,S12000047,,Emergency Inpatients,,3,,1765,2930,1.6600566572238,,1706,13229,7.75439624853458,
2020Q1,,S08000029,,S12000047,,Emergency Inpatients,,3,,1557,2621,1.68336544637123,,1583,14847,9.37902716361339,
2020Q2,,S08000029,,S12000047,,Emergency Inpatients,,3,,1244,1835,1.47508038585209,,1173,8443,7.1977834612105704,
2020Q3,,S08000029,,S12000047,,Emergency Inpatients,,3,,1584,2334,1.47348484848485,,1513,10749,7.1044282881692,
2020Q4,,S08000029,,S12000047,,Emergency Inpatients,,3,,1536,2600,1.69270833333333,,1496,11907,7.95922459893048,
2021Q1,,S08000029,,S12000047,,Emergency Inpatients,,3,,1463,2518,1.72112098427888,,1441,12326,8.55378209576683,
2021Q2,,S08000029,,S12000047,,Emergency Inpatients,,3,,1587,2230,1.40516698172653,,1546,10784,6.97542043984476,
2021Q3,,S08000029,,S12000047,,Emergency Inpatients,,3,,1648,2802,1.7002427184466,,1605,11103,6.91775700934579,
2021Q4,,S08000029,,S12000047,,Emergency Inpatients,,3,,1641,2676,1.63071297989031,,1592,11257,7.07097989949749,
2022Q1,,S08000029,,S12000047,,Emergency Inpatients,,3,,1551,2536,1.63507414571244,,1528,11030,7.21858638743455,
2022Q2,,S08000029,,S12000047,,Emergency Inpatients,,3,,1540,2757,1.79025974025974,,1509,11031,7.31013916500994,
2022Q3,,S08000029,,S12000047,,Emergency Inpatients,,3,,1586,2497,1.57440100882724,,1559,10076,6.46311738293778,
2022Q4,p,S08000029,,S12000047,,Emergency Inpatients,,3,,1580,2663,1.68544303797468,,1555,12001,7.71768488745981,
2017Q4,,S08000029,,S12000047,,Emergency Inpatients,,4,,1589,2721,1.71239773442417,,1535,12428,8.09641693811075,
2018Q1,,S08000029,,S12000047,,Emergency Inpatients,,4,,1560,3093,1.98269230769231,,1529,12872,8.41857423152387,
2018Q2,,S08000029,,S12000047,,Emergency Inpatients,,4,,1556,2758,1.77249357326478,,1520,11179,7.3546052631579,
2018Q3,,S08000029,,S12000047,,Emergency Inpatients,,4,,1453,2443,1.68134893324157,,1425,10639,7.4659649122807,
2018Q4,,S08000029,,S12000047,,Emergency Inpatients,,4,,1489,2532,1.70047011417058,,1480,11341,7.66283783783784,
2019Q1,,S08000029,,S12000047,,Emergency Inpatients,,4,,1534,2756,1.79661016949153,,1509,12548,8.31544068919814,
2019Q2,,S08000029,,S12000047,,Emergency Inpatients,,4,,1616,2725,1.68626237623762,,1596,10908,6.83458646616541,
2019Q3,,S08000029,,S12000047,,Emergency Inpatients,,4,,1561,2713,1.73798846893017,,1507,9545,6.33377571333776,
2019Q4,,S08000029,,S12000047,,Emergency Inpatients,,4,,1575,2901,1.84190476190476,,1549,11843,7.64557779212395,
2020Q1,,S08000029,,S12000047,,Emergency Inpatients,,4,,1392,2939,2.11135057471264,,1414,12516,8.85148514851485,
2020Q2,,S08000029,,S12000047,,Emergency Inpatients,,4,,1122,1904,1.6969696969697,,1082,7894,7.29574861367837,
2020Q3,,S08000029,,S12000047,,Emergency Inpatients,,4,,1456,2710,1.86126373626374,,1415,10100,7.13780918727915,
2020Q4,,S08000029,,S12000047,,Emergency Inpatients,,4,,1322,2821,2.1338880484115,,1282,9523,7.42823712948518,
2021Q1,,S08000029,,S12000047,,Emergency Inpatients,,4,,1317,2383,1.80941533788914,,1287,10457,8.12509712509713,
2021Q2,,S08000029,,S12000047,,Emergency Inpatients,,4,,1451,2512,1.73121984838043,,1414,9387,6.63861386138614,
2021Q3,,S08000029,,S12000047,,Emergency Inpatients,,4,,1487,2751,1.85003362474781,,1429,10109,7.074177746676,
2021Q4,,S08000029,,S12000047,,Emergency Inpatients,,4,,1447,2685,1.85556323427782,,1406,11185,7.9551920341394,
2022Q1,,S08000029,,S12000047,,Emergency Inpatients,,4,,1484,3130,2.10916442048518,,1451,11608,8,
2022Q2,,S08000029,,S12000047,,Emergency Inpatients,,4,,1464,3149,2.15095628415301,,1445,11939,8.26228373702422,
2022Q3,,S08000029,,S12000047,,Emergency Inpatients,,4,,1496,2698,1.80347593582888,,1457,11102,7.61976664378861,
2022Q4,p,S08000029,,S12000047,,Emergency Inpatients,,4,,1480,2653,1.79256756756757,,1456,10399,7.14217032967033,
2017Q4,,S08000029,,S12000047,,Emergency Inpatients,,5,,1095,1892,1.72785388127854,,1084,7172,6.61623616236162,
2018Q1,,S08000029,,S12000047,,Emergency Inpatients,,5,,1191,1920,1.61209068010076,,1145,7290,6.36681222707424,
2018Q2,,S08000029,,S12000047,,Emergency Inpatients,,5,,1146,1774,1.54799301919721,,1133,7272,6.41835834068844,
2018Q3,,S08000029,,S12000047,,Emergency Inpatients,,5,,1043,1851,1.77468839884947,,1014,6549,6.4585798816568,
2018Q4,,S08000029,,S12000047,,Emergency Inpatients,,5,,1191,1869,1.56926952141058,,1160,7863,6.77844827586207,
2019Q1,,S08000029,,S12000047,,Emergency Inpatients,,5,,1266,1782,1.40758293838863,,1235,7136,5.77813765182186,
2019Q2,,S08000029,,S12000047,,Emergency Inpatients,,5,,1181,2730,2.31160033869602,,1157,8749,7.56179775280899,
2019Q3,,S08000029,,S12000047,,Emergency Inpatients,,5,,1197,2238,1.86967418546366,,1159,8279,7.14322691975841,
2019Q4,,S08000029,,S12000047,,Emergency Inpatients,,5,,1188,2204,1.85521885521886,,1170,8097,6.92051282051282,
2020Q1,,S08000029,,S12000047,,Emergency Inpatients,,5,,1034,2354,2.27659574468085,,1024,8535,8.3349609375,
2020Q2,,S08000029,,S12000047,,Emergency Inpatients,,5,,789,1313,1.66413181242079,,765,5358,7.00392156862745,
2020Q3,,S08000029,,S12000047,,Emergency Inpatients,,5,,1053,1730,1.64292497625831,,1026,7306,7.12085769980507,
2020Q4,,S08000029,,S12000047,,Emergency Inpatients,,5,,1020,1859,1.82254901960784,,958,6686,6.97912317327766,
2021Q1,,S08000029,,S12000047,,Emergency Inpatients,,5,,1012,1930,1.90711462450593,,992,7535,7.59576612903226,
2021Q2,,S08000029,,S12000047,,Emergency Inpatients,,5,,1130,1979,1.75132743362832,,1105,7728,6.99366515837104,
2021Q3,,S08000029,,S12000047,,Emergency Inpatients,,5,,1121,1954,1.74308652988403,,1089,7458,6.84848484848485,
2021Q4,,S08000029,,S12000047,,Emergency Inpatients,,5,,1156,2321,2.00778546712803,,1142,7585,6.64185639229422,
2022Q1,,S08000029,,S12000047,,Emergency Inpatients,,5,,1082,2048,1.89279112754159,,1046,7041,6.73135755258126,
2022Q2,,S08000029,,S12000047,,Emergency Inpatients,,5,,1157,2206,1.9066551426102,,1140,8668,7.60350877192982,
2022Q3,,S08000029,,S12000047,,Emergency Inpatients,,5,,1128,2104,1.86524822695035,,1116,7979,7.14964157706093,
2022Q4,p,S08000029,,S12000047,,Emergency Inpatients,,5,,1132,2201,1.94434628975265,,1106,7834,7.08318264014467,
2017Q4,,S08000029,,S08000029,d,Emergency Inpatients,,1,,2163,3156,1.45908460471567,,2084,12886,6.18330134357006,
2018Q1,,S08000029,,S08000029,d,Emergency Inpatients,,1,,2174,3189,1.46688132474701,,2138,15055,7.04162768942937,
2018Q2,,S08000029,,S08000029,d,Emergency Inpatients,,1,,2280,3247,1.42412280701754,,2239,15267,6.81866904868245,
2018Q3,,S08000029,,S08000029,d,Emergency Inpatients,,1,,2118,3096,1.46175637393768,,2047,13919,6.79970688812897,
2018Q4,,S08000029,,S08000029,d,Emergency Inpatients,,1,,2172,3299,1.51887661141805,,2148,16656,7.75418994413408,
2019Q1,,S08000029,,S08000029,d,Emergency Inpatients,,1,,2248,3509,1.56094306049822,,2203,14401,6.5369950068089,
2019Q2,,S08000029,,S08000029,d,Emergency Inpatients,,1,,2213,3170,1.4324446452779,,2166,13717,6.33287165281625,
2019Q3,,S08000029,,S08000029,d,Emergency Inpatients,,1,,2324,3566,1.53442340791738,,2271,15449,6.80273007485689,
2019Q4,,S08000029,,S08000029,d,Emergency Inpatients,,1,,2166,3600,1.66204986149584,,2123,14947,7.04050871408384,
2020Q1,,S08000029,,S08000029,d,Emergency Inpatients,,1,,1958,3457,1.7655771195097,,1956,16421,8.39519427402863,
2020Q2,,S08000029,,S08000029,d,Emergency Inpatients,,1,,1502,2126,1.41544607190413,,1413,9995,7.07360226468507,
2020Q3,,S08000029,,S08000029,d,Emergency Inpatients,,1,,1890,2482,1.31322751322751,,1872,11942,6.3792735042735,
2020Q4,,S08000029,,S08000029,d,Emergency Inpatients,,1,,1927,2886,1.49766476388168,,1877,12461,6.6387852956846,
2021Q1,,S08000029,,S08000029,d,Emergency Inpatients,,1,,1837,2901,1.57920522591181,,1761,12330,7.00170357751278,
2021Q2,,S08000029,,S08000029,d,Emergency Inpatients,,1,,2182,3259,1.493583868011,,2134,15303,7.17104029990628,
2021Q3,,S08000029,,S08000029,d,Emergency Inpatients,,1,,2113,3339,1.58021769995267,,2066,14363,6.95208131655373,
2021Q4,,S08000029,,S08000029,d,Emergency Inpatients,,1,,2062,3376,1.6372453928225,,2004,14809,7.38972055888224,
2022Q1,,S08000029,,S08000029,d,Emergency Inpatients,,1,,1878,2902,1.54526091586794,,1865,13107,7.02788203753351,
2022Q2,,S08000029,,S08000029,d,Emergency Inpatients,,1,,1892,3224,1.70401691331924,,1852,12766,6.89308855291577,
2022Q3,,S08000029,,S08000029,d,Emergency Inpatients,,1,,1945,2938,1.51053984575835,,1895,12241,6.45963060686016,
2022Q4,p,S08000029,,S08000029,d,Emergency Inpatients,,1,,1925,3508,1.82233766233766,,1901,12168,6.40084166228301,
2017Q4,,S08000029,,S08000029,d,Emergency Inpatients,,2,,2096,3259,1.55486641221374,,2005,13539,6.75261845386534,
2018Q1,,S08000029,,S08000029,d,Emergency Inpatients,,2,,2079,3463,1.66570466570467,,2052,16664,8.12085769980507,
2018Q2,,S08000029,,S08000029,d,Emergency Inpatients,,2,,2204,3526,1.59981851179673,,2158,14845,6.8790546802595,
2018Q3,,S08000029,,S08000029,d,Emergency Inpatients,,2,,2076,3222,1.55202312138728,,2035,14605,7.17690417690418,
2018Q4,,S08000029,,S08000029,d,Emergency Inpatients,,2,,2099,3532,1.68270605050024,,2045,15395,7.5281173594132,
2019Q1,,S08000029,,S08000029,d,Emergency Inpatients,,2,,2182,3264,1.49587534372136,,2138,16863,7.88727782974743,
2019Q2,,S08000029,,S08000029,d,Emergency Inpatients,,2,,2250,3695,1.64222222222222,,2209,15091,6.83159800814848,
2019Q3,,S08000029,,S08000029,d,Emergency Inpatients,,2,,2196,3625,1.65072859744991,,2168,16163,7.45525830258303,
2019Q4,,S08000029,,S08000029,d,Emergency Inpatients,,2,,2215,3280,1.48081264108352,,2158,16430,7.61353104726599,
2020Q1,,S08000029,,S08000029,d,Emergency Inpatients,,2,,2014,3660,1.81727904667329,,2023,16516,8.16411270390509,
2020Q2,,S08000029,,S08000029,d,Emergency Inpatients,,2,,1544,2330,1.50906735751295,,1478,10165,6.87753721244926,
2020Q3,,S08000029,,S08000029,d,Emergency Inpatients,,2,,1897,2673,1.40906694781234,,1841,13394,7.2753938077132,
2020Q4,,S08000029,,S08000029,d,Emergency Inpatients,,2,,1904,3166,1.66281512605042,,1866,14855,7.96087888531618,
2021Q1,,S08000029,,S08000029,d,Emergency Inpatients,,2,,1911,3149,1.64782836211408,,1857,14163,7.62681744749596,
2021Q2,,S08000029,,S08000029,d,Emergency Inpatients,,2,,2015,3249,1.61240694789082,,1966,14050,7.14649033570702,
2021Q3,,S08000029,,S08000029,d,Emergency Inpatients,,2,,1993,3235,1.62318113396889,,1972,15226,7.7210953346856,
2021Q4,,S08000029,,S08000029,d,Emergency Inpatients,,2,,1922,3519,1.8309053069719,,1884,14116,7.49256900212314,
2022Q1,,S08000029,,S08000029,d,Emergency Inpatients,,2,,1929,3191,1.65422498703992,,1889,14061,7.44362096347274,
2022Q2,,S08000029,,S08000029,d,Emergency Inpatients,,2,,2065,3265,1.58111380145278,,2009,13577,6.75808860129418,
2022Q3,,S08000029,,S08000029,d,Emergency Inpatients,,2,,1962,3489,1.7782874617737,,1954,14360,7.34902763561924,
2022Q4,p,S08000029,,S08000029,d,Emergency Inpatients,,2,,2042,4133,2.02399608227228,,1996,14518,7.27354709418838,
2017Q4,,S08000029,,S08000029,d,Emergency Inpatients,,3,,1780,2666,1.49775280898876,,1738,12565,7.22957422324511,
2018Q1,,S08000029,,S08000029,d,Emergency Inpatients,,3,,1756,3229,1.83883826879271,,1722,13954,8.10336817653891,
2018Q2,,S08000029,,S08000029,d,Emergency Inpatients,,3,,1687,2358,1.39774748073503,,1667,12265,7.35752849430114,
2018Q3,,S08000029,,S08000029,d,Emergency Inpatients,,3,,1718,2580,1.50174621653085,,1680,10560,6.28571428571429,
2018Q4,,S08000029,,S08000029,d,Emergency Inpatients,,3,,1743,2701,1.54962707974756,,1680,12325,7.33630952380952,
2019Q1,,S08000029,,S08000029,d,Emergency Inpatients,,3,,1682,2672,1.58858501783591,,1656,11507,6.94867149758454,
2019Q2,,S08000029,,S08000029,d,Emergency Inpatients,,3,,1719,2903,1.68877254217568,,1675,13979,8.34567164179104,
2019Q3,,S08000029,,S08000029,d,Emergency Inpatients,,3,,1766,2627,1.48754246885617,,1723,12514,7.26291352292513,
2019Q4,,S08000029,,S08000029,d,Emergency Inpatients,,3,,1765,2930,1.6600566572238,,1706,13229,7.75439624853458,
2020Q1,,S08000029,,S08000029,d,Emergency Inpatients,,3,,1557,2621,1.68336544637123,,1583,14847,9.37902716361339,
2020Q2,,S08000029,,S08000029,d,Emergency Inpatients,,3,,1244,1835,1.47508038585209,,1173,8443,7.1977834612105704,
2020Q3,,S08000029,,S08000029,d,Emergency Inpatients,,3,,1584,2334,1.47348484848485,,1513,10749,7.1044282881692,
2020Q4,,S08000029,,S08000029,d,Emergency Inpatients,,3,,1536,2600,1.69270833333333,,1496,11907,7.95922459893048,
2021Q1,,S08000029,,S08000029,d,Emergency Inpatients,,3,,1463,2518,1.72112098427888,,1441,12326,8.55378209576683,
2021Q2,,S08000029,,S08000029,d,Emergency Inpatients,,3,,1587,2230,1.40516698172653,,1546,10784,6.97542043984476,
2021Q3,,S08000029,,S08000029,d,Emergency Inpatients,,3,,1648,2802,1.7002427184466,,1605,11103,6.91775700934579,
2021Q4,,S08000029,,S08000029,d,Emergency Inpatients,,3,,1641,2676,1.63071297989031,,1592,11257,7.07097989949749,
2022Q1,,S08000029,,S08000029,d,Emergency Inpatients,,3,,1551,2536,1.63507414571244,,1528,11030,7.21858638743455,
2022Q2,,S08000029,,S08000029,d,Emergency Inpatients,,3,,1540,2757,1.79025974025974,,1509,11031,7.31013916500994,
2022Q3,,S08000029,,S08000029,d,Emergency Inpatients,,3,,1586,2497,1.57440100882724,,1559,10076,6.46311738293778,
2022Q4,p,S08000029,,S08000029,d,Emergency Inpatients,,3,,1580,2663,1.68544303797468,,1555,12001,7.71768488745981,
2017Q4,,S08000029,,S08000029,d,Emergency Inpatients,,4,,1589,2721,1.71239773442417,,1535,12428,8.09641693811075,
2018Q1,,S08000029,,S08000029,d,Emergency Inpatients,,4,,1560,3093,1.98269230769231,,1529,12872,8.41857423152387,
2018Q2,,S08000029,,S08000029,d,Emergency Inpatients,,4,,1556,2758,1.77249357326478,,1520,11179,7.3546052631579,
2018Q3,,S08000029,,S08000029,d,Emergency Inpatients,,4,,1453,2443,1.68134893324157,,1425,10639,7.4659649122807,
2018Q4,,S08000029,,S08000029,d,Emergency Inpatients,,4,,1489,2532,1.70047011417058,,1480,11341,7.66283783783784,
2019Q1,,S08000029,,S08000029,d,Emergency Inpatients,,4,,1534,2756,1.79661016949153,,1509,12548,8.31544068919814,
2019Q2,,S08000029,,S08000029,d,Emergency Inpatients,,4,,1616,2725,1.68626237623762,,1596,10908,6.83458646616541,
2019Q3,,S08000029,,S08000029,d,Emergency Inpatients,,4,,1561,2713,1.73798846893017,,1507,9545,6.33377571333776,
2019Q4,,S08000029,,S08000029,d,Emergency Inpatients,,4,,1575,2901,1.84190476190476,,1549,11843,7.64557779212395,
2020Q1,,S08000029,,S08000029,d,Emergency Inpatients,,4,,1392,2939,2.11135057471264,,1414,12516,8.85148514851485,
2020Q2,,S08000029,,S08000029,d,Emergency Inpatients,,4,,1122,1904,1.6969696969697,,1082,7894,7.29574861367837,
2020Q3,,S08000029,,S08000029,d,Emergency Inpatients,,4,,1456,2710,1.86126373626374,,1415,10100,7.13780918727915,
2020Q4,,S08000029,,S08000029,d,Emergency Inpatients,,4,,1322,2821,2.1338880484115,,1282,9523,7.42823712948518,
2021Q1,,S08000029,,S08000029,d,Emergency Inpatients,,4,,1317,2383,1.80941533788914,,1287,10457,8.12509712509713,
2021Q2,,S08000029,,S08000029,d,Emergency Inpatients,,4,,1451,2512,1.73121984838043,,1414,9387,6.63861386138614,
2021Q3,,S08000029,,S08000029,d,Emergency Inpatients,,4,,1487,2751,1.85003362474781,,1429,10109,7.074177746676,
2021Q4,,S08000029,,S08000029,d,Emergency Inpatients,,4,,1447,2685,1.85556323427782,,1406,11185,7.9551920341394,
2022Q1,,S08000029,,S08000029,d,Emergency Inpatients,,4,,1484,3130,2.10916442048518,,1451,11608,8,
2022Q2,,S08000029,,S08000029,d,Emergency Inpatients,,4,,1464,3149,2.15095628415301,,1445,11939,8.26228373702422,
2022Q3,,S08000029,,S08000029,d,Emergency Inpatients,,4,,1496,2698,1.80347593582888,,1457,11102,7.61976664378861,
2022Q4,p,S08000029,,S08000029,d,Emergency Inpatients,,4,,1480,2653,1.79256756756757,,1456,10399,7.14217032967033,
2017Q4,,S08000029,,S08000029,d,Emergency Inpatients,,5,,1095,1892,1.72785388127854,,1084,7172,6.61623616236162,
2018Q1,,S08000029,,S08000029,d,Emergency Inpatients,,5,,1191,1920,1.61209068010076,,1145,7290,6.36681222707424,
2018Q2,,S08000029,,S08000029,d,Emergency Inpatients,,5,,1146,1774,1.54799301919721,,1133,7272,6.41835834068844,
2018Q3,,S08000029,,S08000029,d,Emergency Inpatients,,5,,1043,1851,1.77468839884947,,1014,6549,6.4585798816568,
2018Q4,,S08000029,,S08000029,d,Emergency Inpatients,,5,,1191,1869,1.56926952141058,,1160,7863,6.77844827586207,
2019Q1,,S08000029,,S08000029,d,Emergency Inpatients,,5,,1266,1782,1.40758293838863,,1235,7136,5.77813765182186,
2019Q2,,S08000029,,S08000029,d,Emergency Inpatients,,5,,1181,2730,2.31160033869602,,1157,8749,7.56179775280899,
2019Q3,,S08000029,,S08000029,d,Emergency Inpatients,,5,,1197,2238,1.86967418546366,,1159,8279,7.14322691975841,
2019Q4,,S08000029,,S08000029,d,Emergency Inpatients,,5,,1188,2204,1.85521885521886,,1170,8097,6.92051282051282,
2020Q1,,S08000029,,S08000029,d,Emergency Inpatients,,5,,1034,2354,2.27659574468085,,1024,8535,8.3349609375,
2020Q2,,S08000029,,S08000029,d,Emergency Inpatients,,5,,789,1313,1.66413181242079,,765,5358,7.00392156862745,
2020Q3,,S08000029,,S08000029,d,Emergency Inpatients,,5,,1053,1730,1.64292497625831,,1026,7306,7.12085769980507,
2020Q4,,S08000029,,S08000029,d,Emergency Inpatients,,5,,1020,1859,1.82254901960784,,958,6686,6.97912317327766,
2021Q1,,S08000029,,S08000029,d,Emergency Inpatients,,5,,1012,1930,1.90711462450593,,992,7535,7.59576612903226,
2021Q2,,S08000029,,S08000029,d,Emergency Inpatients,,5,,1130,1979,1.75132743362832,,1105,7728,6.99366515837104,
2021Q3,,S08000029,,S08000029,d,Emergency Inpatients,,5,,1121,1954,1.74308652988403,,1089,7458,6.84848484848485,
2021Q4,,S08000029,,S08000029,d,Emergency Inpatients,,5,,1156,2321,2.00778546712803,,1142,7585,6.64185639229422,
2022Q1,,S08000029,,S08000029,d,Emergency Inpatients,,5,,1082,2048,1.89279112754159,,1046,7041,6.73135755258126,
2022Q2,,S08000029,,S08000029,d,Emergency Inpatients,,5,,1157,2206,1.9066551426102,,1140,8668,7.60350877192982,
2022Q3,,S08000029,,S08000029,d,Emergency Inpatients,,5,,1128,2104,1.86524822695035,,1116,7979,7.14964157706093,
2022Q4,p,S08000029,,S08000029,d,Emergency Inpatients,,5,,1132,2201,1.94434628975265,,1106,7834,7.08318264014467,
2017Q4,,S08000019,,S12000005,,Emergency Inpatients,,1,,382,829,2.17015706806283,,380,3029,7.97105263157895,
2018Q1,,S08000019,,S12000005,,Emergency Inpatients,,1,,359,849,2.36490250696379,,344,2339,6.79941860465116,
2018Q2,,S08000019,,S12000005,,Emergency Inpatients,,1,,334,802,2.40119760479042,,333,2563,7.6966966966967,
2018Q3,,S08000019,,S12000005,,Emergency Inpatients,,1,,439,895,2.03872437357631,,422,2706,6.41232227488152,
2018Q4,,S08000019,,S12000005,,Emergency Inpatients,,1,,427,902,2.11241217798595,,419,2383,5.6873508353222,
2019Q1,,S08000019,,S12000005,,Emergency Inpatients,,1,,401,1270,3.16708229426434,,384,3247,8.45572916666667,
2019Q2,,S08000019,,S12000005,,Emergency Inpatients,,1,,467,877,1.8779443254818,,430,2752,6.4,
2019Q3,,S08000019,,S12000005,,Emergency Inpatients,,1,,484,592,1.22314049586777,,460,2546,5.53478260869565,
2019Q4,,S08000019,,S12000005,,Emergency Inpatients,,1,,526,592,1.1254752851711,,505,2879,5.7009900990099,
2020Q1,,S08000019,,S12000005,,Emergency Inpatients,,1,,464,841,1.8125,,450,2948,6.55111111111111,
2020Q2,,S08000019,,S12000005,,Emergency Inpatients,,1,,367,528,1.43869209809264,,318,1910,6.0062893081761,
2020Q3,,S08000019,,S12000005,,Emergency Inpatients,,1,,468,687,1.46794871794872,,436,2519,5.77752293577982,
2020Q4,,S08000019,,S12000005,,Emergency Inpatients,,1,,424,818,1.92924528301887,,388,2603,6.70876288659794,
2021Q1,,S08000019,,S12000005,,Emergency Inpatients,,1,,449,467,1.04008908685969,,440,3972,9.02727272727273,
2021Q2,,S08000019,,S12000005,,Emergency Inpatients,,1,,454,459,1.01101321585903,,435,2245,5.16091954022988,
2021Q3,,S08000019,,S12000005,,Emergency Inpatients,,1,,415,616,1.48433734939759,,392,2818,7.18877551020408,
2021Q4,,S08000019,,S12000005,,Emergency Inpatients,,1,,424,701,1.65330188679245,,395,2500,6.32911392405063,
2022Q1,,S08000019,,S12000005,,Emergency Inpatients,,1,,446,659,1.47757847533632,,423,3517,8.3144208037825,
2022Q2,,S08000019,,S12000005,,Emergency Inpatients,,1,,474,799,1.68565400843882,,454,3030,6.67400881057269,
2022Q3,,S08000019,,S12000005,,Emergency Inpatients,,1,,424,657,1.54952830188679,,413,3277,7.93462469733656,
2022Q4,p,S08000019,,S12000005,,Emergency Inpatients,,1,,392,528,1.3469387755102,,377,3493,9.26525198938992,
2017Q4,,S08000019,,S12000005,,Emergency Inpatients,,2,,274,628,2.29197080291971,,268,2065,7.70522388059702,
2018Q1,,S08000019,,S12000005,,Emergency Inpatients,,2,,254,654,2.5748031496063,,236,1722,7.29661016949153,
2018Q2,,S08000019,,S12000005,,Emergency Inpatients,,2,,296,522,1.76351351351351,,287,2222,7.74216027874564,
2018Q3,,S08000019,,S12000005,,Emergency Inpatients,,2,,291,618,2.12371134020619,,275,1997,7.26181818181818,
2018Q4,,S08000019,,S12000005,,Emergency Inpatients,,2,,259,663,2.55984555984556,,241,1952,8.09958506224066,
2019Q1,,S08000019,,S12000005,,Emergency Inpatients,,2,,279,704,2.52329749103943,,281,2209,7.86120996441281,
2019Q2,,S08000019,,S12000005,,Emergency Inpatients,,2,,368,789,2.14402173913043,,354,2212,6.24858757062147,
2019Q3,,S08000019,,S12000005,,Emergency Inpatients,,2,,414,658,1.58937198067633,,385,2663,6.91688311688312,
2019Q4,,S08000019,,S12000005,,Emergency Inpatients,,2,,380,491,1.29210526315789,,363,2513,6.9228650137741,
2020Q1,,S08000019,,S12000005,,Emergency Inpatients,,2,,358,494,1.37988826815642,,354,2601,7.34745762711864,
2020Q2,,S08000019,,S12000005,,Emergency Inpatients,,2,,260,354,1.36153846153846,,240,1479,6.1625,
2020Q3,,S08000019,,S12000005,,Emergency Inpatients,,2,,339,500,1.47492625368732,,314,2201,7.00955414012739,
2020Q4,,S08000019,,S12000005,,Emergency Inpatients,,2,,296,571,1.92905405405405,,280,2080,7.42857142857143,
2021Q1,,S08000019,,S12000005,,Emergency Inpatients,,2,,323,360,1.11455108359133,,306,2612,8.5359477124183,
2021Q2,,S08000019,,S12000005,,Emergency Inpatients,,2,,365,511,1.4,,349,2629,7.53295128939828,
2021Q3,,S08000019,,S12000005,,Emergency Inpatients,,2,,304,339,1.11513157894737,,292,2378,8.14383561643836,
2021Q4,,S08000019,,S12000005,,Emergency Inpatients,,2,,335,369,1.10149253731343,,310,2537,8.18387096774194,
2022Q1,,S08000019,,S12000005,,Emergency Inpatients,,2,,360,537,1.49166666666667,,348,3281,9.42816091954023,
2022Q2,,S08000019,,S12000005,,Emergency Inpatients,,2,,370,745,2.01351351351351,,345,2458,7.12463768115942,
2022Q3,,S08000019,,S12000005,,Emergency Inpatients,,2,,342,633,1.85087719298246,,325,3209,9.87384615384615,
2022Q4,p,S08000019,,S12000005,,Emergency Inpatients,,2,,350,563,1.60857142857143,,330,2730,8.27272727272727,
2017Q4,,S08000019,,S12000005,,Emergency Inpatients,,3,,190,469,2.46842105263158,,184,1594,8.66304347826087,
2018Q1,,S08000019,,S12000005,,Emergency Inpatients,,3,,196,446,2.27551020408163,,190,1643,8.64736842105263,
2018Q2,,S08000019,,S12000005,,Emergency Inpatients,,3,,192,479,2.49479166666667,,187,1829,9.7807486631016,
2018Q3,,S08000019,,S12000005,,Emergency Inpatients,,3,,191,564,2.95287958115183,,181,1482,8.1878453038674,
2018Q4,,S08000019,,S12000005,,Emergency Inpatients,,3,,192,407,2.11979166666667,,191,1564,8.18848167539267,
2019Q1,,S08000019,,S12000005,,Emergency Inpatients,,3,,185,320,1.72972972972973,,183,1452,7.9344262295082,
2019Q2,,S08000019,,S12000005,,Emergency Inpatients,,3,,235,536,2.28085106382979,,205,1708,8.33170731707317,
2019Q3,,S08000019,,S12000005,,Emergency Inpatients,,3,,234,275,1.17521367521368,,231,1526,6.60606060606061,
2019Q4,,S08000019,,S12000005,,Emergency Inpatients,,3,,259,597,2.3050193050193,,249,1374,5.51807228915663,
2020Q1,,S08000019,,S12000005,,Emergency Inpatients,,3,,190,231,1.21578947368421,,187,1868,9.98930481283423,
2020Q2,,S08000019,,S12000005,,Emergency Inpatients,,3,,176,222,1.26136363636364,,159,1532,9.63522012578616,
2020Q3,,S08000019,,S12000005,,Emergency Inpatients,,3,,192,286,1.48958333333333,,184,1315,7.14673913043478,
2020Q4,,S08000019,,S12000005,,Emergency Inpatients,,3,,200,260,1.3,,195,1508,7.73333333333333,
2021Q1,,S08000019,,S12000005,,Emergency Inpatients,,3,,200,228,1.14,,189,1429,7.56084656084656,
2021Q2,,S08000019,,S12000005,,Emergency Inpatients,,3,,252,418,1.65873015873016,,239,1509,6.31380753138075,
2021Q3,,S08000019,,S12000005,,Emergency Inpatients,,3,,220,475,2.15909090909091,,206,1750,8.49514563106796,
2021Q4,,S08000019,,S12000005,,Emergency Inpatients,,3,,240,313,1.30416666666667,,221,1592,7.20361990950226,
2022Q1,,S08000019,,S12000005,,Emergency Inpatients,,3,,246,344,1.39837398373984,,228,1758,7.71052631578947,
2022Q2,,S08000019,,S12000005,,Emergency Inpatients,,3,,248,590,2.37903225806452,,233,2082,8.93562231759657,
2022Q3,,S08000019,,S12000005,,Emergency Inpatients,,3,,242,318,1.31404958677686,,236,1753,7.42796610169492,
2022Q4,p,S08000019,,S12000005,,Emergency Inpatients,,3,,253,397,1.56916996047431,,235,1658,7.05531914893617,
2017Q4,,S08000019,,S12000005,,Emergency Inpatients,,4,,128,235,1.8359375,,119,969,8.14285714285714,
2018Q1,,S08000019,,S12000005,,Emergency Inpatients,,4,,148,390,2.63513513513514,,135,1297,9.60740740740741,
2018Q2,,S08000019,,S12000005,,Emergency Inpatients,,4,,138,287,2.07971014492754,,147,1453,9.8843537414966,
2018Q3,,S08000019,,S12000005,,Emergency Inpatients,,4,,147,525,3.57142857142857,,140,1134,8.1,
2018Q4,,S08000019,,S12000005,,Emergency Inpatients,,4,,155,306,1.9741935483871,,152,1187,7.80921052631579,
2019Q1,,S08000019,,S12000005,,Emergency Inpatients,,4,,134,386,2.88059701492537,,134,1140,8.50746268656716,
2019Q2,,S08000019,,S12000005,,Emergency Inpatients,,4,,156,291,1.86538461538462,,139,1230,8.84892086330935,
2019Q3,,S08000019,,S12000005,,Emergency Inpatients,,4,,178,414,2.32584269662921,,167,1222,7.31736526946108,
2019Q4,,S08000019,,S12000005,,Emergency Inpatients,,4,,199,197,0.989949748743719,,189,1303,6.89417989417989,
2020Q1,,S08000019,,S12000005,,Emergency Inpatients,,4,,197,370,1.87817258883249,,193,1557,8.06735751295337,
2020Q2,,S08000019,,S12000005,,Emergency Inpatients,,4,,127,162,1.2755905511811,,119,1207,10.1428571428571,
2020Q3,,S08000019,,S12000005,,Emergency Inpatients,,4,,185,180,0.972972972972973,,168,1061,6.31547619047619,
2020Q4,,S08000019,,S12000005,,Emergency Inpatients,,4,,196,219,1.11734693877551,,195,1350,6.92307692307692,
2021Q1,,S08000019,,S12000005,,Emergency Inpatients,,4,,154,126,0.818181818181818,,141,733,5.19858156028369,
2021Q2,,S08000019,,S12000005,,Emergency Inpatients,,4,,207,339,1.63768115942029,,194,1668,8.5979381443299,
2021Q3,,S08000019,,S12000005,,Emergency Inpatients,,4,,167,181,1.08383233532934,,160,794,4.9625,
2021Q4,,S08000019,,S12000005,,Emergency Inpatients,,4,,160,205,1.28125,,149,1017,6.8255033557047,
2022Q1,,S08000019,,S12000005,,Emergency Inpatients,,4,,181,264,1.4585635359116,,170,958,5.63529411764706,
2022Q2,,S08000019,,S12000005,,Emergency Inpatients,,4,,194,278,1.43298969072165,,188,1243,6.61170212765957,
2022Q3,,S08000019,,S12000005,,Emergency Inpatients,,4,,140,258,1.84285714285714,,130,1034,7.95384615384615,
2022Q4,p,S08000019,,S12000005,,Emergency Inpatients,,4,,146,183,1.25342465753425,,139,967,6.9568345323741,
2017Q4,,S08000019,,S12000005,,Emergency Inpatients,,5,,114,187,1.64035087719298,,114,818,7.17543859649123,
2018Q1,,S08000019,,S12000005,,Emergency Inpatients,,5,,115,284,2.4695652173913,,105,714,6.8,
2018Q2,,S08000019,,S12000005,,Emergency Inpatients,,5,,121,266,2.19834710743802,,124,1463,11.7983870967742,
2018Q3,,S08000019,,S12000005,,Emergency Inpatients,,5,,131,325,2.48091603053435,,129,893,6.92248062015504,
2018Q4,,S08000019,,S12000005,,Emergency Inpatients,,5,,108,254,2.35185185185185,,103,823,7.99029126213592,
2019Q1,,S08000019,,S12000005,,Emergency Inpatients,,5,,118,311,2.63559322033898,,109,755,6.92660550458716,
2019Q2,,S08000019,,S12000005,,Emergency Inpatients,,5,,159,268,1.68553459119497,,151,1168,7.73509933774834,
2019Q3,,S08000019,,S12000005,,Emergency Inpatients,,5,,153,257,1.6797385620915,,147,867,5.89795918367347,
2019Q4,,S08000019,,S12000005,,Emergency Inpatients,,5,,181,269,1.48618784530387,,175,1264,7.22285714285714,
2020Q1,,S08000019,,S12000005,,Emergency Inpatients,,5,,138,178,1.28985507246377,,134,735,5.48507462686567,
2020Q2,,S08000019,,S12000005,,Emergency Inpatients,,5,,120,189,1.575,,113,634,5.61061946902655,
2020Q3,,S08000019,,S12000005,,Emergency Inpatients,,5,,161,209,1.29813664596273,,152,1038,6.82894736842105,
2020Q4,,S08000019,,S12000005,,Emergency Inpatients,,5,,123,179,1.45528455284553,,118,912,7.72881355932203,
2021Q1,,S08000019,,S12000005,,Emergency Inpatients,,5,,154,238,1.54545454545455,,144,977,6.78472222222222,
2021Q2,,S08000019,,S12000005,,Emergency Inpatients,,5,,166,223,1.3433734939759,,164,976,5.95121951219512,
2021Q3,,S08000019,,S12000005,,Emergency Inpatients,,5,,150,136,0.906666666666667,,143,518,3.62237762237762,
2021Q4,,S08000019,,S12000005,,Emergency Inpatients,,5,,146,242,1.65753424657534,,139,778,5.59712230215827,
2022Q1,,S08000019,,S12000005,,Emergency Inpatients,,5,,179,267,1.49162011173184,,168,1057,6.29166666666667,
2022Q2,,S08000019,,S12000005,,Emergency Inpatients,,5,,193,242,1.25388601036269,,180,1226,6.81111111111111,
2022Q3,,S08000019,,S12000005,,Emergency Inpatients,,5,,149,316,2.12080536912752,,144,1022,7.09722222222222,
2022Q4,p,S08000019,,S12000005,,Emergency Inpatients,,5,,178,197,1.10674157303371,,176,1056,6,
2017Q4,,S08000019,,S12000014,,Emergency Inpatients,,1,,794,1871,2.35642317380353,,775,6458,8.33290322580645,
2018Q1,,S08000019,,S12000014,,Emergency Inpatients,,1,,799,2121,2.65456821026283,,794,8265,10.4093198992443,
2018Q2,,S08000019,,S12000014,,Emergency Inpatients,,1,,845,1665,1.97041420118343,,832,5196,6.24519230769231,
2018Q3,,S08000019,,S12000014,,Emergency Inpatients,,1,,805,1597,1.98385093167702,,783,5840,7.45849297573436,
2018Q4,,S08000019,,S12000014,,Emergency Inpatients,,1,,802,1782,2.22194513715711,,784,6703,8.54974489795918,
2019Q1,,S08000019,,S12000014,,Emergency Inpatients,,1,,812,1835,2.25985221674877,,796,6294,7.9070351758794,
2019Q2,,S08000019,,S12000014,,Emergency Inpatients,,1,,971,1968,2.02677651905252,,917,6510,7.09923664122137,
2019Q3,,S08000019,,S12000014,,Emergency Inpatients,,1,,1051,1411,1.34253092293054,,1011,5952,5.88724035608309,
2019Q4,,S08000019,,S12000014,,Emergency Inpatients,,1,,1004,1209,1.20418326693227,,954,4873,5.10796645702306,
2020Q1,,S08000019,,S12000014,,Emergency Inpatients,,1,,915,1317,1.43934426229508,,888,6203,6.98536036036036,
2020Q2,,S08000019,,S12000014,,Emergency Inpatients,,1,,679,759,1.11782032400589,,618,4058,6.5663430420712,
2020Q3,,S08000019,,S12000014,,Emergency Inpatients,,1,,902,1067,1.18292682926829,,834,5220,6.2589928057554,
2020Q4,,S08000019,,S12000014,,Emergency Inpatients,,1,,888,1277,1.43806306306306,,832,4883,5.86899038461539,
2021Q1,,S08000019,,S12000014,,Emergency Inpatients,,1,,808,1105,1.36757425742574,,747,4670,6.2516733601071,
2021Q2,,S08000019,,S12000014,,Emergency Inpatients,,1,,937,1304,1.39167556029883,,888,5760,6.48648648648649,
2021Q3,,S08000019,,S12000014,,Emergency Inpatients,,1,,901,1070,1.18756936736959,,849,4856,5.71967020023557,
2021Q4,,S08000019,,S12000014,,Emergency Inpatients,,1,,872,1507,1.72821100917431,,839,6665,7.94398092967819,
2022Q1,,S08000019,,S12000014,,Emergency Inpatients,,1,,907,1684,1.85667034178611,,846,5774,6.82505910165485,
2022Q2,,S08000019,,S12000014,,Emergency Inpatients,,1,,993,1516,1.52668680765358,,944,6954,7.36652542372881,
2022Q3,,S08000019,,S12000014,,Emergency Inpatients,,1,,926,1470,1.58747300215983,,864,6423,7.43402777777778,
2022Q4,p,S08000019,,S12000014,,Emergency Inpatients,,1,,941,1318,1.40063761955367,,902,6367,7.05875831485588,
2017Q4,,S08000019,,S12000014,,Emergency Inpatients,,2,,1002,2398,2.39321357285429,,974,7988,8.20123203285421,
2018Q1,,S08000019,,S12000014,,Emergency Inpatients,,2,,1042,2625,2.51919385796545,,1019,8503,8.34445534838077,
2018Q2,,S08000019,,S12000014,,Emergency Inpatients,,2,,959,2102,2.19186652763295,,939,8597,9.15548455804047,
2018Q3,,S08000019,,S12000014,,Emergency Inpatients,,2,,958,2183,2.27870563674322,,934,8203,8.78265524625268,
2018Q4,,S08000019,,S12000014,,Emergency Inpatients,,2,,977,2349,2.4042988741044,,945,7791,8.24444444444444,
2019Q1,,S08000019,,S12000014,,Emergency Inpatients,,2,,1016,2454,2.41535433070866,,984,7343,7.46239837398374,
2019Q2,,S08000019,,S12000014,,Emergency Inpatients,,2,,1257,3377,2.68655529037391,,1181,8241,6.97798475867909,
2019Q3,,S08000019,,S12000014,,Emergency Inpatients,,2,,1313,1771,1.34881949733435,,1208,7919,6.55546357615894,
2019Q4,,S08000019,,S12000014,,Emergency Inpatients,,2,,1250,1570,1.256,,1196,8147,6.811872909699,
2020Q1,,S08000019,,S12000014,,Emergency Inpatients,,2,,1212,1846,1.52310231023102,,1176,8791,7.47534013605442,
2020Q2,,S08000019,,S12000014,,Emergency Inpatients,,2,,963,1339,1.39044652128764,,887,5833,6.576099210823,
2020Q3,,S08000019,,S12000014,,Emergency Inpatients,,2,,1128,1243,1.10195035460993,,1061,5515,5.19792648444863,
2020Q4,,S08000019,,S12000014,,Emergency Inpatients,,2,,1058,1551,1.46597353497164,,991,7069,7.13319878910192,
2021Q1,,S08000019,,S12000014,,Emergency Inpatients,,2,,1014,1143,1.12721893491124,,953,6465,6.78384050367261,
2021Q2,,S08000019,,S12000014,,Emergency Inpatients,,2,,1121,1462,1.30419268510259,,1070,6986,6.52897196261682,
2021Q3,,S08000019,,S12000014,,Emergency Inpatients,,2,,1058,1385,1.30907372400756,,982,6197,6.31059063136456,
2021Q4,,S08000019,,S12000014,,Emergency Inpatients,,2,,1080,1594,1.47592592592593,,1030,7563,7.34271844660194,
2022Q1,,S08000019,,S12000014,,Emergency Inpatients,,2,,1107,1560,1.40921409214092,,1037,9213,8.88428158148505,
2022Q2,,S08000019,,S12000014,,Emergency Inpatients,,2,,1198,1765,1.47328881469115,,1115,8570,7.68609865470852,
2022Q3,,S08000019,,S12000014,,Emergency Inpatients,,2,,1136,2023,1.78080985915493,,1089,9734,8.93847566574839,
2022Q4,p,S08000019,,S12000014,,Emergency Inpatients,,2,,1144,1625,1.42045454545455,,1087,8529,7.84636614535419,
2017Q4,,S08000019,,S12000014,,Emergency Inpatients,,3,,950,2165,2.27894736842105,,904,6843,7.56969026548673,
2018Q1,,S08000019,,S12000014,,Emergency Inpatients,,3,,878,1995,2.27220956719818,,862,7489,8.68793503480278,
2018Q2,,S08000019,,S12000014,,Emergency Inpatients,,3,,982,2199,2.23930753564155,,967,7858,8.12616339193382,
2018Q3,,S08000019,,S12000014,,Emergency Inpatients,,3,,870,1801,2.07011494252874,,840,7045,8.38690476190476,
2018Q4,,S08000019,,S12000014,,Emergency Inpatients,,3,,919,2182,2.37431991294886,,917,8873,9.67611777535442,
2019Q1,,S08000019,,S12000014,,Emergency Inpatients,,3,,924,2048,2.21645021645022,,888,6924,7.7972972972973,
2019Q2,,S08000019,,S12000014,,Emergency Inpatients,,3,,1186,2427,2.04637436762226,,1106,7243,6.54882459312839,
2019Q3,,S08000019,,S12000014,,Emergency Inpatients,,3,,1201,1509,1.25645295587011,,1147,6336,5.52397558849172,
2019Q4,,S08000019,,S12000014,,Emergency Inpatients,,3,,1177,1235,1.04927782497876,,1104,6951,6.29619565217391,
2020Q1,,S08000019,,S12000014,,Emergency Inpatients,,3,,1024,1455,1.4208984375,,996,6592,6.61847389558233,
2020Q2,,S08000019,,S12000014,,Emergency Inpatients,,3,,858,870,1.01398601398601,,780,5216,6.68717948717949,
2020Q3,,S08000019,,S12000014,,Emergency Inpatients,,3,,999,1202,1.2032032032032,,938,5138,5.47761194029851,
2020Q4,,S08000019,,S12000014,,Emergency Inpatients,,3,,1092,1752,1.6043956043956,,1029,6080,5.9086491739553,
2021Q1,,S08000019,,S12000014,,Emergency Inpatients,,3,,964,1150,1.19294605809129,,911,6690,7.34357848518112,
2021Q2,,S08000019,,S12000014,,Emergency Inpatients,,3,,1094,1249,1.14168190127971,,1048,5584,5.32824427480916,
2021Q3,,S08000019,,S12000014,,Emergency Inpatients,,3,,1037,1310,1.2632594021215,,969,5560,5.73787409700722,
2021Q4,,S08000019,,S12000014,,Emergency Inpatients,,3,,1062,1664,1.5668549905838,,1043,8277,7.93576222435283,
2022Q1,,S08000019,,S12000014,,Emergency Inpatients,,3,,1038,1778,1.71290944123314,,976,6965,7.13627049180328,
2022Q2,,S08000019,,S12000014,,Emergency Inpatients,,3,,1154,1791,1.55199306759099,,1089,7018,6.44444444444444,
2022Q3,,S08000019,,S12000014,,Emergency Inpatients,,3,,1076,1810,1.682156133829,,1014,7159,7.06015779092702,
2022Q4,p,S08000019,,S12000014,,Emergency Inpatients,,3,,1130,2028,1.79469026548673,,1081,8187,7.57354301572618,
2017Q4,,S08000019,,S12000014,,Emergency Inpatients,,4,,540,1058,1.95925925925926,,518,3542,6.83783783783784,
2018Q1,,S08000019,,S12000014,,Emergency Inpatients,,4,,515,1062,2.0621359223301,,507,3605,7.11045364891519,
2018Q2,,S08000019,,S12000014,,Emergency Inpatients,,4,,529,1040,1.96597353497164,,511,3200,6.26223091976517,
2018Q3,,S08000019,,S12000014,,Emergency Inpatients,,4,,539,1418,2.63079777365492,,527,4380,8.3111954459203,
2018Q4,,S08000019,,S12000014,,Emergency Inpatients,,4,,481,1160,2.41164241164241,,469,4509,9.61407249466951,
2019Q1,,S08000019,,S12000014,,Emergency Inpatients,,4,,495,945,1.90909090909091,,481,3478,7.23076923076923,
2019Q2,,S08000019,,S12000014,,Emergency Inpatients,,4,,662,1461,2.20694864048338,,616,3921,6.36525974025974,
2019Q3,,S08000019,,S12000014,,Emergency Inpatients,,4,,747,895,1.19812583668005,,678,3635,5.36135693215339,
2019Q4,,S08000019,,S12000014,,Emergency Inpatients,,4,,678,975,1.43805309734513,,665,4956,7.45263157894737,
2020Q1,,S08000019,,S12000014,,Emergency Inpatients,,4,,631,1000,1.58478605388273,,608,4149,6.82401315789474,
2020Q2,,S08000019,,S12000014,,Emergency Inpatients,,4,,483,630,1.30434782608696,,438,2521,5.75570776255708,
2020Q3,,S08000019,,S12000014,,Emergency Inpatients,,4,,569,744,1.30755711775044,,521,2718,5.2168905950096,
2020Q4,,S08000019,,S12000014,,Emergency Inpatients,,4,,557,821,1.47396768402154,,525,3303,6.29142857142857,
2021Q1,,S08000019,,S12000014,,Emergency Inpatients,,4,,590,751,1.2728813559322,,561,3443,6.13725490196078,
2021Q2,,S08000019,,S12000014,,Emergency Inpatients,,4,,644,906,1.40683229813665,,610,3552,5.82295081967213,
2021Q3,,S08000019,,S12000014,,Emergency Inpatients,,4,,595,893,1.50084033613445,,564,2841,5.03723404255319,
2021Q4,,S08000019,,S12000014,,Emergency Inpatients,,4,,622,868,1.39549839228296,,588,4614,7.8469387755102,
2022Q1,,S08000019,,S12000014,,Emergency Inpatients,,4,,631,837,1.32646592709984,,597,3524,5.90284757118928,
2022Q2,,S08000019,,S12000014,,Emergency Inpatients,,4,,614,910,1.48208469055375,,580,3261,5.62241379310345,
2022Q3,,S08000019,,S12000014,,Emergency Inpatients,,4,,608,990,1.62828947368421,,572,5213,9.11363636363636,
2022Q4,p,S08000019,,S12000014,,Emergency Inpatients,,4,,600,1267,2.11166666666667,,584,5090,8.71575342465753,
2017Q4,,S08000019,,S12000014,,Emergency Inpatients,,5,,418,859,2.05502392344498,,417,3044,7.29976019184652,
2018Q1,,S08000019,,S12000014,,Emergency Inpatients,,5,,394,935,2.37309644670051,,374,2762,7.38502673796791,
2018Q2,,S08000019,,S12000014,,Emergency Inpatients,,5,,399,1020,2.55639097744361,,389,3211,8.25449871465296,
2018Q3,,S08000019,,S12000014,,Emergency Inpatients,,5,,423,824,1.94799054373522,,412,3430,8.3252427184466,
2018Q4,,S08000019,,S12000014,,Emergency Inpatients,,5,,396,865,2.18434343434343,,391,3159,8.07928388746803,
2019Q1,,S08000019,,S12000014,,Emergency Inpatients,,5,,368,972,2.64130434782609,,354,2280,6.4406779661017,
2019Q2,,S08000019,,S12000014,,Emergency Inpatients,,5,,547,974,1.78062157221207,,516,2726,5.28294573643411,
2019Q3,,S08000019,,S12000014,,Emergency Inpatients,,5,,632,961,1.52056962025316,,594,2944,4.95622895622896,
2019Q4,,S08000019,,S12000014,,Emergency Inpatients,,5,,586,751,1.28156996587031,,553,3149,5.69439421338156,
2020Q1,,S08000019,,S12000014,,Emergency Inpatients,,5,,522,599,1.14750957854406,,511,3162,6.18786692759295,
2020Q2,,S08000019,,S12000014,,Emergency Inpatients,,5,,408,455,1.11519607843137,,379,1783,4.70448548812665,
2020Q3,,S08000019,,S12000014,,Emergency Inpatients,,5,,494,595,1.20445344129555,,482,2719,5.64107883817427,
2020Q4,,S08000019,,S12000014,,Emergency Inpatients,,5,,493,824,1.67139959432049,,464,2957,6.37284482758621,
2021Q1,,S08000019,,S12000014,,Emergency Inpatients,,5,,497,626,1.25955734406439,,472,2805,5.94279661016949,
2021Q2,,S08000019,,S12000014,,Emergency Inpatients,,5,,542,628,1.15867158671587,,520,3114,5.98846153846154,
2021Q3,,S08000019,,S12000014,,Emergency Inpatients,,5,,551,883,1.60254083484574,,530,2868,5.41132075471698,
2021Q4,,S08000019,,S12000014,,Emergency Inpatients,,5,,545,862,1.58165137614679,,521,2790,5.35508637236084,
2022Q1,,S08000019,,S12000014,,Emergency Inpatients,,5,,538,709,1.317843866171,,523,2907,5.55831739961759,
2022Q2,,S08000019,,S12000014,,Emergency Inpatients,,5,,602,806,1.33887043189369,,574,3983,6.9390243902439,
2022Q3,,S08000019,,S12000014,,Emergency Inpatients,,5,,569,757,1.33040421792619,,551,3559,6.45916515426497,
2022Q4,p,S08000019,,S12000014,,Emergency Inpatients,,5,,562,820,1.45907473309609,,532,2315,4.3515037593985,
2017Q4,,S08000019,,S08000019,d,Emergency Inpatients,,1,,1500,3473,2.31533333333333,,1464,11701,7.99248633879781,
2018Q1,,S08000019,,S08000019,d,Emergency Inpatients,,1,,1498,3789,2.52937249666222,,1466,13372,9.12141882673943,
2018Q2,,S08000019,,S08000019,d,Emergency Inpatients,,1,,1458,3004,2.06035665294925,,1455,10145,6.97250859106529,
2018Q3,,S08000019,,S08000019,d,Emergency Inpatients,,1,,1578,3293,2.08681875792142,,1520,10251,6.74407894736842,
2018Q4,,S08000019,,S08000019,d,Emergency Inpatients,,1,,1555,3433,2.20771704180064,,1528,11370,7.44109947643979,
2019Q1,,S08000019,,S08000019,d,Emergency Inpatients,,1,,1533,3730,2.43313763861709,,1494,11896,7.96251673360107,
2019Q2,,S08000019,,S08000019,d,Emergency Inpatients,,1,,1837,3493,1.90146978769733,,1714,11786,6.87631271878646,
2019Q3,,S08000019,,S08000019,d,Emergency Inpatients,,1,,1963,2649,1.34946510443199,,1878,11241,5.98562300319489,
2019Q4,,S08000019,,S08000019,d,Emergency Inpatients,,1,,1918,2264,1.18039624608968,,1821,10115,5.55464030752334,
2020Q1,,S08000019,,S08000019,d,Emergency Inpatients,,1,,1783,2696,1.51205832865956,,1730,11492,6.64277456647399,
2020Q2,,S08000019,,S08000019,d,Emergency Inpatients,,1,,1317,1545,1.17312072892939,,1192,7095,5.95218120805369,
2020Q3,,S08000019,,S08000019,d,Emergency Inpatients,,1,,1718,2285,1.33003492433062,,1597,9213,5.7689417658109,
2020Q4,,S08000019,,S08000019,d,Emergency Inpatients,,1,,1684,2584,1.53444180522565,,1565,9296,5.93993610223642,
2021Q1,,S08000019,,S08000019,d,Emergency Inpatients,,1,,1556,1890,1.2146529562982,,1480,10880,7.35135135135135,
2021Q2,,S08000019,,S08000019,d,Emergency Inpatients,,1,,1768,2210,1.25,,1676,9968,5.94749403341289,
2021Q3,,S08000019,,S08000019,d,Emergency Inpatients,,1,,1684,2193,1.30225653206651,,1595,10450,6.55172413793103,
2021Q4,,S08000019,,S08000019,d,Emergency Inpatients,,1,,1641,2985,1.81901279707495,,1566,11634,7.42911877394636,
2022Q1,,S08000019,,S08000019,d,Emergency Inpatients,,1,,1735,3027,1.74466858789625,,1637,11479,7.01221747098351,
2022Q2,,S08000019,,S08000019,d,Emergency Inpatients,,1,,1849,2677,1.44780962682531,,1758,12176,6.92605233219568,
2022Q3,,S08000019,,S08000019,d,Emergency Inpatients,,1,,1704,2566,1.50586854460094,,1619,11585,7.15565163681285,
2022Q4,p,S08000019,,S08000019,d,Emergency Inpatients,,1,,1659,2300,1.38637733574442,,1572,12001,7.63422391857506,
2017Q4,,S08000019,,S08000019,d,Emergency Inpatients,,2,,1597,3664,2.29430181590482,,1551,12847,8.28304319793681,
2018Q1,,S08000019,,S08000019,d,Emergency Inpatients,,2,,1602,3982,2.4856429463171,,1555,12766,8.2096463022508,
2018Q2,,S08000019,,S08000019,d,Emergency Inpatients,,2,,1606,3311,2.06164383561644,,1573,13326,8.47171010807374,
2018Q3,,S08000019,,S08000019,d,Emergency Inpatients,,2,,1562,3570,2.28553137003841,,1502,12272,8.17043941411451,
2018Q4,,S08000019,,S08000019,d,Emergency Inpatients,,2,,1563,3828,2.44913627639155,,1510,12872,8.52450331125828,
2019Q1,,S08000019,,S08000019,d,Emergency Inpatients,,2,,1613,3789,2.34903905765654,,1571,12335,7.85168682367919,
2019Q2,,S08000019,,S08000019,d,Emergency Inpatients,,2,,1996,4817,2.41332665330661,,1877,12549,6.68566862013852,
2019Q3,,S08000019,,S08000019,d,Emergency Inpatients,,2,,2133,2873,1.3469292076887,,1990,13160,6.61306532663317,
2019Q4,,S08000019,,S08000019,d,Emergency Inpatients,,2,,2041,2501,1.22537971582558,,1943,13369,6.88059701492537,
2020Q1,,S08000019,,S08000019,d,Emergency Inpatients,,2,,1962,3486,1.77675840978593,,1911,14012,7.33228676085819,
2020Q2,,S08000019,,S08000019,d,Emergency Inpatients,,2,,1529,2027,1.32570307390451,,1416,9065,6.40183615819209,
2020Q3,,S08000019,,S08000019,d,Emergency Inpatients,,2,,1874,2344,1.25080042689434,,1749,10159,5.8084619782733,
2020Q4,,S08000019,,S08000019,d,Emergency Inpatients,,2,,1748,2637,1.50858123569794,,1644,11220,6.82481751824818,
2021Q1,,S08000019,,S08000019,d,Emergency Inpatients,,2,,1764,2048,1.1609977324263001,,1667,11568,6.93941211757648,
2021Q2,,S08000019,,S08000019,d,Emergency Inpatients,,2,,1895,2459,1.2976253298153,,1803,11949,6.62728785357737,
2021Q3,,S08000019,,S08000019,d,Emergency Inpatients,,2,,1719,2311,1.34438627108784,,1608,10715,6.66355721393035,
2021Q4,,S08000019,,S08000019,d,Emergency Inpatients,,2,,1790,2573,1.43743016759777,,1697,13160,7.75486152032999,
2022Q1,,S08000019,,S08000019,d,Emergency Inpatients,,2,,1809,2560,1.41514648977336,,1710,14708,8.60116959064328,
2022Q2,,S08000019,,S08000019,d,Emergency Inpatients,,2,,1942,3069,1.58032955715757,,1816,14664,8.07488986784141,
2022Q3,,S08000019,,S08000019,d,Emergency Inpatients,,2,,1871,3258,1.74131480491716,,1793,15890,8.8622420524261,
2022Q4,p,S08000019,,S08000019,d,Emergency Inpatients,,2,,1880,2766,1.47127659574468,,1786,14115,7.90313549832027,
2017Q4,,S08000019,,S08000019,d,Emergency Inpatients,,3,,1428,3269,2.28921568627451,,1371,10971,8.00218818380744,
2018Q1,,S08000019,,S08000019,d,Emergency Inpatients,,3,,1360,3045,2.23897058823529,,1318,10908,8.27617602427921,
2018Q2,,S08000019,,S08000019,d,Emergency Inpatients,,3,,1450,3170,2.18620689655172,,1428,11925,8.35084033613445,
2018Q3,,S08000019,,S08000019,d,Emergency Inpatients,,3,,1366,3326,2.43484626647145,,1315,11612,8.83041825095057,
2018Q4,,S08000019,,S08000019,d,Emergency Inpatients,,3,,1421,3357,2.36242083040113,,1403,13191,9.40199572344975,
2019Q1,,S08000019,,S08000019,d,Emergency Inpatients,,3,,1388,2940,2.11815561959654,,1351,11039,8.17098445595855,
2019Q2,,S08000019,,S08000019,d,Emergency Inpatients,,3,,1785,3728,2.08851540616247,,1651,11412,6.9121744397335,
2019Q3,,S08000019,,S08000019,d,Emergency Inpatients,,3,,1789,2548,1.4242593627725,,1716,10584,6.16783216783217,
2019Q4,,S08000019,,S08000019,d,Emergency Inpatients,,3,,1797,2676,1.48914858096828,,1695,10813,6.37935103244838,
2020Q1,,S08000019,,S08000019,d,Emergency Inpatients,,3,,1559,2313,1.48364336112893,,1509,11150,7.38899933730948,
2020Q2,,S08000019,,S08000019,d,Emergency Inpatients,,3,,1294,1329,1.02704791344668,,1187,8262,6.96040438079191,
2020Q3,,S08000019,,S08000019,d,Emergency Inpatients,,3,,1483,1925,1.29804450438301,,1395,8265,5.9247311827957,
2020Q4,,S08000019,,S08000019,d,Emergency Inpatients,,3,,1642,2564,1.56151035322777,,1558,9682,6.21437740693196,
2021Q1,,S08000019,,S08000019,d,Emergency Inpatients,,3,,1531,1783,1.16459830176355,,1443,9844,6.82189882189882,
2021Q2,,S08000019,,S08000019,d,Emergency Inpatients,,3,,1733,2139,1.23427582227351,,1649,8983,5.44754396604002,
2021Q3,,S08000019,,S08000019,d,Emergency Inpatients,,3,,1593,2350,1.4752040175769,,1495,9580,6.40802675585284,
2021Q4,,S08000019,,S08000019,d,Emergency Inpatients,,3,,1651,2604,1.57722592368262,,1596,12178,7.63032581453634,
2022Q1,,S08000019,,S08000019,d,Emergency Inpatients,,3,,1621,2521,1.55521283158544,,1526,10846,7.10747051114024,
2022Q2,,S08000019,,S08000019,d,Emergency Inpatients,,3,,1745,2927,1.67736389684814,,1655,11407,6.89244712990937,
2022Q3,,S08000019,,S08000019,d,Emergency Inpatients,,3,,1690,2578,1.52544378698225,,1603,11119,6.93636930754835,
2022Q4,p,S08000019,,S08000019,d,Emergency Inpatients,,3,,1744,2996,1.71788990825688,,1672,12527,7.49222488038277,
2017Q4,,S08000019,,S08000019,d,Emergency Inpatients,,4,,1136,2279,2.00616197183099,,1098,8214,7.48087431693989,
2018Q1,,S08000019,,S08000019,d,Emergency Inpatients,,4,,1116,2674,2.39605734767025,,1070,8239,7.7,
2018Q2,,S08000019,,S08000019,d,Emergency Inpatients,,4,,1124,2379,2.11654804270463,,1101,8346,7.58038147138965,
2018Q3,,S08000019,,S08000019,d,Emergency Inpatients,,4,,1150,3037,2.64086956521739,,1121,9846,8.78322925958965,
2018Q4,,S08000019,,S08000019,d,Emergency Inpatients,,4,,1113,2910,2.61455525606469,,1083,10095,9.3213296398892,
2019Q1,,S08000019,,S08000019,d,Emergency Inpatients,,4,,1103,2590,2.34814143245694,,1089,9014,8.277318640955,
2019Q2,,S08000019,,S08000019,d,Emergency Inpatients,,4,,1413,3122,2.20948336871904,,1304,9799,7.51457055214724,
2019Q3,,S08000019,,S08000019,d,Emergency Inpatients,,4,,1485,2221,1.4956228956229,,1375,8835,6.42545454545455,
2019Q4,,S08000019,,S08000019,d,Emergency Inpatients,,4,,1523,2262,1.48522652659225,,1469,10781,7.33900612661675,
2020Q1,,S08000019,,S08000019,d,Emergency Inpatients,,4,,1310,2240,1.70992366412214,,1275,9185,7.20392156862745,
2020Q2,,S08000019,,S08000019,d,Emergency Inpatients,,4,,1021,1179,1.15475024485798,,938,5941,6.33368869936034,
2020Q3,,S08000019,,S08000019,d,Emergency Inpatients,,4,,1270,1577,1.24173228346457,,1179,6890,5.84393553859203,
2020Q4,,S08000019,,S08000019,d,Emergency Inpatients,,4,,1256,1704,1.35668789808917,,1202,7257,6.03743760399334,
2021Q1,,S08000019,,S08000019,d,Emergency Inpatients,,4,,1203,1422,1.18204488778055,,1127,7253,6.43566992014197,
2021Q2,,S08000019,,S08000019,d,Emergency Inpatients,,4,,1498,1946,1.29906542056075,,1418,8613,6.07404795486601,
2021Q3,,S08000019,,S08000019,d,Emergency Inpatients,,4,,1319,1942,1.47232752084913,,1251,6833,5.46203037569944,
2021Q4,,S08000019,,S08000019,d,Emergency Inpatients,,4,,1325,1937,1.46188679245283,,1265,9362,7.40079051383399,
2022Q1,,S08000019,,S08000019,d,Emergency Inpatients,,4,,1312,1869,1.42454268292683,,1242,8025,6.46135265700483,
2022Q2,,S08000019,,S08000019,d,Emergency Inpatients,,4,,1327,2077,1.56518462697815,,1273,7483,5.87824037706206,
2022Q3,,S08000019,,S08000019,d,Emergency Inpatients,,4,,1311,2245,1.71243325705568,,1223,9637,7.87980376124285,
2022Q4,p,S08000019,,S08000019,d,Emergency Inpatients,,4,,1298,2549,1.96379044684129,,1244,10403,8.36254019292605,
2017Q4,,S08000019,,S08000019,d,Emergency Inpatients,,5,,932,2034,2.18240343347639,,918,6608,7.19825708061002,
2018Q1,,S08000019,,S08000019,d,Emergency Inpatients,,5,,869,2104,2.42117376294591,,833,6214,7.45978391356543,
2018Q2,,S08000019,,S08000019,d,Emergency Inpatients,,5,,862,2076,2.40835266821346,,847,7627,9.0047225501771,
2018Q3,,S08000019,,S08000019,d,Emergency Inpatients,,5,,912,1817,1.99232456140351,,889,6680,7.5140607424072,
2018Q4,,S08000019,,S08000019,d,Emergency Inpatients,,5,,863,2043,2.36732329084589,,853,7142,8.37280187573271,
2019Q1,,S08000019,,S08000019,d,Emergency Inpatients,,5,,845,2124,2.51360946745562,,807,5613,6.95539033457249,
2019Q2,,S08000019,,S08000019,d,Emergency Inpatients,,5,,1158,2173,1.87651122625216,,1097,6529,5.95168641750228,
2019Q3,,S08000019,,S08000019,d,Emergency Inpatients,,5,,1313,5139,3.91393754760091,,1237,10083,8.15117219078416,
2019Q4,,S08000019,,S08000019,d,Emergency Inpatients,,5,,1268,1797,1.41719242902208,,1203,8746,7.27015793848712,
2020Q1,,S08000019,,S08000019,d,Emergency Inpatients,,5,,1139,1355,1.18964003511853,,1109,7669,6.91523895401262,
2020Q2,,S08000019,,S08000019,d,Emergency Inpatients,,5,,876,1076,1.22831050228311,,806,4800,5.95533498759305,
2020Q3,,S08000019,,S08000019,d,Emergency Inpatients,,5,,1088,1369,1.25827205882353,,1025,5914,5.76975609756098,
2020Q4,,S08000019,,S08000019,d,Emergency Inpatients,,5,,1126,1783,1.58348134991119,,1060,7017,6.61981132075472,
2021Q1,,S08000019,,S08000019,d,Emergency Inpatients,,5,,1031,1725,1.67313288069835,,979,6955,7.10418794688458,
2021Q2,,S08000019,,S08000019,d,Emergency Inpatients,,5,,1174,1383,1.17802385008518,,1117,6835,6.11906893464637,
2021Q3,,S08000019,,S08000019,d,Emergency Inpatients,,5,,1135,1542,1.35859030837004,,1114,6582,5.90843806104129,
2021Q4,,S08000019,,S08000019,d,Emergency Inpatients,,5,,1186,2011,1.6956155143339,,1120,6604,5.89642857142857,
2022Q1,,S08000019,,S08000019,d,Emergency Inpatients,,5,,1138,1546,1.3585237258348,,1086,6166,5.67771639042357,
2022Q2,,S08000019,,S08000019,d,Emergency Inpatients,,5,,1278,1815,1.42018779342723,,1218,8386,6.88505747126437,
2022Q3,,S08000019,,S08000019,d,Emergency Inpatients,,5,,1194,1820,1.52428810720268,,1141,7450,6.52936021034181,
2022Q4,p,S08000019,,S08000019,d,Emergency Inpatients,,5,,1237,1707,1.37995149555376,,1174,6762,5.75979557069847,
2017Q4,,S08000019,,S12000030,,Emergency Inpatients,,1,,324,773,2.3858024691358,,309,2214,7.16504854368932,
2018Q1,,S08000019,,S12000030,,Emergency Inpatients,,1,,340,819,2.40882352941176,,328,2768,8.4390243902439,
2018Q2,,S08000019,,S12000030,,Emergency Inpatients,,1,,279,537,1.9247311827957,,290,2386,8.22758620689655,
2018Q3,,S08000019,,S12000030,,Emergency Inpatients,,1,,334,801,2.39820359281437,,315,1705,5.41269841269841,
2018Q4,,S08000019,,S12000030,,Emergency Inpatients,,1,,326,749,2.29754601226994,,325,2284,7.02769230769231,
2019Q1,,S08000019,,S12000030,,Emergency Inpatients,,1,,320,625,1.953125,,314,2355,7.5,
2019Q2,,S08000019,,S12000030,,Emergency Inpatients,,1,,399,648,1.62406015037594,,367,2524,6.87738419618529,
2019Q3,,S08000019,,S12000030,,Emergency Inpatients,,1,,428,646,1.50934579439252,,407,2743,6.73955773955774,
2019Q4,,S08000019,,S12000030,,Emergency Inpatients,,1,,388,463,1.19329896907216,,362,2363,6.52762430939227,
2020Q1,,S08000019,,S12000030,,Emergency Inpatients,,1,,404,538,1.33168316831683,,392,2341,5.9719387755102,
2020Q2,,S08000019,,S12000030,,Emergency Inpatients,,1,,271,258,0.952029520295203,,256,1127,4.40234375,
2020Q3,,S08000019,,S12000030,,Emergency Inpatients,,1,,348,531,1.52586206896552,,327,1474,4.50764525993884,
2020Q4,,S08000019,,S12000030,,Emergency Inpatients,,1,,372,489,1.31451612903226,,345,1810,5.2463768115942,
2021Q1,,S08000019,,S12000030,,Emergency Inpatients,,1,,299,318,1.06354515050167,,293,2238,7.6382252559727,
2021Q2,,S08000019,,S12000030,,Emergency Inpatients,,1,,377,447,1.18567639257294,,353,1963,5.56090651558074,
2021Q3,,S08000019,,S12000030,,Emergency Inpatients,,1,,368,507,1.37771739130435,,354,2776,7.84180790960452,
2021Q4,,S08000019,,S12000030,,Emergency Inpatients,,1,,345,777,2.25217391304348,,332,2469,7.43674698795181,
2022Q1,,S08000019,,S12000030,,Emergency Inpatients,,1,,382,684,1.79057591623037,,368,2188,5.94565217391304,
2022Q2,,S08000019,,S12000030,,Emergency Inpatients,,1,,382,362,0.947643979057592,,360,2192,6.08888888888889,
2022Q3,,S08000019,,S12000030,,Emergency Inpatients,,1,,354,439,1.24011299435028,,342,1885,5.51169590643275,
2022Q4,p,S08000019,,S12000030,,Emergency Inpatients,,1,,326,454,1.39263803680982,,293,2141,7.30716723549488,
2017Q4,,S08000019,,S12000030,,Emergency Inpatients,,2,,321,638,1.98753894080997,,309,2794,9.042071197411,
2018Q1,,S08000019,,S12000030,,Emergency Inpatients,,2,,306,703,2.29738562091503,,300,2541,8.47,
2018Q2,,S08000019,,S12000030,,Emergency Inpatients,,2,,351,687,1.95726495726496,,347,2507,7.22478386167147,
2018Q3,,S08000019,,S12000030,,Emergency Inpatients,,2,,313,769,2.45686900958466,,293,2072,7.07167235494881,
2018Q4,,S08000019,,S12000030,,Emergency Inpatients,,2,,327,816,2.4954128440367,,324,3129,9.65740740740741,
2019Q1,,S08000019,,S12000030,,Emergency Inpatients,,2,,318,631,1.98427672955975,,306,2783,9.09477124183007,
2019Q2,,S08000019,,S12000030,,Emergency Inpatients,,2,,371,651,1.75471698113208,,342,2096,6.12865497076023,
2019Q3,,S08000019,,S12000030,,Emergency Inpatients,,2,,406,444,1.0935960591133,,397,2578,6.49370277078086,
2019Q4,,S08000019,,S12000030,,Emergency Inpatients,,2,,411,440,1.0705596107056,,384,2709,7.0546875,
2020Q1,,S08000019,,S12000030,,Emergency Inpatients,,2,,392,1146,2.9234693877551,,381,2620,6.87664041994751,
2020Q2,,S08000019,,S12000030,,Emergency Inpatients,,2,,306,334,1.09150326797386,,289,1753,6.06574394463668,
2020Q3,,S08000019,,S12000030,,Emergency Inpatients,,2,,407,601,1.47665847665848,,374,2443,6.53208556149733,
2020Q4,,S08000019,,S12000030,,Emergency Inpatients,,2,,394,515,1.30710659898477,,373,2071,5.55227882037534,
2021Q1,,S08000019,,S12000030,,Emergency Inpatients,,2,,427,545,1.27634660421546,,408,2491,6.10539215686275,
2021Q2,,S08000019,,S12000030,,Emergency Inpatients,,2,,409,486,1.18826405867971,,384,2334,6.078125,
2021Q3,,S08000019,,S12000030,,Emergency Inpatients,,2,,357,587,1.64425770308123,,334,2140,6.40718562874252,
2021Q4,,S08000019,,S12000030,,Emergency Inpatients,,2,,375,610,1.62666666666667,,357,3060,8.57142857142857,
2022Q1,,S08000019,,S12000030,,Emergency Inpatients,,2,,342,463,1.35380116959064,,325,2214,6.81230769230769,
2022Q2,,S08000019,,S12000030,,Emergency Inpatients,,2,,374,559,1.49465240641711,,356,3636,10.2134831460674,
2022Q3,,S08000019,,S12000030,,Emergency Inpatients,,2,,393,602,1.53180661577608,,379,2947,7.77572559366755,
2022Q4,p,S08000019,,S12000030,,Emergency Inpatients,,2,,386,578,1.49740932642487,,369,2856,7.73983739837398,
2017Q4,,S08000019,,S12000030,,Emergency Inpatients,,3,,288,635,2.20486111111111,,283,2534,8.95406360424028,
2018Q1,,S08000019,,S12000030,,Emergency Inpatients,,3,,286,604,2.11188811188811,,266,1776,6.67669172932331,
2018Q2,,S08000019,,S12000030,,Emergency Inpatients,,3,,276,492,1.78260869565217,,274,2238,8.16788321167883,
2018Q3,,S08000019,,S12000030,,Emergency Inpatients,,3,,305,961,3.15081967213115,,294,3085,10.4931972789116,
2018Q4,,S08000019,,S12000030,,Emergency Inpatients,,3,,310,768,2.47741935483871,,295,2754,9.33559322033898,
2019Q1,,S08000019,,S12000030,,Emergency Inpatients,,3,,279,572,2.05017921146953,,280,2663,9.51071428571429,
2019Q2,,S08000019,,S12000030,,Emergency Inpatients,,3,,364,765,2.10164835164835,,340,2461,7.23823529411765,
2019Q3,,S08000019,,S12000030,,Emergency Inpatients,,3,,354,764,2.15819209039548,,338,2722,8.05325443786982,
2019Q4,,S08000019,,S12000030,,Emergency Inpatients,,3,,361,844,2.33795013850416,,342,2488,7.27485380116959,
2020Q1,,S08000019,,S12000030,,Emergency Inpatients,,3,,345,627,1.81739130434783,,326,2690,8.25153374233129,
2020Q2,,S08000019,,S12000030,,Emergency Inpatients,,3,,260,237,0.911538461538462,,248,1514,6.10483870967742,
2020Q3,,S08000019,,S12000030,,Emergency Inpatients,,3,,292,437,1.49657534246575,,273,1812,6.63736263736264,
2020Q4,,S08000019,,S12000030,,Emergency Inpatients,,3,,350,552,1.57714285714286,,334,2094,6.26946107784431,
2021Q1,,S08000019,,S12000030,,Emergency Inpatients,,3,,367,405,1.10354223433243,,343,1725,5.02915451895044,
2021Q2,,S08000019,,S12000030,,Emergency Inpatients,,3,,387,472,1.21963824289406,,362,1890,5.22099447513812,
2021Q3,,S08000019,,S12000030,,Emergency Inpatients,,3,,336,565,1.68154761904762,,320,2270,7.09375,
2021Q4,,S08000019,,S12000030,,Emergency Inpatients,,3,,349,627,1.79656160458453,,332,2309,6.95481927710843,
2022Q1,,S08000019,,S12000030,,Emergency Inpatients,,3,,337,399,1.1839762611276,,322,2123,6.59316770186335,
2022Q2,,S08000019,,S12000030,,Emergency Inpatients,,3,,343,546,1.59183673469388,,333,2307,6.92792792792793,
2022Q3,,S08000019,,S12000030,,Emergency Inpatients,,3,,372,450,1.20967741935484,,353,2207,6.25212464589235,
2022Q4,p,S08000019,,S12000030,,Emergency Inpatients,,3,,361,571,1.58171745152355,,356,2682,7.53370786516854,
2017Q4,,S08000019,,S12000030,,Emergency Inpatients,,4,,468,986,2.10683760683761,,461,3703,8.03253796095445,
2018Q1,,S08000019,,S12000030,,Emergency Inpatients,,4,,453,1222,2.69757174392936,,428,3337,7.79672897196262,
2018Q2,,S08000019,,S12000030,,Emergency Inpatients,,4,,457,1052,2.3019693654267,,443,3693,8.33634311512415,
2018Q3,,S08000019,,S12000030,,Emergency Inpatients,,4,,464,1094,2.35775862068966,,454,4332,9.54185022026432,
2018Q4,,S08000019,,S12000030,,Emergency Inpatients,,4,,477,1444,3.0272536687631,,462,4399,9.52164502164502,
2019Q1,,S08000019,,S12000030,,Emergency Inpatients,,4,,474,1259,2.65611814345992,,474,4396,9.27426160337553,
2019Q2,,S08000019,,S12000030,,Emergency Inpatients,,4,,595,1370,2.30252100840336,,549,4648,8.46630236794171,
2019Q3,,S08000019,,S12000030,,Emergency Inpatients,,4,,560,912,1.62857142857143,,530,3978,7.50566037735849,
2019Q4,,S08000019,,S12000030,,Emergency Inpatients,,4,,646,1090,1.68730650154799,,615,4522,7.35284552845528,
2020Q1,,S08000019,,S12000030,,Emergency Inpatients,,4,,482,870,1.80497925311203,,474,3479,7.33966244725738,
2020Q2,,S08000019,,S12000030,,Emergency Inpatients,,4,,411,387,0.941605839416058,,381,2213,5.80839895013123,
2020Q3,,S08000019,,S12000030,,Emergency Inpatients,,4,,516,653,1.26550387596899,,490,3111,6.34897959183674,
2020Q4,,S08000019,,S12000030,,Emergency Inpatients,,4,,503,664,1.32007952286282,,482,2604,5.40248962655602,
2021Q1,,S08000019,,S12000030,,Emergency Inpatients,,4,,459,545,1.18736383442266,,425,3077,7.24,
2021Q2,,S08000019,,S12000030,,Emergency Inpatients,,4,,647,701,1.08346213292117,,614,3393,5.52605863192182,
2021Q3,,S08000019,,S12000030,,Emergency Inpatients,,4,,557,868,1.55834829443447,,527,3198,6.06831119544592,
2021Q4,,S08000019,,S12000030,,Emergency Inpatients,,4,,543,864,1.59116022099448,,528,3731,7.06628787878788,
2022Q1,,S08000019,,S12000030,,Emergency Inpatients,,4,,500,768,1.536,,475,3543,7.45894736842105,
2022Q2,,S08000019,,S12000030,,Emergency Inpatients,,4,,519,889,1.71290944123314,,505,2979,5.8990099009901,
2022Q3,,S08000019,,S12000030,,Emergency Inpatients,,4,,563,997,1.7708703374778,,521,3390,6.50671785028791,
2022Q4,p,S08000019,,S12000030,,Emergency Inpatients,,4,,552,1099,1.99094202898551,,521,4346,8.34165067178503,
2017Q4,,S08000019,,S12000030,,Emergency Inpatients,,5,,400,988,2.47,,387,2746,7.09560723514212,
2018Q1,,S08000019,,S12000030,,Emergency Inpatients,,5,,360,885,2.45833333333333,,354,2738,7.73446327683616,
2018Q2,,S08000019,,S12000030,,Emergency Inpatients,,5,,342,790,2.30994152046784,,334,2953,8.84131736526946,
2018Q3,,S08000019,,S12000030,,Emergency Inpatients,,5,,358,668,1.8659217877095,,348,2357,6.77298850574713,
2018Q4,,S08000019,,S12000030,,Emergency Inpatients,,5,,359,924,2.57381615598886,,359,3160,8.80222841225627,
2019Q1,,S08000019,,S12000030,,Emergency Inpatients,,5,,359,841,2.34261838440111,,344,2578,7.49418604651163,
2019Q2,,S08000019,,S12000030,,Emergency Inpatients,,5,,452,931,2.05973451327434,,430,2635,6.12790697674419,
2019Q3,,S08000019,,S12000030,,Emergency Inpatients,,5,,528,3921,7.42613636363636,,496,6272,12.6451612903226,
2019Q4,,S08000019,,S12000030,,Emergency Inpatients,,5,,501,777,1.55089820359281,,475,4333,9.1221052631579,
2020Q1,,S08000019,,S12000030,,Emergency Inpatients,,5,,479,578,1.20668058455115,,464,3772,8.12931034482759,
2020Q2,,S08000019,,S12000030,,Emergency Inpatients,,5,,348,432,1.24137931034483,,314,2383,7.58917197452229,
2020Q3,,S08000019,,S12000030,,Emergency Inpatients,,5,,433,565,1.30484988452656,,391,2157,5.51662404092072,
2020Q4,,S08000019,,S12000030,,Emergency Inpatients,,5,,510,780,1.52941176470588,,478,3148,6.58577405857741,
2021Q1,,S08000019,,S12000030,,Emergency Inpatients,,5,,380,861,2.26578947368421,,363,3173,8.74104683195592,
2021Q2,,S08000019,,S12000030,,Emergency Inpatients,,5,,466,532,1.14163090128755,,433,2745,6.33949191685912,
2021Q3,,S08000019,,S12000030,,Emergency Inpatients,,5,,434,523,1.20506912442396,,441,3196,7.24716553287982,
2021Q4,,S08000019,,S12000030,,Emergency Inpatients,,5,,495,907,1.83232323232323,,460,3036,6.6,
2022Q1,,S08000019,,S12000030,,Emergency Inpatients,,5,,421,570,1.35391923990499,,395,2202,5.5746835443038,
2022Q2,,S08000019,,S12000030,,Emergency Inpatients,,5,,483,767,1.5879917184265,,464,3177,6.84698275862069,
2022Q3,,S08000019,,S12000030,,Emergency Inpatients,,5,,476,747,1.56932773109244,,446,2869,6.43273542600897,
2022Q4,p,S08000019,,S12000030,,Emergency Inpatients,,5,,497,690,1.38832997987928,,466,3391,7.27682403433476,
2017Q4,,S08000020,,S12000033,,Emergency Inpatients,,1,,687,2171,3.16011644832606,,687,5217,7.5938864628821,
2018Q1,,S08000020,,S12000033,,Emergency Inpatients,,1,,710,3100,4.36619718309859,,703,5977,8.50213371266003,
2018Q2,,S08000020,,S12000033,,Emergency Inpatients,,1,,724,2267,3.13121546961326,,713,4670,6.54978962131837,
2018Q3,,S08000020,,S12000033,,Emergency Inpatients,,1,,712,2131,2.99297752808989,,712,4456,6.25842696629214,
2018Q4,,S08000020,,S12000033,,Emergency Inpatients,,1,,722,2466,3.41551246537396,,714,4187,5.8641456582633,
2019Q1,,S08000020,,S12000033,,Emergency Inpatients,,1,,738,2658,3.60162601626016,,734,5260,7.16621253405995,
2019Q2,,S08000020,,S12000033,,Emergency Inpatients,,1,,753,2610,3.46613545816733,,749,5172,6.90520694259012,
2019Q3,,S08000020,,S12000033,,Emergency Inpatients,,1,,791,2882,3.64348925410872,,792,5480,6.91919191919192,
2019Q4,,S08000020,,S12000033,,Emergency Inpatients,,1,,630,2567,4.07460317460317,,629,5118,8.13672496025437,
2020Q1,,S08000020,,S12000033,,Emergency Inpatients,,1,,670,2526,3.77014925373134,,667,5542,8.3088455772114,
2020Q2,,S08000020,,S12000033,,Emergency Inpatients,,1,,699,1419,2.03004291845494,,689,3619,5.25253991291727,
2020Q3,,S08000020,,S12000033,,Emergency Inpatients,,1,,737,2244,3.04477611940298,,738,4001,5.42140921409214,
2020Q4,,S08000020,,S12000033,,Emergency Inpatients,,1,,649,1936,2.98305084745763,,652,4211,6.45858895705521,
2021Q1,,S08000020,,S12000033,,Emergency Inpatients,,1,,677,2335,3.44903988183161,,674,4118,6.10979228486647,
2021Q2,,S08000020,,S12000033,,Emergency Inpatients,,1,,692,2625,3.79335260115607,,683,4013,5.87554904831625,
2021Q3,,S08000020,,S12000033,,Emergency Inpatients,,1,,760,2605,3.42763157894737,,760,4822,6.34473684210526,
2021Q4,,S08000020,,S12000033,,Emergency Inpatients,,1,,756,2935,3.88227513227513,,742,4764,6.42048517520216,
2022Q1,,S08000020,,S12000033,,Emergency Inpatients,,1,,765,2573,3.3633986928104598,,764,4717,6.17408376963351,
2022Q2,,S08000020,,S12000033,,Emergency Inpatients,,1,,673,2327,3.45765230312036,,671,4703,7.00894187779434,
2022Q3,,S08000020,,S12000033,,Emergency Inpatients,,1,,614,1977,3.21986970684039,,614,3866,6.29641693811075,
2022Q4,p,S08000020,,S12000033,,Emergency Inpatients,,1,,590,2758,4.67457627118644,,592,4952,8.36486486486486,
2017Q4,,S08000020,,S12000033,,Emergency Inpatients,,2,,1313,4572,3.48210205635948,,1289,8908,6.91078355314197,
2018Q1,,S08000020,,S12000033,,Emergency Inpatients,,2,,1401,5470,3.90435403283369,,1390,10428,7.5021582733813,
2018Q2,,S08000020,,S12000033,,Emergency Inpatients,,2,,1263,4440,3.51543942992874,,1261,8980,7.12133227597145,
2018Q3,,S08000020,,S12000033,,Emergency Inpatients,,2,,1242,4190,3.37359098228663,,1216,8794,7.23190789473684,
2018Q4,,S08000020,,S12000033,,Emergency Inpatients,,2,,1217,4263,3.50287592440427,,1206,9961,8.25953565505804,
2019Q1,,S08000020,,S12000033,,Emergency Inpatients,,2,,1195,4516,3.77907949790795,,1206,8850,7.33830845771144,
2019Q2,,S08000020,,S12000033,,Emergency Inpatients,,2,,1214,4228,3.4827018121911,,1201,8009,6.66860949208993,
2019Q3,,S08000020,,S12000033,,Emergency Inpatients,,2,,1302,4586,3.52227342549923,,1294,9269,7.1630602782071104,
2019Q4,,S08000020,,S12000033,,Emergency Inpatients,,2,,1259,4575,3.63383637807784,,1250,9266,7.4128,
2020Q1,,S08000020,,S12000033,,Emergency Inpatients,,2,,1151,4463,3.87749782797567,,1165,10387,8.91587982832618,
2020Q2,,S08000020,,S12000033,,Emergency Inpatients,,2,,1231,2485,2.01868399675061,,1224,6565,5.36356209150327,
2020Q3,,S08000020,,S12000033,,Emergency Inpatients,,2,,1217,3463,2.8455217748562,,1234,6915,5.60372771474878,
2020Q4,,S08000020,,S12000033,,Emergency Inpatients,,2,,1167,4093,3.50728363324764,,1139,7826,6.87093942054434,
2021Q1,,S08000020,,S12000033,,Emergency Inpatients,,2,,1182,4012,3.39424703891709,,1179,8042,6.82103477523325,
2021Q2,,S08000020,,S12000033,,Emergency Inpatients,,2,,1242,4295,3.45813204508857,,1243,7490,6.02574416733709,
2021Q3,,S08000020,,S12000033,,Emergency Inpatients,,2,,1251,4380,3.50119904076739,,1238,7164,5.78675282714055,
2021Q4,,S08000020,,S12000033,,Emergency Inpatients,,2,,1215,4398,3.61975308641975,,1224,8379,6.84558823529412,
2022Q1,,S08000020,,S12000033,,Emergency Inpatients,,2,,1183,5032,4.25359256128487,,1159,8215,7.08800690250216,
2022Q2,,S08000020,,S12000033,,Emergency Inpatients,,2,,1231,4146,3.36799350121852,,1241,8246,6.64464141821112,
2022Q3,,S08000020,,S12000033,,Emergency Inpatients,,2,,1212,5090,4.1996699669967,,1200,7839,6.5325,
2022Q4,p,S08000020,,S12000033,,Emergency Inpatients,,2,,1132,4626,4.08657243816254,,1131,8194,7.24491600353669,
2017Q4,,S08000020,,S12000033,,Emergency Inpatients,,3,,703,2396,3.40825035561878,,702,5803,8.26638176638177,
2018Q1,,S08000020,,S12000033,,Emergency Inpatients,,3,,711,2891,4.06610407876231,,701,6520,9.30099857346648,
2018Q2,,S08000020,,S12000033,,Emergency Inpatients,,3,,723,2579,3.567081604426,,734,5783,7.87874659400545,
2018Q3,,S08000020,,S12000033,,Emergency Inpatients,,3,,678,2386,3.51917404129794,,674,4920,7.29970326409496,
2018Q4,,S08000020,,S12000033,,Emergency Inpatients,,3,,662,2550,3.85196374622356,,644,4745,7.36801242236025,
2019Q1,,S08000020,,S12000033,,Emergency Inpatients,,3,,687,2505,3.64628820960699,,699,5065,7.24606580829757,
2019Q2,,S08000020,,S12000033,,Emergency Inpatients,,3,,710,3209,4.51971830985916,,697,6091,8.73888091822095,
2019Q3,,S08000020,,S12000033,,Emergency Inpatients,,3,,702,3064,4.36467236467236,,704,6464,9.18181818181818,
2019Q4,,S08000020,,S12000033,,Emergency Inpatients,,3,,772,2905,3.76295336787565,,760,5755,7.57236842105263,
2020Q1,,S08000020,,S12000033,,Emergency Inpatients,,3,,632,2715,4.29588607594937,,638,6277,9.83855799373041,
2020Q2,,S08000020,,S12000033,,Emergency Inpatients,,3,,713,1482,2.07854137447405,,691,3793,5.4891461649782904,
2020Q3,,S08000020,,S12000033,,Emergency Inpatients,,3,,721,2000,2.77392510402219,,738,4452,6.03252032520325,
2020Q4,,S08000020,,S12000033,,Emergency Inpatients,,3,,662,2666,4.02719033232628,,656,4675,7.1265243902439,
2021Q1,,S08000020,,S12000033,,Emergency Inpatients,,3,,603,2355,3.90547263681592,,597,4312,7.22278056951424,
2021Q2,,S08000020,,S12000033,,Emergency Inpatients,,3,,673,2340,3.47696879643388,,680,4640,6.8235294117647,
2021Q3,,S08000020,,S12000033,,Emergency Inpatients,,3,,680,2510,3.69117647058824,,670,4557,6.80149253731343,
2021Q4,,S08000020,,S12000033,,Emergency Inpatients,,3,,705,2890,4.09929078014184,,699,4842,6.92703862660944,
2022Q1,,S08000020,,S12000033,,Emergency Inpatients,,3,,667,2689,4.03148425787106,,660,5062,7.66969696969697,
2022Q2,,S08000020,,S12000033,,Emergency Inpatients,,3,,682,2926,4.29032258064516,,679,4786,7.04860088365243,
2022Q3,,S08000020,,S12000033,,Emergency Inpatients,,3,,662,2328,3.5166163141994,,655,4836,7.38320610687023,
2022Q4,p,S08000020,,S12000033,,Emergency Inpatients,,3,,691,2810,4.06657018813314,,682,4627,6.78445747800586,
2017Q4,,S08000020,,S12000033,,Emergency Inpatients,,4,,574,2051,3.57317073170732,,567,4951,8.73192239858906,
2018Q1,,S08000020,,S12000033,,Emergency Inpatients,,4,,551,2371,4.30308529945554,,559,4576,8.18604651162791,
2018Q2,,S08000020,,S12000033,,Emergency Inpatients,,4,,569,2177,3.82601054481547,,546,3614,6.61904761904762,
2018Q3,,S08000020,,S12000033,,Emergency Inpatients,,4,,541,1736,3.20887245841035,,528,3684,6.97727272727273,
2018Q4,,S08000020,,S12000033,,Emergency Inpatients,,4,,562,2137,3.80249110320285,,566,5071,8.95936395759717,
2019Q1,,S08000020,,S12000033,,Emergency Inpatients,,4,,571,2094,3.66725043782837,,579,5079,8.7720207253886,
2019Q2,,S08000020,,S12000033,,Emergency Inpatients,,4,,574,2297,4.00174216027875,,570,3845,6.74561403508772,
2019Q3,,S08000020,,S12000033,,Emergency Inpatients,,4,,561,2133,3.80213903743316,,559,4060,7.26296958855098,
2019Q4,,S08000020,,S12000033,,Emergency Inpatients,,4,,597,2053,3.43886097152429,,589,4052,6.87945670628183,
2020Q1,,S08000020,,S12000033,,Emergency Inpatients,,4,,606,2224,3.66996699669967,,618,5514,8.92233009708738,
2020Q2,,S08000020,,S12000033,,Emergency Inpatients,,4,,553,1261,2.28028933092224,,542,3469,6.40036900369004,
2020Q3,,S08000020,,S12000033,,Emergency Inpatients,,4,,543,1707,3.14364640883978,,544,3458,6.35661764705882,
2020Q4,,S08000020,,S12000033,,Emergency Inpatients,,4,,560,1965,3.50892857142857,,560,3606,6.43928571428571,
2021Q1,,S08000020,,S12000033,,Emergency Inpatients,,4,,550,2092,3.80363636363636,,540,3807,7.05,
2021Q2,,S08000020,,S12000033,,Emergency Inpatients,,4,,575,1921,3.34086956521739,,575,4119,7.16347826086957,
2021Q3,,S08000020,,S12000033,,Emergency Inpatients,,4,,602,1959,3.25415282392027,,590,3729,6.32033898305085,
2021Q4,,S08000020,,S12000033,,Emergency Inpatients,,4,,578,2240,3.87543252595156,,567,4130,7.28395061728395,
2022Q1,,S08000020,,S12000033,,Emergency Inpatients,,4,,558,2016,3.61290322580645,,558,4182,7.49462365591398,
2022Q2,,S08000020,,S12000033,,Emergency Inpatients,,4,,609,2600,4.26929392446634,,608,4878,8.02302631578947,
2022Q3,,S08000020,,S12000033,,Emergency Inpatients,,4,,625,2774,4.4384,,624,4812,7.71153846153846,
2022Q4,p,S08000020,,S12000033,,Emergency Inpatients,,4,,582,2473,4.24914089347079,,585,4294,7.34017094017094,
2017Q4,,S08000020,,S12000033,,Emergency Inpatients,,5,,1251,4514,3.60831334932054,,1227,9682,7.89079054604727,
2018Q1,,S08000020,,S12000033,,Emergency Inpatients,,5,,1200,4572,3.81,,1205,11634,9.65477178423236,
2018Q2,,S08000020,,S12000033,,Emergency Inpatients,,5,,1153,4406,3.8213356461405,,1154,10435,9.04246100519931,
2018Q3,,S08000020,,S12000033,,Emergency Inpatients,,5,,1163,3753,3.22699914015477,,1165,9088,7.80085836909871,
2018Q4,,S08000020,,S12000033,,Emergency Inpatients,,5,,1200,3843,3.2025,,1194,8421,7.05276381909548,
2019Q1,,S08000020,,S12000033,,Emergency Inpatients,,5,,1275,5116,4.01254901960784,,1261,8836,7.0071371927042,
2019Q2,,S08000020,,S12000033,,Emergency Inpatients,,5,,1243,4877,3.92357200321802,,1243,9599,7.72244569589702,
2019Q3,,S08000020,,S12000033,,Emergency Inpatients,,5,,1339,5042,3.76549663928305,,1294,9579,7.40262751159196,
2019Q4,,S08000020,,S12000033,,Emergency Inpatients,,5,,1326,4869,3.67194570135747,,1352,12227,9.04363905325444,
2020Q1,,S08000020,,S12000033,,Emergency Inpatients,,5,,1204,4675,3.8828903654485,,1209,10776,8.91315136476427,
2020Q2,,S08000020,,S12000033,,Emergency Inpatients,,5,,1172,2602,2.22013651877133,,1162,6759,5.81669535283993,
2020Q3,,S08000020,,S12000033,,Emergency Inpatients,,5,,1086,3219,2.96408839779006,,1088,7017,6.44944852941176,
2020Q4,,S08000020,,S12000033,,Emergency Inpatients,,5,,1122,3825,3.40909090909091,,1108,7352,6.63537906137184,
2021Q1,,S08000020,,S12000033,,Emergency Inpatients,,5,,1172,4510,3.8481228668942,,1184,8925,7.53800675675676,
2021Q2,,S08000020,,S12000033,,Emergency Inpatients,,5,,1313,4901,3.73267326732673,,1288,8436,6.54968944099379,
2021Q3,,S08000020,,S12000033,,Emergency Inpatients,,5,,1250,5434,4.3472,,1246,9476,7.60513643659711,
2021Q4,,S08000020,,S12000033,,Emergency Inpatients,,5,,1189,4439,3.73338940285955,,1173,8714,7.42881500426257,
2022Q1,,S08000020,,S12000033,,Emergency Inpatients,,5,,1163,4572,3.93121238177128,,1156,9586,8.2923875432526,
2022Q2,,S08000020,,S12000033,,Emergency Inpatients,,5,,1190,4694,3.94453781512605,,1185,9400,7.93248945147679,
2022Q3,,S08000020,,S12000033,,Emergency Inpatients,,5,,1220,5602,4.59180327868852,,1218,9703,7.96633825944171,
2022Q4,p,S08000020,,S12000033,,Emergency Inpatients,,5,,1243,5277,4.24537409493162,,1249,10221,8.18334667734187,
2022Q3,,S08000020,,S12000033,,Emergency Inpatients,,,:,0,6,,z,0,0,,z
2022Q4,p,S08000020,,S12000033,,Emergency Inpatients,,,:,5,59,11.8,,0,85,,z
2017Q4,,S08000020,,S12000034,,Emergency Inpatients,,1,,168,661,3.93452380952381,,162,1510,9.32098765432099,
2018Q1,,S08000020,,S12000034,,Emergency Inpatients,,1,,148,604,4.08108108108108,,146,1112,7.61643835616438,
2018Q2,,S08000020,,S12000034,,Emergency Inpatients,,1,,155,482,3.10967741935484,,149,996,6.68456375838926,
2018Q3,,S08000020,,S12000034,,Emergency Inpatients,,1,,160,502,3.1375,,152,1294,8.51315789473684,
2018Q4,,S08000020,,S12000034,,Emergency Inpatients,,1,,142,506,3.56338028169014,,144,1132,7.86111111111111,
2019Q1,,S08000020,,S12000034,,Emergency Inpatients,,1,,159,884,5.55974842767296,,145,1252,8.63448275862069,
2019Q2,,S08000020,,S12000034,,Emergency Inpatients,,1,,162,483,2.98148148148148,,166,2007,12.0903614457831,
2019Q3,,S08000020,,S12000034,,Emergency Inpatients,,1,,177,656,3.70621468926554,,172,1271,7.38953488372093,
2019Q4,,S08000020,,S12000034,,Emergency Inpatients,,1,,180,852,4.73333333333333,,178,1613,9.06179775280899,
2020Q1,,S08000020,,S12000034,,Emergency Inpatients,,1,,170,620,3.64705882352941,,163,1404,8.61349693251534,
2020Q2,,S08000020,,S12000034,,Emergency Inpatients,,1,,172,373,2.16860465116279,,171,1107,6.47368421052632,
2020Q3,,S08000020,,S12000034,,Emergency Inpatients,,1,,154,518,3.36363636363636,,149,1170,7.85234899328859,
2020Q4,,S08000020,,S12000034,,Emergency Inpatients,,1,,128,559,4.3671875,,128,1428,11.15625,
2021Q1,,S08000020,,S12000034,,Emergency Inpatients,,1,,169,538,3.18343195266272,,172,1236,7.18604651162791,
2021Q2,,S08000020,,S12000034,,Emergency Inpatients,,1,,174,576,3.31034482758621,,170,963,5.66470588235294,
2021Q3,,S08000020,,S12000034,,Emergency Inpatients,,1,,233,939,4.03004291845494,,228,1398,6.13157894736842,
2021Q4,,S08000020,,S12000034,,Emergency Inpatients,,1,,207,912,4.40579710144928,,201,1741,8.66169154228856,
2022Q1,,S08000020,,S12000034,,Emergency Inpatients,,1,,186,737,3.96236559139785,,186,1503,8.08064516129032,
2022Q2,,S08000020,,S12000034,,Emergency Inpatients,,1,,181,714,3.94475138121547,,182,2344,12.8791208791209,
2022Q3,,S08000020,,S12000034,,Emergency Inpatients,,1,,181,806,4.45303867403315,,181,1719,9.49723756906077,
2022Q4,p,S08000020,,S12000034,,Emergency Inpatients,,1,,203,973,4.79310344827586,,201,1809,9,
2017Q4,,S08000020,,S12000034,,Emergency Inpatients,,2,,498,1836,3.68674698795181,,489,3547,7.25357873210634,
2018Q1,,S08000020,,S12000034,,Emergency Inpatients,,2,,514,2135,4.15369649805448,,489,4825,9.86707566462168,
2018Q2,,S08000020,,S12000034,,Emergency Inpatients,,2,,501,1868,3.72854291417166,,486,4326,8.90123456790123,
2018Q3,,S08000020,,S12000034,,Emergency Inpatients,,2,,525,2050,3.9047619047619,,507,4104,8.09467455621302,
2018Q4,,S08000020,,S12000034,,Emergency Inpatients,,2,,471,1594,3.38428874734607,,462,3606,7.8051948051948,
2019Q1,,S08000020,,S12000034,,Emergency Inpatients,,2,,556,2196,3.94964028776978,,528,4623,8.75568181818182,
2019Q2,,S08000020,,S12000034,,Emergency Inpatients,,2,,529,2229,4.21361058601134,,514,4099,7.97470817120623,
2019Q3,,S08000020,,S12000034,,Emergency Inpatients,,2,,498,2032,4.08032128514056,,489,3697,7.56032719836401,
2019Q4,,S08000020,,S12000034,,Emergency Inpatients,,2,,546,2231,4.08608058608059,,526,4500,8.55513307984791,
2020Q1,,S08000020,,S12000034,,Emergency Inpatients,,2,,507,1984,3.91321499013807,,498,4348,8.73092369477912,
2020Q2,,S08000020,,S12000034,,Emergency Inpatients,,2,,449,964,2.14699331848552,,438,2764,6.31050228310502,
2020Q3,,S08000020,,S12000034,,Emergency Inpatients,,2,,478,1720,3.59832635983264,,488,3532,7.23770491803279,
2020Q4,,S08000020,,S12000034,,Emergency Inpatients,,2,,479,1631,3.40501043841336,,467,3046,6.52248394004283,
2021Q1,,S08000020,,S12000034,,Emergency Inpatients,,2,,523,2317,4.4302103250478,,516,4020,7.7906976744186,
2021Q2,,S08000020,,S12000034,,Emergency Inpatients,,2,,525,1961,3.7352380952381,,511,3761,7.3600782778865,
2021Q3,,S08000020,,S12000034,,Emergency Inpatients,,2,,572,2107,3.68356643356643,,567,3723,6.56613756613757,
2021Q4,,S08000020,,S12000034,,Emergency Inpatients,,2,,541,2124,3.92606284658041,,532,4216,7.92481203007519,
2022Q1,,S08000020,,S12000034,,Emergency Inpatients,,2,,512,2257,4.408203125,,500,4597,9.194,
2022Q2,,S08000020,,S12000034,,Emergency Inpatients,,2,,505,1996,3.95247524752475,,512,4047,7.904296875,
2022Q3,,S08000020,,S12000034,,Emergency Inpatients,,2,,503,2105,4.18489065606362,,491,3561,7.25254582484725,
2022Q4,p,S08000020,,S12000034,,Emergency Inpatients,,2,,468,1982,4.23504273504274,,469,3861,8.23240938166311,
2017Q4,,S08000020,,S12000034,,Emergency Inpatients,,3,,888,3623,4.07995495495495,,867,8164,9.4163783160323,
2018Q1,,S08000020,,S12000034,,Emergency Inpatients,,3,,960,3685,3.83854166666667,,910,7884,8.66373626373626,
2018Q2,,S08000020,,S12000034,,Emergency Inpatients,,3,,993,3441,3.46525679758308,,985,8846,8.98071065989848,
2018Q3,,S08000020,,S12000034,,Emergency Inpatients,,3,,889,3378,3.79977502812148,,869,7331,8.4361334867664,
2018Q4,,S08000020,,S12000034,,Emergency Inpatients,,3,,891,3365,3.77665544332211,,868,7420,8.54838709677419,
2019Q1,,S08000020,,S12000034,,Emergency Inpatients,,3,,871,3171,3.6406429391504,,860,7181,8.35,
2019Q2,,S08000020,,S12000034,,Emergency Inpatients,,3,,940,3460,3.68085106382979,,918,6653,7.24727668845316,
2019Q3,,S08000020,,S12000034,,Emergency Inpatients,,3,,980,3655,3.72959183673469,,947,6854,7.2375923970433,
2019Q4,,S08000020,,S12000034,,Emergency Inpatients,,3,,996,3800,3.81526104417671,,966,8587,8.88923395445135,
2020Q1,,S08000020,,S12000034,,Emergency Inpatients,,3,,1014,4139,4.0818540433925,,1012,10127,10.0069169960474,
2020Q2,,S08000020,,S12000034,,Emergency Inpatients,,3,,802,1840,2.29426433915212,,784,5566,7.09948979591837,
2020Q3,,S08000020,,S12000034,,Emergency Inpatients,,3,,870,2889,3.32068965517241,,865,5978,6.91098265895954,
2020Q4,,S08000020,,S12000034,,Emergency Inpatients,,3,,831,3443,4.14320096269555,,815,6311,7.74355828220859,
2021Q1,,S08000020,,S12000034,,Emergency Inpatients,,3,,847,3454,4.07792207792208,,837,6804,8.12903225806452,
2021Q2,,S08000020,,S12000034,,Emergency Inpatients,,3,,935,3715,3.97326203208556,,916,7913,8.63864628820961,
2021Q3,,S08000020,,S12000034,,Emergency Inpatients,,3,,922,3299,3.57809110629067,,912,6574,7.20833333333333,
2021Q4,,S08000020,,S12000034,,Emergency Inpatients,,3,,961,4049,4.21331945889698,,929,8035,8.64908503767492,
2022Q1,,S08000020,,S12000034,,Emergency Inpatients,,3,,949,3919,4.12961011591149,,928,8719,9.39547413793103,
2022Q2,,S08000020,,S12000034,,Emergency Inpatients,,3,,966,4028,4.16977225672878,,940,8845,9.40957446808511,
2022Q3,,S08000020,,S12000034,,Emergency Inpatients,,3,,1062,4606,4.33709981167608,,1070,10186,9.5196261682243,
2022Q4,p,S08000020,,S12000034,,Emergency Inpatients,,3,,957,4709,4.92058516196447,,954,9125,9.56498951781971,
2017Q4,,S08000020,,S12000034,,Emergency Inpatients,,4,,1464,4876,3.33060109289617,,1441,9725,6.74878556557946,
2018Q1,,S08000020,,S12000034,,Emergency Inpatients,,4,,1498,5738,3.83044058744993,,1472,11616,7.89130434782609,
2018Q2,,S08000020,,S12000034,,Emergency Inpatients,,4,,1518,5003,3.29578392621871,,1490,10261,6.88657718120805,
2018Q3,,S08000020,,S12000034,,Emergency Inpatients,,4,,1525,5192,3.40459016393443,,1495,9951,6.6561872909699,
2018Q4,,S08000020,,S12000034,,Emergency Inpatients,,4,,1529,5581,3.65009810333551,,1502,11512,7.66444740346205,
2019Q1,,S08000020,,S12000034,,Emergency Inpatients,,4,,1465,5350,3.6518771331058,,1451,11398,7.855272226051,
2019Q2,,S08000020,,S12000034,,Emergency Inpatients,,4,,1565,5362,3.42619808306709,,1530,10616,6.93856209150327,
2019Q3,,S08000020,,S12000034,,Emergency Inpatients,,4,,1576,5135,3.25824873096447,,1558,10661,6.84274711168164,
2019Q4,,S08000020,,S12000034,,Emergency Inpatients,,4,,1535,5443,3.54592833876222,,1510,10459,6.92649006622517,
2020Q1,,S08000020,,S12000034,,Emergency Inpatients,,4,,1553,5968,3.84288473921442,,1548,12249,7.91279069767442,
2020Q2,,S08000020,,S12000034,,Emergency Inpatients,,4,,1377,2987,2.16920842411038,,1344,8162,6.07291666666667,
2020Q3,,S08000020,,S12000034,,Emergency Inpatients,,4,,1456,4352,2.98901098901099,,1445,8958,6.19930795847751,
2020Q4,,S08000020,,S12000034,,Emergency Inpatients,,4,,1472,5366,3.64538043478261,,1469,9998,6.80599046970728,
2021Q1,,S08000020,,S12000034,,Emergency Inpatients,,4,,1479,5818,3.93373901284652,,1453,10545,7.25739848589126,
2021Q2,,S08000020,,S12000034,,Emergency Inpatients,,4,,1605,5832,3.63364485981308,,1596,11203,7.01942355889724,
2021Q3,,S08000020,,S12000034,,Emergency Inpatients,,4,,1544,5664,3.66839378238342,,1516,10539,6.95184696569921,
2021Q4,,S08000020,,S12000034,,Emergency Inpatients,,4,,1489,5455,3.6635325721961,,1474,12288,8.33649932157395,
2022Q1,,S08000020,,S12000034,,Emergency Inpatients,,4,,1585,6002,3.78675078864353,,1547,11839,7.65287653522948,
2022Q2,,S08000020,,S12000034,,Emergency Inpatients,,4,,1628,6822,4.19041769041769,,1612,12790,7.93424317617866,
2022Q3,,S08000020,,S12000034,,Emergency Inpatients,,4,,1618,6309,3.89925834363412,,1617,13082,8.09029066171923,
2022Q4,p,S08000020,,S12000034,,Emergency Inpatients,,4,,1598,6274,3.9261576971214,,1598,12475,7.80663329161452,
2017Q4,,S08000020,,S12000034,,Emergency Inpatients,,5,,855,2849,3.33216374269006,,854,6459,7.5632318501171,
2018Q1,,S08000020,,S12000034,,Emergency Inpatients,,5,,868,3532,4.06912442396313,,853,6019,7.05627198124267,
2018Q2,,S08000020,,S12000034,,Emergency Inpatients,,5,,917,3159,3.44492911668484,,909,7292,8.02200220022002,
2018Q3,,S08000020,,S12000034,,Emergency Inpatients,,5,,930,3061,3.29139784946237,,914,5949,6.50875273522976,
2018Q4,,S08000020,,S12000034,,Emergency Inpatients,,5,,950,3301,3.47473684210526,,934,7156,7.66167023554604,
2019Q1,,S08000020,,S12000034,,Emergency Inpatients,,5,,916,3227,3.52292576419214,,904,6066,6.71017699115044,
2019Q2,,S08000020,,S12000034,,Emergency Inpatients,,5,,881,3278,3.72077185017026,,867,6740,7.77393310265283,
2019Q3,,S08000020,,S12000034,,Emergency Inpatients,,5,,964,3371,3.49688796680498,,945,5898,6.24126984126984,
2019Q4,,S08000020,,S12000034,,Emergency Inpatients,,5,,991,3432,3.46316851664985,,972,7190,7.39711934156379,
2020Q1,,S08000020,,S12000034,,Emergency Inpatients,,5,,928,3789,4.08297413793103,,945,7636,8.08042328042328,
2020Q2,,S08000020,,S12000034,,Emergency Inpatients,,5,,849,1869,2.20141342756184,,833,4651,5.58343337334934,
2020Q3,,S08000020,,S12000034,,Emergency Inpatients,,5,,899,2658,2.95661846496107,,887,5695,6.42051860202931,
2020Q4,,S08000020,,S12000034,,Emergency Inpatients,,5,,904,3197,3.53650442477876,,884,5323,6.02149321266968,
2021Q1,,S08000020,,S12000034,,Emergency Inpatients,,5,,871,3125,3.58783008036739,,865,6341,7.33063583815029,
2021Q2,,S08000020,,S12000034,,Emergency Inpatients,,5,,1001,3727,3.72327672327672,,981,6463,6.5881753312946,
2021Q3,,S08000020,,S12000034,,Emergency Inpatients,,5,,1006,4194,4.16898608349901,,994,7209,7.25251509054326,
2021Q4,,S08000020,,S12000034,,Emergency Inpatients,,5,,982,4157,4.23319755600815,,973,7919,8.13874614594039,
2022Q1,,S08000020,,S12000034,,Emergency Inpatients,,5,,887,3077,3.46899661781285,,886,6278,7.08577878103837,
2022Q2,,S08000020,,S12000034,,Emergency Inpatients,,5,,979,3626,3.70377936670072,,968,7443,7.68904958677686,
2022Q3,,S08000020,,S12000034,,Emergency Inpatients,,5,,1020,3820,3.74509803921569,,1021,8173,8.0048971596474,
2022Q4,p,S08000020,,S12000034,,Emergency Inpatients,,5,,1020,4131,4.05,,1018,7170,7.04322200392927,
2017Q4,,S08000020,,S12000020,,Emergency Inpatients,,1,,75,174,2.32,,74,738,9.97297297297297,
2018Q1,,S08000020,,S12000020,,Emergency Inpatients,,1,,63,234,3.71428571428571,,62,500,8.06451612903226,
2018Q2,,S08000020,,S12000020,,Emergency Inpatients,,1,,51,155,3.03921568627451,,51,610,11.9607843137255,
2018Q3,,S08000020,,S12000020,,Emergency Inpatients,,1,,59,159,2.69491525423729,,59,329,5.57627118644068,
2018Q4,,S08000020,,S12000020,,Emergency Inpatients,,1,,66,172,2.60606060606061,,63,245,3.88888888888889,
2019Q1,,S08000020,,S12000020,,Emergency Inpatients,,1,,63,149,2.36507936507937,,65,323,4.96923076923077,
2019Q2,,S08000020,,S12000020,,Emergency Inpatients,,1,,54,142,2.62962962962963,,54,453,8.38888888888889,
2019Q3,,S08000020,,S12000020,,Emergency Inpatients,,1,,60,191,3.18333333333333,,57,443,7.7719298245614,
2019Q4,,S08000020,,S12000020,,Emergency Inpatients,,1,,68,249,3.66176470588235,,67,465,6.94029850746269,
2020Q1,,S08000020,,S12000020,,Emergency Inpatients,,1,,48,233,4.85416666666667,,47,405,8.61702127659574,
2020Q2,,S08000020,,S12000020,,Emergency Inpatients,,1,,49,130,2.6530612244898,,49,384,7.83673469387755,
2020Q3,,S08000020,,S12000020,,Emergency Inpatients,,1,,58,162,2.79310344827586,,56,514,9.17857142857143,
2020Q4,,S08000020,,S12000020,,Emergency Inpatients,,1,,52,146,2.80769230769231,,51,391,7.66666666666667,
2021Q1,,S08000020,,S12000020,,Emergency Inpatients,,1,,51,255,5,,50,534,10.68,
2021Q2,,S08000020,,S12000020,,Emergency Inpatients,,1,,45,182,4.04444444444444,,45,362,8.04444444444444,
2021Q3,,S08000020,,S12000020,,Emergency Inpatients,,1,,57,190,3.33333333333333,,52,588,11.3076923076923,
2021Q4,,S08000020,,S12000020,,Emergency Inpatients,,1,,54,210,3.88888888888889,,56,688,12.2857142857143,
2022Q1,,S08000020,,S12000020,,Emergency Inpatients,,1,,49,212,4.3265306122449,,47,627,13.3404255319149,
2022Q2,,S08000020,,S12000020,,Emergency Inpatients,,1,,60,159,2.65,,65,609,9.36923076923077,
2022Q3,,S08000020,,S12000020,,Emergency Inpatients,,1,,47,195,4.14893617021277,,46,433,9.41304347826087,
2022Q4,p,S08000020,,S12000020,,Emergency Inpatients,,1,,52,192,3.69230769230769,,52,579,11.1346153846154,
2017Q4,,S08000020,,S12000020,,Emergency Inpatients,,2,,307,715,2.32899022801303,,316,2470,7.81645569620253,
2018Q1,,S08000020,,S12000020,,Emergency Inpatients,,2,,306,971,3.17320261437908,,299,2061,6.89297658862876,
2018Q2,,S08000020,,S12000020,,Emergency Inpatients,,2,,326,1101,3.37730061349693,,322,2698,8.37888198757764,
2018Q3,,S08000020,,S12000020,,Emergency Inpatients,,2,,332,952,2.86746987951807,,323,2109,6.52941176470588,
2018Q4,,S08000020,,S12000020,,Emergency Inpatients,,2,,313,953,3.04472843450479,,318,3347,10.5251572327044,
2019Q1,,S08000020,,S12000020,,Emergency Inpatients,,2,,251,692,2.75697211155379,,245,2001,8.16734693877551,
2019Q2,,S08000020,,S12000020,,Emergency Inpatients,,2,,302,941,3.1158940397351,,301,2116,7.02990033222591,
2019Q3,,S08000020,,S12000020,,Emergency Inpatients,,2,,281,923,3.2846975088968,,271,2224,8.20664206642066,
2019Q4,,S08000020,,S12000020,,Emergency Inpatients,,2,,270,2702,10.0074074074074,,269,4136,15.3754646840149,
2020Q1,,S08000020,,S12000020,,Emergency Inpatients,,2,,262,883,3.37022900763359,,261,2765,10.5938697318008,
2020Q2,,S08000020,,S12000020,,Emergency Inpatients,,2,,285,681,2.38947368421053,,274,1622,5.91970802919708,
2020Q3,,S08000020,,S12000020,,Emergency Inpatients,,2,,265,737,2.7811320754717,,261,1896,7.26436781609195,
2020Q4,,S08000020,,S12000020,,Emergency Inpatients,,2,,264,913,3.45833333333333,,241,2024,8.39834024896266,
2021Q1,,S08000020,,S12000020,,Emergency Inpatients,,2,,253,899,3.55335968379447,,249,2686,10.7871485943775,
2021Q2,,S08000020,,S12000020,,Emergency Inpatients,,2,,310,955,3.08064516129032,,301,2571,8.54152823920266,
2021Q3,,S08000020,,S12000020,,Emergency Inpatients,,2,,280,1121,4.00357142857143,,281,2874,10.2277580071174,
2021Q4,,S08000020,,S12000020,,Emergency Inpatients,,2,,250,862,3.448,,240,1663,6.92916666666667,
2022Q1,,S08000020,,S12000020,,Emergency Inpatients,,2,,276,1275,4.6195652173913,,266,2869,10.7857142857143,
2022Q2,,S08000020,,S12000020,,Emergency Inpatients,,2,,238,1147,4.81932773109244,,233,2769,11.8841201716738,
2022Q3,,S08000020,,S12000020,,Emergency Inpatients,,2,,256,1215,4.74609375,,258,2603,10.0891472868217,
2022Q4,p,S08000020,,S12000020,,Emergency Inpatients,,2,,219,1062,4.84931506849315,,218,2381,10.9220183486239,
2017Q4,,S08000020,,S12000020,,Emergency Inpatients,,3,,610,1758,2.88196721311475,,606,5140,8.48184818481848,
2018Q1,,S08000020,,S12000020,,Emergency Inpatients,,3,,608,2090,3.4375,,577,4883,8.46273830155979,
2018Q2,,S08000020,,S12000020,,Emergency Inpatients,,3,,588,1844,3.13605442176871,,589,6194,10.5161290322581,
2018Q3,,S08000020,,S12000020,,Emergency Inpatients,,3,,533,1634,3.0656660412758,,521,4054,7.78119001919386,
2018Q4,,S08000020,,S12000020,,Emergency Inpatients,,3,,539,1652,3.06493506493507,,536,4867,9.08022388059701,
2019Q1,,S08000020,,S12000020,,Emergency Inpatients,,3,,553,1742,3.1500904159132,,544,5031,9.24816176470588,
2019Q2,,S08000020,,S12000020,,Emergency Inpatients,,3,,587,1745,2.97274275979557,,570,4730,8.29824561403509,
2019Q3,,S08000020,,S12000020,,Emergency Inpatients,,3,,516,1496,2.89922480620155,,510,4673,9.16274509803922,
2019Q4,,S08000020,,S12000020,,Emergency Inpatients,,3,,577,2294,3.97573656845754,,561,4604,8.20677361853832,
2020Q1,,S08000020,,S12000020,,Emergency Inpatients,,3,,588,2305,3.92006802721088,,578,5712,9.88235294117647,
2020Q2,,S08000020,,S12000020,,Emergency Inpatients,,3,,499,1487,2.97995991983968,,484,4758,9.8305785123967,
2020Q3,,S08000020,,S12000020,,Emergency Inpatients,,3,,529,1484,2.80529300567108,,520,3565,6.85576923076923,
2020Q4,,S08000020,,S12000020,,Emergency Inpatients,,3,,483,1514,3.13457556935818,,467,4616,9.88436830835118,
2021Q1,,S08000020,,S12000020,,Emergency Inpatients,,3,,496,1724,3.4758064516129,,489,4571,9.34764826175869,
2021Q2,,S08000020,,S12000020,,Emergency Inpatients,,3,,564,1790,3.17375886524823,,552,4332,7.84782608695652,
2021Q3,,S08000020,,S12000020,,Emergency Inpatients,,3,,517,1609,3.11218568665377,,507,3880,7.65285996055227,
2021Q4,,S08000020,,S12000020,,Emergency Inpatients,,3,,533,1958,3.67354596622889,,532,4962,9.32706766917293,
2022Q1,,S08000020,,S12000020,,Emergency Inpatients,,3,,503,2271,4.51491053677932,,475,3815,8.03157894736842,
2022Q2,,S08000020,,S12000020,,Emergency Inpatients,,3,,511,2412,4.72015655577299,,503,5698,11.3280318091451,
2022Q3,,S08000020,,S12000020,,Emergency Inpatients,,3,,558,2467,4.42114695340502,,554,6981,12.601083032491,
2022Q4,p,S08000020,,S12000020,,Emergency Inpatients,,3,,560,2419,4.31964285714286,,562,6315,11.2366548042705,
2017Q4,,S08000020,,S12000020,,Emergency Inpatients,,4,,596,1846,3.09731543624161,,581,4657,8.01549053356282,
2018Q1,,S08000020,,S12000020,,Emergency Inpatients,,4,,562,1808,3.21708185053381,,552,4743,8.59239130434783,
2018Q2,,S08000020,,S12000020,,Emergency Inpatients,,4,,578,1944,3.36332179930796,,572,4719,8.25,
2018Q3,,S08000020,,S12000020,,Emergency Inpatients,,4,,556,1713,3.08093525179856,,547,4758,8.69835466179159,
2018Q4,,S08000020,,S12000020,,Emergency Inpatients,,4,,574,1623,2.82752613240418,,560,4345,7.75892857142857,
2019Q1,,S08000020,,S12000020,,Emergency Inpatients,,4,,544,1615,2.96875,,542,5066,9.34686346863469,
2019Q2,,S08000020,,S12000020,,Emergency Inpatients,,4,,546,1519,2.78205128205128,,538,3493,6.49256505576208,
2019Q3,,S08000020,,S12000020,,Emergency Inpatients,,4,,538,1763,3.27695167286245,,514,4580,8.91050583657588,
2019Q4,,S08000020,,S12000020,,Emergency Inpatients,,4,,534,1868,3.49812734082397,,533,5292,9.92870544090056,
2020Q1,,S08000020,,S12000020,,Emergency Inpatients,,4,,495,1857,3.75151515151515,,490,5454,11.130612244898,
2020Q2,,S08000020,,S12000020,,Emergency Inpatients,,4,,453,1324,2.92273730684327,,441,4318,9.79138321995465,
2020Q3,,S08000020,,S12000020,,Emergency Inpatients,,4,,493,1557,3.15821501014199,,485,3817,7.8701030927835,
2020Q4,,S08000020,,S12000020,,Emergency Inpatients,,4,,475,1493,3.14315789473684,,470,4218,8.97446808510638,
2021Q1,,S08000020,,S12000020,,Emergency Inpatients,,4,,435,1913,4.39770114942529,,429,4213,9.82051282051282,
2021Q2,,S08000020,,S12000020,,Emergency Inpatients,,4,,503,1746,3.47117296222664,,474,4204,8.86919831223629,
2021Q3,,S08000020,,S12000020,,Emergency Inpatients,,4,,539,1889,3.50463821892393,,520,4087,7.85961538461538,
2021Q4,,S08000020,,S12000020,,Emergency Inpatients,,4,,518,1705,3.29150579150579,,504,4024,7.98412698412698,
2022Q1,,S08000020,,S12000020,,Emergency Inpatients,,4,,476,2211,4.64495798319328,,459,4197,9.1437908496732,
2022Q2,,S08000020,,S12000020,,Emergency Inpatients,,4,,520,2329,4.47884615384615,,508,6973,13.7263779527559,
2022Q3,,S08000020,,S12000020,,Emergency Inpatients,,4,,465,2367,5.09032258064516,,461,6139,13.3167028199566,
2022Q4,p,S08000020,,S12000020,,Emergency Inpatients,,4,,529,2060,3.89413988657845,,518,5639,10.8861003861004,
2017Q4,,S08000020,,S12000020,,Emergency Inpatients,,5,,157,432,2.7515923566879,,155,1110,7.16129032258065,
2018Q1,,S08000020,,S12000020,,Emergency Inpatients,,5,,148,643,4.3445945945946,,145,1183,8.15862068965517,
2018Q2,,S08000020,,S12000020,,Emergency Inpatients,,5,,165,455,2.75757575757576,,160,1440,9,
2018Q3,,S08000020,,S12000020,,Emergency Inpatients,,5,,148,452,3.05405405405405,,141,1113,7.8936170212766,
2018Q4,,S08000020,,S12000020,,Emergency Inpatients,,5,,172,582,3.38372093023256,,168,1854,11.0357142857143,
2019Q1,,S08000020,,S12000020,,Emergency Inpatients,,5,,159,430,2.70440251572327,,155,1735,11.1935483870968,
2019Q2,,S08000020,,S12000020,,Emergency Inpatients,,5,,159,642,4.0377358490566,,162,1434,8.85185185185185,
2019Q3,,S08000020,,S12000020,,Emergency Inpatients,,5,,151,435,2.88079470198675,,148,1391,9.39864864864865,
2019Q4,,S08000020,,S12000020,,Emergency Inpatients,,5,,134,493,3.67910447761194,,125,883,7.064,
2020Q1,,S08000020,,S12000020,,Emergency Inpatients,,5,,141,461,3.26950354609929,,146,1990,13.6301369863014,
2020Q2,,S08000020,,S12000020,,Emergency Inpatients,,5,,114,336,2.94736842105263,,108,837,7.75,
2020Q3,,S08000020,,S12000020,,Emergency Inpatients,,5,,131,414,3.16030534351145,,127,974,7.66929133858268,
2020Q4,,S08000020,,S12000020,,Emergency Inpatients,,5,,116,400,3.44827586206897,,127,1163,9.15748031496063,
2021Q1,,S08000020,,S12000020,,Emergency Inpatients,,5,,126,518,4.11111111111111,,113,1069,9.46017699115044,
2021Q2,,S08000020,,S12000020,,Emergency Inpatients,,5,,147,464,3.15646258503401,,152,1152,7.57894736842105,
2021Q3,,S08000020,,S12000020,,Emergency Inpatients,,5,,146,755,5.17123287671233,,132,1090,8.25757575757576,
2021Q4,,S08000020,,S12000020,,Emergency Inpatients,,5,,148,677,4.57432432432432,,149,1944,13.0469798657718,
2022Q1,,S08000020,,S12000020,,Emergency Inpatients,,5,,128,463,3.6171875,,122,1203,9.86065573770492,
2022Q2,,S08000020,,S12000020,,Emergency Inpatients,,5,,150,699,4.66,,148,1431,9.66891891891892,
2022Q3,,S08000020,,S12000020,,Emergency Inpatients,,5,,153,809,5.2875816993464,,150,1081,7.20666666666667,
2022Q4,p,S08000020,,S12000020,,Emergency Inpatients,,5,,172,966,5.61627906976744,,172,2064,12,
2017Q4,,S08000020,,S08000020,d,Emergency Inpatients,,1,,930,3006,3.23225806451613,,923,7465,8.08775731310943,
2018Q1,,S08000020,,S08000020,d,Emergency Inpatients,,1,,921,3938,4.2757871878393,,911,7589,8.33040614709111,
2018Q2,,S08000020,,S08000020,d,Emergency Inpatients,,1,,930,2904,3.12258064516129,,913,6276,6.87404162102957,
2018Q3,,S08000020,,S08000020,d,Emergency Inpatients,,1,,931,2792,2.99892588614393,,923,6079,6.58613217768147,
2018Q4,,S08000020,,S08000020,d,Emergency Inpatients,,1,,930,3144,3.38064516129032,,921,5564,6.04125950054289,
2019Q1,,S08000020,,S08000020,d,Emergency Inpatients,,1,,960,3691,3.84479166666667,,942,6835,7.25583864118896,
2019Q2,,S08000020,,S08000020,d,Emergency Inpatients,,1,,969,3235,3.33849329205366,,969,7632,7.87616099071207,
2019Q3,,S08000020,,S08000020,d,Emergency Inpatients,,1,,1028,3729,3.62743190661479,,1021,7194,7.0460333006856,
2019Q4,,S08000020,,S08000020,d,Emergency Inpatients,,1,,878,3668,4.17767653758542,,874,7196,8.23340961098398,
2020Q1,,S08000020,,S08000020,d,Emergency Inpatients,,1,,888,3379,3.80518018018018,,877,7351,8.38198403648803,
2020Q2,,S08000020,,S08000020,d,Emergency Inpatients,,1,,920,1922,2.08913043478261,,909,5110,5.62156215621562,
2020Q3,,S08000020,,S08000020,d,Emergency Inpatients,,1,,949,2924,3.08113804004215,,943,5685,6.02863202545069,
2020Q4,,S08000020,,S08000020,d,Emergency Inpatients,,1,,829,2641,3.18576598311218,,831,6030,7.25631768953069,
2021Q1,,S08000020,,S08000020,d,Emergency Inpatients,,1,,897,3128,3.48717948717949,,896,5888,6.57142857142857,
2021Q2,,S08000020,,S08000020,d,Emergency Inpatients,,1,,911,3383,3.71350164654226,,896,5338,5.95758928571429,
2021Q3,,S08000020,,S08000020,d,Emergency Inpatients,,1,,1050,3734,3.55619047619048,,1040,6808,6.54615384615385,
2021Q4,,S08000020,,S08000020,d,Emergency Inpatients,,1,,1017,4057,3.98918387413963,,999,7193,7.2002002002002,
2022Q1,,S08000020,,S08000020,d,Emergency Inpatients,,1,,1000,3522,3.522,,997,6847,6.86760280842528,
2022Q2,,S08000020,,S08000020,d,Emergency Inpatients,,1,,914,3200,3.50109409190372,,918,7656,8.33986928104575,
2022Q3,,S08000020,,S08000020,d,Emergency Inpatients,,1,,842,2978,3.53681710213777,,841,6018,7.15576694411415,
2022Q4,p,S08000020,,S08000020,d,Emergency Inpatients,,1,,845,3923,4.64260355029586,,845,7340,8.68639053254438,
2017Q4,,S08000020,,S08000020,d,Emergency Inpatients,,2,,2118,7123,3.36307837582625,,2094,14925,7.12750716332378,
2018Q1,,S08000020,,S08000020,d,Emergency Inpatients,,2,,2221,8576,3.86132372805043,,2178,17314,7.94949494949495,
2018Q2,,S08000020,,S08000020,d,Emergency Inpatients,,2,,2090,7409,3.54497607655502,,2069,16004,7.7351377477042,
2018Q3,,S08000020,,S08000020,d,Emergency Inpatients,,2,,2099,7192,3.42639352072415,,2046,15007,7.33479960899316,
2018Q4,,S08000020,,S08000020,d,Emergency Inpatients,,2,,2001,6810,3.40329835082459,,1986,16914,8.5166163141994,
2019Q1,,S08000020,,S08000020,d,Emergency Inpatients,,2,,2002,7404,3.6983016983017,,1979,15474,7.81910055583628,
2019Q2,,S08000020,,S08000020,d,Emergency Inpatients,,2,,2045,7398,3.61760391198044,,2016,14224,7.05555555555556,
2019Q3,,S08000020,,S08000020,d,Emergency Inpatients,,2,,2081,7541,3.62373858721768,,2054,15190,7.39532619279455,
2019Q4,,S08000020,,S08000020,d,Emergency Inpatients,,2,,2075,9508,4.5821686746988,,2045,17902,8.75403422982885,
2020Q1,,S08000020,,S08000020,d,Emergency Inpatients,,2,,1920,7330,3.81770833333333,,1924,17500,9.0956340956341,
2020Q2,,S08000020,,S08000020,d,Emergency Inpatients,,2,,1965,4130,2.10178117048346,,1936,10951,5.65650826446281,
2020Q3,,S08000020,,S08000020,d,Emergency Inpatients,,2,,1960,5920,3.02040816326531,,1983,12343,6.22440746343923,
2020Q4,,S08000020,,S08000020,d,Emergency Inpatients,,2,,1910,6637,3.47486910994764,,1847,12896,6.98213318895506,
2021Q1,,S08000020,,S08000020,d,Emergency Inpatients,,2,,1958,7228,3.69152196118488,,1944,14748,7.58641975308642,
2021Q2,,S08000020,,S08000020,d,Emergency Inpatients,,2,,2077,7211,3.47183437650457,,2055,13822,6.72603406326034,
2021Q3,,S08000020,,S08000020,d,Emergency Inpatients,,2,,2103,7608,3.61768901569187,,2086,13761,6.59683604985618,
2021Q4,,S08000020,,S08000020,d,Emergency Inpatients,,2,,2006,7384,3.68095712861416,,1996,14258,7.14328657314629,
2022Q1,,S08000020,,S08000020,d,Emergency Inpatients,,2,,1971,8564,4.34500253678336,,1925,15681,8.14597402597403,
2022Q2,,S08000020,,S08000020,d,Emergency Inpatients,,2,,1974,7289,3.69250253292806,,1986,15062,7.5840886203424,
2022Q3,,S08000020,,S08000020,d,Emergency Inpatients,,2,,1971,8410,4.26686960933536,,1949,14003,7.18471010774756,
2022Q4,p,S08000020,,S08000020,d,Emergency Inpatients,,2,,1819,7670,4.21660252886201,,1818,14436,7.94059405940594,
2017Q4,,S08000020,,S08000020,d,Emergency Inpatients,,3,,2201,7777,3.53339391185825,,2175,19107,8.7848275862069,
2018Q1,,S08000020,,S08000020,d,Emergency Inpatients,,3,,2279,8666,3.80254497586661,,2188,19287,8.81489945155393,
2018Q2,,S08000020,,S08000020,d,Emergency Inpatients,,3,,2304,7864,3.41319444444444,,2308,20823,9.02209705372617,
2018Q3,,S08000020,,S08000020,d,Emergency Inpatients,,3,,2100,7398,3.52285714285714,,2064,16305,7.89970930232558,
2018Q4,,S08000020,,S08000020,d,Emergency Inpatients,,3,,2092,7567,3.61711281070746,,2048,17032,8.31640625,
2019Q1,,S08000020,,S08000020,d,Emergency Inpatients,,3,,2111,7418,3.5139744197063,,2103,17277,8.21540656205421,
2019Q2,,S08000020,,S08000020,d,Emergency Inpatients,,3,,2237,8414,3.76128743853375,,2185,17474,7.99725400457666,
2019Q3,,S08000020,,S08000020,d,Emergency Inpatients,,3,,2198,8215,3.73748862602366,,2161,17991,8.32531235539102,
2019Q4,,S08000020,,S08000020,d,Emergency Inpatients,,3,,2345,8999,3.83752665245203,,2287,18946,8.28421512898994,
2020Q1,,S08000020,,S08000020,d,Emergency Inpatients,,3,,2234,9159,4.09982094897046,,2228,22116,9.92639138240575,
2020Q2,,S08000020,,S08000020,d,Emergency Inpatients,,3,,2014,4809,2.38778550148957,,1959,14117,7.20622766717713,
2020Q3,,S08000020,,S08000020,d,Emergency Inpatients,,3,,2120,6373,3.0061320754717,,2123,13995,6.59208666980688,
2020Q4,,S08000020,,S08000020,d,Emergency Inpatients,,3,,1976,7623,3.85779352226721,,1938,15602,8.05056759545924,
2021Q1,,S08000020,,S08000020,d,Emergency Inpatients,,3,,1946,7533,3.8710174717369,,1923,15687,8.1575663026521,
2021Q2,,S08000020,,S08000020,d,Emergency Inpatients,,3,,2172,7845,3.61187845303867,,2148,16885,7.86080074487896,
2021Q3,,S08000020,,S08000020,d,Emergency Inpatients,,3,,2119,7418,3.50070788107598,,2089,15011,7.18573480134035,
2021Q4,,S08000020,,S08000020,d,Emergency Inpatients,,3,,2199,8897,4.04592996816735,,2160,17839,8.2587962962963,
2022Q1,,S08000020,,S08000020,d,Emergency Inpatients,,3,,2119,8879,4.19018404907975,,2063,17596,8.52932622394571,
2022Q2,,S08000020,,S08000020,d,Emergency Inpatients,,3,,2159,9366,4.33811949976841,,2122,19329,9.10885956644675,
2022Q3,,S08000020,,S08000020,d,Emergency Inpatients,,3,,2282,9401,4.11963190184049,,2279,22003,9.65467310223782,
2022Q4,p,S08000020,,S08000020,d,Emergency Inpatients,,3,,2208,9938,4.50090579710145,,2198,20067,9.12966333030027,
2017Q4,,S08000020,,S08000020,d,Emergency Inpatients,,4,,2634,8773,3.33067577828398,,2589,19333,7.4673619157976,
2018Q1,,S08000020,,S08000020,d,Emergency Inpatients,,4,,2611,9917,3.79816162389889,,2583,20935,8.10491676345335,
2018Q2,,S08000020,,S08000020,d,Emergency Inpatients,,4,,2665,9124,3.42363977485929,,2608,18594,7.12960122699386,
2018Q3,,S08000020,,S08000020,d,Emergency Inpatients,,4,,2622,8641,3.2955758962624,,2570,18393,7.1568093385214,
2018Q4,,S08000020,,S08000020,d,Emergency Inpatients,,4,,2665,9341,3.50506566604128,,2628,20928,7.9634703196347,
2019Q1,,S08000020,,S08000020,d,Emergency Inpatients,,4,,2580,9059,3.51124031007752,,2572,21543,8.37597200622084,
2019Q2,,S08000020,,S08000020,d,Emergency Inpatients,,4,,2685,9178,3.41824953445065,,2638,17954,6.80591357088704,
2019Q3,,S08000020,,S08000020,d,Emergency Inpatients,,4,,2675,9031,3.37607476635514,,2631,19301,7.33599391866211,
2019Q4,,S08000020,,S08000020,d,Emergency Inpatients,,4,,2666,9364,3.51237809452363,,2632,19803,7.52393617021277,
2020Q1,,S08000020,,S08000020,d,Emergency Inpatients,,4,,2654,10049,3.78636021100226,,2656,23217,8.74134036144578,
2020Q2,,S08000020,,S08000020,d,Emergency Inpatients,,4,,2383,5572,2.33822912295426,,2327,15949,6.85388912763214,
2020Q3,,S08000020,,S08000020,d,Emergency Inpatients,,4,,2492,7616,3.0561797752809,,2474,16233,6.56143896523848,
2020Q4,,S08000020,,S08000020,d,Emergency Inpatients,,4,,2507,8824,3.51974471479856,,2499,17822,7.13165266106443,
2021Q1,,S08000020,,S08000020,d,Emergency Inpatients,,4,,2464,9823,3.98660714285714,,2422,18565,7.66515276630884,
2021Q2,,S08000020,,S08000020,d,Emergency Inpatients,,4,,2683,9499,3.5404398061871,,2645,19526,7.38223062381853,
2021Q3,,S08000020,,S08000020,d,Emergency Inpatients,,4,,2685,9512,3.54264432029795,,2626,18355,6.98971820258949,
2021Q4,,S08000020,,S08000020,d,Emergency Inpatients,,4,,2585,9400,3.63636363636364,,2545,20442,8.03222003929273,
2022Q1,,S08000020,,S08000020,d,Emergency Inpatients,,4,,2619,10229,3.90568919434899,,2564,20218,7.88533541341654,
2022Q2,,S08000020,,S08000020,d,Emergency Inpatients,,4,,2757,11751,4.26224156692057,,2728,24641,9.03262463343109,
2022Q3,,S08000020,,S08000020,d,Emergency Inpatients,,4,,2708,11450,4.22821270310192,,2702,24033,8.89452257586973,
2022Q4,p,S08000020,,S08000020,d,Emergency Inpatients,,4,,2709,10807,3.98929494278332,,2701,22408,8.29618659755646,
2017Q4,,S08000020,,S08000020,d,Emergency Inpatients,,5,,2263,7795,3.44454264250994,,2236,17251,7.71511627906977,
2018Q1,,S08000020,,S08000020,d,Emergency Inpatients,,5,,2216,8747,3.94720216606498,,2203,18836,8.55015887426237,
2018Q2,,S08000020,,S08000020,d,Emergency Inpatients,,5,,2235,8020,3.58836689038031,,2223,19167,8.6221322537112,
2018Q3,,S08000020,,S08000020,d,Emergency Inpatients,,5,,2241,7266,3.24230254350736,,2220,16150,7.27477477477477,
2018Q4,,S08000020,,S08000020,d,Emergency Inpatients,,5,,2322,7726,3.32730404823428,,2296,17431,7.59189895470383,
2019Q1,,S08000020,,S08000020,d,Emergency Inpatients,,5,,2350,8773,3.7331914893617,,2320,16637,7.17112068965517,
2019Q2,,S08000020,,S08000020,d,Emergency Inpatients,,5,,2283,8797,3.8532632501095,,2272,17773,7.82262323943662,
2019Q3,,S08000020,,S08000020,d,Emergency Inpatients,,5,,2454,8848,3.60554197229014,,2387,16868,7.06661080854629,
2019Q4,,S08000020,,S08000020,d,Emergency Inpatients,,5,,2451,8794,3.58792329661363,,2449,20300,8.28909759085341,
2020Q1,,S08000020,,S08000020,d,Emergency Inpatients,,5,,2273,8925,3.92652881654202,,2300,20402,8.8704347826087009,
2020Q2,,S08000020,,S08000020,d,Emergency Inpatients,,5,,2135,4807,2.25152224824356,,2103,12247,5.82358535425583,
2020Q3,,S08000020,,S08000020,d,Emergency Inpatients,,5,,2116,6291,2.97306238185255,,2102,13686,6.51094196003806,
2020Q4,,S08000020,,S08000020,d,Emergency Inpatients,,5,,2142,7422,3.46498599439776,,2119,13838,6.53043888626711,
2021Q1,,S08000020,,S08000020,d,Emergency Inpatients,,5,,2169,8153,3.75887505763024,,2162,16335,7.55550416281221,
2021Q2,,S08000020,,S08000020,d,Emergency Inpatients,,5,,2461,9092,3.69443315725315,,2421,16051,6.62990499793474,
2021Q3,,S08000020,,S08000020,d,Emergency Inpatients,,5,,2402,10383,4.32264779350541,,2372,17775,7.49367622259696,
2021Q4,,S08000020,,S08000020,d,Emergency Inpatients,,5,,2319,9273,3.9987063389392,,2295,18577,8.09455337690632,
2022Q1,,S08000020,,S08000020,d,Emergency Inpatients,,5,,2178,8112,3.72451790633609,,2164,17067,7.88678373382625,
2022Q2,,S08000020,,S08000020,d,Emergency Inpatients,,5,,2319,9019,3.88917636912462,,2301,18274,7.94176445023903,
2022Q3,,S08000020,,S08000020,d,Emergency Inpatients,,5,,2393,10231,4.27538654408692,,2389,18957,7.93511929677689,
2022Q4,p,S08000020,,S08000020,d,Emergency Inpatients,,5,,2435,10374,4.26036960985626,,2439,19455,7.97662976629766,
2022Q3,,S08000020,,S08000020,d,Emergency Inpatients,,,:,0,6,,z,0,0,,z
2022Q4,p,S08000020,,S08000020,d,Emergency Inpatients,,,:,5,59,11.8,,0,85,,z
2017Q4,,S08000031,,S12000045,,Emergency Inpatients,,1,,151,328,2.17218543046358,,150,922,6.14666666666667,
2018Q1,,S08000031,,S12000045,,Emergency Inpatients,,1,,121,376,3.10743801652893,,121,1130,9.33884297520661,
2018Q2,,S08000031,,S12000045,,Emergency Inpatients,,1,,146,337,2.30821917808219,,141,779,5.52482269503546,
2018Q3,,S08000031,,S12000045,,Emergency Inpatients,,1,,140,273,1.95,,142,1114,7.84507042253521,
2018Q4,,S08000031,,S12000045,,Emergency Inpatients,,1,,147,301,2.04761904761905,,145,943,6.50344827586207,
2019Q1,,S08000031,,S12000045,,Emergency Inpatients,,1,,130,322,2.47692307692308,,128,961,7.5078125,
2019Q2,,S08000031,,S12000045,,Emergency Inpatients,,1,,109,256,2.34862385321101,,110,893,8.11818181818182,
2019Q3,,S08000031,,S12000045,,Emergency Inpatients,,1,,146,257,1.76027397260274,,149,1254,8.41610738255033,
2019Q4,,S08000031,,S12000045,,Emergency Inpatients,,1,,127,300,2.36220472440945,,124,740,5.96774193548387,
2020Q1,,S08000031,,S12000045,,Emergency Inpatients,,1,,136,315,2.31617647058824,,141,1124,7.97163120567376,
2020Q2,,S08000031,,S12000045,,Emergency Inpatients,,1,,101,170,1.68316831683168,,92,474,5.15217391304348,
2020Q3,,S08000031,,S12000045,,Emergency Inpatients,,1,,125,357,2.856,,127,1246,9.81102362204724,
2020Q4,,S08000031,,S12000045,,Emergency Inpatients,,1,,141,330,2.34042553191489,,140,1048,7.48571428571429,
2021Q1,,S08000031,,S12000045,,Emergency Inpatients,,1,,131,395,3.01526717557252,,130,987,7.59230769230769,
2021Q2,,S08000031,,S12000045,,Emergency Inpatients,,1,,148,292,1.97297297297297,,148,821,5.5472972972973,
2021Q3,,S08000031,,S12000045,,Emergency Inpatients,,1,,120,297,2.475,,117,709,6.05982905982906,
2021Q4,,S08000031,,S12000045,,Emergency Inpatients,,1,,127,320,2.51968503937008,,128,996,7.78125,
2022Q1,,S08000031,,S12000045,,Emergency Inpatients,,1,,128,379,2.9609375,,125,891,7.128,
2022Q2,,S08000031,,S12000045,,Emergency Inpatients,,1,,142,342,2.40845070422535,,143,1346,9.41258741258741,
2022Q3,,S08000031,,S12000045,,Emergency Inpatients,,1,,132,323,2.4469696969697,,130,1060,8.15384615384615,
2022Q4,p,S08000031,,S12000045,,Emergency Inpatients,,1,,131,358,2.73282442748092,,135,1391,10.3037037037037,
2017Q4,,S08000031,,S12000045,,Emergency Inpatients,,2,,572,1318,2.3041958041958,,546,4545,8.32417582417582,
2018Q1,,S08000031,,S12000045,,Emergency Inpatients,,2,,580,1445,2.49137931034483,,591,5193,8.78680203045685,
2018Q2,,S08000031,,S12000045,,Emergency Inpatients,,2,,605,1293,2.13719008264463,,598,4555,7.61705685618729,
2018Q3,,S08000031,,S12000045,,Emergency Inpatients,,2,,565,1454,2.57345132743363,,568,4827,8.49823943661972,
2018Q4,,S08000031,,S12000045,,Emergency Inpatients,,2,,580,1262,2.17586206896552,,556,5063,9.10611510791367,
2019Q1,,S08000031,,S12000045,,Emergency Inpatients,,2,,600,1487,2.47833333333333,,598,5113,8.55016722408027,
2019Q2,,S08000031,,S12000045,,Emergency Inpatients,,2,,585,1288,2.2017094017094,,588,4858,8.26190476190476,
2019Q3,,S08000031,,S12000045,,Emergency Inpatients,,2,,511,1127,2.20547945205479,,507,4135,8.15581854043393,
2019Q4,,S08000031,,S12000045,,Emergency Inpatients,,2,,589,1365,2.31748726655348,,580,4603,7.93620689655172,
2020Q1,,S08000031,,S12000045,,Emergency Inpatients,,2,,524,1279,2.44083969465649,,534,5701,10.6760299625468,
2020Q2,,S08000031,,S12000045,,Emergency Inpatients,,2,,423,935,2.21040189125296,,420,3137,7.46904761904762,
2020Q3,,S08000031,,S12000045,,Emergency Inpatients,,2,,515,964,1.87184466019417,,506,3720,7.35177865612648,
2020Q4,,S08000031,,S12000045,,Emergency Inpatients,,2,,509,1154,2.2671905697446,,500,4551,9.102,
2021Q1,,S08000031,,S12000045,,Emergency Inpatients,,2,,497,1060,2.1327967806841,,489,4951,10.1247443762781,
2021Q2,,S08000031,,S12000045,,Emergency Inpatients,,2,,581,1145,1.97074010327022,,571,4936,8.64448336252189,
2021Q3,,S08000031,,S12000045,,Emergency Inpatients,,2,,551,1250,2.26860254083485,,557,5325,9.56014362657092,
2021Q4,,S08000031,,S12000045,,Emergency Inpatients,,2,,527,1478,2.80455407969639,,527,5502,10.4402277039848,
2022Q1,,S08000031,,S12000045,,Emergency Inpatients,,2,,520,1534,2.95,,512,5268,10.2890625,
2022Q2,,S08000031,,S12000045,,Emergency Inpatients,,2,,542,1379,2.54428044280443,,538,4955,9.21003717472119,
2022Q3,,S08000031,,S12000045,,Emergency Inpatients,,2,,545,1534,2.81467889908257,,546,5714,10.4652014652015,
2022Q4,p,S08000031,,S12000045,,Emergency Inpatients,,2,,595,1632,2.74285714285714,,570,5321,9.33508771929825,
2017Q4,,S08000031,,S12000045,,Emergency Inpatients,,3,,188,428,2.27659574468085,,178,1054,5.92134831460674,
2018Q1,,S08000031,,S12000045,,Emergency Inpatients,,3,,192,501,2.609375,,197,1713,8.69543147208122,
2018Q2,,S08000031,,S12000045,,Emergency Inpatients,,3,,176,441,2.50568181818182,,173,1463,8.45664739884393,
2018Q3,,S08000031,,S12000045,,Emergency Inpatients,,3,,175,389,2.22285714285714,,173,1842,10.6473988439306,
2018Q4,,S08000031,,S12000045,,Emergency Inpatients,,3,,178,384,2.15730337078652,,178,1049,5.89325842696629,
2019Q1,,S08000031,,S12000045,,Emergency Inpatients,,3,,186,337,1.81182795698925,,185,1492,8.06486486486486,
2019Q2,,S08000031,,S12000045,,Emergency Inpatients,,3,,195,369,1.89230769230769,,191,1099,5.75392670157068,
2019Q3,,S08000031,,S12000045,,Emergency Inpatients,,3,,203,409,2.01477832512315,,203,1368,6.73891625615764,
2019Q4,,S08000031,,S12000045,,Emergency Inpatients,,3,,219,489,2.23287671232877,,206,1482,7.19417475728155,
2020Q1,,S08000031,,S12000045,,Emergency Inpatients,,3,,230,642,2.79130434782609,,234,2216,9.47008547008547,
2020Q2,,S08000031,,S12000045,,Emergency Inpatients,,3,,184,338,1.83695652173913,,177,1635,9.23728813559322,
2020Q3,,S08000031,,S12000045,,Emergency Inpatients,,3,,166,425,2.56024096385542,,168,1686,10.0357142857143,
2020Q4,,S08000031,,S12000045,,Emergency Inpatients,,3,,180,407,2.26111111111111,,172,1567,9.11046511627907,
2021Q1,,S08000031,,S12000045,,Emergency Inpatients,,3,,200,524,2.62,,204,2121,10.3970588235294,
2021Q2,,S08000031,,S12000045,,Emergency Inpatients,,3,,216,501,2.31944444444444,,210,1609,7.66190476190476,
2021Q3,,S08000031,,S12000045,,Emergency Inpatients,,3,,170,375,2.20588235294118,,171,1810,10.584795321637399,
2021Q4,,S08000031,,S12000045,,Emergency Inpatients,,3,,168,505,3.00595238095238,,166,1892,11.3975903614458,
2022Q1,,S08000031,,S12000045,,Emergency Inpatients,,3,,196,509,2.5969387755102,,188,1690,8.98936170212766,
2022Q2,,S08000031,,S12000045,,Emergency Inpatients,,3,,173,428,2.47398843930636,,183,1747,9.54644808743169,
2022Q3,,S08000031,,S12000045,,Emergency Inpatients,,3,,170,473,2.78235294117647,,162,1556,9.60493827160494,
2022Q4,p,S08000031,,S12000045,,Emergency Inpatients,,3,,209,616,2.94736842105263,,202,1621,8.02475247524752,
2017Q4,,S08000031,,S12000045,,Emergency Inpatients,,4,,522,1115,2.1360153256705,,524,4452,8.49618320610687,
2018Q1,,S08000031,,S12000045,,Emergency Inpatients,,4,,477,1112,2.33123689727463,,474,4074,8.5949367088607609,
2018Q2,,S08000031,,S12000045,,Emergency Inpatients,,4,,514,1036,2.01556420233463,,512,3897,7.611328125,
2018Q3,,S08000031,,S12000045,,Emergency Inpatients,,4,,531,1201,2.26177024482109,,515,3838,7.45242718446602,
2018Q4,,S08000031,,S12000045,,Emergency Inpatients,,4,,522,1117,2.13984674329502,,514,4641,9.02918287937743,
2019Q1,,S08000031,,S12000045,,Emergency Inpatients,,4,,504,1261,2.50198412698413,,508,4506,8.87007874015748,
2019Q2,,S08000031,,S12000045,,Emergency Inpatients,,4,,565,1300,2.30088495575221,,564,4504,7.98581560283688,
2019Q3,,S08000031,,S12000045,,Emergency Inpatients,,4,,546,1186,2.17216117216117,,544,4843,8.90257352941176,
2019Q4,,S08000031,,S12000045,,Emergency Inpatients,,4,,529,1315,2.48582230623819,,496,4197,8.4616935483871,
2020Q1,,S08000031,,S12000045,,Emergency Inpatients,,4,,490,1235,2.52040816326531,,518,5492,10.6023166023166,
2020Q2,,S08000031,,S12000045,,Emergency Inpatients,,4,,368,754,2.04891304347826,,352,2897,8.23011363636364,
2020Q3,,S08000031,,S12000045,,Emergency Inpatients,,4,,458,1009,2.20305676855895,,442,4025,9.10633484162896,
2020Q4,,S08000031,,S12000045,,Emergency Inpatients,,4,,416,934,2.24519230769231,,421,4402,10.4560570071259,
2021Q1,,S08000031,,S12000045,,Emergency Inpatients,,4,,422,948,2.24644549763033,,428,4005,9.35747663551402,
2021Q2,,S08000031,,S12000045,,Emergency Inpatients,,4,,479,1073,2.24008350730689,,461,3723,8.07592190889371,
2021Q3,,S08000031,,S12000045,,Emergency Inpatients,,4,,456,1134,2.48684210526316,,471,5002,10.619957537155,
2021Q4,,S08000031,,S12000045,,Emergency Inpatients,,4,,483,1745,3.6128364389234,,469,5100,10.8742004264392,
2022Q1,,S08000031,,S12000045,,Emergency Inpatients,,4,,453,965,2.13024282560706,,440,4020,9.13636363636364,
2022Q2,,S08000031,,S12000045,,Emergency Inpatients,,4,,470,1131,2.4063829787234,,473,4572,9.66596194503171,
2022Q3,,S08000031,,S12000045,,Emergency Inpatients,,4,,490,1381,2.81836734693878,,488,5475,11.219262295082,
2022Q4,p,S08000031,,S12000045,,Emergency Inpatients,,4,,466,1165,2.5,,465,4956,10.658064516129,
2017Q4,,S08000031,,S12000045,,Emergency Inpatients,,5,,1033,2190,2.12003872216844,,1019,8588,8.42787046123651,
2018Q1,,S08000031,,S12000045,,Emergency Inpatients,,5,,956,2133,2.23117154811716,,965,8402,8.70673575129534,
2018Q2,,S08000031,,S12000045,,Emergency Inpatients,,5,,1014,2357,2.32445759368836,,991,9475,9.56104944500504,
2018Q3,,S08000031,,S12000045,,Emergency Inpatients,,5,,1050,2305,2.1952380952381,,1032,9067,8.7858527131783,
2018Q4,,S08000031,,S12000045,,Emergency Inpatients,,5,,1052,2394,2.27566539923954,,1050,8649,8.23714285714286,
2019Q1,,S08000031,,S12000045,,Emergency Inpatients,,5,,1041,2201,2.11431316042267,,1033,10084,9.76185866408519,
2019Q2,,S08000031,,S12000045,,Emergency Inpatients,,5,,1051,2190,2.0837297811608,,1022,8602,8.41682974559687,
2019Q3,,S08000031,,S12000045,,Emergency Inpatients,,5,,1006,2010,1.99801192842942,,1018,9433,9.26620825147348,
2019Q4,,S08000031,,S12000045,,Emergency Inpatients,,5,,949,1960,2.06533192834563,,928,9172,9.88362068965517,
2020Q1,,S08000031,,S12000045,,Emergency Inpatients,,5,,987,2110,2.13779128672746,,1012,9652,9.53754940711462,
2020Q2,,S08000031,,S12000045,,Emergency Inpatients,,5,,806,1481,1.83746898263027,,778,6229,8.00642673521851,
2020Q3,,S08000031,,S12000045,,Emergency Inpatients,,5,,978,1887,1.92944785276074,,967,8057,8.33195449844881,
2020Q4,,S08000031,,S12000045,,Emergency Inpatients,,5,,858,1768,2.06060606060606,,861,8293,9.63182346109175,
2021Q1,,S08000031,,S12000045,,Emergency Inpatients,,5,,895,1783,1.99217877094972,,870,9233,10.6126436781609,
2021Q2,,S08000031,,S12000045,,Emergency Inpatients,,5,,1017,1932,1.89970501474926,,994,8708,8.76056338028169,
2021Q3,,S08000031,,S12000045,,Emergency Inpatients,,5,,914,1965,2.14989059080963,,922,8893,9.64533622559653,
2021Q4,,S08000031,,S12000045,,Emergency Inpatients,,5,,887,2087,2.35287485907554,,888,8537,9.61373873873874,
2022Q1,,S08000031,,S12000045,,Emergency Inpatients,,5,,995,2389,2.40100502512563,,975,9134,9.36820512820513,
2022Q2,,S08000031,,S12000045,,Emergency Inpatients,,5,,1023,2210,2.1603128054741,,1002,9801,9.7814371257485,
2022Q3,,S08000031,,S12000045,,Emergency Inpatients,,5,,963,2152,2.23468328141225,,943,9201,9.75715800636267,
2022Q4,p,S08000031,,S12000045,,Emergency Inpatients,,5,,999,2505,2.50750750750751,,1025,12498,12.1931707317073,
2017Q4,,S08000031,,S12000011,,Emergency Inpatients,,1,,141,335,2.3758865248227,,133,639,4.80451127819549,
2018Q1,,S08000031,,S12000011,,Emergency Inpatients,,1,,180,542,3.01111111111111,,182,1201,6.5989010989011,
2018Q2,,S08000031,,S12000011,,Emergency Inpatients,,1,,170,459,2.7,,164,829,5.05487804878049,
2018Q3,,S08000031,,S12000011,,Emergency Inpatients,,1,,186,494,2.65591397849462,,183,1319,7.20765027322404,
2018Q4,,S08000031,,S12000011,,Emergency Inpatients,,1,,172,616,3.58139534883721,,171,1587,9.28070175438597,
2019Q1,,S08000031,,S12000011,,Emergency Inpatients,,1,,183,556,3.03825136612022,,177,1269,7.16949152542373,
2019Q2,,S08000031,,S12000011,,Emergency Inpatients,,1,,192,531,2.765625,,193,1025,5.31088082901554,
2019Q3,,S08000031,,S12000011,,Emergency Inpatients,,1,,230,739,3.21304347826087,,225,1792,7.96444444444444,
2019Q4,,S08000031,,S12000011,,Emergency Inpatients,,1,,192,491,2.55729166666667,,192,1275,6.640625,
2020Q1,,S08000031,,S12000011,,Emergency Inpatients,,1,,165,343,2.07878787878788,,166,984,5.92771084337349,
2020Q2,,S08000031,,S12000011,,Emergency Inpatients,,1,,132,433,3.28030303030303,,124,1342,10.8225806451613,
2020Q3,,S08000031,,S12000011,,Emergency Inpatients,,1,,183,507,2.77049180327869,,183,1208,6.60109289617486,
2020Q4,,S08000031,,S12000011,,Emergency Inpatients,,1,,169,347,2.05325443786982,,170,1141,6.71176470588235,
2021Q1,,S08000031,,S12000011,,Emergency Inpatients,,1,,140,354,2.52857142857143,,135,899,6.65925925925926,
2021Q2,,S08000031,,S12000011,,Emergency Inpatients,,1,,172,349,2.02906976744186,,181,1604,8.86187845303867,
2021Q3,,S08000031,,S12000011,,Emergency Inpatients,,1,,145,342,2.35862068965517,,141,951,6.74468085106383,
2021Q4,,S08000031,,S12000011,,Emergency Inpatients,,1,,159,343,2.15723270440252,,157,1026,6.53503184713376,
2022Q1,,S08000031,,S12000011,,Emergency Inpatients,,1,,129,453,3.51162790697674,,128,1380,10.78125,
2022Q2,,S08000031,,S12000011,,Emergency Inpatients,,1,,150,429,2.86,,143,1200,8.39160839160839,
2022Q3,,S08000031,,S12000011,,Emergency Inpatients,,1,,150,432,2.88,,154,1585,10.2922077922078,
2022Q4,p,S08000031,,S12000011,,Emergency Inpatients,,1,,148,440,2.97297297297297,,144,1232,8.55555555555556,
2017Q4,,S08000031,,S12000011,,Emergency Inpatients,,2,,249,747,3,,247,1973,7.98785425101215,
2018Q1,,S08000031,,S12000011,,Emergency Inpatients,,2,,248,665,2.68145161290323,,245,2283,9.31836734693877,
2018Q2,,S08000031,,S12000011,,Emergency Inpatients,,2,,248,613,2.47177419354839,,250,1652,6.608,
2018Q3,,S08000031,,S12000011,,Emergency Inpatients,,2,,226,614,2.71681415929204,,217,1764,8.12903225806452,
2018Q4,,S08000031,,S12000011,,Emergency Inpatients,,2,,278,831,2.98920863309353,,270,2276,8.42962962962963,
2019Q1,,S08000031,,S12000011,,Emergency Inpatients,,2,,257,609,2.36964980544747,,264,1991,7.54166666666667,
2019Q2,,S08000031,,S12000011,,Emergency Inpatients,,2,,263,576,2.19011406844106,,260,1840,7.07692307692308,
2019Q3,,S08000031,,S12000011,,Emergency Inpatients,,2,,282,580,2.05673758865248,,279,1565,5.60931899641577,
2019Q4,,S08000031,,S12000011,,Emergency Inpatients,,2,,276,490,1.77536231884058,,274,2044,7.45985401459854,
2020Q1,,S08000031,,S12000011,,Emergency Inpatients,,2,,244,701,2.87295081967213,,241,1848,7.66804979253112,
2020Q2,,S08000031,,S12000011,,Emergency Inpatients,,2,,191,468,2.45026178010471,,184,1486,8.07608695652174,
2020Q3,,S08000031,,S12000011,,Emergency Inpatients,,2,,269,689,2.56133828996283,,265,1804,6.80754716981132,
2020Q4,,S08000031,,S12000011,,Emergency Inpatients,,2,,233,582,2.49785407725322,,225,2261,10.0488888888889,
2021Q1,,S08000031,,S12000011,,Emergency Inpatients,,2,,231,408,1.76623376623377,,237,2117,8.93248945147679,
2021Q2,,S08000031,,S12000011,,Emergency Inpatients,,2,,239,463,1.93723849372385,,237,2253,9.50632911392405,
2021Q3,,S08000031,,S12000011,,Emergency Inpatients,,2,,224,474,2.11607142857143,,224,2097,9.36160714285714,
2021Q4,,S08000031,,S12000011,,Emergency Inpatients,,2,,234,566,2.41880341880342,,229,1787,7.80349344978166,
2022Q1,,S08000031,,S12000011,,Emergency Inpatients,,2,,212,616,2.90566037735849,,206,2252,10.9320388349515,
2022Q2,,S08000031,,S12000011,,Emergency Inpatients,,2,,260,632,2.43076923076923,,260,2753,10.5884615384615,
2022Q3,,S08000031,,S12000011,,Emergency Inpatients,,2,,269,906,3.36802973977695,,264,2642,10.0075757575758,
2022Q4,p,S08000031,,S12000011,,Emergency Inpatients,,2,,227,627,2.76211453744493,,236,2799,11.8601694915254,
2017Q4,,S08000031,,S12000011,,Emergency Inpatients,,3,,214,605,2.82710280373832,,205,1973,9.62439024390244,
2018Q1,,S08000031,,S12000011,,Emergency Inpatients,,3,,205,581,2.83414634146341,,212,2077,9.79716981132075,
2018Q2,,S08000031,,S12000011,,Emergency Inpatients,,3,,204,383,1.87745098039216,,202,1598,7.91089108910891,
2018Q3,,S08000031,,S12000011,,Emergency Inpatients,,3,,180,472,2.62222222222222,,179,1677,9.36871508379888,
2018Q4,,S08000031,,S12000011,,Emergency Inpatients,,3,,208,529,2.54326923076923,,199,1990,10,
2019Q1,,S08000031,,S12000011,,Emergency Inpatients,,3,,185,410,2.21621621621622,,175,1383,7.90285714285714,
2019Q2,,S08000031,,S12000011,,Emergency Inpatients,,3,,190,514,2.70526315789474,,201,2295,11.4179104477612,
2019Q3,,S08000031,,S12000011,,Emergency Inpatients,,3,,192,430,2.23958333333333,,191,1154,6.04188481675393,
2019Q4,,S08000031,,S12000011,,Emergency Inpatients,,3,,208,500,2.40384615384615,,197,1807,9.17258883248731,
2020Q1,,S08000031,,S12000011,,Emergency Inpatients,,3,,200,380,1.9,,206,2085,10.121359223301,
2020Q2,,S08000031,,S12000011,,Emergency Inpatients,,3,,154,336,2.18181818181818,,146,1180,8.08219178082192,
2020Q3,,S08000031,,S12000011,,Emergency Inpatients,,3,,189,252,1.33333333333333,,187,1535,8.20855614973262,
2020Q4,,S08000031,,S12000011,,Emergency Inpatients,,3,,178,385,2.16292134831461,,173,1708,9.8728323699422,
2021Q1,,S08000031,,S12000011,,Emergency Inpatients,,3,,166,321,1.93373493975904,,176,1743,9.90340909090909,
2021Q2,,S08000031,,S12000011,,Emergency Inpatients,,3,,194,413,2.12886597938144,,189,1755,9.28571428571429,
2021Q3,,S08000031,,S12000011,,Emergency Inpatients,,3,,177,441,2.49152542372881,,179,1978,11.0502793296089,
2021Q4,,S08000031,,S12000011,,Emergency Inpatients,,3,,167,406,2.4311377245509,,165,1889,11.4484848484848,
2022Q1,,S08000031,,S12000011,,Emergency Inpatients,,3,,167,427,2.55688622754491,,165,1616,9.79393939393939,
2022Q2,,S08000031,,S12000011,,Emergency Inpatients,,3,,175,462,2.64,,170,1786,10.5058823529412,
2022Q3,,S08000031,,S12000011,,Emergency Inpatients,,3,,171,441,2.57894736842105,,174,1825,10.4885057471264,
2022Q4,p,S08000031,,S12000011,,Emergency Inpatients,,3,,169,422,2.49704142011834,,153,1662,10.8627450980392,
2017Q4,,S08000031,,S12000011,,Emergency Inpatients,,4,,395,706,1.7873417721519,,395,3026,7.66075949367089,
2018Q1,,S08000031,,S12000011,,Emergency Inpatients,,4,,412,746,1.81067961165049,,420,3742,8.90952380952381,
2018Q2,,S08000031,,S12000011,,Emergency Inpatients,,4,,379,699,1.8443271767810001,,371,2483,6.69272237196765,
2018Q3,,S08000031,,S12000011,,Emergency Inpatients,,4,,370,749,2.02432432432432,,356,3056,8.58426966292135,
2018Q4,,S08000031,,S12000011,,Emergency Inpatients,,4,,409,821,2.00733496332518,,408,3469,8.50245098039216,
2019Q1,,S08000031,,S12000011,,Emergency Inpatients,,4,,430,854,1.98604651162791,,423,2923,6.91016548463357,
2019Q2,,S08000031,,S12000011,,Emergency Inpatients,,4,,408,863,2.11519607843137,,412,3298,8.00485436893204,
2019Q3,,S08000031,,S12000011,,Emergency Inpatients,,4,,394,809,2.05329949238579,,386,2951,7.64507772020725,
2019Q4,,S08000031,,S12000011,,Emergency Inpatients,,4,,396,839,2.11868686868687,,390,3238,8.3025641025641,
2020Q1,,S08000031,,S12000011,,Emergency Inpatients,,4,,391,796,2.03580562659847,,387,3524,9.10594315245478,
2020Q2,,S08000031,,S12000011,,Emergency Inpatients,,4,,320,599,1.871875,,322,3398,10.5527950310559,
2020Q3,,S08000031,,S12000011,,Emergency Inpatients,,4,,362,805,2.22375690607735,,363,2900,7.98898071625344,
2020Q4,,S08000031,,S12000011,,Emergency Inpatients,,4,,338,631,1.86686390532544,,319,2331,7.30721003134796,
2021Q1,,S08000031,,S12000011,,Emergency Inpatients,,4,,370,647,1.74864864864865,,363,3252,8.95867768595041,
2021Q2,,S08000031,,S12000011,,Emergency Inpatients,,4,,363,744,2.0495867768595,,366,3660,10,
2021Q3,,S08000031,,S12000011,,Emergency Inpatients,,4,,342,741,2.16666666666667,,333,3266,9.80780780780781,
2021Q4,,S08000031,,S12000011,,Emergency Inpatients,,4,,329,800,2.43161094224924,,338,3509,10.3816568047337,
2022Q1,,S08000031,,S12000011,,Emergency Inpatients,,4,,361,841,2.32963988919668,,348,3311,9.51436781609195,
2022Q2,,S08000031,,S12000011,,Emergency Inpatients,,4,,339,799,2.35693215339233,,340,3511,10.3264705882353,
2022Q3,,S08000031,,S12000011,,Emergency Inpatients,,4,,369,989,2.68021680216802,,374,3500,9.35828877005348,
2022Q4,p,S08000031,,S12000011,,Emergency Inpatients,,4,,372,893,2.4005376344086,,375,3612,9.632,
2017Q4,,S08000031,,S12000011,,Emergency Inpatients,,5,,900,1956,2.17333333333333,,878,7278,8.28929384965831,
2018Q1,,S08000031,,S12000011,,Emergency Inpatients,,5,,872,1856,2.12844036697248,,878,8341,9.5,
2018Q2,,S08000031,,S12000011,,Emergency Inpatients,,5,,839,1611,1.92014302741359,,830,6943,8.36506024096385,
2018Q3,,S08000031,,S12000011,,Emergency Inpatients,,5,,861,1695,1.96864111498258,,846,7097,8.38888888888889,
2018Q4,,S08000031,,S12000011,,Emergency Inpatients,,5,,913,1656,1.81380065717415,,909,7870,8.65786578657866,
2019Q1,,S08000031,,S12000011,,Emergency Inpatients,,5,,820,1681,2.05,,801,6797,8.4856429463171,
2019Q2,,S08000031,,S12000011,,Emergency Inpatients,,5,,878,1795,2.04441913439636,,878,7391,8.41799544419134,
2019Q3,,S08000031,,S12000011,,Emergency Inpatients,,5,,890,1700,1.91011235955056,,878,7098,8.08428246013667,
2019Q4,,S08000031,,S12000011,,Emergency Inpatients,,5,,863,2060,2.38702201622248,,849,7362,8.67137809187279,
2020Q1,,S08000031,,S12000011,,Emergency Inpatients,,5,,794,1780,2.24181360201511,,818,8425,10.299511002445,
2020Q2,,S08000031,,S12000011,,Emergency Inpatients,,5,,659,1109,1.68285280728376,,642,5696,8.87227414330218,
2020Q3,,S08000031,,S12000011,,Emergency Inpatients,,5,,858,1380,1.60839160839161,,814,6523,8.01351351351351,
2020Q4,,S08000031,,S12000011,,Emergency Inpatients,,5,,763,1307,1.7129750982962,,777,7458,9.5984555984556,
2021Q1,,S08000031,,S12000011,,Emergency Inpatients,,5,,773,1233,1.59508408796895,,770,7224,9.38181818181818,
2021Q2,,S08000031,,S12000011,,Emergency Inpatients,,5,,869,1291,1.48561565017261,,858,8034,9.36363636363636,
2021Q3,,S08000031,,S12000011,,Emergency Inpatients,,5,,887,1813,2.04396843291996,,866,8117,9.3729792147806,
2021Q4,,S08000031,,S12000011,,Emergency Inpatients,,5,,801,1651,2.06117353308365,,796,8031,10.0891959798995,
2022Q1,,S08000031,,S12000011,,Emergency Inpatients,,5,,789,1514,1.91888466413181,,773,9051,11.7089262613195,
2022Q2,,S08000031,,S12000011,,Emergency Inpatients,,5,,752,1467,1.95079787234043,,753,8986,11.933598937583,
2022Q3,,S08000031,,S12000011,,Emergency Inpatients,,5,,756,1611,2.13095238095238,,750,7641,10.188,
2022Q4,p,S08000031,,S12000011,,Emergency Inpatients,,5,,744,1789,2.40456989247312,,740,8950,12.0945945945946,
2017Q4,,S08000031,,S12000049,,Emergency Inpatients,,1,,9350,19827,2.12053475935829,,9229,72351,7.83952757611876,
2018Q1,,S08000031,,S12000049,,Emergency Inpatients,,1,,9163,20654,2.25406526246862,,9152,77345,8.45115821678322,
2018Q2,,S08000031,,S12000049,,Emergency Inpatients,,1,,9443,20112,2.12983162130679,,9408,74410,7.90922619047619,
2018Q3,,S08000031,,S12000049,,Emergency Inpatients,,1,,9629,20022,2.07934364939246,,9506,70636,7.43067536292868,
2018Q4,,S08000031,,S12000049,,Emergency Inpatients,,1,,9493,19720,2.07732013062256,,9403,71701,7.62533234074232,
2019Q1,,S08000031,,S12000049,,Emergency Inpatients,,1,,9494,19884,2.09437539498631,,9420,73148,7.7651804670913,
2019Q2,,S08000031,,S12000049,,Emergency Inpatients,,1,,9489,18595,1.95963747497102,,9442,73787,7.81476382122432,
2019Q3,,S08000031,,S12000049,,Emergency Inpatients,,1,,9569,18250,1.90720033441321,,9466,69575,7.34998943587577,
2019Q4,,S08000031,,S12000049,,Emergency Inpatients,,1,,9565,19946,2.08531102979613,,9497,74864,7.88291039275561,
2020Q1,,S08000031,,S12000049,,Emergency Inpatients,,1,,8633,18421,2.13378894938029,,8726,73349,8.4057987623195,
2020Q2,,S08000031,,S12000049,,Emergency Inpatients,,1,,7430,13504,1.81749663526245,,7215,54306,7.52681912681913,
2020Q3,,S08000031,,S12000049,,Emergency Inpatients,,1,,8737,15288,1.74979970241502,,8604,64061,7.44549046954905,
2020Q4,,S08000031,,S12000049,,Emergency Inpatients,,1,,8318,17522,2.10651598942053,,8290,71731,8.65271411338963,
2021Q1,,S08000031,,S12000049,,Emergency Inpatients,,1,,8089,15622,1.93126468043021,,7982,68994,8.64369832122275,
2021Q2,,S08000031,,S12000049,,Emergency Inpatients,,1,,9348,17263,1.84670517757809,,9247,69159,7.47907429436574,
2021Q3,,S08000031,,S12000049,,Emergency Inpatients,,1,,8821,18628,2.11177870989684,,8697,72987,8.39220420834771,
2021Q4,,S08000031,,S12000049,,Emergency Inpatients,,1,,8343,19724,2.36413760038356,,8347,76585,9.17515274949083,
2022Q1,,S08000031,,S12000049,,Emergency Inpatients,,1,,7722,18536,2.4004144004144,,7627,72145,9.45915825357283,
2022Q2,,S08000031,,S12000049,,Emergency Inpatients,,1,,7954,18329,2.30437515715363,,7877,77072,9.78443569887013,
2022Q3,,S08000031,,S12000049,,Emergency Inpatients,,1,,7997,19432,2.42991121670626,,7946,78700,9.90435439214699,
2022Q4,p,S08000031,,S12000049,,Emergency Inpatients,,1,,7921,20074,2.53427597525565,,7943,76760,9.66385496663729,
2017Q4,,S08000031,,S12000049,,Emergency Inpatients,,2,,2644,5297,2.00340393343419,,2611,22305,8.54270394484872,
2018Q1,,S08000031,,S12000049,,Emergency Inpatients,,2,,2699,5641,2.09003334568359,,2688,23423,8.71391369047619,
2018Q2,,S08000031,,S12000049,,Emergency Inpatients,,2,,2784,5717,2.05352011494253,,2797,23954,8.56417590275295,
2018Q3,,S08000031,,S12000049,,Emergency Inpatients,,2,,2821,6199,2.19744771357675,,2728,21542,7.8966275659824,
2018Q4,,S08000031,,S12000049,,Emergency Inpatients,,2,,2844,5879,2.06715893108298,,2821,23672,8.39135058489897,
2019Q1,,S08000031,,S12000049,,Emergency Inpatients,,2,,2744,5281,1.92456268221574,,2762,23101,8.36386676321506,
2019Q2,,S08000031,,S12000049,,Emergency Inpatients,,2,,2848,5733,2.01299157303371,,2799,23248,8.30582350839586,
2019Q3,,S08000031,,S12000049,,Emergency Inpatients,,2,,2851,5490,1.92564012627148,,2822,22900,8.11481218993621,
2019Q4,,S08000031,,S12000049,,Emergency Inpatients,,2,,2858,5536,1.9370188943317,,2854,23023,8.06692361597758,
2020Q1,,S08000031,,S12000049,,Emergency Inpatients,,2,,2574,5654,2.1965811965812,,2617,23794,9.09209017959496,
2020Q2,,S08000031,,S12000049,,Emergency Inpatients,,2,,2137,3733,1.7468413664015,,2097,15767,7.51883643299952,
2020Q3,,S08000031,,S12000049,,Emergency Inpatients,,2,,2515,4265,1.69582504970179,,2455,19514,7.94867617107943,
2020Q4,,S08000031,,S12000049,,Emergency Inpatients,,2,,2492,4994,2.00401284109149,,2477,20531,8.28865563181268,
2021Q1,,S08000031,,S12000049,,Emergency Inpatients,,2,,2368,4511,1.90498310810811,,2364,22418,9.48307952622674,
2021Q2,,S08000031,,S12000049,,Emergency Inpatients,,2,,2796,4909,1.75572246065808,,2734,20688,7.56693489392831,
2021Q3,,S08000031,,S12000049,,Emergency Inpatients,,2,,2607,5368,2.05907172995781,,2568,21377,8.3243769470405,
2021Q4,,S08000031,,S12000049,,Emergency Inpatients,,2,,2577,5463,2.11990686845169,,2568,25131,9.78621495327103,
2022Q1,,S08000031,,S12000049,,Emergency Inpatients,,2,,2402,5428,2.25978351373855,,2355,23598,10.0203821656051,
2022Q2,,S08000031,,S12000049,,Emergency Inpatients,,2,,2431,4893,2.01275195392842,,2412,23542,9.7603648424544,
2022Q3,,S08000031,,S12000049,,Emergency Inpatients,,2,,2417,5361,2.21803889118742,,2407,24426,10.1479019526381,
2022Q4,p,S08000031,,S12000049,,Emergency Inpatients,,2,,2431,5750,2.36528177704648,,2438,25939,10.6394585726005,
2017Q4,,S08000031,,S12000049,,Emergency Inpatients,,3,,1748,3534,2.02173913043478,,1715,13391,7.80816326530612,
2018Q1,,S08000031,,S12000049,,Emergency Inpatients,,3,,1582,3367,2.1283185840708,,1568,12993,8.28635204081633,
2018Q2,,S08000031,,S12000049,,Emergency Inpatients,,3,,1589,3255,2.04845814977974,,1601,13494,8.42848219862586,
2018Q3,,S08000031,,S12000049,,Emergency Inpatients,,3,,1646,3621,2.19987849331713,,1620,12922,7.97654320987654,
2018Q4,,S08000031,,S12000049,,Emergency Inpatients,,3,,1654,3445,2.08282950423216,,1639,12599,7.68700427089689,
2019Q1,,S08000031,,S12000049,,Emergency Inpatients,,3,,1657,3434,2.07242003621002,,1635,12736,7.78960244648318,
2019Q2,,S08000031,,S12000049,,Emergency Inpatients,,3,,1693,3269,1.93089190785588,,1683,13777,8.18597742127154,
2019Q3,,S08000031,,S12000049,,Emergency Inpatients,,3,,1644,3100,1.88564476885645,,1638,13780,8.41269841269841,
2019Q4,,S08000031,,S12000049,,Emergency Inpatients,,3,,1703,3420,2.00822078684674,,1673,14669,8.76808129109384,
2020Q1,,S08000031,,S12000049,,Emergency Inpatients,,3,,1491,3124,2.0952380952381,,1524,15313,10.0479002624672,
2020Q2,,S08000031,,S12000049,,Emergency Inpatients,,3,,1267,2294,1.81057616416732,,1233,10014,8.12165450121655,
2020Q3,,S08000031,,S12000049,,Emergency Inpatients,,3,,1472,2517,1.70991847826087,,1448,10441,7.21063535911602,
2020Q4,,S08000031,,S12000049,,Emergency Inpatients,,3,,1472,3031,2.05910326086957,,1479,13021,8.80392156862745,
2021Q1,,S08000031,,S12000049,,Emergency Inpatients,,3,,1442,3010,2.0873786407767,,1417,14098,9.94918842625265,
2021Q2,,S08000031,,S12000049,,Emergency Inpatients,,3,,1598,2796,1.74968710888611,,1569,12226,7.79222434671765,
2021Q3,,S08000031,,S12000049,,Emergency Inpatients,,3,,1530,3107,2.03071895424837,,1513,13328,8.80898876404494,
2021Q4,,S08000031,,S12000049,,Emergency Inpatients,,3,,1442,3142,2.17891816920943,,1458,14072,9.65157750342935,
2022Q1,,S08000031,,S12000049,,Emergency Inpatients,,3,,1430,3437,2.4034965034965,,1407,13649,9.70078180525942,
2022Q2,,S08000031,,S12000049,,Emergency Inpatients,,3,,1530,3389,2.21503267973856,,1492,13076,8.76407506702413,
2022Q3,,S08000031,,S12000049,,Emergency Inpatients,,3,,1499,3229,2.15410273515677,,1507,14043,9.31851360318514,
2022Q4,p,S08000031,,S12000049,,Emergency Inpatients,,3,,1383,3108,2.2472885032538,,1377,13132,9.53667392883079,
2017Q4,,S08000031,,S12000049,,Emergency Inpatients,,4,,1255,2420,1.92828685258964,,1251,10005,7.99760191846523,
2018Q1,,S08000031,,S12000049,,Emergency Inpatients,,4,,1238,2345,1.8941841680129201,,1222,9740,7.97054009819967,
2018Q2,,S08000031,,S12000049,,Emergency Inpatients,,4,,1249,2515,2.01361088871097,,1237,9709,7.84882780921584,
2018Q3,,S08000031,,S12000049,,Emergency Inpatients,,4,,1198,2545,2.12437395659432,,1197,8944,7.47201336675021,
2018Q4,,S08000031,,S12000049,,Emergency Inpatients,,4,,1240,2426,1.95645161290323,,1220,9433,7.73196721311475,
2019Q1,,S08000031,,S12000049,,Emergency Inpatients,,4,,1241,2438,1.96454472199839,,1245,10009,8.03935742971888,
2019Q2,,S08000031,,S12000049,,Emergency Inpatients,,4,,1200,2301,1.9175,,1201,9208,7.6669442131557,
2019Q3,,S08000031,,S12000049,,Emergency Inpatients,,4,,1317,2654,2.01518602885345,,1286,8919,6.93545878693624,
2019Q4,,S08000031,,S12000049,,Emergency Inpatients,,4,,1259,2385,1.89436060365369,,1246,9807,7.87078651685393,
2020Q1,,S08000031,,S12000049,,Emergency Inpatients,,4,,1128,2332,2.06737588652482,,1134,9408,8.2962962962963,
2020Q2,,S08000031,,S12000049,,Emergency Inpatients,,4,,994,1894,1.90543259557344,,977,8691,8.89559877175026,
2020Q3,,S08000031,,S12000049,,Emergency Inpatients,,4,,1155,2095,1.81385281385281,,1149,9283,8.07919930374239,
2020Q4,,S08000031,,S12000049,,Emergency Inpatients,,4,,1143,2281,1.99562554680665,,1145,8997,7.85764192139738,
2021Q1,,S08000031,,S12000049,,Emergency Inpatients,,4,,1079,2144,1.9870250231696,,1046,8206,7.84512428298279,
2021Q2,,S08000031,,S12000049,,Emergency Inpatients,,4,,1227,2218,1.80766096169519,,1215,9779,8.04855967078189,
2021Q3,,S08000031,,S12000049,,Emergency Inpatients,,4,,1240,2380,1.91935483870968,,1223,10051,8.21831561733442,
2021Q4,,S08000031,,S12000049,,Emergency Inpatients,,4,,1176,2481,2.10969387755102,,1155,10433,9.03290043290043,
2022Q1,,S08000031,,S12000049,,Emergency Inpatients,,4,,1209,2842,2.35070306038048,,1195,11140,9.32217573221757,
2022Q2,,S08000031,,S12000049,,Emergency Inpatients,,4,,1198,2579,2.15275459098498,,1199,12519,10.441201000834,
2022Q3,,S08000031,,S12000049,,Emergency Inpatients,,4,,1162,2352,2.02409638554217,,1141,11203,9.81858019281332,
2022Q4,p,S08000031,,S12000049,,Emergency Inpatients,,4,,1157,2633,2.27571305099395,,1160,10776,9.28965517241379,
2017Q4,,S08000031,,S12000049,,Emergency Inpatients,,5,,967,1570,1.62357807652534,,965,7503,7.77512953367876,
2018Q1,,S08000031,,S12000049,,Emergency Inpatients,,5,,938,1849,1.97121535181237,,909,6911,7.6028602860286,
2018Q2,,S08000031,,S12000049,,Emergency Inpatients,,5,,984,1809,1.83841463414634,,985,8431,8.55939086294416,
2018Q3,,S08000031,,S12000049,,Emergency Inpatients,,5,,934,1790,1.91648822269807,,911,7834,8.5993413830955,
2018Q4,,S08000031,,S12000049,,Emergency Inpatients,,5,,991,1924,1.94147325933401,,992,8026,8.09072580645161,
2019Q1,,S08000031,,S12000049,,Emergency Inpatients,,5,,1021,1946,1.90597453476983,,1005,8024,7.98407960199005,
2019Q2,,S08000031,,S12000049,,Emergency Inpatients,,5,,945,1728,1.82857142857143,,950,8484,8.93052631578947,
2019Q3,,S08000031,,S12000049,,Emergency Inpatients,,5,,976,1836,1.88114754098361,,957,7564,7.90386624869384,
2019Q4,,S08000031,,S12000049,,Emergency Inpatients,,5,,969,2033,2.09803921568627,,963,8543,8.87123572170301,
2020Q1,,S08000031,,S12000049,,Emergency Inpatients,,5,,887,1786,2.01352874859076,,899,7758,8.62958843159066,
2020Q2,,S08000031,,S12000049,,Emergency Inpatients,,5,,695,1162,1.67194244604317,,679,5253,7.73637702503682,
2020Q3,,S08000031,,S12000049,,Emergency Inpatients,,5,,825,1440,1.74545454545455,,816,6932,8.49509803921569,
2020Q4,,S08000031,,S12000049,,Emergency Inpatients,,5,,794,1382,1.74055415617128,,776,6717,8.65592783505155,
2021Q1,,S08000031,,S12000049,,Emergency Inpatients,,5,,809,1183,1.46229913473424,,817,7093,8.68176254589963,
2021Q2,,S08000031,,S12000049,,Emergency Inpatients,,5,,939,1502,1.59957401490948,,920,7372,8.01304347826087,
2021Q3,,S08000031,,S12000049,,Emergency Inpatients,,5,,861,1657,1.92450638792102,,857,7736,9.02683780630105,
2021Q4,,S08000031,,S12000049,,Emergency Inpatients,,5,,961,2187,2.27575442247659,,955,9070,9.49738219895288,
2022Q1,,S08000031,,S12000049,,Emergency Inpatients,,5,,818,1581,1.93276283618582,,806,8090,10.0372208436725,
2022Q2,,S08000031,,S12000049,,Emergency Inpatients,,5,,842,1813,2.15320665083135,,832,9405,11.3040865384615,
2022Q3,,S08000031,,S12000049,,Emergency Inpatients,,5,,873,1801,2.06300114547537,,877,8295,9.45838084378563,
2022Q4,p,S08000031,,S12000049,,Emergency Inpatients,,5,,887,2092,2.35851183765502,,892,7909,8.86659192825112,
2022Q3,,S08000031,,S12000049,,Emergency Inpatients,,,:,0,5,,z,0,25,,z
2022Q4,p,S08000031,,S12000049,,Emergency Inpatients,,,:,0,13,,z,0,14,,z
2017Q4,,S08000031,,S12000018,,Emergency Inpatients,,1,,1315,3308,2.51558935361217,,1290,9080,7.03875968992248,
2018Q1,,S08000031,,S12000018,,Emergency Inpatients,,1,,1261,3356,2.66137985725615,,1262,9510,7.53565768621236,
2018Q2,,S08000031,,S12000018,,Emergency Inpatients,,1,,1137,2746,2.41512752858399,,1142,8556,7.49211908931699,
2018Q3,,S08000031,,S12000018,,Emergency Inpatients,,1,,1243,3305,2.65888978278359,,1216,8458,6.95559210526316,
2018Q4,,S08000031,,S12000018,,Emergency Inpatients,,1,,1239,3473,2.80306698950767,,1208,8333,6.89817880794702,
2019Q1,,S08000031,,S12000018,,Emergency Inpatients,,1,,1220,3581,2.93524590163934,,1214,10090,8.31136738056013,
2019Q2,,S08000031,,S12000018,,Emergency Inpatients,,1,,1216,3792,3.11842105263158,,1199,10086,8.41201000834028,
2019Q3,,S08000031,,S12000018,,Emergency Inpatients,,1,,1264,3407,2.69541139240506,,1235,8627,6.98542510121457,
2019Q4,,S08000031,,S12000018,,Emergency Inpatients,,1,,1247,3441,2.75942261427426,,1251,9620,7.6898481215028,
2020Q1,,S08000031,,S12000018,,Emergency Inpatients,,1,,1139,3199,2.80860403863038,,1137,9560,8.40809146877749,
2020Q2,,S08000031,,S12000018,,Emergency Inpatients,,1,,914,2784,3.04595185995624,,903,7759,8.59246954595792,
2020Q3,,S08000031,,S12000018,,Emergency Inpatients,,1,,1076,2876,2.6728624535316,,1058,8771,8.29017013232514,
2020Q4,,S08000031,,S12000018,,Emergency Inpatients,,1,,1004,3454,3.4402390438247,,992,8406,8.47379032258065,
2021Q1,,S08000031,,S12000018,,Emergency Inpatients,,1,,1018,3783,3.71611001964637,,995,9096,9.14170854271357,
2021Q2,,S08000031,,S12000018,,Emergency Inpatients,,1,,1174,3316,2.82453151618399,,1178,9636,8.17996604414262,
2021Q3,,S08000031,,S12000018,,Emergency Inpatients,,1,,1110,3593,3.23693693693694,,1084,8775,8.0950184501845,
2021Q4,,S08000031,,S12000018,,Emergency Inpatients,,1,,1061,3520,3.31762488218662,,1067,9693,9.08434864104967,
2022Q1,,S08000031,,S12000018,,Emergency Inpatients,,1,,998,3151,3.15731462925852,,954,8349,8.75157232704403,
2022Q2,,S08000031,,S12000018,,Emergency Inpatients,,1,,963,3312,3.4392523364486,,929,9262,9.96986006458558,
2022Q3,,S08000031,,S12000018,,Emergency Inpatients,,1,,977,3460,3.54145342886387,,990,11991,12.1121212121212,
2022Q4,p,S08000031,,S12000018,,Emergency Inpatients,,1,,998,3847,3.85470941883768,,994,10619,10.6830985915493,
2017Q4,,S08000031,,S12000018,,Emergency Inpatients,,2,,286,591,2.06643356643357,,285,1801,6.31929824561403,
2018Q1,,S08000031,,S12000018,,Emergency Inpatients,,2,,301,779,2.58803986710963,,295,2250,7.6271186440678,
2018Q2,,S08000031,,S12000018,,Emergency Inpatients,,2,,285,663,2.32631578947368,,289,1990,6.88581314878893,
2018Q3,,S08000031,,S12000018,,Emergency Inpatients,,2,,274,673,2.45620437956204,,266,1875,7.04887218045113,
2018Q4,,S08000031,,S12000018,,Emergency Inpatients,,2,,277,688,2.48375451263538,,272,2171,7.98161764705882,
2019Q1,,S08000031,,S12000018,,Emergency Inpatients,,2,,296,863,2.91554054054054,,289,1978,6.84429065743945,
2019Q2,,S08000031,,S12000018,,Emergency Inpatients,,2,,282,755,2.67730496453901,,286,2240,7.83216783216783,
2019Q3,,S08000031,,S12000018,,Emergency Inpatients,,2,,301,738,2.45182724252492,,284,1842,6.48591549295775,
2019Q4,,S08000031,,S12000018,,Emergency Inpatients,,2,,301,839,2.78737541528239,,294,2462,8.37414965986395,
2020Q1,,S08000031,,S12000018,,Emergency Inpatients,,2,,253,625,2.4703557312253,,268,2732,10.1940298507463,
2020Q2,,S08000031,,S12000018,,Emergency Inpatients,,2,,208,619,2.97596153846154,,203,1577,7.76847290640394,
2020Q3,,S08000031,,S12000018,,Emergency Inpatients,,2,,238,641,2.69327731092437,,236,1909,8.08898305084746,
2020Q4,,S08000031,,S12000018,,Emergency Inpatients,,2,,225,662,2.94222222222222,,230,1685,7.32608695652174,
2021Q1,,S08000031,,S12000018,,Emergency Inpatients,,2,,216,746,3.4537037037037,,199,1300,6.53266331658291,
2021Q2,,S08000031,,S12000018,,Emergency Inpatients,,2,,253,649,2.56521739130435,,254,2056,8.09448818897638,
2021Q3,,S08000031,,S12000018,,Emergency Inpatients,,2,,245,674,2.75102040816327,,235,1988,8.45957446808511,
2021Q4,,S08000031,,S12000018,,Emergency Inpatients,,2,,257,713,2.77431906614786,,254,2264,8.91338582677165,
2022Q1,,S08000031,,S12000018,,Emergency Inpatients,,2,,243,801,3.2962962962963,,230,2502,10.8782608695652,
2022Q2,,S08000031,,S12000018,,Emergency Inpatients,,2,,227,739,3.25550660792952,,232,2384,10.2758620689655,
2022Q3,,S08000031,,S12000018,,Emergency Inpatients,,2,,250,865,3.46,,251,2456,9.78486055776892,
2022Q4,p,S08000031,,S12000018,,Emergency Inpatients,,2,,238,884,3.71428571428571,,227,2083,9.17621145374449,
2017Q4,,S08000031,,S12000018,,Emergency Inpatients,,3,,310,853,2.75161290322581,,304,2534,8.33552631578947,
2018Q1,,S08000031,,S12000018,,Emergency Inpatients,,3,,316,1029,3.25632911392405,,312,2629,8.42628205128205,
2018Q2,,S08000031,,S12000018,,Emergency Inpatients,,3,,342,984,2.87719298245614,,344,2610,7.58720930232558,
2018Q3,,S08000031,,S12000018,,Emergency Inpatients,,3,,275,834,3.03272727272727,,265,2171,8.19245283018868,
2018Q4,,S08000031,,S12000018,,Emergency Inpatients,,3,,281,895,3.18505338078292,,277,2208,7.97111913357401,
2019Q1,,S08000031,,S12000018,,Emergency Inpatients,,3,,302,961,3.18211920529801,,298,2527,8.47986577181208,
2019Q2,,S08000031,,S12000018,,Emergency Inpatients,,3,,290,950,3.27586206896552,,283,2299,8.12367491166078,
2019Q3,,S08000031,,S12000018,,Emergency Inpatients,,3,,265,961,3.62641509433962,,267,2380,8.91385767790262,
2019Q4,,S08000031,,S12000018,,Emergency Inpatients,,3,,306,814,2.66013071895425,,293,2404,8.20477815699659,
2020Q1,,S08000031,,S12000018,,Emergency Inpatients,,3,,337,921,2.73293768545994,,336,3507,10.4375,
2020Q2,,S08000031,,S12000018,,Emergency Inpatients,,3,,214,556,2.5981308411215,,212,1957,9.2311320754717,
2020Q3,,S08000031,,S12000018,,Emergency Inpatients,,3,,265,693,2.61509433962264,,264,1983,7.51136363636364,
2020Q4,,S08000031,,S12000018,,Emergency Inpatients,,3,,223,613,2.74887892376682,,219,1891,8.63470319634703,
2021Q1,,S08000031,,S12000018,,Emergency Inpatients,,3,,231,836,3.61904761904762,,228,2424,10.6315789473684,
2021Q2,,S08000031,,S12000018,,Emergency Inpatients,,3,,244,684,2.80327868852459,,242,2240,9.25619834710744,
2021Q3,,S08000031,,S12000018,,Emergency Inpatients,,3,,271,839,3.09594095940959,,265,2378,8.97358490566038,
2021Q4,,S08000031,,S12000018,,Emergency Inpatients,,3,,253,1001,3.95652173913043,,253,2682,10.600790513834,
2022Q1,,S08000031,,S12000018,,Emergency Inpatients,,3,,231,903,3.90909090909091,,217,2903,13.3778801843318,
2022Q2,,S08000031,,S12000018,,Emergency Inpatients,,3,,226,759,3.35840707964602,,225,2636,11.7155555555556,
2022Q3,,S08000031,,S12000018,,Emergency Inpatients,,3,,212,794,3.74528301886792,,220,2641,12.0045454545455,
2022Q4,p,S08000031,,S12000018,,Emergency Inpatients,,3,,242,1056,4.36363636363636,,223,2698,12.0986547085202,
2017Q4,,S08000031,,S12000018,,Emergency Inpatients,,4,,274,684,2.4963503649635,,268,2017,7.52611940298507,
2018Q1,,S08000031,,S12000018,,Emergency Inpatients,,4,,282,732,2.59574468085106,,272,1895,6.96691176470588,
2018Q2,,S08000031,,S12000018,,Emergency Inpatients,,4,,266,658,2.47368421052632,,261,2001,7.66666666666667,
2018Q3,,S08000031,,S12000018,,Emergency Inpatients,,4,,229,684,2.98689956331878,,222,2015,9.07657657657658,
2018Q4,,S08000031,,S12000018,,Emergency Inpatients,,4,,230,753,3.27391304347826,,237,2452,10.3459915611814,
2019Q1,,S08000031,,S12000018,,Emergency Inpatients,,4,,222,643,2.8963963963964,,211,1632,7.7345971563981,
2019Q2,,S08000031,,S12000018,,Emergency Inpatients,,4,,251,771,3.07171314741036,,243,2018,8.30452674897119,
2019Q3,,S08000031,,S12000018,,Emergency Inpatients,,4,,252,748,2.96825396825397,,252,1908,7.57142857142857,
2019Q4,,S08000031,,S12000018,,Emergency Inpatients,,4,,245,615,2.51020408163265,,242,1604,6.62809917355372,
2020Q1,,S08000031,,S12000018,,Emergency Inpatients,,4,,235,621,2.64255319148936,,227,1940,8.54625550660793,
2020Q2,,S08000031,,S12000018,,Emergency Inpatients,,4,,173,446,2.57803468208092,,177,1569,8.86440677966102,
2020Q3,,S08000031,,S12000018,,Emergency Inpatients,,4,,226,683,3.02212389380531,,224,2058,9.1875,
2020Q4,,S08000031,,S12000018,,Emergency Inpatients,,4,,170,603,3.54705882352941,,169,1374,8.1301775147929,
2021Q1,,S08000031,,S12000018,,Emergency Inpatients,,4,,196,810,4.13265306122449,,179,1509,8.43016759776536,
2021Q2,,S08000031,,S12000018,,Emergency Inpatients,,4,,242,644,2.66115702479339,,245,2516,10.269387755102,
2021Q3,,S08000031,,S12000018,,Emergency Inpatients,,4,,230,788,3.42608695652174,,217,2214,10.2027649769585,
2021Q4,,S08000031,,S12000018,,Emergency Inpatients,,4,,218,636,2.91743119266055,,215,2471,11.493023255814,
2022Q1,,S08000031,,S12000018,,Emergency Inpatients,,4,,201,729,3.62686567164179,,197,2756,13.989847715736,
2022Q2,,S08000031,,S12000018,,Emergency Inpatients,,4,,187,652,3.48663101604278,,186,2246,12.0752688172043,
2022Q3,,S08000031,,S12000018,,Emergency Inpatients,,4,,205,776,3.78536585365854,,197,2264,11.492385786802,
2022Q4,p,S08000031,,S12000018,,Emergency Inpatients,,4,,211,911,4.3175355450237,,215,2771,12.8883720930233,
2017Q4,,S08000031,,S12000018,,Emergency Inpatients,,5,,274,647,2.36131386861314,,267,1880,7.04119850187266,
2018Q1,,S08000031,,S12000018,,Emergency Inpatients,,5,,211,606,2.87203791469194,,209,1580,7.55980861244019,
2018Q2,,S08000031,,S12000018,,Emergency Inpatients,,5,,235,491,2.08936170212766,,239,2026,8.47698744769875,
2018Q3,,S08000031,,S12000018,,Emergency Inpatients,,5,,231,759,3.28571428571429,,222,1494,6.72972972972973,
2018Q4,,S08000031,,S12000018,,Emergency Inpatients,,5,,246,600,2.4390243902439,,237,1775,7.48945147679325,
2019Q1,,S08000031,,S12000018,,Emergency Inpatients,,5,,233,682,2.92703862660944,,229,2227,9.72489082969432,
2019Q2,,S08000031,,S12000018,,Emergency Inpatients,,5,,242,634,2.6198347107438,,245,1829,7.46530612244898,
2019Q3,,S08000031,,S12000018,,Emergency Inpatients,,5,,284,671,2.36267605633803,,267,2260,8.46441947565543,
2019Q4,,S08000031,,S12000018,,Emergency Inpatients,,5,,268,638,2.38059701492537,,273,2373,8.69230769230769,
2020Q1,,S08000031,,S12000018,,Emergency Inpatients,,5,,209,539,2.57894736842105,,219,2319,10.5890410958904,
2020Q2,,S08000031,,S12000018,,Emergency Inpatients,,5,,191,609,3.18848167539267,,190,1455,7.6578947368421,
2020Q3,,S08000031,,S12000018,,Emergency Inpatients,,5,,213,662,3.10798122065728,,209,1429,6.83732057416268,
2020Q4,,S08000031,,S12000018,,Emergency Inpatients,,5,,215,747,3.47441860465116,,216,1547,7.16203703703704,
2021Q1,,S08000031,,S12000018,,Emergency Inpatients,,5,,191,631,3.30366492146597,,177,1312,7.41242937853107,
2021Q2,,S08000031,,S12000018,,Emergency Inpatients,,5,,229,747,3.26200873362445,,226,1892,8.3716814159292,
2021Q3,,S08000031,,S12000018,,Emergency Inpatients,,5,,204,620,3.03921568627451,,201,1844,9.17412935323383,
2021Q4,,S08000031,,S12000018,,Emergency Inpatients,,5,,193,605,3.13471502590674,,190,1621,8.53157894736842,
2022Q1,,S08000031,,S12000018,,Emergency Inpatients,,5,,205,640,3.1219512195122,,200,2091,10.455,
2022Q2,,S08000031,,S12000018,,Emergency Inpatients,,5,,217,804,3.70506912442396,,210,2319,11.0428571428571,
2022Q3,,S08000031,,S12000018,,Emergency Inpatients,,5,,220,864,3.92727272727273,,212,2204,10.3962264150943,
2022Q4,p,S08000031,,S12000018,,Emergency Inpatients,,5,,233,889,3.81545064377682,,234,2216,9.47008547008547,
2022Q3,,S08000031,,S12000018,,Emergency Inpatients,,,:,0,0,,z,0,17,,z
2022Q4,p,S08000031,,S12000018,,Emergency Inpatients,,,:,5,5,1,,5,13,2.6,
2017Q4,,S08000031,,S08000031,d,Emergency Inpatients,,1,,13471,30787,2.28542795635068,,13280,101667,7.65564759036145,
2018Q1,,S08000031,,S08000031,d,Emergency Inpatients,,1,,13127,32057,2.44206597089967,,13086,108171,8.26616231086657,
2018Q2,,S08000031,,S08000031,d,Emergency Inpatients,,1,,13372,31065,2.32313790008974,,13291,104572,7.86788052065307,
2018Q3,,S08000031,,S08000031,d,Emergency Inpatients,,1,,13626,31043,2.27821811243212,,13456,98818,7.34378715814507,
2018Q4,,S08000031,,S08000031,d,Emergency Inpatients,,1,,13514,30781,2.27771200236791,,13331,99918,7.49516165328933,
2019Q1,,S08000031,,S08000031,d,Emergency Inpatients,,1,,13533,31456,2.32439222640952,,13395,103198,7.70421799178798,
2019Q2,,S08000031,,S08000031,d,Emergency Inpatients,,1,,13599,29826,2.19324950363997,,13500,104050,7.70740740740741,
2019Q3,,S08000031,,S08000031,d,Emergency Inpatients,,1,,13821,28802,2.08393025106722,,13659,99769,7.30426824804158,
2019Q4,,S08000031,,S08000031,d,Emergency Inpatients,,1,,13821,30539,2.2096085666739,,13710,105792,7.7164113785558,
2020Q1,,S08000031,,S08000031,d,Emergency Inpatients,,1,,12462,27568,2.21216498154389,,12581,104739,8.32517287973929,
2020Q2,,S08000031,,S08000031,d,Emergency Inpatients,,1,,10589,21337,2.01501558220795,,10302,77474,7.52028732284993,
2020Q3,,S08000031,,S08000031,d,Emergency Inpatients,,1,,12343,24021,1.946123308758,,12155,90931,7.48095433977787,
2020Q4,,S08000031,,S08000031,d,Emergency Inpatients,,1,,11789,26806,2.27381457290695,,11735,99601,8.48751597784406,
2021Q1,,S08000031,,S08000031,d,Emergency Inpatients,,1,,11502,25264,2.19648756737959,,11304,97362,8.61305732484076,
2021Q2,,S08000031,,S08000031,d,Emergency Inpatients,,1,,13303,26417,1.98579267834323,,13211,100000,7.56944970100674,
2021Q3,,S08000031,,S08000031,d,Emergency Inpatients,,1,,12473,28095,2.25246532510222,,12312,102562,8.33024691358025,
2021Q4,,S08000031,,S08000031,d,Emergency Inpatients,,1,,11730,28949,2.46794543904518,,11698,106264,9.08394597367071,
2022Q1,,S08000031,,S08000031,d,Emergency Inpatients,,1,,10986,28107,2.55843801201529,,10806,101529,9.39561354802887,
2022Q2,,S08000031,,S08000031,d,Emergency Inpatients,,1,,11316,27999,2.47428419936373,,11172,107980,9.66523451485858,
2022Q3,,S08000031,,S08000031,d,Emergency Inpatients,,1,,11405,29004,2.54309513371328,,11325,112367,9.92203090507726,
2022Q4,p,S08000031,,S08000031,d,Emergency Inpatients,,1,,11287,30176,2.67351820678657,,11314,109837,9.7080608096164,
2017Q4,,S08000031,,S08000031,d,Emergency Inpatients,,2,,5618,12665,2.25436098255607,,5514,44759,8.11733768589046,
2018Q1,,S08000031,,S08000031,d,Emergency Inpatients,,2,,5680,13884,2.4443661971831,,5623,47706,8.48408322959274,
2018Q2,,S08000031,,S08000031,d,Emergency Inpatients,,2,,5723,13509,2.36047527520531,,5720,46906,8.20034965034965,
2018Q3,,S08000031,,S08000031,d,Emergency Inpatients,,2,,5652,13841,2.44886765746638,,5501,43836,7.96873295764406,
2018Q4,,S08000031,,S08000031,d,Emergency Inpatients,,2,,5777,13887,2.40384282499567,,5723,48421,8.46077232220863,
2019Q1,,S08000031,,S08000031,d,Emergency Inpatients,,2,,5702,13494,2.36653805682217,,5700,46801,8.21070175438597,
2019Q2,,S08000031,,S08000031,d,Emergency Inpatients,,2,,5872,13445,2.28967983651226,,5777,45000,7.78951012636316,
2019Q3,,S08000031,,S08000031,d,Emergency Inpatients,,2,,5756,12714,2.2088255733148,,5706,44126,7.73326323168594,
2019Q4,,S08000031,,S08000031,d,Emergency Inpatients,,2,,5886,12650,2.14916751613999,,5813,45563,7.83812145191811,
2020Q1,,S08000031,,S08000031,d,Emergency Inpatients,,2,,5323,12237,2.2988916024798,,5416,48208,8.90103397341211,
2020Q2,,S08000031,,S08000031,d,Emergency Inpatients,,2,,4289,8731,2.03567265096759,,4203,32074,7.63121579823935,
2020Q3,,S08000031,,S08000031,d,Emergency Inpatients,,2,,5138,10460,2.0358115998443,,5034,39790,7.90425109257052,
2020Q4,,S08000031,,S08000031,d,Emergency Inpatients,,2,,5025,11221,2.23303482587065,,4982,41768,8.38378161380971,
2021Q1,,S08000031,,S08000031,d,Emergency Inpatients,,2,,4877,10768,2.20791470166086,,4826,44403,9.2007874015748,
2021Q2,,S08000031,,S08000031,d,Emergency Inpatients,,2,,5674,11087,1.95400070497004,,5587,45266,8.10202255235368,
2021Q3,,S08000031,,S08000031,d,Emergency Inpatients,,2,,5287,11681,2.20938150179686,,5222,44310,8.48525469168901,
2021Q4,,S08000031,,S08000031,d,Emergency Inpatients,,2,,5180,12235,2.36196911196911,,5160,49055,9.50678294573643,
2022Q1,,S08000031,,S08000031,d,Emergency Inpatients,,2,,4758,12304,2.58596048759983,,4667,46888,10.0467109492179,
2022Q2,,S08000031,,S08000031,d,Emergency Inpatients,,2,,4978,11500,2.31016472478907,,4943,48492,9.81023669836132,
2022Q3,,S08000031,,S08000031,d,Emergency Inpatients,,2,,5064,13174,2.60150078988942,,5017,50515,10.0687661949372,
2022Q4,p,S08000031,,S08000031,d,Emergency Inpatients,,2,,5038,13122,2.60460500198491,,5006,51274,10.2425089892129,
2017Q4,,S08000031,,S08000031,d,Emergency Inpatients,,3,,3608,8962,2.48392461197339,,3521,27938,7.93467764839534,
2018Q1,,S08000031,,S08000031,d,Emergency Inpatients,,3,,3371,8632,2.56066449124889,,3352,27776,8.28639618138425,
2018Q2,,S08000031,,S08000031,d,Emergency Inpatients,,3,,3380,8098,2.39585798816568,,3370,27830,8.25816023738872,
2018Q3,,S08000031,,S08000031,d,Emergency Inpatients,,3,,3311,8255,2.49320446994866,,3255,26852,8.2494623655914,
2018Q4,,S08000031,,S08000031,d,Emergency Inpatients,,3,,3462,8377,2.41969959560947,,3426,26579,7.75802685347344,
2019Q1,,S08000031,,S08000031,d,Emergency Inpatients,,3,,3467,8717,2.51427747331987,,3423,26491,7.73911773298276,
2019Q2,,S08000031,,S08000031,d,Emergency Inpatients,,3,,3585,8970,2.5020920502092,,3535,27683,7.83111739745403,
2019Q3,,S08000031,,S08000031,d,Emergency Inpatients,,3,,3534,8084,2.28749292586304,,3512,27355,7.78900911161731,
2019Q4,,S08000031,,S08000031,d,Emergency Inpatients,,3,,3671,8275,2.25415418142196,,3600,29152,8.09777777777778,
2020Q1,,S08000031,,S08000031,d,Emergency Inpatients,,3,,3333,7338,2.2016201620162,,3389,31587,9.32044850988492,
2020Q2,,S08000031,,S08000031,d,Emergency Inpatients,,3,,2644,5671,2.14485627836611,,2571,21410,8.32749902761571,
2020Q3,,S08000031,,S08000031,d,Emergency Inpatients,,3,,3121,6558,2.10124959948734,,3069,23272,7.58292603453894,
2020Q4,,S08000031,,S08000031,d,Emergency Inpatients,,3,,3059,7153,2.33834586466165,,3053,26854,8.79593842122502,
2021Q1,,S08000031,,S08000031,d,Emergency Inpatients,,3,,3084,7625,2.47243839169909,,3016,28878,9.57493368700265,
2021Q2,,S08000031,,S08000031,d,Emergency Inpatients,,3,,3428,7112,2.07467911318553,,3388,27484,8.11216056670602,
2021Q3,,S08000031,,S08000031,d,Emergency Inpatients,,3,,3188,7452,2.3375156838143,,3148,27682,8.79351969504447,
2021Q4,,S08000031,,S08000031,d,Emergency Inpatients,,3,,3028,7964,2.63011889035667,,3031,29733,9.80963378422963,
2022Q1,,S08000031,,S08000031,d,Emergency Inpatients,,3,,2939,7979,2.71486900306227,,2889,29226,10.116303219107,
2022Q2,,S08000031,,S08000031,d,Emergency Inpatients,,3,,3087,7829,2.5361192095886,,3019,29287,9.7008943358728,
2022Q3,,S08000031,,S08000031,d,Emergency Inpatients,,3,,3053,7940,2.60072060268588,,3075,29920,9.73008130081301,
2022Q4,p,S08000031,,S08000031,d,Emergency Inpatients,,3,,3025,8052,2.66181818181818,,2957,28906,9.77544808927968,
2017Q4,,S08000031,,S08000031,d,Emergency Inpatients,,4,,3125,6572,2.10304,,3105,24907,8.02157809983897,
2018Q1,,S08000031,,S08000031,d,Emergency Inpatients,,4,,3072,6700,2.18098958333333,,3054,24820,8.12704649639817,
2018Q2,,S08000031,,S08000031,d,Emergency Inpatients,,4,,3153,7235,2.29464002537266,,3100,23801,7.67774193548387,
2018Q3,,S08000031,,S08000031,d,Emergency Inpatients,,4,,3033,7064,2.32904714803825,,2992,23528,7.86363636363636,
2018Q4,,S08000031,,S08000031,d,Emergency Inpatients,,4,,3029,6975,2.30274017827666,,3010,25228,8.38139534883721,
2019Q1,,S08000031,,S08000031,d,Emergency Inpatients,,4,,3023,7097,2.34766787958981,,2994,23554,7.86706746826987,
2019Q2,,S08000031,,S08000031,d,Emergency Inpatients,,4,,3140,7142,2.27452229299363,,3110,23386,7.51961414790997,
2019Q3,,S08000031,,S08000031,d,Emergency Inpatients,,4,,3224,7382,2.28970223325062,,3173,24133,7.6057358966278,
2019Q4,,S08000031,,S08000031,d,Emergency Inpatients,,4,,3163,7132,2.25482137211508,,3089,24655,7.98154742635157,
2020Q1,,S08000031,,S08000031,d,Emergency Inpatients,,4,,2836,6549,2.30923836389281,,2874,25807,8.9794711203897,
2020Q2,,S08000031,,S08000031,d,Emergency Inpatients,,4,,2361,4985,2.11139347734011,,2323,20314,8.7447266465777,
2020Q3,,S08000031,,S08000031,d,Emergency Inpatients,,4,,2798,5832,2.084345961401,,2757,22997,8.34131302140007,
2020Q4,,S08000031,,S08000031,d,Emergency Inpatients,,4,,2643,5891,2.22890654559213,,2634,22567,8.56757782839787,
2021Q1,,S08000031,,S08000031,d,Emergency Inpatients,,4,,2664,6218,2.33408408408408,,2609,21884,8.38788807972403,
2021Q2,,S08000031,,S08000031,d,Emergency Inpatients,,4,,2995,6262,2.09081803005008,,2968,24420,8.2277628032345,
2021Q3,,S08000031,,S08000031,d,Emergency Inpatients,,4,,2926,6552,2.23923444976077,,2885,25600,8.8734835355286,
2021Q4,,S08000031,,S08000031,d,Emergency Inpatients,,4,,2865,7366,2.57102966841187,,2835,26895,9.48677248677249,
2022Q1,,S08000031,,S08000031,d,Emergency Inpatients,,4,,2779,6904,2.48434688736956,,2717,25754,9.47883695252116,
2022Q2,,S08000031,,S08000031,d,Emergency Inpatients,,4,,2793,6935,2.48299319727891,,2793,28168,10.0852130325815,
2022Q3,,S08000031,,S08000031,d,Emergency Inpatients,,4,,2823,6913,2.44881331916401,,2794,27932,9.99713672154617,
2022Q4,p,S08000031,,S08000031,d,Emergency Inpatients,,4,,2825,7144,2.52884955752212,,2828,27161,9.60431400282885,
2017Q4,,S08000031,,S08000031,d,Emergency Inpatients,,5,,3809,8077,2.12050406930953,,3755,29395,7.82822902796272,
2018Q1,,S08000031,,S08000031,d,Emergency Inpatients,,5,,3666,8351,2.27795962902346,,3630,29987,8.26088154269972,
2018Q2,,S08000031,,S08000031,d,Emergency Inpatients,,5,,3719,8116,2.18230707179349,,3682,30999,8.41906572514938,
2018Q3,,S08000031,,S08000031,d,Emergency Inpatients,,5,,3684,8342,2.26438653637351,,3608,30110,8.34534368070953,
2018Q4,,S08000031,,S08000031,d,Emergency Inpatients,,5,,3915,8415,2.14942528735632,,3891,31005,7.96838858905166,
2019Q1,,S08000031,,S08000031,d,Emergency Inpatients,,5,,3790,8502,2.24327176781003,,3741,31934,8.53622026196204,
2019Q2,,S08000031,,S08000031,d,Emergency Inpatients,,5,,3866,8512,2.20175892395241,,3835,30963,8.07379400260756,
2019Q3,,S08000031,,S08000031,d,Emergency Inpatients,,5,,3892,8135,2.09018499486125,,3833,30821,8.04096008348552,
2019Q4,,S08000031,,S08000031,d,Emergency Inpatients,,5,,3837,8344,2.17461558509252,,3795,32502,8.56442687747036,
2020Q1,,S08000031,,S08000031,d,Emergency Inpatients,,5,,3535,7588,2.14653465346535,,3610,32598,9.02991689750693,
2020Q2,,S08000031,,S08000031,d,Emergency Inpatients,,5,,2890,5534,1.91487889273356,,2828,22407,7.92326732673267,
2020Q3,,S08000031,,S08000031,d,Emergency Inpatients,,5,,3563,7102,1.99326410328375,,3470,27152,7.82478386167147,
2020Q4,,S08000031,,S08000031,d,Emergency Inpatients,,5,,3272,6668,2.03789731051345,,3270,28542,8.72844036697248,
2021Q1,,S08000031,,S08000031,d,Emergency Inpatients,,5,,3299,6619,2.00636556532283,,3255,29751,9.14009216589862,
2021Q2,,S08000031,,S08000031,d,Emergency Inpatients,,5,,3770,6983,1.85225464190981,,3707,30921,8.34124629080119,
2021Q3,,S08000031,,S08000031,d,Emergency Inpatients,,5,,3589,7696,2.14432989690722,,3560,31627,8.88398876404494,
2021Q4,,S08000031,,S08000031,d,Emergency Inpatients,,5,,3530,8205,2.32436260623229,,3499,32189,9.19948556730494,
2022Q1,,S08000031,,S08000031,d,Emergency Inpatients,,5,,3410,8102,2.37595307917889,,3349,33734,10.0728575694237,
2022Q2,,S08000031,,S08000031,d,Emergency Inpatients,,5,,3497,8134,2.32599370889334,,3447,36389,10.5567159849144,
2022Q3,,S08000031,,S08000031,d,Emergency Inpatients,,5,,3469,8360,2.40991640242145,,3422,33002,9.64406779661017,
2022Q4,p,S08000031,,S08000031,d,Emergency Inpatients,,5,,3569,9251,2.59204258896049,,3594,37686,10.4858096828047,
2022Q3,,S08000031,,S08000031,d,Emergency Inpatients,,,:,5,5,1,,5,42,8.4,
2022Q4,p,S08000031,,S08000031,d,Emergency Inpatients,,,:,10,19,1.9,,10,30,3,
2017Q4,,S08000031,,S12000038,,Emergency Inpatients,,1,,1403,4369,3.11404133998574,,1387,10206,7.35832732516222,
2018Q1,,S08000031,,S12000038,,Emergency Inpatients,,1,,1370,4804,3.50656934306569,,1350,10518,7.79111111111111,
2018Q2,,S08000031,,S12000038,,Emergency Inpatients,,1,,1341,5012,3.73750932140194,,1308,11107,8.49159021406728,
2018Q3,,S08000031,,S12000038,,Emergency Inpatients,,1,,1313,4494,3.42269611576542,,1301,9368,7.20061491160646,
2018Q4,,S08000031,,S12000038,,Emergency Inpatients,,1,,1284,4007,3.12071651090343,,1265,9360,7.39920948616601,
2019Q1,,S08000031,,S12000038,,Emergency Inpatients,,1,,1351,4430,3.27905255366395,,1318,9504,7.21092564491654,
2019Q2,,S08000031,,S12000038,,Emergency Inpatients,,1,,1439,4203,2.92077831827658,,1422,9622,6.76652601969058,
2019Q3,,S08000031,,S12000038,,Emergency Inpatients,,1,,1454,3909,2.68844566712517,,1435,10041,6.99721254355401,
2019Q4,,S08000031,,S12000038,,Emergency Inpatients,,1,,1515,3830,2.52805280528053,,1492,10156,6.80697050938338,
2020Q1,,S08000031,,S12000038,,Emergency Inpatients,,1,,1307,3243,2.48125478194338,,1337,10933,8.17726252804787,
2020Q2,,S08000031,,S12000038,,Emergency Inpatients,,1,,1033,2401,2.324298160697,,1002,7022,7.00798403193613,
2020Q3,,S08000031,,S12000038,,Emergency Inpatients,,1,,1210,2964,2.4495867768595,,1197,8505,7.10526315789474,
2020Q4,,S08000031,,S12000038,,Emergency Inpatients,,1,,1133,3193,2.81818181818182,,1125,8768,7.79377777777778,
2021Q1,,S08000031,,S12000038,,Emergency Inpatients,,1,,1147,3118,2.71839581517001,,1114,9452,8.48473967684022,
2021Q2,,S08000031,,S12000038,,Emergency Inpatients,,1,,1337,2941,2.19970082273747,,1333,9674,7.25731432858215,
2021Q3,,S08000031,,S12000038,,Emergency Inpatients,,1,,1227,3228,2.63080684596577,,1225,9506,7.76,
2021Q4,,S08000031,,S12000038,,Emergency Inpatients,,1,,1068,2981,2.79119850187266,,1055,9216,8.73554502369668,
2022Q1,,S08000031,,S12000038,,Emergency Inpatients,,1,,1077,3590,3.33333333333333,,1047,10380,9.91404011461318,
2022Q2,,S08000031,,S12000038,,Emergency Inpatients,,1,,1083,3143,2.90212373037858,,1081,9878,9.13783533765032,
2022Q3,,S08000031,,S12000038,,Emergency Inpatients,,1,,1137,3169,2.78715919085312,,1113,9917,8.91015274034142,
2022Q4,p,S08000031,,S12000038,,Emergency Inpatients,,1,,1113,3021,2.71428571428571,,1116,10173,9.11559139784946,
2017Q4,,S08000031,,S12000038,,Emergency Inpatients,,2,,1213,3272,2.69744435284419,,1184,8837,7.46368243243243,
2018Q1,,S08000031,,S12000038,,Emergency Inpatients,,2,,1154,3755,3.25389948006932,,1130,9310,8.23893805309734,
2018Q2,,S08000031,,S12000038,,Emergency Inpatients,,2,,1124,3749,3.33540925266904,,1100,9199,8.36272727272727,
2018Q3,,S08000031,,S12000038,,Emergency Inpatients,,2,,1060,3489,3.29150943396226,,1045,9281,8.88133971291866,
2018Q4,,S08000031,,S12000038,,Emergency Inpatients,,2,,1154,3744,3.24436741767764,,1158,9337,8.06303972366149,
2019Q1,,S08000031,,S12000038,,Emergency Inpatients,,2,,1148,3774,3.28745644599303,,1138,9164,8.05272407732865,
2019Q2,,S08000031,,S12000038,,Emergency Inpatients,,2,,1200,3473,2.89416666666667,,1182,8083,6.83840947546531,
2019Q3,,S08000031,,S12000038,,Emergency Inpatients,,2,,1115,3283,2.94439461883408,,1115,7955,7.13452914798206,
2019Q4,,S08000031,,S12000038,,Emergency Inpatients,,2,,1162,2919,2.51204819277108,,1134,8057,7.10493827160494,
2020Q1,,S08000031,,S12000038,,Emergency Inpatients,,2,,1107,2561,2.31345980126468,,1120,8765,7.82589285714286,
2020Q2,,S08000031,,S12000038,,Emergency Inpatients,,2,,779,1894,2.43132220795892,,763,6196,8.12057667103539,
2020Q3,,S08000031,,S12000038,,Emergency Inpatients,,2,,1000,2606,2.606,,976,7396,7.57786885245902,
2020Q4,,S08000031,,S12000038,,Emergency Inpatients,,2,,955,2443,2.55811518324607,,959,8008,8.35036496350365,
2021Q1,,S08000031,,S12000038,,Emergency Inpatients,,2,,940,2699,2.87127659574468,,925,7539,8.15027027027027,
2021Q2,,S08000031,,S12000038,,Emergency Inpatients,,2,,1084,2459,2.26845018450184,,1066,7904,7.41463414634146,
2021Q3,,S08000031,,S12000038,,Emergency Inpatients,,2,,1041,2499,2.40057636887608,,1025,7947,7.75317073170732,
2021Q4,,S08000031,,S12000038,,Emergency Inpatients,,2,,970,2720,2.80412371134021,,985,9043,9.18071065989848,
2022Q1,,S08000031,,S12000038,,Emergency Inpatients,,2,,808,2781,3.4418316831683202,,799,8046,10.0700876095119,
2022Q2,,S08000031,,S12000038,,Emergency Inpatients,,2,,898,2377,2.64699331848552,,881,7729,8.77298524404086,
2022Q3,,S08000031,,S12000038,,Emergency Inpatients,,2,,957,2802,2.92789968652038,,938,8664,9.23667377398721,
2022Q4,p,S08000031,,S12000038,,Emergency Inpatients,,2,,947,2699,2.85005279831045,,941,8800,9.35175345377258,
2017Q4,,S08000031,,S12000038,,Emergency Inpatients,,3,,739,2670,3.61299052774019,,723,6185,8.55463347164592,
2018Q1,,S08000031,,S12000038,,Emergency Inpatients,,3,,713,2202,3.08835904628331,,705,5354,7.59432624113475,
2018Q2,,S08000031,,S12000038,,Emergency Inpatients,,3,,687,2151,3.13100436681223,,677,5660,8.36041358936484,
2018Q3,,S08000031,,S12000038,,Emergency Inpatients,,3,,670,2132,3.18208955223881,,658,5362,8.14893617021277,
2018Q4,,S08000031,,S12000038,,Emergency Inpatients,,3,,723,2189,3.02766251728907,,716,5264,7.35195530726257,
2019Q1,,S08000031,,S12000038,,Emergency Inpatients,,3,,725,2552,3.52,,718,5347,7.44707520891365,
2019Q2,,S08000031,,S12000038,,Emergency Inpatients,,3,,807,2767,3.42874845105328,,775,5035,6.49677419354839,
2019Q3,,S08000031,,S12000038,,Emergency Inpatients,,3,,801,2267,2.83021223470662,,783,5655,7.22222222222222,
2019Q4,,S08000031,,S12000038,,Emergency Inpatients,,3,,832,2169,2.60697115384615,,845,6246,7.39171597633136,
2020Q1,,S08000031,,S12000038,,Emergency Inpatients,,3,,760,1610,2.11842105263158,,754,5457,7.23740053050398,
2020Q2,,S08000031,,S12000038,,Emergency Inpatients,,3,,530,1467,2.76792452830189,,522,4252,8.1455938697318,
2020Q3,,S08000031,,S12000038,,Emergency Inpatients,,3,,683,1969,2.88286969253294,,669,5337,7.97757847533632,
2020Q4,,S08000031,,S12000038,,Emergency Inpatients,,3,,645,1769,2.74263565891473,,647,5197,8.03245749613601,
2021Q1,,S08000031,,S12000038,,Emergency Inpatients,,3,,669,1991,2.97608370702541,,631,5407,8.5689381933439,
2021Q2,,S08000031,,S12000038,,Emergency Inpatients,,3,,789,1918,2.43092522179975,,794,6507,8.19521410579345,
2021Q3,,S08000031,,S12000038,,Emergency Inpatients,,3,,680,1849,2.71911764705882,,667,5506,8.25487256371814,
2021Q4,,S08000031,,S12000038,,Emergency Inpatients,,3,,634,1904,3.00315457413249,,632,6149,9.7294303797468409,
2022Q1,,S08000031,,S12000038,,Emergency Inpatients,,3,,564,1884,3.34042553191489,,560,5949,10.6232142857143,
2022Q2,,S08000031,,S12000038,,Emergency Inpatients,,3,,615,1802,2.93008130081301,,597,5863,9.82077051926298,
2022Q3,,S08000031,,S12000038,,Emergency Inpatients,,3,,636,2123,3.33805031446541,,645,5923,9.18294573643411,
2022Q4,p,S08000031,,S12000038,,Emergency Inpatients,,3,,673,1925,2.86032689450223,,653,5621,8.60796324655436,
2017Q4,,S08000031,,S12000038,,Emergency Inpatients,,4,,496,1133,2.28427419354839,,493,3533,7.16632860040568,
2018Q1,,S08000031,,S12000038,,Emergency Inpatients,,4,,482,1363,2.82780082987552,,484,3756,7.7603305785124,
2018Q2,,S08000031,,S12000038,,Emergency Inpatients,,4,,558,1710,3.06451612903226,,535,4023,7.5196261682243,
2018Q3,,S08000031,,S12000038,,Emergency Inpatients,,4,,539,1546,2.8682745825603,,534,4558,8.53558052434457,
2018Q4,,S08000031,,S12000038,,Emergency Inpatients,,4,,458,1278,2.79039301310044,,464,3906,8.41810344827586,
2019Q1,,S08000031,,S12000038,,Emergency Inpatients,,4,,443,1380,3.11512415349887,,433,3246,7.49653579676674,
2019Q2,,S08000031,,S12000038,,Emergency Inpatients,,4,,552,1538,2.78623188405797,,539,3463,6.42486085343228,
2019Q3,,S08000031,,S12000038,,Emergency Inpatients,,4,,561,1632,2.90909090909091,,547,3984,7.28336380255941,
2019Q4,,S08000031,,S12000038,,Emergency Inpatients,,4,,543,1549,2.85267034990792,,534,4502,8.43071161048689,
2020Q1,,S08000031,,S12000038,,Emergency Inpatients,,4,,439,1173,2.67198177676538,,454,3711,8.17400881057269,
2020Q2,,S08000031,,S12000038,,Emergency Inpatients,,4,,382,1006,2.63350785340314,,374,2632,7.03743315508021,
2020Q3,,S08000031,,S12000038,,Emergency Inpatients,,4,,427,908,2.12646370023419,,414,3260,7.8743961352657,
2020Q4,,S08000031,,S12000038,,Emergency Inpatients,,4,,413,1032,2.49878934624697,,414,3872,9.35265700483092,
2021Q1,,S08000031,,S12000038,,Emergency Inpatients,,4,,429,1294,3.01631701631702,,433,3650,8.42956120092379,
2021Q2,,S08000031,,S12000038,,Emergency Inpatients,,4,,524,1235,2.35687022900763,,514,3083,5.99805447470817,
2021Q3,,S08000031,,S12000038,,Emergency Inpatients,,4,,497,1149,2.31187122736419,,486,3836,7.89300411522634,
2021Q4,,S08000031,,S12000038,,Emergency Inpatients,,4,,490,1294,2.64081632653061,,492,3772,7.66666666666667,
2022Q1,,S08000031,,S12000038,,Emergency Inpatients,,4,,395,1193,3.02025316455696,,382,3281,8.5890052356021,
2022Q2,,S08000031,,S12000038,,Emergency Inpatients,,4,,438,1404,3.20547945205479,,432,3582,8.29166666666667,
2022Q3,,S08000031,,S12000038,,Emergency Inpatients,,4,,443,1089,2.45823927765237,,441,3869,8.77324263038549,
2022Q4,p,S08000031,,S12000038,,Emergency Inpatients,,4,,449,1118,2.48997772828508,,442,3565,8.06561085972851,
2017Q4,,S08000031,,S12000038,,Emergency Inpatients,,5,,570,1551,2.72105263157895,,558,3675,6.58602150537634,
2018Q1,,S08000031,,S12000038,,Emergency Inpatients,,5,,605,1723,2.84793388429752,,583,4169,7.15094339622642,
2018Q2,,S08000031,,S12000038,,Emergency Inpatients,,5,,587,1736,2.95741056218058,,578,3867,6.69031141868512,
2018Q3,,S08000031,,S12000038,,Emergency Inpatients,,5,,532,1573,2.95676691729323,,525,4214,8.02666666666667,
2018Q4,,S08000031,,S12000038,,Emergency Inpatients,,5,,635,1673,2.63464566929134,,626,4203,6.71405750798722,
2019Q1,,S08000031,,S12000038,,Emergency Inpatients,,5,,601,1842,3.0648918469218,,599,4430,7.39565943238731,
2019Q2,,S08000031,,S12000038,,Emergency Inpatients,,5,,673,1989,2.9554234769688,,662,4273,6.45468277945619,
2019Q3,,S08000031,,S12000038,,Emergency Inpatients,,5,,646,1743,2.69814241486068,,625,4072,6.5152,
2019Q4,,S08000031,,S12000038,,Emergency Inpatients,,5,,696,1476,2.12068965517241,,691,4521,6.54269175108538,
2020Q1,,S08000031,,S12000038,,Emergency Inpatients,,5,,578,1246,2.15570934256055,,588,4064,6.91156462585034,
2020Q2,,S08000031,,S12000038,,Emergency Inpatients,,5,,476,1017,2.13655462184874,,475,3259,6.86105263157895,
2020Q3,,S08000031,,S12000038,,Emergency Inpatients,,5,,602,1541,2.55980066445183,,576,3704,6.43055555555556,
2020Q4,,S08000031,,S12000038,,Emergency Inpatients,,5,,565,1326,2.34690265486726,,570,4210,7.3859649122807,
2021Q1,,S08000031,,S12000038,,Emergency Inpatients,,5,,563,1600,2.84191829484902,,552,4264,7.72463768115942,
2021Q2,,S08000031,,S12000038,,Emergency Inpatients,,5,,643,1361,2.11664074650078,,636,4330,6.80817610062893,
2021Q3,,S08000031,,S12000038,,Emergency Inpatients,,5,,659,1457,2.21092564491654,,651,4420,6.78955453149002,
2021Q4,,S08000031,,S12000038,,Emergency Inpatients,,5,,617,1486,2.40842787682334,,600,4372,7.28666666666667,
2022Q1,,S08000031,,S12000038,,Emergency Inpatients,,5,,533,1773,3.32645403377111,,527,4859,9.22011385199241,
2022Q2,,S08000031,,S12000038,,Emergency Inpatients,,5,,574,1619,2.8205574912892,,563,5312,9.43516873889876,
2022Q3,,S08000031,,S12000038,,Emergency Inpatients,,5,,587,1720,2.93015332197615,,573,4942,8.62478184991274,
2022Q4,p,S08000031,,S12000038,,Emergency Inpatients,,5,,634,1778,2.80441640378549,,631,5511,8.7337559429477,
2017Q4,,S08000031,,S12000039,,Emergency Inpatients,,1,,1111,2620,2.35823582358236,,1091,8469,7.76260311640697,
2018Q1,,S08000031,,S12000039,,Emergency Inpatients,,1,,1032,2325,2.25290697674419,,1019,8467,8.30912659470069,
2018Q2,,S08000031,,S12000039,,Emergency Inpatients,,1,,1135,2399,2.1136563876652,,1128,8891,7.88209219858156,
2018Q3,,S08000031,,S12000039,,Emergency Inpatients,,1,,1115,2455,2.20179372197309,,1108,7923,7.15072202166065,
2018Q4,,S08000031,,S12000039,,Emergency Inpatients,,1,,1179,2664,2.25954198473282,,1139,7994,7.01843722563652,
2019Q1,,S08000031,,S12000039,,Emergency Inpatients,,1,,1155,2683,2.32294372294372,,1138,8226,7.22847100175747,
2019Q2,,S08000031,,S12000039,,Emergency Inpatients,,1,,1154,2449,2.12218370883882,,1134,8637,7.61640211640212,
2019Q3,,S08000031,,S12000039,,Emergency Inpatients,,1,,1158,2240,1.93436960276339,,1149,8480,7.38033072236728,
2019Q4,,S08000031,,S12000039,,Emergency Inpatients,,1,,1175,2531,2.15404255319149,,1154,9137,7.91767764298094,
2020Q1,,S08000031,,S12000039,,Emergency Inpatients,,1,,1082,2047,1.89186691312384,,1074,8789,8.18342644320298,
2020Q2,,S08000031,,S12000039,,Emergency Inpatients,,1,,979,2045,2.08886618998979,,966,6571,6.80227743271222,
2020Q3,,S08000031,,S12000039,,Emergency Inpatients,,1,,1012,2029,2.00494071146245,,986,7140,7.24137931034483,
2020Q4,,S08000031,,S12000039,,Emergency Inpatients,,1,,1024,1960,1.9140625,,1018,8507,8.3565815324165,
2021Q1,,S08000031,,S12000039,,Emergency Inpatients,,1,,977,1992,2.0388945752303,,948,7934,8.36919831223629,
2021Q2,,S08000031,,S12000039,,Emergency Inpatients,,1,,1124,2256,2.00711743772242,,1124,9106,8.10142348754448,
2021Q3,,S08000031,,S12000039,,Emergency Inpatients,,1,,1050,2007,1.91142857142857,,1048,9634,9.19274809160305,
2021Q4,,S08000031,,S12000039,,Emergency Inpatients,,1,,972,2061,2.12037037037037,,944,8748,9.26694915254237,
2022Q1,,S08000031,,S12000039,,Emergency Inpatients,,1,,932,1998,2.14377682403433,,925,8384,9.06378378378378,
2022Q2,,S08000031,,S12000039,,Emergency Inpatients,,1,,1024,2444,2.38671875,,999,9222,9.23123123123123,
2022Q3,,S08000031,,S12000039,,Emergency Inpatients,,1,,1012,2188,2.16205533596838,,992,9114,9.1875,
2022Q4,p,S08000031,,S12000039,,Emergency Inpatients,,1,,976,2436,2.49590163934426,,982,9662,9.83910386965377,
2017Q4,,S08000031,,S12000039,,Emergency Inpatients,,2,,654,1440,2.20183486238532,,641,5298,8.26521060842434,
2018Q1,,S08000031,,S12000039,,Emergency Inpatients,,2,,698,1599,2.29083094555874,,674,5247,7.78486646884273,
2018Q2,,S08000031,,S12000039,,Emergency Inpatients,,2,,677,1474,2.17725258493353,,686,5556,8.09912536443149,
2018Q3,,S08000031,,S12000039,,Emergency Inpatients,,2,,706,1412,2,,677,4547,6.71639586410635,
2018Q4,,S08000031,,S12000039,,Emergency Inpatients,,2,,644,1483,2.3027950310559002,,646,5902,9.13622291021672,
2019Q1,,S08000031,,S12000039,,Emergency Inpatients,,2,,657,1480,2.25266362252664,,649,5454,8.40369799691834,
2019Q2,,S08000031,,S12000039,,Emergency Inpatients,,2,,694,1620,2.3342939481268,,662,4731,7.14652567975831,
2019Q3,,S08000031,,S12000039,,Emergency Inpatients,,2,,696,1496,2.14942528735632,,699,5729,8.19599427753934,
2019Q4,,S08000031,,S12000039,,Emergency Inpatients,,2,,700,1501,2.14428571428571,,677,5374,7.93796159527326,
2020Q1,,S08000031,,S12000039,,Emergency Inpatients,,2,,621,1417,2.28180354267311,,636,5368,8.44025157232704,
2020Q2,,S08000031,,S12000039,,Emergency Inpatients,,2,,551,1082,1.96370235934664,,536,3911,7.29664179104478,
2020Q3,,S08000031,,S12000039,,Emergency Inpatients,,2,,601,1295,2.15474209650582,,596,5447,9.13926174496644,
2020Q4,,S08000031,,S12000039,,Emergency Inpatients,,2,,611,1386,2.2684124386252,,591,4732,8.00676818950931,
2021Q1,,S08000031,,S12000039,,Emergency Inpatients,,2,,625,1344,2.1504,,612,6078,9.93137254901961,
2021Q2,,S08000031,,S12000039,,Emergency Inpatients,,2,,721,1462,2.02773925104022,,725,7429,10.2468965517241,
2021Q3,,S08000031,,S12000039,,Emergency Inpatients,,2,,619,1416,2.2875605815832,,613,5576,9.09624796084829,
2021Q4,,S08000031,,S12000039,,Emergency Inpatients,,2,,615,1295,2.10569105691057,,597,5328,8.92462311557789,
2022Q1,,S08000031,,S12000039,,Emergency Inpatients,,2,,573,1144,1.99650959860384,,565,5222,9.2424778761062,
2022Q2,,S08000031,,S12000039,,Emergency Inpatients,,2,,620,1480,2.38709677419355,,620,7129,11.4983870967742,
2022Q3,,S08000031,,S12000039,,Emergency Inpatients,,2,,626,1706,2.72523961661342,,611,6613,10.823240589198,
2022Q4,p,S08000031,,S12000039,,Emergency Inpatients,,2,,600,1530,2.55,,594,6332,10.6599326599327,
2017Q4,,S08000031,,S12000039,,Emergency Inpatients,,3,,409,872,2.1320293398533,,396,2801,7.07323232323232,
2018Q1,,S08000031,,S12000039,,Emergency Inpatients,,3,,363,952,2.62258953168044,,358,3010,8.40782122905028,
2018Q2,,S08000031,,S12000039,,Emergency Inpatients,,3,,382,884,2.31413612565445,,373,3005,8.05630026809651,
2018Q3,,S08000031,,S12000039,,Emergency Inpatients,,3,,365,807,2.21095890410959,,360,2878,7.99444444444444,
2018Q4,,S08000031,,S12000039,,Emergency Inpatients,,3,,418,935,2.23684210526316,,417,3469,8.3189448441247,
2019Q1,,S08000031,,S12000039,,Emergency Inpatients,,3,,412,1023,2.48300970873786,,412,3006,7.29611650485437,
2019Q2,,S08000031,,S12000039,,Emergency Inpatients,,3,,410,1101,2.68536585365854,,402,3178,7.90547263681592,
2019Q3,,S08000031,,S12000039,,Emergency Inpatients,,3,,429,917,2.13752913752914,,430,3018,7.01860465116279,
2019Q4,,S08000031,,S12000039,,Emergency Inpatients,,3,,403,883,2.19106699751861,,386,2544,6.59067357512953,
2020Q1,,S08000031,,S12000039,,Emergency Inpatients,,3,,315,661,2.0984126984127,,335,3009,8.98208955223881,
2020Q2,,S08000031,,S12000039,,Emergency Inpatients,,3,,295,680,2.30508474576271,,281,2372,8.44128113879004,
2020Q3,,S08000031,,S12000039,,Emergency Inpatients,,3,,346,702,2.02890173410405,,333,2290,6.87687687687688,
2020Q4,,S08000031,,S12000039,,Emergency Inpatients,,3,,361,948,2.62603878116343,,363,3470,9.55922865013774,
2021Q1,,S08000031,,S12000039,,Emergency Inpatients,,3,,376,943,2.50797872340426,,360,3085,8.56944444444444,
2021Q2,,S08000031,,S12000039,,Emergency Inpatients,,3,,387,800,2.0671834625323,,384,3147,8.1953125,
2021Q3,,S08000031,,S12000039,,Emergency Inpatients,,3,,360,841,2.33611111111111,,353,2682,7.59773371104816,
2021Q4,,S08000031,,S12000039,,Emergency Inpatients,,3,,364,1006,2.76373626373626,,357,3049,8.5406162464986,
2022Q1,,S08000031,,S12000039,,Emergency Inpatients,,3,,351,819,2.33333333333333,,352,3419,9.71306818181818,
2022Q2,,S08000031,,S12000039,,Emergency Inpatients,,3,,368,989,2.6875,,352,4179,11.8721590909091,
2022Q3,,S08000031,,S12000039,,Emergency Inpatients,,3,,365,880,2.41095890410959,,367,3932,10.7138964577657,
2022Q4,p,S08000031,,S12000039,,Emergency Inpatients,,3,,349,925,2.65042979942693,,349,4172,11.9541547277937,
2017Q4,,S08000031,,S12000039,,Emergency Inpatients,,4,,183,514,2.8087431693989098,,174,1874,10.7701149425287,
2018Q1,,S08000031,,S12000039,,Emergency Inpatients,,4,,181,402,2.22099447513812,,182,1613,8.86263736263736,
2018Q2,,S08000031,,S12000039,,Emergency Inpatients,,4,,187,617,3.29946524064171,,184,1688,9.17391304347826,
2018Q3,,S08000031,,S12000039,,Emergency Inpatients,,4,,166,339,2.0421686746988,,168,1117,6.64880952380952,
2018Q4,,S08000031,,S12000039,,Emergency Inpatients,,4,,170,580,3.41176470588235,,167,1327,7.94610778443114,
2019Q1,,S08000031,,S12000039,,Emergency Inpatients,,4,,183,521,2.84699453551913,,174,1238,7.11494252873563,
2019Q2,,S08000031,,S12000039,,Emergency Inpatients,,4,,164,369,2.25,,151,895,5.9271523178808,
2019Q3,,S08000031,,S12000039,,Emergency Inpatients,,4,,154,353,2.29220779220779,,158,1528,9.67088607594937,
2019Q4,,S08000031,,S12000039,,Emergency Inpatients,,4,,191,429,2.24607329842932,,181,1307,7.22099447513812,
2020Q1,,S08000031,,S12000039,,Emergency Inpatients,,4,,153,392,2.56209150326797,,154,1732,11.2467532467532,
2020Q2,,S08000031,,S12000039,,Emergency Inpatients,,4,,124,286,2.30645161290323,,121,1127,9.31404958677686,
2020Q3,,S08000031,,S12000039,,Emergency Inpatients,,4,,170,332,1.95294117647059,,165,1471,8.91515151515152,
2020Q4,,S08000031,,S12000039,,Emergency Inpatients,,4,,163,410,2.51533742331288,,166,1591,9.58433734939759,
2021Q1,,S08000031,,S12000039,,Emergency Inpatients,,4,,168,375,2.23214285714286,,160,1262,7.8875,
2021Q2,,S08000031,,S12000039,,Emergency Inpatients,,4,,160,348,2.175,,167,1659,9.93413173652695,
2021Q3,,S08000031,,S12000039,,Emergency Inpatients,,4,,161,360,2.2360248447205,,155,1231,7.94193548387097,
2021Q4,,S08000031,,S12000039,,Emergency Inpatients,,4,,169,410,2.42603550295858,,166,1610,9.69879518072289,
2022Q1,,S08000031,,S12000039,,Emergency Inpatients,,4,,160,334,2.0875,,155,1246,8.03870967741936,
2022Q2,,S08000031,,S12000039,,Emergency Inpatients,,4,,161,370,2.29813664596273,,163,1738,10.6625766871166,
2022Q3,,S08000031,,S12000039,,Emergency Inpatients,,4,,154,326,2.11688311688312,,153,1621,10.5947712418301,
2022Q4,p,S08000031,,S12000039,,Emergency Inpatients,,4,,170,424,2.49411764705882,,171,1481,8.66081871345029,
2017Q4,,S08000031,,S12000039,,Emergency Inpatients,,5,,65,163,2.50769230769231,,68,471,6.9264705882353,
2018Q1,,S08000031,,S12000039,,Emergency Inpatients,,5,,84,184,2.19047619047619,,86,584,6.7906976744186,
2018Q2,,S08000031,,S12000039,,Emergency Inpatients,,5,,60,112,1.86666666666667,,59,257,4.35593220338983,
2018Q3,,S08000031,,S12000039,,Emergency Inpatients,,5,,76,220,2.89473684210526,,72,404,5.61111111111111,
2018Q4,,S08000031,,S12000039,,Emergency Inpatients,,5,,78,168,2.15384615384615,,77,482,6.25974025974026,
2019Q1,,S08000031,,S12000039,,Emergency Inpatients,,5,,74,150,2.02702702702703,,74,372,5.02702702702703,
2019Q2,,S08000031,,S12000039,,Emergency Inpatients,,5,,77,176,2.28571428571429,,78,384,4.92307692307692,
2019Q3,,S08000031,,S12000039,,Emergency Inpatients,,5,,90,175,1.94444444444444,,88,394,4.47727272727273,
2019Q4,,S08000031,,S12000039,,Emergency Inpatients,,5,,92,177,1.92391304347826,,91,531,5.83516483516483,
2020Q1,,S08000031,,S12000039,,Emergency Inpatients,,5,,80,127,1.5875,,74,380,5.13513513513514,
2020Q2,,S08000031,,S12000039,,Emergency Inpatients,,5,,63,156,2.47619047619048,,64,515,8.046875,
2020Q3,,S08000031,,S12000039,,Emergency Inpatients,,5,,87,192,2.20689655172414,,88,507,5.76136363636364,
2020Q4,,S08000031,,S12000039,,Emergency Inpatients,,5,,77,138,1.79220779220779,,70,317,4.52857142857143,
2021Q1,,S08000031,,S12000039,,Emergency Inpatients,,5,,68,189,2.77941176470588,,69,625,9.05797101449275,
2021Q2,,S08000031,,S12000039,,Emergency Inpatients,,5,,73,150,2.05479452054795,,73,585,8.01369863013699,
2021Q3,,S08000031,,S12000039,,Emergency Inpatients,,5,,64,184,2.875,,63,617,9.7936507936508,
2021Q4,,S08000031,,S12000039,,Emergency Inpatients,,5,,71,189,2.66197183098592,,70,558,7.97142857142857,
2022Q1,,S08000031,,S12000039,,Emergency Inpatients,,5,,70,205,2.92857142857143,,68,509,7.48529411764706,
2022Q2,,S08000031,,S12000039,,Emergency Inpatients,,5,,89,221,2.48314606741573,,87,566,6.50574712643678,
2022Q3,,S08000031,,S12000039,,Emergency Inpatients,,5,,70,212,3.02857142857143,,67,719,10.7313432835821,
2022Q4,p,S08000031,,S12000039,,Emergency Inpatients,,5,,72,198,2.75,,72,602,8.36111111111111,
2022Q4,p,S08000031,,S12000039,,Emergency Inpatients,,,:,5,0,0,,5,5,1,
2017Q4,,S08000022,,S12000035,,Emergency Inpatients,,1,,201,810,4.02985074626866,,182,1313,7.21428571428571,
2018Q1,,S08000022,,S12000035,,Emergency Inpatients,,1,,186,986,5.3010752688172,,161,1532,9.51552795031056,
2018Q2,,S08000022,,S12000035,,Emergency Inpatients,,1,,171,565,3.30409356725146,,152,1214,7.98684210526316,
2018Q3,,S08000022,,S12000035,,Emergency Inpatients,,1,,177,727,4.10734463276836,,167,1893,11.3353293413174,
2018Q4,,S08000022,,S12000035,,Emergency Inpatients,,1,,196,951,4.85204081632653,,174,1223,7.02873563218391,
2019Q1,,S08000022,,S12000035,,Emergency Inpatients,,1,,213,694,3.25821596244131,,190,1268,6.67368421052632,
2019Q2,,S08000022,,S12000035,,Emergency Inpatients,,1,,198,712,3.5959595959596,,184,1426,7.75,
2019Q3,,S08000022,,S12000035,,Emergency Inpatients,,1,,192,632,3.29166666666667,,170,1206,7.09411764705882,
2019Q4,,S08000022,,S12000035,,Emergency Inpatients,,1,,178,683,3.83707865168539,,158,1308,8.27848101265823,
2020Q1,,S08000022,,S12000035,,Emergency Inpatients,,1,,154,546,3.54545454545455,,139,1254,9.02158273381295,
2020Q2,,S08000022,,S12000035,,Emergency Inpatients,,1,,152,576,3.78947368421053,,139,1156,8.31654676258993,
2020Q3,,S08000022,,S12000035,,Emergency Inpatients,,1,,177,590,3.33333333333333,,155,1249,8.05806451612903,
2020Q4,,S08000022,,S12000035,,Emergency Inpatients,,1,,179,725,4.05027932960894,,163,1444,8.85889570552147,
2021Q1,,S08000022,,S12000035,,Emergency Inpatients,,1,,172,752,4.37209302325581,,150,1340,8.93333333333333,
2021Q2,,S08000022,,S12000035,,Emergency Inpatients,,1,,163,487,2.98773006134969,,151,1234,8.17218543046358,
2021Q3,,S08000022,,S12000035,,Emergency Inpatients,,1,,179,682,3.81005586592179,,145,1552,10.7034482758621,
2021Q4,,S08000022,,S12000035,,Emergency Inpatients,,1,,181,659,3.64088397790055,,159,1502,9.44654088050314,
2022Q1,,S08000022,,S12000035,,Emergency Inpatients,,1,,171,531,3.10526315789474,,157,1748,11.1337579617834,
2022Q2,,S08000022,,S12000035,,Emergency Inpatients,,1,,162,519,3.2037037037037,,148,992,6.7027027027027,
2022Q3,,S08000022,,S12000035,,Emergency Inpatients,,1,,148,596,4.02702702702703,,135,1185,8.77777777777778,
2022Q4,p,S08000022,,S12000035,,Emergency Inpatients,,1,,171,816,4.7719298245614,,150,1602,10.68,
2017Q4,,S08000022,,S12000035,,Emergency Inpatients,,2,,282,1192,4.22695035460993,,260,1925,7.40384615384615,
2018Q1,,S08000022,,S12000035,,Emergency Inpatients,,2,,279,1326,4.75268817204301,,254,2483,9.7755905511811,
2018Q2,,S08000022,,S12000035,,Emergency Inpatients,,2,,325,1374,4.22769230769231,,294,2139,7.27551020408163,
2018Q3,,S08000022,,S12000035,,Emergency Inpatients,,2,,288,1559,5.41319444444444,,264,2465,9.33712121212121,
2018Q4,,S08000022,,S12000035,,Emergency Inpatients,,2,,311,1486,4.77813504823151,,289,3003,10.3910034602076,
2019Q1,,S08000022,,S12000035,,Emergency Inpatients,,2,,298,1367,4.58724832214765,,266,2417,9.08646616541353,
2019Q2,,S08000022,,S12000035,,Emergency Inpatients,,2,,286,1403,4.90559440559441,,262,2183,8.33206106870229,
2019Q3,,S08000022,,S12000035,,Emergency Inpatients,,2,,282,1038,3.68085106382979,,254,1700,6.69291338582677,
2019Q4,,S08000022,,S12000035,,Emergency Inpatients,,2,,299,860,2.87625418060201,,276,1568,5.68115942028986,
2020Q1,,S08000022,,S12000035,,Emergency Inpatients,,2,,281,1022,3.63701067615658,,260,2571,9.88846153846154,
2020Q2,,S08000022,,S12000035,,Emergency Inpatients,,2,,198,606,3.06060606060606,,184,1049,5.70108695652174,
2020Q3,,S08000022,,S12000035,,Emergency Inpatients,,2,,249,770,3.09236947791165,,228,1530,6.71052631578947,
2020Q4,,S08000022,,S12000035,,Emergency Inpatients,,2,,238,718,3.01680672268908,,217,1254,5.77880184331797,
2021Q1,,S08000022,,S12000035,,Emergency Inpatients,,2,,258,1163,4.5077519379845,,225,2121,9.42666666666667,
2021Q2,,S08000022,,S12000035,,Emergency Inpatients,,2,,269,766,2.84758364312268,,246,1720,6.99186991869919,
2021Q3,,S08000022,,S12000035,,Emergency Inpatients,,2,,328,1395,4.2530487804878,,294,2465,8.3843537414966,
2021Q4,,S08000022,,S12000035,,Emergency Inpatients,,2,,271,1250,4.61254612546125,,247,2585,10.4655870445344,
2022Q1,,S08000022,,S12000035,,Emergency Inpatients,,2,,241,1004,4.16597510373444,,208,1701,8.17788461538461,
2022Q2,,S08000022,,S12000035,,Emergency Inpatients,,2,,261,964,3.69348659003831,,237,2319,9.7848101265822809,
2022Q3,,S08000022,,S12000035,,Emergency Inpatients,,2,,262,1055,4.02671755725191,,252,2278,9.03968253968254,
2022Q4,p,S08000022,,S12000035,,Emergency Inpatients,,2,,292,1209,4.14041095890411,,268,2554,9.52985074626866,
2017Q4,,S08000022,,S12000035,,Emergency Inpatients,,3,,625,2242,3.5872,,569,4218,7.41300527240773,
2018Q1,,S08000022,,S12000035,,Emergency Inpatients,,3,,671,2614,3.8956780923994,,581,5058,8.70567986230637,
2018Q2,,S08000022,,S12000035,,Emergency Inpatients,,3,,638,2330,3.65203761755486,,569,4110,7.2231985940246,
2018Q3,,S08000022,,S12000035,,Emergency Inpatients,,3,,621,2180,3.51046698872786,,559,3883,6.94633273703041,
2018Q4,,S08000022,,S12000035,,Emergency Inpatients,,3,,635,2757,4.34173228346457,,587,4412,7.51618398637138,
2019Q1,,S08000022,,S12000035,,Emergency Inpatients,,3,,650,2994,4.60615384615385,,571,4692,8.21716287215412,
2019Q2,,S08000022,,S12000035,,Emergency Inpatients,,3,,613,2686,4.38172920065253,,557,4965,8.9138240574506291,
2019Q3,,S08000022,,S12000035,,Emergency Inpatients,,3,,626,3074,4.91054313099042,,570,5417,9.50350877192983,
2019Q4,,S08000022,,S12000035,,Emergency Inpatients,,3,,694,2560,3.68876080691643,,645,4921,7.62945736434109,
2020Q1,,S08000022,,S12000035,,Emergency Inpatients,,3,,631,3129,4.95879556259905,,581,6668,11.4767641996558,
2020Q2,,S08000022,,S12000035,,Emergency Inpatients,,3,,474,1711,3.60970464135021,,427,3125,7.31850117096019,
2020Q3,,S08000022,,S12000035,,Emergency Inpatients,,3,,581,1871,3.22030981067126,,531,3721,7.0075329566855,
2020Q4,,S08000022,,S12000035,,Emergency Inpatients,,3,,628,2692,4.28662420382166,,568,4307,7.58274647887324,
2021Q1,,S08000022,,S12000035,,Emergency Inpatients,,3,,577,2635,4.56672443674177,,533,3975,7.4577861163227,
2021Q2,,S08000022,,S12000035,,Emergency Inpatients,,3,,675,2470,3.65925925925926,,600,4533,7.555,
2021Q3,,S08000022,,S12000035,,Emergency Inpatients,,3,,655,2700,4.12213740458015,,591,5134,8.68697123519459,
2021Q4,,S08000022,,S12000035,,Emergency Inpatients,,3,,695,2616,3.76402877697842,,618,5879,9.51294498381877,
2022Q1,,S08000022,,S12000035,,Emergency Inpatients,,3,,652,2839,4.35429447852761,,574,5213,9.08188153310105,
2022Q2,,S08000022,,S12000035,,Emergency Inpatients,,3,,693,2657,3.83405483405483,,632,6283,9.94145569620253,
2022Q3,,S08000022,,S12000035,,Emergency Inpatients,,3,,673,3107,4.61664190193165,,603,5588,9.26699834162521,
2022Q4,p,S08000022,,S12000035,,Emergency Inpatients,,3,,613,2737,4.46492659053834,,562,6057,10.7775800711744,
2017Q4,,S08000022,,S12000035,,Emergency Inpatients,,4,,400,1428,3.57,,368,2730,7.41847826086957,
2018Q1,,S08000022,,S12000035,,Emergency Inpatients,,4,,384,1452,3.78125,,369,2658,7.20325203252033,
2018Q2,,S08000022,,S12000035,,Emergency Inpatients,,4,,364,1384,3.8021978021978,,357,3062,8.57703081232493,
2018Q3,,S08000022,,S12000035,,Emergency Inpatients,,4,,377,1030,2.73209549071618,,352,1988,5.64772727272727,
2018Q4,,S08000022,,S12000035,,Emergency Inpatients,,4,,368,1514,4.11413043478261,,341,2876,8.43401759530792,
2019Q1,,S08000022,,S12000035,,Emergency Inpatients,,4,,394,1494,3.79187817258883,,367,2607,7.10354223433243,
2019Q2,,S08000022,,S12000035,,Emergency Inpatients,,4,,357,1375,3.8515406162465,,337,2686,7.97032640949555,
2019Q3,,S08000022,,S12000035,,Emergency Inpatients,,4,,359,1323,3.68523676880223,,353,2848,8.06798866855524,
2019Q4,,S08000022,,S12000035,,Emergency Inpatients,,4,,350,1443,4.12285714285714,,331,2601,7.85800604229607,
2020Q1,,S08000022,,S12000035,,Emergency Inpatients,,4,,338,1545,4.57100591715976,,328,2679,8.16768292682927,
2020Q2,,S08000022,,S12000035,,Emergency Inpatients,,4,,249,717,2.87951807228916,,234,1379,5.89316239316239,
2020Q3,,S08000022,,S12000035,,Emergency Inpatients,,4,,355,1141,3.21408450704225,,329,1775,5.3951367781155,
2020Q4,,S08000022,,S12000035,,Emergency Inpatients,,4,,351,1283,3.65527065527066,,341,2675,7.84457478005865,
2021Q1,,S08000022,,S12000035,,Emergency Inpatients,,4,,317,992,3.12933753943218,,307,2490,8.11074918566775,
2021Q2,,S08000022,,S12000035,,Emergency Inpatients,,4,,394,1307,3.31725888324873,,369,2438,6.6070460704607,
2021Q3,,S08000022,,S12000035,,Emergency Inpatients,,4,,361,1338,3.70637119113573,,343,2390,6.96793002915452,
2021Q4,,S08000022,,S12000035,,Emergency Inpatients,,4,,324,1236,3.81481481481481,,312,3150,10.0961538461538,
2022Q1,,S08000022,,S12000035,,Emergency Inpatients,,4,,336,1354,4.0297619047619,,313,2530,8.08306709265176,
2022Q2,,S08000022,,S12000035,,Emergency Inpatients,,4,,370,1588,4.29189189189189,,350,3470,9.91428571428571,
2022Q3,,S08000022,,S12000035,,Emergency Inpatients,,4,,334,1611,4.82335329341317,,312,3015,9.66346153846154,
2022Q4,p,S08000022,,S12000035,,Emergency Inpatients,,4,,361,1380,3.82271468144044,,349,2961,8.48424068767908,
2017Q4,,S08000022,,S12000035,,Emergency Inpatients,,5,,156,396,2.53846153846154,,143,815,5.6993006993007,
2018Q1,,S08000022,,S12000035,,Emergency Inpatients,,5,,151,536,3.54966887417219,,145,1437,9.91034482758621,
2018Q2,,S08000022,,S12000035,,Emergency Inpatients,,5,,149,465,3.12080536912752,,152,1329,8.74342105263158,
2018Q3,,S08000022,,S12000035,,Emergency Inpatients,,5,,134,389,2.90298507462687,,126,875,6.94444444444444,
2018Q4,,S08000022,,S12000035,,Emergency Inpatients,,5,,168,391,2.32738095238095,,167,1020,6.10778443113772,
2019Q1,,S08000022,,S12000035,,Emergency Inpatients,,5,,176,433,2.46022727272727,,167,1362,8.15568862275449,
2019Q2,,S08000022,,S12000035,,Emergency Inpatients,,5,,132,341,2.58333333333333,,125,1058,8.464,
2019Q3,,S08000022,,S12000035,,Emergency Inpatients,,5,,180,419,2.32777777777778,,176,1167,6.63068181818182,
2019Q4,,S08000022,,S12000035,,Emergency Inpatients,,5,,141,353,2.50354609929078,,138,1077,7.80434782608696,
2020Q1,,S08000022,,S12000035,,Emergency Inpatients,,5,,125,244,1.952,,121,890,7.35537190082645,
2020Q2,,S08000022,,S12000035,,Emergency Inpatients,,5,,97,229,2.36082474226804,,95,676,7.1157894736842104,
2020Q3,,S08000022,,S12000035,,Emergency Inpatients,,5,,127,380,2.99212598425197,,122,774,6.34426229508197,
2020Q4,,S08000022,,S12000035,,Emergency Inpatients,,5,,131,449,3.42748091603053,,123,1003,8.15447154471545,
2021Q1,,S08000022,,S12000035,,Emergency Inpatients,,5,,142,419,2.95070422535211,,137,1189,8.67883211678832,
2021Q2,,S08000022,,S12000035,,Emergency Inpatients,,5,,148,357,2.41216216216216,,135,885,6.55555555555556,
2021Q3,,S08000022,,S12000035,,Emergency Inpatients,,5,,138,419,3.03623188405797,,142,1542,10.8591549295775,
2021Q4,,S08000022,,S12000035,,Emergency Inpatients,,5,,142,384,2.70422535211268,,140,1085,7.75,
2022Q1,,S08000022,,S12000035,,Emergency Inpatients,,5,,127,501,3.94488188976378,,122,1397,11.4508196721311,
2022Q2,,S08000022,,S12000035,,Emergency Inpatients,,5,,148,522,3.52702702702703,,143,1516,10.6013986013986,
2022Q3,,S08000022,,S12000035,,Emergency Inpatients,,5,,150,485,3.23333333333333,,144,1517,10.5347222222222,
2022Q4,p,S08000022,,S12000035,,Emergency Inpatients,,5,,140,483,3.45,,145,1589,10.9586206896552,
2017Q4,,S08000022,,S12000017,,Emergency Inpatients,,1,,632,1041,1.64715189873418,,646,4992,7.72755417956656,
2018Q1,,S08000022,,S12000017,,Emergency Inpatients,,1,,688,1278,1.85755813953488,,686,4970,7.24489795918367,
2018Q2,,S08000022,,S12000017,,Emergency Inpatients,,1,,714,1527,2.13865546218487,,697,5074,7.27977044476327,
2018Q3,,S08000022,,S12000017,,Emergency Inpatients,,1,,652,878,1.34662576687117,,657,5133,7.81278538812785,
2018Q4,,S08000022,,S12000017,,Emergency Inpatients,,1,,656,1197,1.82469512195122,,665,4084,6.14135338345865,
2019Q1,,S08000022,,S12000017,,Emergency Inpatients,,1,,622,1253,2.01446945337621,,609,4724,7.75697865353038,
2019Q2,,S08000022,,S12000017,,Emergency Inpatients,,1,,645,1023,1.58604651162791,,669,3651,5.45739910313901,
2019Q3,,S08000022,,S12000017,,Emergency Inpatients,,1,,687,1357,1.97525473071325,,678,5156,7.6047197640118,
2019Q4,,S08000022,,S12000017,,Emergency Inpatients,,1,,633,1244,1.9652448657188,,661,6274,9.49167927382753,
2020Q1,,S08000022,,S12000017,,Emergency Inpatients,,1,,557,1007,1.80789946140036,,579,4400,7.5993091537133,
2020Q2,,S08000022,,S12000017,,Emergency Inpatients,,1,,540,703,1.30185185185185,,537,3986,7.42271880819367,
2020Q3,,S08000022,,S12000017,,Emergency Inpatients,,1,,648,1037,1.60030864197531,,637,4530,7.11145996860283,
2020Q4,,S08000022,,S12000017,,Emergency Inpatients,,1,,639,1128,1.76525821596244,,639,4729,7.40062597809077,
2021Q1,,S08000022,,S12000017,,Emergency Inpatients,,1,,618,1223,1.9789644012945,,607,5027,8.28171334431631,
2021Q2,,S08000022,,S12000017,,Emergency Inpatients,,1,,618,1003,1.62297734627832,,627,5633,8.98405103668262,
2021Q3,,S08000022,,S12000017,,Emergency Inpatients,,1,,620,1281,2.06612903225806,,630,4840,7.68253968253968,
2021Q4,,S08000022,,S12000017,,Emergency Inpatients,,1,,567,1266,2.23280423280423,,580,5090,8.77586206896552,
2022Q1,,S08000022,,S12000017,,Emergency Inpatients,,1,,518,1433,2.76640926640927,,519,4799,9.2466281310212,
2022Q2,,S08000022,,S12000017,,Emergency Inpatients,,1,,536,1199,2.23694029850746,,533,5195,9.74671669793621,
2022Q3,,S08000022,,S12000017,,Emergency Inpatients,,1,,527,1116,2.11764705882353,,537,5916,11.0167597765363,
2022Q4,p,S08000022,,S12000017,,Emergency Inpatients,,1,,489,1316,2.69120654396728,,523,7248,13.8585086042065,
2017Q4,,S08000022,,S12000017,,Emergency Inpatients,,2,,959,1675,1.7466110531804,,973,9280,9.53751284686536,
2018Q1,,S08000022,,S12000017,,Emergency Inpatients,,2,,1040,2105,2.02403846153846,,1042,8913,8.55374280230326,
2018Q2,,S08000022,,S12000017,,Emergency Inpatients,,2,,950,1872,1.97052631578947,,940,7696,8.18723404255319,
2018Q3,,S08000022,,S12000017,,Emergency Inpatients,,2,,1000,1904,1.904,,988,7353,7.44230769230769,
2018Q4,,S08000022,,S12000017,,Emergency Inpatients,,2,,973,1918,1.97122302158273,,982,8861,9.0234215885947,
2019Q1,,S08000022,,S12000017,,Emergency Inpatients,,2,,915,2095,2.2896174863388,,921,7720,8.38219326818675,
2019Q2,,S08000022,,S12000017,,Emergency Inpatients,,2,,840,1913,2.27738095238095,,877,9077,10.3500570125428,
2019Q3,,S08000022,,S12000017,,Emergency Inpatients,,2,,926,1708,1.84449244060475,,939,8022,8.54313099041534,
2019Q4,,S08000022,,S12000017,,Emergency Inpatients,,2,,864,1802,2.08564814814815,,882,9621,10.9081632653061,
2020Q1,,S08000022,,S12000017,,Emergency Inpatients,,2,,903,2017,2.23366555924695,,949,9769,10.2939936775553,
2020Q2,,S08000022,,S12000017,,Emergency Inpatients,,2,,753,1563,2.07569721115538,,740,8009,10.822972972973,
2020Q3,,S08000022,,S12000017,,Emergency Inpatients,,2,,931,1558,1.6734693877551,,954,7087,7.42872117400419,
2020Q4,,S08000022,,S12000017,,Emergency Inpatients,,2,,884,1727,1.95361990950226,,882,7180,8.140589569161,
2021Q1,,S08000022,,S12000017,,Emergency Inpatients,,2,,840,1931,2.29880952380952,,832,7931,9.53245192307692,
2021Q2,,S08000022,,S12000017,,Emergency Inpatients,,2,,815,1745,2.14110429447853,,814,9314,11.4422604422604,
2021Q3,,S08000022,,S12000017,,Emergency Inpatients,,2,,915,2233,2.44043715846995,,907,7896,8.70562293274531,
2021Q4,,S08000022,,S12000017,,Emergency Inpatients,,2,,833,2226,2.67226890756303,,863,8786,10.180764774044,
2022Q1,,S08000022,,S12000017,,Emergency Inpatients,,2,,835,2227,2.66706586826347,,819,8836,10.7887667887668,
2022Q2,,S08000022,,S12000017,,Emergency Inpatients,,2,,773,2310,2.98835705045278,,803,9902,12.3312577833126,
2022Q3,,S08000022,,S12000017,,Emergency Inpatients,,2,,739,1501,2.03112313937754,,737,7598,10.3093622795115,
2022Q4,p,S08000022,,S12000017,,Emergency Inpatients,,2,,753,1540,2.04515272244356,,790,8042,10.179746835443,
2017Q4,,S08000022,,S12000017,,Emergency Inpatients,,3,,1474,3221,2.18521031207598,,1475,13532,9.17423728813559,
2018Q1,,S08000022,,S12000017,,Emergency Inpatients,,3,,1472,2885,1.95991847826087,,1488,12199,8.19825268817204,
2018Q2,,S08000022,,S12000017,,Emergency Inpatients,,3,,1457,3050,2.09334248455731,,1447,12673,8.7581202487906,
2018Q3,,S08000022,,S12000017,,Emergency Inpatients,,3,,1507,3137,2.08161911081619,,1523,12649,8.30531845042679,
2018Q4,,S08000022,,S12000017,,Emergency Inpatients,,3,,1489,2980,2.00134318334453,,1511,12805,8.47452018530774,
2019Q1,,S08000022,,S12000017,,Emergency Inpatients,,3,,1455,3226,2.21718213058419,,1475,12265,8.31525423728814,
2019Q2,,S08000022,,S12000017,,Emergency Inpatients,,3,,1434,3340,2.32914923291492,,1487,14941,10.0477471418964,
2019Q3,,S08000022,,S12000017,,Emergency Inpatients,,3,,1454,3007,2.06808803301238,,1497,13327,8.90247160988644,
2019Q4,,S08000022,,S12000017,,Emergency Inpatients,,3,,1509,3313,2.19549370444003,,1521,12467,8.1965811965812,
2020Q1,,S08000022,,S12000017,,Emergency Inpatients,,3,,1337,3499,2.6170531039641,,1403,16210,11.5538132573058,
2020Q2,,S08000022,,S12000017,,Emergency Inpatients,,3,,1205,2172,1.80248962655602,,1184,9377,7.91976351351351,
2020Q3,,S08000022,,S12000017,,Emergency Inpatients,,3,,1364,2844,2.08504398826979,,1378,11620,8.43251088534107,
2020Q4,,S08000022,,S12000017,,Emergency Inpatients,,3,,1355,2570,1.89667896678967,,1351,11051,8.17986676535899,
2021Q1,,S08000022,,S12000017,,Emergency Inpatients,,3,,1420,3163,2.22746478873239,,1435,14092,9.82020905923345,
2021Q2,,S08000022,,S12000017,,Emergency Inpatients,,3,,1437,2915,2.0285316631872,,1437,12140,8.44815588030619,
2021Q3,,S08000022,,S12000017,,Emergency Inpatients,,3,,1436,3372,2.34818941504178,,1465,13791,9.4136518771331,
2021Q4,,S08000022,,S12000017,,Emergency Inpatients,,3,,1417,3806,2.68595624558927,,1449,15410,10.6349206349206,
2022Q1,,S08000022,,S12000017,,Emergency Inpatients,,3,,1335,4092,3.06516853932584,,1370,12922,9.43211678832117,
2022Q2,,S08000022,,S12000017,,Emergency Inpatients,,3,,1402,3547,2.52995720399429,,1407,15050,10.6965174129353,
2022Q3,,S08000022,,S12000017,,Emergency Inpatients,,3,,1381,3402,2.46343229543809,,1388,12622,9.09365994236311,
2022Q4,p,S08000022,,S12000017,,Emergency Inpatients,,3,,1180,3280,2.77966101694915,,1248,14667,11.7524038461538,
2017Q4,,S08000022,,S12000017,,Emergency Inpatients,,4,,1142,2461,2.15499124343257,,1137,8614,7.57607739665787,
2018Q1,,S08000022,,S12000017,,Emergency Inpatients,,4,,1154,3000,2.59965337954939,,1155,11635,10.0735930735931,
2018Q2,,S08000022,,S12000017,,Emergency Inpatients,,4,,1271,2122,1.66955153422502,,1263,9726,7.70071258907363,
2018Q3,,S08000022,,S12000017,,Emergency Inpatients,,4,,1280,2465,1.92578125,,1281,9652,7.53473848555816,
2018Q4,,S08000022,,S12000017,,Emergency Inpatients,,4,,1247,2639,2.11627906976744,,1273,9913,7.78711704634721,
2019Q1,,S08000022,,S12000017,,Emergency Inpatients,,4,,1201,2354,1.96003330557868,,1248,11194,8.96955128205128,
2019Q2,,S08000022,,S12000017,,Emergency Inpatients,,4,,1281,3084,2.40749414519906,,1293,10463,8.09203402938902,
2019Q3,,S08000022,,S12000017,,Emergency Inpatients,,4,,1186,2915,2.45784148397976,,1210,10249,8.4702479338843,
2019Q4,,S08000022,,S12000017,,Emergency Inpatients,,4,,1318,2677,2.03110773899848,,1337,11577,8.65893792071803,
2020Q1,,S08000022,,S12000017,,Emergency Inpatients,,4,,1103,2506,2.27198549410698,,1176,11031,9.38010204081633,
2020Q2,,S08000022,,S12000017,,Emergency Inpatients,,4,,1055,1962,1.85971563981043,,1044,10584,10.1379310344828,
2020Q3,,S08000022,,S12000017,,Emergency Inpatients,,4,,1248,2119,1.69791666666667,,1253,9365,7.47406225059856,
2020Q4,,S08000022,,S12000017,,Emergency Inpatients,,4,,1253,2897,2.31205107741421,,1253,11144,8.89385474860335,
2021Q1,,S08000022,,S12000017,,Emergency Inpatients,,4,,1150,2426,2.1095652173913,,1167,11906,10.2022279348757,
2021Q2,,S08000022,,S12000017,,Emergency Inpatients,,4,,1198,2248,1.87646076794658,,1202,9983,8.30532445923461,
2021Q3,,S08000022,,S12000017,,Emergency Inpatients,,4,,1234,2804,2.27228525121556,,1275,10933,8.57490196078431,
2021Q4,,S08000022,,S12000017,,Emergency Inpatients,,4,,1192,3061,2.56795302013423,,1211,10742,8.87035507844756,
2022Q1,,S08000022,,S12000017,,Emergency Inpatients,,4,,1131,2719,2.40406719717065,,1142,10656,9.33099824868651,
2022Q2,,S08000022,,S12000017,,Emergency Inpatients,,4,,1086,2418,2.22651933701657,,1115,14322,12.8448430493274,
2022Q3,,S08000022,,S12000017,,Emergency Inpatients,,4,,1083,1941,1.79224376731302,,1118,11920,10.6618962432916,
2022Q4,p,S08000022,,S12000017,,Emergency Inpatients,,4,,1069,2759,2.58091674462114,,1129,12668,11.2205491585474,
2017Q4,,S08000022,,S12000017,,Emergency Inpatients,,5,,298,682,2.28859060402685,,288,2886,10.0208333333333,
2018Q1,,S08000022,,S12000017,,Emergency Inpatients,,5,,338,725,2.14497041420118,,354,3133,8.85028248587571,
2018Q2,,S08000022,,S12000017,,Emergency Inpatients,,5,,279,517,1.85304659498208,,279,2436,8.73118279569892,
2018Q3,,S08000022,,S12000017,,Emergency Inpatients,,5,,305,674,2.20983606557377,,296,2588,8.74324324324324,
2018Q4,,S08000022,,S12000017,,Emergency Inpatients,,5,,318,845,2.65723270440252,,326,2568,7.87730061349693,
2019Q1,,S08000022,,S12000017,,Emergency Inpatients,,5,,317,653,2.05993690851735,,336,3697,11.0029761904762,
2019Q2,,S08000022,,S12000017,,Emergency Inpatients,,5,,311,798,2.56591639871383,,316,2510,7.94303797468354,
2019Q3,,S08000022,,S12000017,,Emergency Inpatients,,5,,300,542,1.80666666666667,,307,2506,8.1628664495114,
2019Q4,,S08000022,,S12000017,,Emergency Inpatients,,5,,328,703,2.14329268292683,,323,3379,10.4613003095975,
2020Q1,,S08000022,,S12000017,,Emergency Inpatients,,5,,273,557,2.04029304029304,,289,3227,11.1660899653979,
2020Q2,,S08000022,,S12000017,,Emergency Inpatients,,5,,229,400,1.74672489082969,,227,2010,8.85462555066079,
2020Q3,,S08000022,,S12000017,,Emergency Inpatients,,5,,282,473,1.67730496453901,,290,3020,10.4137931034483,
2020Q4,,S08000022,,S12000017,,Emergency Inpatients,,5,,307,564,1.8371335504886,,308,2401,7.79545454545455,
2021Q1,,S08000022,,S12000017,,Emergency Inpatients,,5,,264,568,2.15151515151515,,259,2198,8.48648648648649,
2021Q2,,S08000022,,S12000017,,Emergency Inpatients,,5,,297,470,1.58249158249158,,304,2112,6.94736842105263,
2021Q3,,S08000022,,S12000017,,Emergency Inpatients,,5,,250,525,2.1,,252,2281,9.0515873015873,
2021Q4,,S08000022,,S12000017,,Emergency Inpatients,,5,,241,631,2.61825726141079,,251,2382,9.49003984063745,
2022Q1,,S08000022,,S12000017,,Emergency Inpatients,,5,,313,620,1.98083067092652,,309,3242,10.4919093851133,
2022Q2,,S08000022,,S12000017,,Emergency Inpatients,,5,,296,689,2.3277027027027,,292,2665,9.12671232876712,
2022Q3,,S08000022,,S12000017,,Emergency Inpatients,,5,,273,582,2.13186813186813,,280,3159,11.2821428571429,
2022Q4,p,S08000022,,S12000017,,Emergency Inpatients,,5,,210,533,2.53809523809524,,234,3462,14.7948717948718,
2017Q4,,S08000022,,S08000022,d,Emergency Inpatients,,1,,833,1851,2.22208883553421,,828,6305,7.61473429951691,
2018Q1,,S08000022,,S08000022,d,Emergency Inpatients,,1,,874,2264,2.59038901601831,,847,6502,7.67650531286895,
2018Q2,,S08000022,,S08000022,d,Emergency Inpatients,,1,,885,2092,2.3638418079096,,849,6288,7.40636042402827,
2018Q3,,S08000022,,S08000022,d,Emergency Inpatients,,1,,829,1605,1.93606755126659,,824,7026,8.52669902912621,
2018Q4,,S08000022,,S08000022,d,Emergency Inpatients,,1,,852,2148,2.52112676056338,,839,5307,6.3253873659118,
2019Q1,,S08000022,,S08000022,d,Emergency Inpatients,,1,,835,1947,2.33173652694611,,799,5992,7.49937421777221,
2019Q2,,S08000022,,S08000022,d,Emergency Inpatients,,1,,843,1735,2.05812574139976,,853,5077,5.95193434935522,
2019Q3,,S08000022,,S08000022,d,Emergency Inpatients,,1,,879,1989,2.26279863481229,,848,6362,7.50235849056604,
2019Q4,,S08000022,,S08000022,d,Emergency Inpatients,,1,,811,1927,2.37607891491985,,819,7582,9.25763125763126,
2020Q1,,S08000022,,S08000022,d,Emergency Inpatients,,1,,711,1553,2.18424753867792,,718,5654,7.87465181058496,
2020Q2,,S08000022,,S08000022,d,Emergency Inpatients,,1,,692,1279,1.84826589595376,,676,5142,7.60650887573965,
2020Q3,,S08000022,,S08000022,d,Emergency Inpatients,,1,,825,1627,1.97212121212121,,792,5779,7.29671717171717,
2020Q4,,S08000022,,S08000022,d,Emergency Inpatients,,1,,818,1853,2.26528117359413,,802,6173,7.69700748129676,
2021Q1,,S08000022,,S08000022,d,Emergency Inpatients,,1,,790,1975,2.5,,757,6367,8.4108322324967,
2021Q2,,S08000022,,S08000022,d,Emergency Inpatients,,1,,781,1490,1.9078104993598,,778,6867,8.82647814910026,
2021Q3,,S08000022,,S08000022,d,Emergency Inpatients,,1,,799,1963,2.45682102628285,,775,6392,8.24774193548387,
2021Q4,,S08000022,,S08000022,d,Emergency Inpatients,,1,,748,1925,2.57352941176471,,739,6592,8.92016238159675,
2022Q1,,S08000022,,S08000022,d,Emergency Inpatients,,1,,689,1964,2.85050798258345,,676,6547,9.68491124260355,
2022Q2,,S08000022,,S08000022,d,Emergency Inpatients,,1,,698,1718,2.46131805157593,,681,6187,9.08516886930984,
2022Q3,,S08000022,,S08000022,d,Emergency Inpatients,,1,,675,1712,2.5362962962963,,672,7101,10.5669642857143,
2022Q4,p,S08000022,,S08000022,d,Emergency Inpatients,,1,,660,2132,3.23030303030303,,673,8850,13.1500742942051,
2017Q4,,S08000022,,S08000022,d,Emergency Inpatients,,2,,1241,2867,2.3102336825141,,1233,11205,9.08759124087591,
2018Q1,,S08000022,,S08000022,d,Emergency Inpatients,,2,,1319,3431,2.60121304018196,,1296,11396,8.79320987654321,
2018Q2,,S08000022,,S08000022,d,Emergency Inpatients,,2,,1275,3246,2.54588235294118,,1234,9835,7.97001620745543,
2018Q3,,S08000022,,S08000022,d,Emergency Inpatients,,2,,1288,3463,2.68866459627329,,1252,9818,7.84185303514377,
2018Q4,,S08000022,,S08000022,d,Emergency Inpatients,,2,,1284,3404,2.65109034267913,,1271,11864,9.33438237608182,
2019Q1,,S08000022,,S08000022,d,Emergency Inpatients,,2,,1213,3462,2.85408079142622,,1187,10137,8.54001684919966,
2019Q2,,S08000022,,S08000022,d,Emergency Inpatients,,2,,1126,3316,2.9449378330373,,1139,11260,9.88586479367867,
2019Q3,,S08000022,,S08000022,d,Emergency Inpatients,,2,,1208,2746,2.27317880794702,,1193,9722,8.14920368818106,
2019Q4,,S08000022,,S08000022,d,Emergency Inpatients,,2,,1163,2662,2.28890799656062,,1158,11189,9.66234887737478,
2020Q1,,S08000022,,S08000022,d,Emergency Inpatients,,2,,1184,3039,2.56672297297297,,1209,12340,10.206782464847,
2020Q2,,S08000022,,S08000022,d,Emergency Inpatients,,2,,951,2169,2.2807570977918,,924,9058,9.8030303030303,
2020Q3,,S08000022,,S08000022,d,Emergency Inpatients,,2,,1180,2328,1.9728813559322,,1182,8617,7.29018612521151,
2020Q4,,S08000022,,S08000022,d,Emergency Inpatients,,2,,1122,2445,2.17914438502674,,1099,8434,7.67424931756142,
2021Q1,,S08000022,,S08000022,d,Emergency Inpatients,,2,,1098,3094,2.81785063752277,,1057,10052,9.50993377483444,
2021Q2,,S08000022,,S08000022,d,Emergency Inpatients,,2,,1084,2511,2.31642066420664,,1060,11034,10.4094339622642,
2021Q3,,S08000022,,S08000022,d,Emergency Inpatients,,2,,1243,3628,2.91874497184232,,1201,10361,8.62697751873439,
2021Q4,,S08000022,,S08000022,d,Emergency Inpatients,,2,,1104,3476,3.14855072463768,,1110,11371,10.2441441441441,
2022Q1,,S08000022,,S08000022,d,Emergency Inpatients,,2,,1076,3231,3.00278810408922,,1027,10537,10.2599805258033,
2022Q2,,S08000022,,S08000022,d,Emergency Inpatients,,2,,1034,3274,3.16634429400387,,1040,12221,11.7509615384615,
2022Q3,,S08000022,,S08000022,d,Emergency Inpatients,,2,,1001,2556,2.55344655344655,,989,9876,9.98584428715875,
2022Q4,p,S08000022,,S08000022,d,Emergency Inpatients,,2,,1045,2749,2.63062200956938,,1058,10596,10.0151228733459,
2017Q4,,S08000022,,S08000022,d,Emergency Inpatients,,3,,2099,5463,2.60266793711291,,2044,17750,8.6839530332681,
2018Q1,,S08000022,,S08000022,d,Emergency Inpatients,,3,,2143,5499,2.56602893140457,,2069,17257,8.34074432092798,
2018Q2,,S08000022,,S08000022,d,Emergency Inpatients,,3,,2095,5380,2.56801909307876,,2016,16783,8.3249007936508,
2018Q3,,S08000022,,S08000022,d,Emergency Inpatients,,3,,2128,5317,2.49859022556391,,2082,16532,7.940441882805,
2018Q4,,S08000022,,S08000022,d,Emergency Inpatients,,3,,2124,5737,2.70103578154426,,2098,17217,8.20638703527169,
2019Q1,,S08000022,,S08000022,d,Emergency Inpatients,,3,,2105,6220,2.95486935866983,,2046,16957,8.28787878787879,
2019Q2,,S08000022,,S08000022,d,Emergency Inpatients,,3,,2047,6026,2.9438202247191,,2044,19906,9.73874755381605,
2019Q3,,S08000022,,S08000022,d,Emergency Inpatients,,3,,2080,6081,2.92355769230769,,2067,18744,9.06821480406386,
2019Q4,,S08000022,,S08000022,d,Emergency Inpatients,,3,,2203,5873,2.66591012256015,,2166,17388,8.02770083102493,
2020Q1,,S08000022,,S08000022,d,Emergency Inpatients,,3,,1968,6628,3.36788617886179,,1984,22878,11.53125,
2020Q2,,S08000022,,S08000022,d,Emergency Inpatients,,3,,1679,3883,2.31268612269208,,1611,12502,7.76039726877716,
2020Q3,,S08000022,,S08000022,d,Emergency Inpatients,,3,,1945,4715,2.42416452442159,,1909,15341,8.03614457831325,
2020Q4,,S08000022,,S08000022,d,Emergency Inpatients,,3,,1983,5262,2.6535552193646,,1919,15358,8.00312662845232,
2021Q1,,S08000022,,S08000022,d,Emergency Inpatients,,3,,1997,5798,2.90335503254882,,1968,18067,9.18038617886179,
2021Q2,,S08000022,,S08000022,d,Emergency Inpatients,,3,,2112,5385,2.54971590909091,,2037,16673,8.18507609229259,
2021Q3,,S08000022,,S08000022,d,Emergency Inpatients,,3,,2091,6072,2.9038737446198,,2056,18925,9.20476653696498,
2021Q4,,S08000022,,S08000022,d,Emergency Inpatients,,3,,2112,6422,3.0407196969697,,2067,21289,10.2994678277697,
2022Q1,,S08000022,,S08000022,d,Emergency Inpatients,,3,,1987,6931,3.48817312531454,,1944,18135,9.3287037037037,
2022Q2,,S08000022,,S08000022,d,Emergency Inpatients,,3,,2095,6204,2.96133651551313,,2039,21333,10.4624816086317,
2022Q3,,S08000022,,S08000022,d,Emergency Inpatients,,3,,2054,6509,3.16893865628043,,1991,18210,9.14615770969362,
2022Q4,p,S08000022,,S08000022,d,Emergency Inpatients,,3,,1793,6017,3.3558282208589,,1810,20724,11.4497237569061,
2017Q4,,S08000022,,S08000022,d,Emergency Inpatients,,4,,1542,3889,2.52204928664073,,1505,11344,7.5375415282392,
2018Q1,,S08000022,,S08000022,d,Emergency Inpatients,,4,,1538,4452,2.89466840052016,,1524,14293,9.37860892388451,
2018Q2,,S08000022,,S08000022,d,Emergency Inpatients,,4,,1635,3506,2.14434250764526,,1620,12788,7.89382716049383,
2018Q3,,S08000022,,S08000022,d,Emergency Inpatients,,4,,1657,3495,2.10923355461678,,1633,11640,7.12798530312309,
2018Q4,,S08000022,,S08000022,d,Emergency Inpatients,,4,,1615,4153,2.57151702786378,,1614,12789,7.92379182156134,
2019Q1,,S08000022,,S08000022,d,Emergency Inpatients,,4,,1595,3848,2.41253918495298,,1615,13801,8.54551083591331,
2019Q2,,S08000022,,S08000022,d,Emergency Inpatients,,4,,1638,4459,2.72222222222222,,1630,13149,8.06687116564417,
2019Q3,,S08000022,,S08000022,d,Emergency Inpatients,,4,,1545,4238,2.74304207119741,,1563,13097,8.37939859245042,
2019Q4,,S08000022,,S08000022,d,Emergency Inpatients,,4,,1668,4120,2.47002398081535,,1668,14178,8.5,
2020Q1,,S08000022,,S08000022,d,Emergency Inpatients,,4,,1441,4051,2.81124219292158,,1504,13710,9.1156914893617,
2020Q2,,S08000022,,S08000022,d,Emergency Inpatients,,4,,1304,2679,2.05444785276074,,1278,11963,9.36071987480438,
2020Q3,,S08000022,,S08000022,d,Emergency Inpatients,,4,,1603,3260,2.03368683718029,,1582,11140,7.0417193426043,
2020Q4,,S08000022,,S08000022,d,Emergency Inpatients,,4,,1604,4180,2.60598503740648,,1594,13819,8.6693851944793,
2021Q1,,S08000022,,S08000022,d,Emergency Inpatients,,4,,1467,3418,2.32992501704158,,1474,14396,9.76662143826323,
2021Q2,,S08000022,,S08000022,d,Emergency Inpatients,,4,,1592,3555,2.23304020100502,,1571,12421,7.90642902609803,
2021Q3,,S08000022,,S08000022,d,Emergency Inpatients,,4,,1595,4142,2.59686520376176,,1618,13323,8.23423980222497,
2021Q4,,S08000022,,S08000022,d,Emergency Inpatients,,4,,1516,4297,2.8344327176781,,1523,13892,9.12147078135259,
2022Q1,,S08000022,,S08000022,d,Emergency Inpatients,,4,,1467,4073,2.77641445126108,,1455,13186,9.06254295532646,
2022Q2,,S08000022,,S08000022,d,Emergency Inpatients,,4,,1456,4006,2.75137362637363,,1465,17792,12.1447098976109,
2022Q3,,S08000022,,S08000022,d,Emergency Inpatients,,4,,1417,3552,2.50670430486944,,1430,14935,10.4440559440559,
2022Q4,p,S08000022,,S08000022,d,Emergency Inpatients,,4,,1430,4139,2.89440559440559,,1478,15629,10.5744248985115,
2017Q4,,S08000022,,S08000022,d,Emergency Inpatients,,5,,454,1078,2.37444933920705,,431,3701,8.58700696055685,
2018Q1,,S08000022,,S08000022,d,Emergency Inpatients,,5,,489,1261,2.57873210633947,,499,4570,9.15831663326653,
2018Q2,,S08000022,,S08000022,d,Emergency Inpatients,,5,,428,982,2.29439252336449,,431,3765,8.73549883990719,
2018Q3,,S08000022,,S08000022,d,Emergency Inpatients,,5,,439,1063,2.42141230068337,,422,3463,8.20616113744076,
2018Q4,,S08000022,,S08000022,d,Emergency Inpatients,,5,,486,1236,2.54320987654321,,493,3588,7.27789046653144,
2019Q1,,S08000022,,S08000022,d,Emergency Inpatients,,5,,493,1086,2.20283975659229,,503,5059,10.0576540755467,
2019Q2,,S08000022,,S08000022,d,Emergency Inpatients,,5,,443,1139,2.57110609480813,,441,3568,8.09070294784581,
2019Q3,,S08000022,,S08000022,d,Emergency Inpatients,,5,,480,961,2.00208333333333,,483,3673,7.60455486542443,
2019Q4,,S08000022,,S08000022,d,Emergency Inpatients,,5,,469,1056,2.25159914712154,,461,4456,9.66594360086768,
2020Q1,,S08000022,,S08000022,d,Emergency Inpatients,,5,,398,801,2.01256281407035,,410,4117,10.0414634146341,
2020Q2,,S08000022,,S08000022,d,Emergency Inpatients,,5,,326,629,1.92944785276074,,322,2686,8.3416149068323,
2020Q3,,S08000022,,S08000022,d,Emergency Inpatients,,5,,409,853,2.08557457212714,,412,3794,9.20873786407767,
2020Q4,,S08000022,,S08000022,d,Emergency Inpatients,,5,,438,1013,2.31278538812785,,431,3404,7.89791183294664,
2021Q1,,S08000022,,S08000022,d,Emergency Inpatients,,5,,406,987,2.43103448275862,,396,3387,8.5530303030303,
2021Q2,,S08000022,,S08000022,d,Emergency Inpatients,,5,,445,827,1.85842696629213,,439,2997,6.82687927107061,
2021Q3,,S08000022,,S08000022,d,Emergency Inpatients,,5,,388,944,2.43298969072165,,394,3823,9.70304568527919,
2021Q4,,S08000022,,S08000022,d,Emergency Inpatients,,5,,383,1015,2.65013054830287,,391,3467,8.86700767263427,
2022Q1,,S08000022,,S08000022,d,Emergency Inpatients,,5,,440,1121,2.54772727272727,,431,4639,10.7633410672854,
2022Q2,,S08000022,,S08000022,d,Emergency Inpatients,,5,,444,1211,2.72747747747748,,435,4181,9.61149425287356,
2022Q3,,S08000022,,S08000022,d,Emergency Inpatients,,5,,423,1067,2.52245862884161,,424,4676,11.0283018867925,
2022Q4,p,S08000022,,S08000022,d,Emergency Inpatients,,5,,350,1016,2.90285714285714,,379,5051,13.3271767810026,
2017Q4,,S08000032,,S08000032,d,Emergency Inpatients,,1,,6673,13444,2.01468604825416,,6485,38653,5.9603700848111,
2018Q1,,S08000032,,S08000032,d,Emergency Inpatients,,1,,6504,12216,1.87822878228782,,6387,38764,6.06920306873336,
2018Q2,,S08000032,,S08000032,d,Emergency Inpatients,,1,,6463,11675,1.80643663933158,,6333,36981,5.83941260066319,
2018Q3,,S08000032,,S08000032,d,Emergency Inpatients,,1,,6481,11916,1.83860515352569,,6327,36298,5.73700015805279,
2018Q4,,S08000032,,S08000032,d,Emergency Inpatients,,1,,6541,12051,1.84237884115579,,6373,36818,5.77718499921544,
2019Q1,,S08000032,,S08000032,d,Emergency Inpatients,,1,,6943,11702,1.68543857122281,,6794,37233,5.48027671474831,
2019Q2,,S08000032,,S08000032,d,Emergency Inpatients,,1,,6773,11705,1.72818544219696,,6658,38084,5.72003604686092,
2019Q3,,S08000032,,S08000032,d,Emergency Inpatients,,1,,6954,11855,1.70477423065861,,6806,39290,5.77284748751102,
2019Q4,,S08000032,,S08000032,d,Emergency Inpatients,,1,,6828,12496,1.83011130638547,,6664,39731,5.96203481392557,
2020Q1,,S08000032,,S08000032,d,Emergency Inpatients,,1,,6224,11273,1.8112146529563,,6204,42167,6.79674403610574,
2020Q2,,S08000032,,S08000032,d,Emergency Inpatients,,1,,5144,8122,1.57892690513219,,5014,27637,5.51196649381731,
2020Q3,,S08000032,,S08000032,d,Emergency Inpatients,,1,,6027,11382,1.88850174216028,,5911,33552,5.67619692099476,
2020Q4,,S08000032,,S08000032,d,Emergency Inpatients,,1,,5697,11824,2.07547832192382,,5601,35202,6.28494911622925,
2021Q1,,S08000032,,S08000032,d,Emergency Inpatients,,1,,5682,13282,2.33755719816966,,5566,36977,6.64337046352857,
2021Q2,,S08000032,,S08000032,d,Emergency Inpatients,,1,,6453,12063,1.86936308693631,,6348,37894,5.96943919344675,
2021Q3,,S08000032,,S08000032,d,Emergency Inpatients,,1,,6245,10335,1.65492393915132,,6170,38394,6.2226904376013,
2021Q4,,S08000032,,S08000032,d,Emergency Inpatients,,1,,5952,11450,1.92372311827957,,5873,41516,7.06895964583688,
2022Q1,,S08000032,,S08000032,d,Emergency Inpatients,,1,,5639,10509,1.86362830289058,,5596,38679,6.91190135811294,
2022Q2,,S08000032,,S08000032,d,Emergency Inpatients,,1,,5783,11339,1.96074701711914,,5686,40265,7.08142806894126,
2022Q3,,S08000032,,S08000032,d,Emergency Inpatients,,1,,5717,11248,1.96746545390939,,5683,40777,7.17525954601443,
2022Q4,p,S08000032,,S08000032,d,Emergency Inpatients,,1,,5865,11246,1.91747655583973,,5802,40697,7.01430541192692,
2017Q4,,S08000032,,S08000032,d,Emergency Inpatients,,2,,5371,11410,2.12437162539564,,5248,33745,6.43006859756098,
2018Q1,,S08000032,,S08000032,d,Emergency Inpatients,,2,,5438,11160,2.05222508275101,,5324,35266,6.62396694214876,
2018Q2,,S08000032,,S08000032,d,Emergency Inpatients,,2,,5296,10078,1.90294561933535,,5237,32832,6.26923811342372,
2018Q3,,S08000032,,S08000032,d,Emergency Inpatients,,2,,5389,10717,1.98868064575988,,5243,30836,5.8813656303643,
2018Q4,,S08000032,,S08000032,d,Emergency Inpatients,,2,,5448,11314,2.07672540381791,,5305,32964,6.21376060320452,
2019Q1,,S08000032,,S08000032,d,Emergency Inpatients,,2,,5439,10121,1.86082000367715,,5344,32182,6.02208083832335,
2019Q2,,S08000032,,S08000032,d,Emergency Inpatients,,2,,5636,10382,1.84208658623137,,5502,30959,5.62686295892403,
2019Q3,,S08000032,,S08000032,d,Emergency Inpatients,,2,,5688,11106,1.95253164556962,,5582,33571,6.01415263346471,
2019Q4,,S08000032,,S08000032,d,Emergency Inpatients,,2,,5667,11615,2.04958531851068,,5517,34618,6.27478702193221,
2020Q1,,S08000032,,S08000032,d,Emergency Inpatients,,2,,5037,10617,2.10780226325194,,5028,36873,7.3335322195704,
2020Q2,,S08000032,,S08000032,d,Emergency Inpatients,,2,,4142,7138,1.72332206663448,,4017,23237,5.78466517301469,
2020Q3,,S08000032,,S08000032,d,Emergency Inpatients,,2,,5096,9682,1.89992150706436,,4997,29381,5.87972783670202,
2020Q4,,S08000032,,S08000032,d,Emergency Inpatients,,2,,4606,10421,2.26248371689101,,4540,30960,6.81938325991189,
2021Q1,,S08000032,,S08000032,d,Emergency Inpatients,,2,,4748,11600,2.44313395113732,,4639,33171,7.15046346195301,
2021Q2,,S08000032,,S08000032,d,Emergency Inpatients,,2,,5501,11258,2.04653699327395,,5416,32813,6.05853028064993,
2021Q3,,S08000032,,S08000032,d,Emergency Inpatients,,2,,5390,9752,1.80927643784787,,5323,35704,6.7074957730603,
2021Q4,,S08000032,,S08000032,d,Emergency Inpatients,,2,,4888,10389,2.12540916530278,,4841,36713,7.58376368518901,
2022Q1,,S08000032,,S08000032,d,Emergency Inpatients,,2,,4776,9790,2.0498324958124,,4649,33923,7.2968380296838,
2022Q2,,S08000032,,S08000032,d,Emergency Inpatients,,2,,5165,10607,2.05363020329138,,5113,39675,7.75963230979855,
2022Q3,,S08000032,,S08000032,d,Emergency Inpatients,,2,,5050,10444,2.06811881188119,,4988,36172,7.25180433039294,
2022Q4,p,S08000032,,S08000032,d,Emergency Inpatients,,2,,5024,10661,2.12201433121019,,4985,38479,7.71895687061184,
2017Q4,,S08000032,,S08000032,d,Emergency Inpatients,,3,,3096,6482,2.093669250646,,3025,17452,5.76925619834711,
2018Q1,,S08000032,,S08000032,d,Emergency Inpatients,,3,,3272,6731,2.05715158924205,,3210,19437,6.05514018691589,
2018Q2,,S08000032,,S08000032,d,Emergency Inpatients,,3,,3118,6034,1.93521488133419,,3082,19308,6.26476314081765,
2018Q3,,S08000032,,S08000032,d,Emergency Inpatients,,3,,3043,6174,2.02891883010187,,2974,17950,6.03564223268326,
2018Q4,,S08000032,,S08000032,d,Emergency Inpatients,,3,,3301,6622,2.00605877006968,,3213,19485,6.06442577030812,
2019Q1,,S08000032,,S08000032,d,Emergency Inpatients,,3,,3338,6247,1.87147992810066,,3286,20058,6.10407790626902,
2019Q2,,S08000032,,S08000032,d,Emergency Inpatients,,3,,3291,5903,1.79367973260407,,3217,18491,5.74790177183712,
2019Q3,,S08000032,,S08000032,d,Emergency Inpatients,,3,,3313,6344,1.91488077271355,,3233,18886,5.84163315805753,
2019Q4,,S08000032,,S08000032,d,Emergency Inpatients,,3,,3463,6855,1.9794975454808,,3392,21677,6.390625,
2020Q1,,S08000032,,S08000032,d,Emergency Inpatients,,3,,3098,6551,2.114590058102,,3091,21456,6.94144289873827,
2020Q2,,S08000032,,S08000032,d,Emergency Inpatients,,3,,2422,4588,1.89430222956235,,2335,14072,6.02655246252677,
2020Q3,,S08000032,,S08000032,d,Emergency Inpatients,,3,,2905,5041,1.73528399311532,,2831,16262,5.74425997880608,
2020Q4,,S08000032,,S08000032,d,Emergency Inpatients,,3,,2808,6254,2.22720797720798,,2772,19309,6.96572871572872,
2021Q1,,S08000032,,S08000032,d,Emergency Inpatients,,3,,2764,6629,2.39833574529667,,2724,18696,6.86343612334802,
2021Q2,,S08000032,,S08000032,d,Emergency Inpatients,,3,,3111,6225,2.00096432015429,,3027,18557,6.13049223653783,
2021Q3,,S08000032,,S08000032,d,Emergency Inpatients,,3,,2999,5855,1.95231743914638,,2965,18720,6.31365935919056,
2021Q4,,S08000032,,S08000032,d,Emergency Inpatients,,3,,2955,5306,1.79560067681895,,2930,20394,6.96040955631399,
2022Q1,,S08000032,,S08000032,d,Emergency Inpatients,,3,,2813,6553,2.32954141485958,,2763,23163,8.38327904451683,
2022Q2,,S08000032,,S08000032,d,Emergency Inpatients,,3,,2893,5934,2.05115796750778,,2856,21018,7.35924369747899,
2022Q3,,S08000032,,S08000032,d,Emergency Inpatients,,3,,2961,6580,2.22222222222222,,2967,23796,8.02022244691608,
2022Q4,p,S08000032,,S08000032,d,Emergency Inpatients,,3,,3003,7071,2.35464535464535,,2976,21963,7.38004032258065,
2017Q4,,S08000032,,S08000032,d,Emergency Inpatients,,4,,2404,5292,2.20133111480865,,2356,13687,5.80942275042445,
2018Q1,,S08000032,,S08000032,d,Emergency Inpatients,,4,,2428,4702,1.93657331136738,,2368,13499,5.70059121621622,
2018Q2,,S08000032,,S08000032,d,Emergency Inpatients,,4,,2412,4528,1.87728026533997,,2368,13738,5.80152027027027,
2018Q3,,S08000032,,S08000032,d,Emergency Inpatients,,4,,2452,5171,2.10889070146819,,2399,13958,5.81825760733639,
2018Q4,,S08000032,,S08000032,d,Emergency Inpatients,,4,,2620,5480,2.09160305343511,,2549,15456,6.06355433503335,
2019Q1,,S08000032,,S08000032,d,Emergency Inpatients,,4,,2643,4679,1.77033673855467,,2617,14171,5.41497898356897,
2019Q2,,S08000032,,S08000032,d,Emergency Inpatients,,4,,2579,4720,1.8301667312912,,2535,12807,5.05207100591716,
2019Q3,,S08000032,,S08000032,d,Emergency Inpatients,,4,,2501,4663,1.86445421831267,,2435,13861,5.69240246406571,
2019Q4,,S08000032,,S08000032,d,Emergency Inpatients,,4,,2533,4717,1.86221871298855,,2482,13590,5.4754230459307,
2020Q1,,S08000032,,S08000032,d,Emergency Inpatients,,4,,2328,4129,1.77362542955326,,2313,13653,5.90272373540856,
2020Q2,,S08000032,,S08000032,d,Emergency Inpatients,,4,,1854,3362,1.8133764832794,,1796,10112,5.63028953229399,
2020Q3,,S08000032,,S08000032,d,Emergency Inpatients,,4,,2375,4262,1.79452631578947,,2319,12260,5.28676153514446,
2020Q4,,S08000032,,S08000032,d,Emergency Inpatients,,4,,2100,4951,2.35761904761905,,2068,14181,6.8573500967118,
2021Q1,,S08000032,,S08000032,d,Emergency Inpatients,,4,,2102,4949,2.35442435775452,,2055,14356,6.98588807785888,
2021Q2,,S08000032,,S08000032,d,Emergency Inpatients,,4,,2452,4576,1.86623164763458,,2422,13936,5.75392237819984,
2021Q3,,S08000032,,S08000032,d,Emergency Inpatients,,4,,2374,4073,1.7156697556866,,2335,13436,5.7541755888651,
2021Q4,,S08000032,,S08000032,d,Emergency Inpatients,,4,,2381,4617,1.93910121797564,,2366,15743,6.65384615384615,
2022Q1,,S08000032,,S08000032,d,Emergency Inpatients,,4,,2241,4498,2.00713966979027,,2210,13904,6.29140271493213,
2022Q2,,S08000032,,S08000032,d,Emergency Inpatients,,4,,2330,4608,1.97768240343348,,2289,14858,6.49104412407165,
2022Q3,,S08000032,,S08000032,d,Emergency Inpatients,,4,,2417,4738,1.96028134050476,,2358,14949,6.33969465648855,
2022Q4,p,S08000032,,S08000032,d,Emergency Inpatients,,4,,2380,4682,1.9672268907563,,2388,16899,7.07663316582915,
2017Q4,,S08000032,,S08000032,d,Emergency Inpatients,,5,,1585,3188,2.01135646687697,,1540,9175,5.95779220779221,
2018Q1,,S08000032,,S08000032,d,Emergency Inpatients,,5,,1757,3814,2.17074558907228,,1724,10931,6.34048723897912,
2018Q2,,S08000032,,S08000032,d,Emergency Inpatients,,5,,1654,2991,1.80834340991536,,1657,9818,5.92516596258298,
2018Q3,,S08000032,,S08000032,d,Emergency Inpatients,,5,,1686,3212,1.90510083036773,,1648,8831,5.35861650485437,
2018Q4,,S08000032,,S08000032,d,Emergency Inpatients,,5,,1795,4080,2.27298050139276,,1740,9776,5.6183908045977,
2019Q1,,S08000032,,S08000032,d,Emergency Inpatients,,5,,1895,4058,2.14142480211082,,1861,11187,6.01128425577646,
2019Q2,,S08000032,,S08000032,d,Emergency Inpatients,,5,,1739,3050,1.75388154111558,,1711,10118,5.9135008766803,
2019Q3,,S08000032,,S08000032,d,Emergency Inpatients,,5,,1795,3763,2.09637883008357,,1726,10334,5.98725376593279,
2019Q4,,S08000032,,S08000032,d,Emergency Inpatients,,5,,1797,4425,2.46243739565943,,1761,11537,6.55139125496877,
2020Q1,,S08000032,,S08000032,d,Emergency Inpatients,,5,,1522,3544,2.32851511169514,,1529,11128,7.27795945062132,
2020Q2,,S08000032,,S08000032,d,Emergency Inpatients,,5,,1246,2260,1.81380417335474,,1186,6832,5.76053962900506,
2020Q3,,S08000032,,S08000032,d,Emergency Inpatients,,5,,1543,3088,2.00129617627997,,1527,8675,5.68107400130976,
2020Q4,,S08000032,,S08000032,d,Emergency Inpatients,,5,,1442,3437,2.38349514563107,,1409,9552,6.77927608232789,
2021Q1,,S08000032,,S08000032,d,Emergency Inpatients,,5,,1517,3385,2.2313777191826,,1479,9568,6.46923597025017,
2021Q2,,S08000032,,S08000032,d,Emergency Inpatients,,5,,1632,2953,1.8094362745098,,1617,10011,6.19109461966605,
2021Q3,,S08000032,,S08000032,d,Emergency Inpatients,,5,,1595,3138,1.96739811912226,,1552,9707,6.25451030927835,
2021Q4,,S08000032,,S08000032,d,Emergency Inpatients,,5,,1589,3081,1.93895531780994,,1578,10811,6.8510773130545,
2022Q1,,S08000032,,S08000032,d,Emergency Inpatients,,5,,1550,2880,1.85806451612903,,1537,11855,7.71307742355237,
2022Q2,,S08000032,,S08000032,d,Emergency Inpatients,,5,,1598,4359,2.72778473091364,,1596,13210,8.27694235588972,
2022Q3,,S08000032,,S08000032,d,Emergency Inpatients,,5,,1572,3324,2.11450381679389,,1527,10606,6.9456450556647,
2022Q4,p,S08000032,,S08000032,d,Emergency Inpatients,,5,,1567,3251,2.07466496490109,,1579,13168,8.33945535148828,
2022Q4,p,S08000032,,S08000032,d,Emergency Inpatients,,,:,0,0,,z,0,0,,z
2017Q4,,S08000032,,S12000050,,Emergency Inpatients,,1,,4268,7044,1.65042174320525,,4123,22695,5.50448702401164,
2018Q1,,S08000032,,S12000050,,Emergency Inpatients,,1,,4187,7044,1.68235013135897,,4083,22601,5.53539064413421,
2018Q2,,S08000032,,S12000050,,Emergency Inpatients,,1,,4003,6710,1.67624281788659,,3917,22589,5.76691345417411,
2018Q3,,S08000032,,S12000050,,Emergency Inpatients,,1,,4093,6696,1.63596384070364,,3969,21243,5.35222978080121,
2018Q4,,S08000032,,S12000050,,Emergency Inpatients,,1,,4153,7138,1.7187575246809501,,4036,21411,5.30500495540139,
2019Q1,,S08000032,,S12000050,,Emergency Inpatients,,1,,4451,6570,1.47607279263087,,4323,21909,5.06800832755031,
2019Q2,,S08000032,,S12000050,,Emergency Inpatients,,1,,4378,6921,1.58085883965281,,4296,23603,5.49418063314711,
2019Q3,,S08000032,,S12000050,,Emergency Inpatients,,1,,4515,6972,1.54418604651163,,4402,23849,5.41776465243071,
2019Q4,,S08000032,,S12000050,,Emergency Inpatients,,1,,4392,7385,1.68146630236794,,4256,22380,5.25845864661654,
2020Q1,,S08000032,,S12000050,,Emergency Inpatients,,1,,4092,6861,1.6766862170088,,4078,26096,6.39921530161844,
2020Q2,,S08000032,,S12000050,,Emergency Inpatients,,1,,3368,4870,1.44596199524941,,3268,16178,4.95042839657283,
2020Q3,,S08000032,,S12000050,,Emergency Inpatients,,1,,3952,7121,1.80187246963563,,3853,19944,5.17622631715546,
2020Q4,,S08000032,,S12000050,,Emergency Inpatients,,1,,3720,7644,2.05483870967742,,3666,21269,5.80169121658483,
2021Q1,,S08000032,,S12000050,,Emergency Inpatients,,1,,3743,8972,2.39700774779589,,3667,23216,6.3310608126534,
2021Q2,,S08000032,,S12000050,,Emergency Inpatients,,1,,4297,7990,1.85943681638352,,4204,23310,5.54471931493815,
2021Q3,,S08000032,,S12000050,,Emergency Inpatients,,1,,4106,6153,1.4985387238188,,4057,23640,5.82696573823022,
2021Q4,,S08000032,,S12000050,,Emergency Inpatients,,1,,3859,6834,1.77092511013216,,3806,24592,6.4613767735155,
2022Q1,,S08000032,,S12000050,,Emergency Inpatients,,1,,3715,6158,1.65760430686406,,3691,22961,6.22080736927662,
2022Q2,,S08000032,,S12000050,,Emergency Inpatients,,1,,3831,6897,1.80031323414252,,3773,24320,6.44579909886032,
2022Q3,,S08000032,,S12000050,,Emergency Inpatients,,1,,3785,6502,1.71783355350066,,3754,25265,6.73015450186468,
2022Q4,p,S08000032,,S12000050,,Emergency Inpatients,,1,,3857,6126,1.5882810474462,,3822,24099,6.30533751962323,
2017Q4,,S08000032,,S12000050,,Emergency Inpatients,,2,,2919,5350,1.83281945871874,,2821,18182,6.44523218716767,
2018Q1,,S08000032,,S12000050,,Emergency Inpatients,,2,,2881,5171,1.79486289482818,,2813,19044,6.76999644507643,
2018Q2,,S08000032,,S12000050,,Emergency Inpatients,,2,,2876,5083,1.76738525730181,,2827,17064,6.03608065086664,
2018Q3,,S08000032,,S12000050,,Emergency Inpatients,,2,,2887,5474,1.89608590232075,,2798,16429,5.87169406719085,
2018Q4,,S08000032,,S12000050,,Emergency Inpatients,,2,,3040,5650,1.85855263157895,,2927,17620,6.01981551076187,
2019Q1,,S08000032,,S12000050,,Emergency Inpatients,,2,,2912,5049,1.73385989010989,,2857,17432,6.10150507525376,
2019Q2,,S08000032,,S12000050,,Emergency Inpatients,,2,,3101,5377,1.73395678813286,,3025,16885,5.58181818181818,
2019Q3,,S08000032,,S12000050,,Emergency Inpatients,,2,,3079,5894,1.91425787593374,,2996,18062,6.02870493991989,
2019Q4,,S08000032,,S12000050,,Emergency Inpatients,,2,,3106,5889,1.89600772698004,,3030,18056,5.95907590759076,
2020Q1,,S08000032,,S12000050,,Emergency Inpatients,,2,,2943,5548,1.88515120625212,,2894,18868,6.51969592259848,
2020Q2,,S08000032,,S12000050,,Emergency Inpatients,,2,,2341,3805,1.62537377189235,,2279,12346,5.41728828433523,
2020Q3,,S08000032,,S12000050,,Emergency Inpatients,,2,,2815,5733,2.03658969804618,,2752,16059,5.83539244186047,
2020Q4,,S08000032,,S12000050,,Emergency Inpatients,,2,,2633,6278,2.38435244967717,,2563,17155,6.69332813109637,
2021Q1,,S08000032,,S12000050,,Emergency Inpatients,,2,,2664,6677,2.50638138138138,,2612,18079,6.92151607963247,
2021Q2,,S08000032,,S12000050,,Emergency Inpatients,,2,,3090,6309,2.04174757281553,,3023,17613,5.82633145881575,
2021Q3,,S08000032,,S12000050,,Emergency Inpatients,,2,,3100,5126,1.65354838709677,,3064,19857,6.48074412532637,
2021Q4,,S08000032,,S12000050,,Emergency Inpatients,,2,,2739,5314,1.94012413289522,,2715,20204,7.44162062615101,
2022Q1,,S08000032,,S12000050,,Emergency Inpatients,,2,,2688,5076,1.88839285714286,,2608,18694,7.16794478527607,
2022Q2,,S08000032,,S12000050,,Emergency Inpatients,,2,,2945,5717,1.94125636672326,,2910,22113,7.59896907216495,
2022Q3,,S08000032,,S12000050,,Emergency Inpatients,,2,,2825,4985,1.7646017699115,,2785,18895,6.78456014362657,
2022Q4,p,S08000032,,S12000050,,Emergency Inpatients,,2,,2950,4936,1.67322033898305,,2927,21717,7.41954219337205,
2017Q4,,S08000032,,S12000050,,Emergency Inpatients,,3,,1352,2123,1.57026627218935,,1309,6605,5.04583651642475,
2018Q1,,S08000032,,S12000050,,Emergency Inpatients,,3,,1410,2666,1.89078014184397,,1367,7936,5.8054133138259,
2018Q2,,S08000032,,S12000050,,Emergency Inpatients,,3,,1243,1889,1.51971037811746,,1228,7514,6.11889250814332,
2018Q3,,S08000032,,S12000050,,Emergency Inpatients,,3,,1320,2418,1.83181818181818,,1282,7418,5.78627145085803,
2018Q4,,S08000032,,S12000050,,Emergency Inpatients,,3,,1402,2395,1.70827389443652,,1357,8366,6.1650700073692,
2019Q1,,S08000032,,S12000050,,Emergency Inpatients,,3,,1462,2355,1.61080711354309,,1416,7520,5.31073446327684,
2019Q2,,S08000032,,S12000050,,Emergency Inpatients,,3,,1415,2393,1.69116607773852,,1379,7701,5.58448150833938,
2019Q3,,S08000032,,S12000050,,Emergency Inpatients,,3,,1450,2168,1.4951724137931,,1384,7063,5.10332369942197,
2019Q4,,S08000032,,S12000050,,Emergency Inpatients,,3,,1535,2718,1.77068403908795,,1502,9342,6.21970705725699,
2020Q1,,S08000032,,S12000050,,Emergency Inpatients,,3,,1394,2599,1.86441893830703,,1384,8962,6.47543352601156,
2020Q2,,S08000032,,S12000050,,Emergency Inpatients,,3,,1031,1992,1.93210475266731,,1009,5578,5.52824578790882,
2020Q3,,S08000032,,S12000050,,Emergency Inpatients,,3,,1231,2258,1.83428107229894,,1175,6252,5.32085106382979,
2020Q4,,S08000032,,S12000050,,Emergency Inpatients,,3,,1235,2681,2.17085020242915,,1227,7860,6.40586797066015,
2021Q1,,S08000032,,S12000050,,Emergency Inpatients,,3,,1223,2812,2.29926410466067,,1197,7341,6.1328320802005,
2021Q2,,S08000032,,S12000050,,Emergency Inpatients,,3,,1401,2657,1.89650249821556,,1363,7754,5.68892149669846,
2021Q3,,S08000032,,S12000050,,Emergency Inpatients,,3,,1341,2523,1.88143176733781,,1314,7494,5.70319634703196,
2021Q4,,S08000032,,S12000050,,Emergency Inpatients,,3,,1332,2125,1.59534534534535,,1338,8775,6.55829596412556,
2022Q1,,S08000032,,S12000050,,Emergency Inpatients,,3,,1228,2705,2.20276872964169,,1210,9248,7.64297520661157,
2022Q2,,S08000032,,S12000050,,Emergency Inpatients,,3,,1310,2403,1.83435114503817,,1299,8320,6.40492686682063,
2022Q3,,S08000032,,S12000050,,Emergency Inpatients,,3,,1351,2369,1.75351591413768,,1332,9362,7.02852852852853,
2022Q4,p,S08000032,,S12000050,,Emergency Inpatients,,3,,1372,2637,1.92201166180758,,1352,9036,6.68343195266272,
2017Q4,,S08000032,,S12000050,,Emergency Inpatients,,4,,1112,2258,2.03057553956835,,1082,6204,5.73382624768946,
2018Q1,,S08000032,,S12000050,,Emergency Inpatients,,4,,1099,1972,1.7943585077343,,1076,6642,6.1728624535316,
2018Q2,,S08000032,,S12000050,,Emergency Inpatients,,4,,1114,2045,1.83572710951526,,1096,6163,5.62317518248175,
2018Q3,,S08000032,,S12000050,,Emergency Inpatients,,4,,1131,1905,1.68435013262599,,1087,5500,5.05979760809568,
2018Q4,,S08000032,,S12000050,,Emergency Inpatients,,4,,1212,2220,1.83168316831683,,1188,6902,5.80976430976431,
2019Q1,,S08000032,,S12000050,,Emergency Inpatients,,4,,1212,1889,1.55858085808581,,1185,5932,5.00590717299578,
2019Q2,,S08000032,,S12000050,,Emergency Inpatients,,4,,1189,1940,1.63162321278385,,1170,6046,5.16752136752137,
2019Q3,,S08000032,,S12000050,,Emergency Inpatients,,4,,1186,1917,1.61635750421585,,1132,5923,5.23233215547703,
2019Q4,,S08000032,,S12000050,,Emergency Inpatients,,4,,1246,2063,1.65569823434992,,1218,6396,5.2512315270936,
2020Q1,,S08000032,,S12000050,,Emergency Inpatients,,4,,1109,1740,1.56898106402164,,1102,6203,5.62885662431942,
2020Q2,,S08000032,,S12000050,,Emergency Inpatients,,4,,880,1576,1.79090909090909,,849,4520,5.32391048292108,
2020Q3,,S08000032,,S12000050,,Emergency Inpatients,,4,,1111,1874,1.68676867686769,,1076,5705,5.30204460966543,
2020Q4,,S08000032,,S12000050,,Emergency Inpatients,,4,,978,2433,2.48773006134969,,974,7339,7.53490759753593,
2021Q1,,S08000032,,S12000050,,Emergency Inpatients,,4,,986,2412,2.44624746450304,,953,6551,6.87408184679958,
2021Q2,,S08000032,,S12000050,,Emergency Inpatients,,4,,1156,2115,1.82958477508651,,1139,6607,5.80070237050044,
2021Q3,,S08000032,,S12000050,,Emergency Inpatients,,4,,1153,1921,1.66608846487424,,1152,6236,5.41319444444444,
2021Q4,,S08000032,,S12000050,,Emergency Inpatients,,4,,1180,1764,1.49491525423729,,1160,6639,5.72327586206897,
2022Q1,,S08000032,,S12000050,,Emergency Inpatients,,4,,1059,2048,1.93389990557129,,1052,6572,6.24714828897338,
2022Q2,,S08000032,,S12000050,,Emergency Inpatients,,4,,1121,1870,1.66815343443354,,1097,6162,5.61713764813127,
2022Q3,,S08000032,,S12000050,,Emergency Inpatients,,4,,1203,1981,1.64671654197839,,1171,7033,6.00597779675491,
2022Q4,p,S08000032,,S12000050,,Emergency Inpatients,,4,,1234,1989,1.61183144246353,,1225,7383,6.0269387755102,
2017Q4,,S08000032,,S12000050,,Emergency Inpatients,,5,,636,954,1.5,,620,3219,5.19193548387097,
2018Q1,,S08000032,,S12000050,,Emergency Inpatients,,5,,664,1403,2.11295180722892,,651,3804,5.84331797235023,
2018Q2,,S08000032,,S12000050,,Emergency Inpatients,,5,,622,1052,1.69131832797428,,614,3073,5.00488599348534,
2018Q3,,S08000032,,S12000050,,Emergency Inpatients,,5,,603,956,1.58540630182421,,589,2605,4.42275042444822,
2018Q4,,S08000032,,S12000050,,Emergency Inpatients,,5,,692,1440,2.08092485549133,,666,3107,4.66516516516517,
2019Q1,,S08000032,,S12000050,,Emergency Inpatients,,5,,721,1534,2.12760055478502,,703,3918,5.57325746799431,
2019Q2,,S08000032,,S12000050,,Emergency Inpatients,,5,,657,1123,1.70928462709285,,644,3862,5.99689440993789,
2019Q3,,S08000032,,S12000050,,Emergency Inpatients,,5,,707,1735,2.45403111739745,,666,3419,5.13363363363363,
2019Q4,,S08000032,,S12000050,,Emergency Inpatients,,5,,751,2252,2.99866844207723,,720,4570,6.34722222222222,
2020Q1,,S08000032,,S12000050,,Emergency Inpatients,,5,,588,1523,2.59013605442177,,583,3494,5.99313893653516,
2020Q2,,S08000032,,S12000050,,Emergency Inpatients,,5,,541,1028,1.90018484288355,,513,2034,3.96491228070175,
2020Q3,,S08000032,,S12000050,,Emergency Inpatients,,5,,616,1558,2.52922077922078,,611,3410,5.5810147299509,
2020Q4,,S08000032,,S12000050,,Emergency Inpatients,,5,,552,1329,2.40760869565217,,532,2770,5.20676691729323,
2021Q1,,S08000032,,S12000050,,Emergency Inpatients,,5,,650,1631,2.50923076923077,,623,3619,5.80898876404494,
2021Q2,,S08000032,,S12000050,,Emergency Inpatients,,5,,662,1260,1.90332326283988,,663,4027,6.07390648567119,
2021Q3,,S08000032,,S12000050,,Emergency Inpatients,,5,,697,1116,1.60114777618364,,674,3328,4.93768545994065,
2021Q4,,S08000032,,S12000050,,Emergency Inpatients,,5,,641,1031,1.60842433697348,,644,3796,5.8944099378882,
2022Q1,,S08000032,,S12000050,,Emergency Inpatients,,5,,639,935,1.46322378716745,,625,3557,5.6912,
2022Q2,,S08000032,,S12000050,,Emergency Inpatients,,5,,687,2276,3.31295487627365,,687,5279,7.68413391557496,
2022Q3,,S08000032,,S12000050,,Emergency Inpatients,,5,,641,1107,1.72698907956318,,624,3690,5.91346153846154,
2022Q4,p,S08000032,,S12000050,,Emergency Inpatients,,5,,653,938,1.4364471669219,,650,3709,5.70615384615385,
2022Q4,p,S08000032,,S12000050,,Emergency Inpatients,,,:,0,0,,z,0,0,,z
2017Q4,,S08000032,,S12000029,,Emergency Inpatients,,1,,2405,6400,2.66112266112266,,2362,15958,6.75613886536833,
2018Q1,,S08000032,,S12000029,,Emergency Inpatients,,1,,2317,5172,2.23219680621493,,2304,16163,7.01519097222222,
2018Q2,,S08000032,,S12000029,,Emergency Inpatients,,1,,2460,4965,2.01829268292683,,2416,14392,5.95695364238411,
2018Q3,,S08000032,,S12000029,,Emergency Inpatients,,1,,2388,5220,2.18592964824121,,2358,15055,6.38464800678541,
2018Q4,,S08000032,,S12000029,,Emergency Inpatients,,1,,2388,4913,2.05737018425461,,2337,15407,6.59264013692769,
2019Q1,,S08000032,,S12000029,,Emergency Inpatients,,1,,2492,5132,2.05939004815409,,2471,15324,6.20153783893161,
2019Q2,,S08000032,,S12000029,,Emergency Inpatients,,1,,2395,4784,1.99749478079332,,2362,14481,6.13082133784928,
2019Q3,,S08000032,,S12000029,,Emergency Inpatients,,1,,2439,4883,2.00205002050021,,2404,15441,6.42304492512479,
2019Q4,,S08000032,,S12000029,,Emergency Inpatients,,1,,2436,5111,2.09811165845649,,2408,17351,7.20556478405316,
2020Q1,,S08000032,,S12000029,,Emergency Inpatients,,1,,2132,4412,2.06941838649156,,2126,16071,7.55926622765757,
2020Q2,,S08000032,,S12000029,,Emergency Inpatients,,1,,1776,3252,1.83108108108108,,1746,11459,6.56300114547537,
2020Q3,,S08000032,,S12000029,,Emergency Inpatients,,1,,2075,4261,2.05349397590361,,2058,13608,6.61224489795918,
2020Q4,,S08000032,,S12000029,,Emergency Inpatients,,1,,1977,4180,2.11431461810824,,1935,13933,7.20051679586563,
2021Q1,,S08000032,,S12000029,,Emergency Inpatients,,1,,1939,4310,2.22279525528623,,1899,13761,7.24644549763033,
2021Q2,,S08000032,,S12000029,,Emergency Inpatients,,1,,2156,4073,1.889146567718,,2144,14584,6.80223880597015,
2021Q3,,S08000032,,S12000029,,Emergency Inpatients,,1,,2139,4182,1.95511921458626,,2113,14754,6.98248935163275,
2021Q4,,S08000032,,S12000029,,Emergency Inpatients,,1,,2093,4616,2.20544672718586,,2067,16924,8.18771165940977,
2022Q1,,S08000032,,S12000029,,Emergency Inpatients,,1,,1924,4351,2.26143451143451,,1905,15718,8.2509186351706,
2022Q2,,S08000032,,S12000029,,Emergency Inpatients,,1,,1952,4442,2.27561475409836,,1913,15945,8.33507579717721,
2022Q3,,S08000032,,S12000029,,Emergency Inpatients,,1,,1932,4746,2.45652173913043,,1929,15512,8.0414722654225,
2022Q4,p,S08000032,,S12000029,,Emergency Inpatients,,1,,2008,5120,2.54980079681275,,1980,16598,8.38282828282828,
2017Q4,,S08000032,,S12000029,,Emergency Inpatients,,2,,2452,6060,2.47145187601958,,2427,15563,6.41244334569427,
2018Q1,,S08000032,,S12000029,,Emergency Inpatients,,2,,2557,5989,2.34219788815018,,2511,16222,6.46037435284747,
2018Q2,,S08000032,,S12000029,,Emergency Inpatients,,2,,2420,4995,2.06404958677686,,2410,15768,6.54273858921162,
2018Q3,,S08000032,,S12000029,,Emergency Inpatients,,2,,2502,5243,2.09552358113509,,2445,14407,5.89243353783231,
2018Q4,,S08000032,,S12000029,,Emergency Inpatients,,2,,2408,5664,2.35215946843854,,2378,15344,6.4524810765349,
2019Q1,,S08000032,,S12000029,,Emergency Inpatients,,2,,2527,5072,2.00712307083498,,2487,14750,5.9308403699236,
2019Q2,,S08000032,,S12000029,,Emergency Inpatients,,2,,2535,5005,1.97435897435897,,2477,14074,5.6818732337505,
2019Q3,,S08000032,,S12000029,,Emergency Inpatients,,2,,2609,5212,1.99770026830203,,2586,15509,5.99729311678268,
2019Q4,,S08000032,,S12000029,,Emergency Inpatients,,2,,2561,5726,2.23584537290121,,2487,16562,6.659429030961,
2020Q1,,S08000032,,S12000029,,Emergency Inpatients,,2,,2094,5069,2.4207258834766,,2134,18005,8.43720712277413,
2020Q2,,S08000032,,S12000029,,Emergency Inpatients,,2,,1801,3333,1.8506385341477,,1738,10891,6.26639815880322,
2020Q3,,S08000032,,S12000029,,Emergency Inpatients,,2,,2281,3949,1.73125822007891,,2245,13322,5.93407572383073,
2020Q4,,S08000032,,S12000029,,Emergency Inpatients,,2,,1973,4143,2.09984794728839,,1977,13805,6.98280222559433,
2021Q1,,S08000032,,S12000029,,Emergency Inpatients,,2,,2084,4923,2.36228406909789,,2027,15092,7.44548593981253,
2021Q2,,S08000032,,S12000029,,Emergency Inpatients,,2,,2411,4949,2.05267523849025,,2393,15200,6.35185959047221,
2021Q3,,S08000032,,S12000029,,Emergency Inpatients,,2,,2290,4626,2.02008733624454,,2259,15847,7.01505090748119,
2021Q4,,S08000032,,S12000029,,Emergency Inpatients,,2,,2149,5075,2.36156351791531,,2126,16509,7.76528692380056,
2022Q1,,S08000032,,S12000029,,Emergency Inpatients,,2,,2088,4714,2.25766283524904,,2041,15229,7.46153846153846,
2022Q2,,S08000032,,S12000029,,Emergency Inpatients,,2,,2220,4890,2.2027027027027,,2203,17562,7.9718565592374,
2022Q3,,S08000032,,S12000029,,Emergency Inpatients,,2,,2225,5459,2.45348314606742,,2203,17277,7.84248751702224,
2022Q4,p,S08000032,,S12000029,,Emergency Inpatients,,2,,2074,5725,2.76036644165863,,2058,16762,8.14480077745384,
2017Q4,,S08000032,,S12000029,,Emergency Inpatients,,3,,1744,4359,2.49942660550459,,1716,10847,6.32109557109557,
2018Q1,,S08000032,,S12000029,,Emergency Inpatients,,3,,1862,4065,2.18313641245972,,1843,11501,6.24036896364623,
2018Q2,,S08000032,,S12000029,,Emergency Inpatients,,3,,1875,4145,2.21066666666667,,1854,11794,6.361380798274,
2018Q3,,S08000032,,S12000029,,Emergency Inpatients,,3,,1723,3756,2.17991874637261,,1692,10532,6.22458628841608,
2018Q4,,S08000032,,S12000029,,Emergency Inpatients,,3,,1899,4227,2.2259083728278,,1856,11119,5.99084051724138,
2019Q1,,S08000032,,S12000029,,Emergency Inpatients,,3,,1876,3892,2.07462686567164,,1870,12538,6.7048128342246,
2019Q2,,S08000032,,S12000029,,Emergency Inpatients,,3,,1876,3510,1.87100213219616,,1838,10790,5.87051142546246,
2019Q3,,S08000032,,S12000029,,Emergency Inpatients,,3,,1863,4176,2.24154589371981,,1849,11823,6.39426717144402,
2019Q4,,S08000032,,S12000029,,Emergency Inpatients,,3,,1928,4137,2.1457468879668,,1890,12335,6.52645502645503,
2020Q1,,S08000032,,S12000029,,Emergency Inpatients,,3,,1704,3952,2.31924882629108,,1707,12494,7.31927357937903,
2020Q2,,S08000032,,S12000029,,Emergency Inpatients,,3,,1391,2596,1.86628324946082,,1326,8494,6.40573152337858,
2020Q3,,S08000032,,S12000029,,Emergency Inpatients,,3,,1674,2783,1.66248506571087,,1656,10010,6.04468599033816,
2020Q4,,S08000032,,S12000029,,Emergency Inpatients,,3,,1573,3573,2.27145581691036,,1545,11449,7.41035598705502,
2021Q1,,S08000032,,S12000029,,Emergency Inpatients,,3,,1541,3817,2.4769630110318,,1527,11355,7.43614931237721,
2021Q2,,S08000032,,S12000029,,Emergency Inpatients,,3,,1710,3568,2.08654970760234,,1664,10803,6.4921875,
2021Q3,,S08000032,,S12000029,,Emergency Inpatients,,3,,1658,3332,2.00965018094089,,1651,11226,6.79951544518474,
2021Q4,,S08000032,,S12000029,,Emergency Inpatients,,3,,1623,3181,1.95995070856439,,1592,11619,7.29836683417085,
2022Q1,,S08000032,,S12000029,,Emergency Inpatients,,3,,1585,3848,2.42776025236593,,1553,13915,8.96007726980039,
2022Q2,,S08000032,,S12000029,,Emergency Inpatients,,3,,1583,3531,2.23057485786481,,1557,12698,8.15542710340398,
2022Q3,,S08000032,,S12000029,,Emergency Inpatients,,3,,1610,4211,2.61552795031056,,1635,14434,8.82813455657492,
2022Q4,p,S08000032,,S12000029,,Emergency Inpatients,,3,,1631,4434,2.71857755977928,,1624,12927,7.95997536945813,
2017Q4,,S08000032,,S12000029,,Emergency Inpatients,,4,,1292,3034,2.34829721362229,,1274,7483,5.87362637362637,
2018Q1,,S08000032,,S12000029,,Emergency Inpatients,,4,,1329,2730,2.05417607223476,,1292,6857,5.30727554179567,
2018Q2,,S08000032,,S12000029,,Emergency Inpatients,,4,,1298,2483,1.91294298921418,,1272,7575,5.95518867924528,
2018Q3,,S08000032,,S12000029,,Emergency Inpatients,,4,,1321,3266,2.47236941710825,,1312,8458,6.44664634146341,
2018Q4,,S08000032,,S12000029,,Emergency Inpatients,,4,,1408,3260,2.31534090909091,,1361,8554,6.28508449669361,
2019Q1,,S08000032,,S12000029,,Emergency Inpatients,,4,,1431,2790,1.9496855345912,,1432,8239,5.75349162011173,
2019Q2,,S08000032,,S12000029,,Emergency Inpatients,,4,,1390,2780,2,,1365,6761,4.95311355311355,
2019Q3,,S08000032,,S12000029,,Emergency Inpatients,,4,,1315,2746,2.08821292775665,,1303,7938,6.09209516500384,
2019Q4,,S08000032,,S12000029,,Emergency Inpatients,,4,,1287,2654,2.06216006216006,,1264,7194,5.69145569620253,
2020Q1,,S08000032,,S12000029,,Emergency Inpatients,,4,,1219,2389,1.95980311730927,,1211,7450,6.15194054500413,
2020Q2,,S08000032,,S12000029,,Emergency Inpatients,,4,,974,1786,1.83367556468172,,947,5592,5.90496304118268,
2020Q3,,S08000032,,S12000029,,Emergency Inpatients,,4,,1264,2388,1.88924050632911,,1243,6555,5.27353177795656,
2020Q4,,S08000032,,S12000029,,Emergency Inpatients,,4,,1122,2518,2.24420677361854,,1094,6842,6.25411334552102,
2021Q1,,S08000032,,S12000029,,Emergency Inpatients,,4,,1116,2537,2.27329749103943,,1102,7805,7.08257713248639,
2021Q2,,S08000032,,S12000029,,Emergency Inpatients,,4,,1296,2461,1.89891975308642,,1283,7329,5.71239282930631,
2021Q3,,S08000032,,S12000029,,Emergency Inpatients,,4,,1221,2152,1.76248976248976,,1183,7200,6.08622147083686,
2021Q4,,S08000032,,S12000029,,Emergency Inpatients,,4,,1201,2853,2.37552039966694,,1206,9104,7.54892205638474,
2022Q1,,S08000032,,S12000029,,Emergency Inpatients,,4,,1182,2450,2.07275803722504,,1158,7332,6.33160621761658,
2022Q2,,S08000032,,S12000029,,Emergency Inpatients,,4,,1209,2738,2.26468155500414,,1192,8696,7.29530201342282,
2022Q3,,S08000032,,S12000029,,Emergency Inpatients,,4,,1214,2757,2.27100494233937,,1187,7916,6.66891322662174,
2022Q4,p,S08000032,,S12000029,,Emergency Inpatients,,4,,1146,2693,2.3499127399651,,1163,9516,8.1822871883061,
2017Q4,,S08000032,,S12000029,,Emergency Inpatients,,5,,949,2234,2.35405690200211,,920,5956,6.47391304347826,
2018Q1,,S08000032,,S12000029,,Emergency Inpatients,,5,,1093,2411,2.20585544373285,,1073,7127,6.64212488350419,
2018Q2,,S08000032,,S12000029,,Emergency Inpatients,,5,,1032,1939,1.87887596899225,,1043,6745,6.46692233940556,
2018Q3,,S08000032,,S12000029,,Emergency Inpatients,,5,,1083,2256,2.08310249307479,,1059,6226,5.87913125590179,
2018Q4,,S08000032,,S12000029,,Emergency Inpatients,,5,,1103,2640,2.39347234814143,,1074,6669,6.20949720670391,
2019Q1,,S08000032,,S12000029,,Emergency Inpatients,,5,,1174,2524,2.14991482112436,,1158,7269,6.27720207253886,
2019Q2,,S08000032,,S12000029,,Emergency Inpatients,,5,,1082,1927,1.78096118299445,,1067,6256,5.86316776007498,
2019Q3,,S08000032,,S12000029,,Emergency Inpatients,,5,,1088,2028,1.86397058823529,,1060,6915,6.52358490566038,
2019Q4,,S08000032,,S12000029,,Emergency Inpatients,,5,,1046,2173,2.0774378585086,,1041,6967,6.6926032660903,
2020Q1,,S08000032,,S12000029,,Emergency Inpatients,,5,,934,2021,2.16381156316917,,946,7634,8.06976744186047,
2020Q2,,S08000032,,S12000029,,Emergency Inpatients,,5,,705,1232,1.74751773049645,,673,4798,7.12927191679049,
2020Q3,,S08000032,,S12000029,,Emergency Inpatients,,5,,927,1530,1.6504854368932,,916,5265,5.74781659388646,
2020Q4,,S08000032,,S12000029,,Emergency Inpatients,,5,,890,2108,2.3685393258427,,877,6782,7.73318129988597,
2021Q1,,S08000032,,S12000029,,Emergency Inpatients,,5,,867,1754,2.02306805074971,,856,5949,6.94976635514019,
2021Q2,,S08000032,,S12000029,,Emergency Inpatients,,5,,970,1693,1.74536082474227,,954,5984,6.27253668763103,
2021Q3,,S08000032,,S12000029,,Emergency Inpatients,,5,,898,2022,2.25167037861915,,878,6379,7.26537585421412,
2021Q4,,S08000032,,S12000029,,Emergency Inpatients,,5,,948,2050,2.16244725738397,,934,7015,7.51070663811563,
2022Q1,,S08000032,,S12000029,,Emergency Inpatients,,5,,911,1945,2.13501646542261,,912,8298,9.09868421052632,
2022Q2,,S08000032,,S12000029,,Emergency Inpatients,,5,,911,2083,2.28649835345774,,909,7931,8.72497249724973,
2022Q3,,S08000032,,S12000029,,Emergency Inpatients,,5,,931,2217,2.3813104189044,,903,6916,7.65891472868217,
2022Q4,p,S08000032,,S12000029,,Emergency Inpatients,,5,,914,2313,2.53063457330416,,929,9459,10.1819160387513,
2017Q4,,S08000024,,S12000010,,Emergency Inpatients,,1,,155,538,3.47096774193548,,149,1873,12.5704697986577,
2018Q1,,S08000024,,S12000010,,Emergency Inpatients,,1,,168,425,2.5297619047619,,177,1543,8.71751412429379,
2018Q2,,S08000024,,S12000010,,Emergency Inpatients,,1,,139,323,2.32374100719424,,135,1037,7.68148148148148,
2018Q3,,S08000024,,S12000010,,Emergency Inpatients,,1,,138,321,2.32608695652174,,143,1254,8.76923076923077,
2018Q4,,S08000024,,S12000010,,Emergency Inpatients,,1,,142,391,2.75352112676056,,133,1018,7.65413533834586,
2019Q1,,S08000024,,S12000010,,Emergency Inpatients,,1,,183,564,3.08196721311475,,186,1421,7.63978494623656,
2019Q2,,S08000024,,S12000010,,Emergency Inpatients,,1,,170,332,1.95294117647059,,174,895,5.14367816091954,
2019Q3,,S08000024,,S12000010,,Emergency Inpatients,,1,,163,499,3.06134969325153,,159,1297,8.15723270440252,
2019Q4,,S08000024,,S12000010,,Emergency Inpatients,,1,,140,342,2.44285714285714,,136,873,6.41911764705882,
2020Q1,,S08000024,,S12000010,,Emergency Inpatients,,1,,132,267,2.02272727272727,,134,1293,9.64925373134328,
2020Q2,,S08000024,,S12000010,,Emergency Inpatients,,1,,122,215,1.76229508196721,,125,725,5.8,
2020Q3,,S08000024,,S12000010,,Emergency Inpatients,,1,,167,359,2.1497005988024,,154,870,5.64935064935065,
2020Q4,,S08000024,,S12000010,,Emergency Inpatients,,1,,114,235,2.06140350877193,,110,1312,11.9272727272727,
2021Q1,,S08000024,,S12000010,,Emergency Inpatients,,1,,149,426,2.85906040268456,,156,1487,9.53205128205128,
2021Q2,,S08000024,,S12000010,,Emergency Inpatients,,1,,135,329,2.4370370370370402,,126,1000,7.93650793650794,
2021Q3,,S08000024,,S12000010,,Emergency Inpatients,,1,,110,242,2.2,,116,1120,9.6551724137931,
2021Q4,,S08000024,,S12000010,,Emergency Inpatients,,1,,136,386,2.83823529411765,,131,1254,9.57251908396947,
2022Q1,,S08000024,,S12000010,,Emergency Inpatients,,1,,129,329,2.55038759689922,,130,1218,9.36923076923077,
2022Q2,,S08000024,,S12000010,,Emergency Inpatients,,1,,123,529,4.30081300813008,,123,1956,15.9024390243902,
2022Q3,,S08000024,,S12000010,,Emergency Inpatients,,1,,134,388,2.8955223880597,,128,1645,12.8515625,
2022Q4,p,S08000024,,S12000010,,Emergency Inpatients,,1,,130,404,3.10769230769231,,139,1759,12.6546762589928,
2017Q4,,S08000024,,S12000010,,Emergency Inpatients,,2,,788,2192,2.78172588832487,,785,8046,10.2496815286624,
2018Q1,,S08000024,,S12000010,,Emergency Inpatients,,2,,780,1779,2.28076923076923,,772,5960,7.72020725388601,
2018Q2,,S08000024,,S12000010,,Emergency Inpatients,,2,,755,2084,2.76026490066225,,750,5973,7.964,
2018Q3,,S08000024,,S12000010,,Emergency Inpatients,,2,,771,2043,2.64980544747082,,765,5340,6.98039215686275,
2018Q4,,S08000024,,S12000010,,Emergency Inpatients,,2,,771,1993,2.58495460440986,,739,6270,8.48443843031123,
2019Q1,,S08000024,,S12000010,,Emergency Inpatients,,2,,749,2068,2.76101468624833,,753,6683,8.87516600265604,
2019Q2,,S08000024,,S12000010,,Emergency Inpatients,,2,,723,1294,1.78976486860304,,728,6271,8.61401098901099,
2019Q3,,S08000024,,S12000010,,Emergency Inpatients,,2,,800,1698,2.1225,,791,5168,6.53350189633375,
2019Q4,,S08000024,,S12000010,,Emergency Inpatients,,2,,712,1843,2.58848314606742,,702,5724,8.15384615384615,
2020Q1,,S08000024,,S12000010,,Emergency Inpatients,,2,,673,1781,2.64635958395245,,662,5806,8.77039274924471,
2020Q2,,S08000024,,S12000010,,Emergency Inpatients,,2,,512,1144,2.234375,,509,4988,9.79960707269155,
2020Q3,,S08000024,,S12000010,,Emergency Inpatients,,2,,652,1364,2.0920245398773,,639,4921,7.70109546165884,
2020Q4,,S08000024,,S12000010,,Emergency Inpatients,,2,,610,1329,2.17868852459016,,596,6762,11.3456375838926,
2021Q1,,S08000024,,S12000010,,Emergency Inpatients,,2,,658,1572,2.38905775075988,,656,6656,10.1463414634146,
2021Q2,,S08000024,,S12000010,,Emergency Inpatients,,2,,717,1541,2.14923291492329,,701,5499,7.84450784593438,
2021Q3,,S08000024,,S12000010,,Emergency Inpatients,,2,,659,1722,2.61305007587253,,669,8274,12.3677130044843,
2021Q4,,S08000024,,S12000010,,Emergency Inpatients,,2,,584,1617,2.76883561643836,,590,5520,9.35593220338983,
2022Q1,,S08000024,,S12000010,,Emergency Inpatients,,2,,553,1426,2.57866184448463,,539,4803,8.91094619666048,
2022Q2,,S08000024,,S12000010,,Emergency Inpatients,,2,,604,1745,2.88907284768212,,588,5666,9.63605442176871,
2022Q3,,S08000024,,S12000010,,Emergency Inpatients,,2,,554,1733,3.12815884476534,,561,6196,11.0445632798574,
2022Q4,p,S08000024,,S12000010,,Emergency Inpatients,,2,,628,2096,3.3375796178344,,614,5932,9.66123778501629,
2017Q4,,S08000024,,S12000010,,Emergency Inpatients,,3,,510,1440,2.82352941176471,,515,6591,12.7980582524272,
2018Q1,,S08000024,,S12000010,,Emergency Inpatients,,3,,511,1508,2.95107632093933,,505,5293,10.4811881188119,
2018Q2,,S08000024,,S12000010,,Emergency Inpatients,,3,,502,1247,2.48406374501992,,499,4890,9.79959919839679,
2018Q3,,S08000024,,S12000010,,Emergency Inpatients,,3,,483,1374,2.84472049689441,,478,4592,9.60669456066946,
2018Q4,,S08000024,,S12000010,,Emergency Inpatients,,3,,454,1210,2.66519823788546,,457,3630,7.94310722100656,
2019Q1,,S08000024,,S12000010,,Emergency Inpatients,,3,,528,1175,2.22537878787879,,516,3720,7.2093023255814,
2019Q2,,S08000024,,S12000010,,Emergency Inpatients,,3,,502,1027,2.04581673306773,,504,5591,11.093253968254,
2019Q3,,S08000024,,S12000010,,Emergency Inpatients,,3,,507,995,1.96252465483235,,497,3076,6.18913480885312,
2019Q4,,S08000024,,S12000010,,Emergency Inpatients,,3,,531,1156,2.17702448210923,,518,4229,8.16409266409266,
2020Q1,,S08000024,,S12000010,,Emergency Inpatients,,3,,455,1336,2.93626373626374,,458,4123,9.00218340611354,
2020Q2,,S08000024,,S12000010,,Emergency Inpatients,,3,,384,883,2.29947916666667,,387,3471,8.96899224806202,
2020Q3,,S08000024,,S12000010,,Emergency Inpatients,,3,,459,1061,2.31154684095861,,439,3156,7.18906605922551,
2020Q4,,S08000024,,S12000010,,Emergency Inpatients,,3,,465,1298,2.79139784946237,,458,3768,8.22707423580786,
2021Q1,,S08000024,,S12000010,,Emergency Inpatients,,3,,455,1116,2.45274725274725,,457,4363,9.54704595185996,
2021Q2,,S08000024,,S12000010,,Emergency Inpatients,,3,,531,1399,2.6346516007533,,515,4281,8.3126213592233,
2021Q3,,S08000024,,S12000010,,Emergency Inpatients,,3,,508,1346,2.6496062992126,,492,4712,9.57723577235772,
2021Q4,,S08000024,,S12000010,,Emergency Inpatients,,3,,442,1147,2.59502262443439,,438,4577,10.4497716894977,
2022Q1,,S08000024,,S12000010,,Emergency Inpatients,,3,,407,1331,3.27027027027027,,397,4077,10.2695214105793,
2022Q2,,S08000024,,S12000010,,Emergency Inpatients,,3,,401,1130,2.81795511221945,,407,5227,12.8427518427518,
2022Q3,,S08000024,,S12000010,,Emergency Inpatients,,3,,439,1727,3.93394077448747,,428,5445,12.7219626168224,
2022Q4,p,S08000024,,S12000010,,Emergency Inpatients,,3,,429,1555,3.62470862470862,,431,5900,13.6890951276102,
2017Q4,,S08000024,,S12000010,,Emergency Inpatients,,4,,426,1135,2.66431924882629,,413,3268,7.91283292978208,
2018Q1,,S08000024,,S12000010,,Emergency Inpatients,,4,,366,1182,3.22950819672131,,366,3284,8.97267759562842,
2018Q2,,S08000024,,S12000010,,Emergency Inpatients,,4,,357,879,2.46218487394958,,366,3079,8.41256830601093,
2018Q3,,S08000024,,S12000010,,Emergency Inpatients,,4,,360,970,2.69444444444444,,358,2320,6.4804469273743,
2018Q4,,S08000024,,S12000010,,Emergency Inpatients,,4,,355,851,2.39718309859155,,343,2096,6.11078717201166,
2019Q1,,S08000024,,S12000010,,Emergency Inpatients,,4,,368,969,2.63315217391304,,368,2402,6.52717391304348,
2019Q2,,S08000024,,S12000010,,Emergency Inpatients,,4,,367,825,2.24795640326975,,367,2442,6.65395095367847,
2019Q3,,S08000024,,S12000010,,Emergency Inpatients,,4,,363,959,2.64187327823691,,357,2914,8.1624649859944,
2019Q4,,S08000024,,S12000010,,Emergency Inpatients,,4,,371,922,2.48517520215633,,358,2423,6.768156424581,
2020Q1,,S08000024,,S12000010,,Emergency Inpatients,,4,,345,809,2.34492753623188,,353,2969,8.41076487252125,
2020Q2,,S08000024,,S12000010,,Emergency Inpatients,,4,,300,667,2.22333333333333,,291,1987,6.82817869415808,
2020Q3,,S08000024,,S12000010,,Emergency Inpatients,,4,,331,699,2.11178247734139,,318,1952,6.13836477987421,
2020Q4,,S08000024,,S12000010,,Emergency Inpatients,,4,,326,755,2.3159509202454,,332,3303,9.94879518072289,
2021Q1,,S08000024,,S12000010,,Emergency Inpatients,,4,,317,701,2.21135646687697,,310,3137,10.1193548387097,
2021Q2,,S08000024,,S12000010,,Emergency Inpatients,,4,,361,842,2.33240997229917,,351,2493,7.1025641025641,
2021Q3,,S08000024,,S12000010,,Emergency Inpatients,,4,,341,782,2.29325513196481,,344,2636,7.66279069767442,
2021Q4,,S08000024,,S12000010,,Emergency Inpatients,,4,,337,979,2.90504451038576,,330,4357,13.2030303030303,
2022Q1,,S08000024,,S12000010,,Emergency Inpatients,,4,,357,902,2.5266106442577,,357,2901,8.12605042016807,
2022Q2,,S08000024,,S12000010,,Emergency Inpatients,,4,,333,1016,3.05105105105105,,331,3941,11.9063444108761,
2022Q3,,S08000024,,S12000010,,Emergency Inpatients,,4,,365,1033,2.83013698630137,,363,3160,8.70523415977961,
2022Q4,p,S08000024,,S12000010,,Emergency Inpatients,,4,,379,1142,3.0131926121372,,379,3546,9.35620052770449,
2017Q4,,S08000024,,S12000010,,Emergency Inpatients,,5,,321,903,2.81308411214953,,316,3251,10.2879746835443,
2018Q1,,S08000024,,S12000010,,Emergency Inpatients,,5,,288,896,3.11111111111111,,292,3282,11.2397260273973,
2018Q2,,S08000024,,S12000010,,Emergency Inpatients,,5,,329,839,2.55015197568389,,325,2558,7.87076923076923,
2018Q3,,S08000024,,S12000010,,Emergency Inpatients,,5,,293,745,2.54266211604096,,291,2599,8.93127147766323,
2018Q4,,S08000024,,S12000010,,Emergency Inpatients,,5,,307,754,2.45602605863192,,292,2320,7.94520547945205,
2019Q1,,S08000024,,S12000010,,Emergency Inpatients,,5,,351,784,2.23361823361823,,355,2758,7.76901408450704,
2019Q2,,S08000024,,S12000010,,Emergency Inpatients,,5,,282,664,2.35460992907801,,274,1988,7.25547445255474,
2019Q3,,S08000024,,S12000010,,Emergency Inpatients,,5,,316,792,2.50632911392405,,306,2297,7.50653594771242,
2019Q4,,S08000024,,S12000010,,Emergency Inpatients,,5,,297,608,2.04713804713805,,299,3606,12.0602006688963,
2020Q1,,S08000024,,S12000010,,Emergency Inpatients,,5,,293,665,2.26962457337884,,288,2331,8.09375,
2020Q2,,S08000024,,S12000010,,Emergency Inpatients,,5,,233,424,1.81974248927039,,226,1530,6.76991150442478,
2020Q3,,S08000024,,S12000010,,Emergency Inpatients,,5,,324,744,2.2962962962963,,315,2463,7.81904761904762,
2020Q4,,S08000024,,S12000010,,Emergency Inpatients,,5,,263,628,2.38783269961977,,256,2824,11.03125,
2021Q1,,S08000024,,S12000010,,Emergency Inpatients,,5,,267,711,2.66292134831461,,262,3485,13.3015267175573,
2021Q2,,S08000024,,S12000010,,Emergency Inpatients,,5,,300,700,2.33333333333333,,289,2553,8.83391003460208,
2021Q3,,S08000024,,S12000010,,Emergency Inpatients,,5,,256,635,2.48046875,,250,2714,10.856,
2021Q4,,S08000024,,S12000010,,Emergency Inpatients,,5,,258,711,2.75581395348837,,264,2660,10.0757575757576,
2022Q1,,S08000024,,S12000010,,Emergency Inpatients,,5,,248,706,2.84677419354839,,237,2497,10.535864978903,
2022Q2,,S08000024,,S12000010,,Emergency Inpatients,,5,,259,823,3.17760617760618,,253,4502,17.7944664031621,
2022Q3,,S08000024,,S12000010,,Emergency Inpatients,,5,,239,703,2.94142259414226,,243,3474,14.2962962962963,
2022Q4,p,S08000024,,S12000010,,Emergency Inpatients,,5,,275,1066,3.87636363636364,,271,3471,12.8081180811808,
2022Q4,p,S08000024,,S12000010,,Emergency Inpatients,,,:,5,18,3.6,,5,32,6.4,
2017Q4,,S08000024,,S12000036,,Emergency Inpatients,,1,,1708,4542,2.65925058548009,,1682,12911,7.67598097502973,
2018Q1,,S08000024,,S12000036,,Emergency Inpatients,,1,,1589,4882,3.07237256135935,,1568,11578,7.38392857142857,
2018Q2,,S08000024,,S12000036,,Emergency Inpatients,,1,,1650,4606,2.79151515151515,,1626,13594,8.36039360393604,
2018Q3,,S08000024,,S12000036,,Emergency Inpatients,,1,,1659,4805,2.8963230861965,,1645,13877,8.43586626139818,
2018Q4,,S08000024,,S12000036,,Emergency Inpatients,,1,,1599,3853,2.40963101938712,,1595,13588,8.51912225705329,
2019Q1,,S08000024,,S12000036,,Emergency Inpatients,,1,,1729,4364,2.524002313476,,1692,13600,8.03782505910165,
2019Q2,,S08000024,,S12000036,,Emergency Inpatients,,1,,1776,4521,2.54560810810811,,1763,15521,8.80374361883154,
2019Q3,,S08000024,,S12000036,,Emergency Inpatients,,1,,1766,3628,2.05436013590034,,1761,13540,7.68881317433277,
2019Q4,,S08000024,,S12000036,,Emergency Inpatients,,1,,1665,3814,2.29069069069069,,1657,12491,7.53832226916113,
2020Q1,,S08000024,,S12000036,,Emergency Inpatients,,1,,1446,3760,2.60027662517289,,1438,14065,9.78094575799722,
2020Q2,,S08000024,,S12000036,,Emergency Inpatients,,1,,1369,2883,2.10591672753835,,1362,9879,7.25330396475771,
2020Q3,,S08000024,,S12000036,,Emergency Inpatients,,1,,1596,3394,2.1265664160401,,1577,11012,6.98287888395688,
2020Q4,,S08000024,,S12000036,,Emergency Inpatients,,1,,1499,3595,2.39826551034023,,1462,11030,7.54445964432285,
2021Q1,,S08000024,,S12000036,,Emergency Inpatients,,1,,1419,3626,2.5553206483439,,1422,13263,9.32700421940928,
2021Q2,,S08000024,,S12000036,,Emergency Inpatients,,1,,1577,3787,2.40139505389981,,1550,11999,7.74129032258065,
2021Q3,,S08000024,,S12000036,,Emergency Inpatients,,1,,1421,3476,2.44616467276566,,1409,10520,7.46628814762243,
2021Q4,,S08000024,,S12000036,,Emergency Inpatients,,1,,1276,3600,2.82131661442006,,1257,13116,10.4343675417661,
2022Q1,,S08000024,,S12000036,,Emergency Inpatients,,1,,1176,3227,2.74404761904762,,1199,12321,10.2760633861551,
2022Q2,,S08000024,,S12000036,,Emergency Inpatients,,1,,1258,3477,2.76391096979332,,1233,10287,8.34306569343066,
2022Q3,,S08000024,,S12000036,,Emergency Inpatients,,1,,1231,3962,3.21852152721365,,1217,10950,8.9975349219392,
2022Q4,p,S08000024,,S12000036,,Emergency Inpatients,,1,,1169,3902,3.33789563729683,,1170,12743,10.891452991453,
2017Q4,,S08000024,,S12000036,,Emergency Inpatients,,2,,1786,5070,2.83874580067189,,1753,14911,8.50598973188819,
2018Q1,,S08000024,,S12000036,,Emergency Inpatients,,2,,1665,5630,3.38138138138138,,1655,16311,9.85558912386707,
2018Q2,,S08000024,,S12000036,,Emergency Inpatients,,2,,1683,5524,3.28223410576352,,1692,15518,9.17139479905437,
2018Q3,,S08000024,,S12000036,,Emergency Inpatients,,2,,1648,5380,3.26456310679612,,1630,15627,9.58711656441718,
2018Q4,,S08000024,,S12000036,,Emergency Inpatients,,2,,1788,5086,2.84451901565996,,1778,17792,10.0067491563555,
2019Q1,,S08000024,,S12000036,,Emergency Inpatients,,2,,1760,5110,2.90340909090909,,1728,16226,9.3900462962963,
2019Q2,,S08000024,,S12000036,,Emergency Inpatients,,2,,1900,4104,2.16,,1882,16386,8.7066950053135,
2019Q3,,S08000024,,S12000036,,Emergency Inpatients,,2,,1867,4254,2.2785216925549,,1867,16516,8.84627745045528,
2019Q4,,S08000024,,S12000036,,Emergency Inpatients,,2,,1731,4584,2.64818024263432,,1728,16167,9.35590277777778,
2020Q1,,S08000024,,S12000036,,Emergency Inpatients,,2,,1622,4593,2.83168927250308,,1630,16821,10.3196319018405,
2020Q2,,S08000024,,S12000036,,Emergency Inpatients,,2,,1389,3205,2.30741540676746,,1358,10966,8.07511045655376,
2020Q3,,S08000024,,S12000036,,Emergency Inpatients,,2,,1672,3858,2.30741626794258,,1646,13274,8.06439854191981,
2020Q4,,S08000024,,S12000036,,Emergency Inpatients,,2,,1541,4191,2.71966255678131,,1530,14828,9.69150326797386,
2021Q1,,S08000024,,S12000036,,Emergency Inpatients,,2,,1475,3787,2.56745762711864,,1490,13282,8.91409395973154,
2021Q2,,S08000024,,S12000036,,Emergency Inpatients,,2,,1631,4169,2.55610055180871,,1586,12040,7.59142496847415,
2021Q3,,S08000024,,S12000036,,Emergency Inpatients,,2,,1517,4025,2.65326301911668,,1509,14286,9.46719681908549,
2021Q4,,S08000024,,S12000036,,Emergency Inpatients,,2,,1413,4299,3.04246284501062,,1404,13828,9.84900284900285,
2022Q1,,S08000024,,S12000036,,Emergency Inpatients,,2,,1309,4268,3.26050420168067,,1308,14698,11.237003058104,
2022Q2,,S08000024,,S12000036,,Emergency Inpatients,,2,,1371,3927,2.86433260393873,,1356,12930,9.5353982300885,
2022Q3,,S08000024,,S12000036,,Emergency Inpatients,,2,,1299,4079,3.1401077752117,,1310,14496,11.0656488549618,
2022Q4,p,S08000024,,S12000036,,Emergency Inpatients,,2,,1317,4208,3.19514047076689,,1318,13815,10.4817905918058,
2017Q4,,S08000024,,S12000036,,Emergency Inpatients,,3,,1198,3180,2.65442404006678,,1186,10574,8.91568296795953,
2018Q1,,S08000024,,S12000036,,Emergency Inpatients,,3,,1207,3557,2.94697597348799,,1205,9936,8.24564315352697,
2018Q2,,S08000024,,S12000036,,Emergency Inpatients,,3,,1125,3483,3.096,,1110,10193,9.18288288288288,
2018Q3,,S08000024,,S12000036,,Emergency Inpatients,,3,,1103,4287,3.88667271078876,,1083,10010,9.24284395198523,
2018Q4,,S08000024,,S12000036,,Emergency Inpatients,,3,,1232,3028,2.45779220779221,,1237,12381,10.0088924818108,
2019Q1,,S08000024,,S12000036,,Emergency Inpatients,,3,,1204,2820,2.3421926910299,,1189,10296,8.65937762825904,
2019Q2,,S08000024,,S12000036,,Emergency Inpatients,,3,,1250,2957,2.3656,,1244,9986,8.02733118971061,
2019Q3,,S08000024,,S12000036,,Emergency Inpatients,,3,,1141,2647,2.31989482909728,,1140,9237,8.10263157894737,
2019Q4,,S08000024,,S12000036,,Emergency Inpatients,,3,,1213,3132,2.58202802967848,,1187,8587,7.23420387531592,
2020Q1,,S08000024,,S12000036,,Emergency Inpatients,,3,,1044,2608,2.49808429118774,,1070,9754,9.11588785046729,
2020Q2,,S08000024,,S12000036,,Emergency Inpatients,,3,,916,1891,2.06441048034934,,897,7605,8.47826086956522,
2020Q3,,S08000024,,S12000036,,Emergency Inpatients,,3,,1094,2216,2.02559414990859,,1083,7468,6.89566020313943,
2020Q4,,S08000024,,S12000036,,Emergency Inpatients,,3,,1025,2497,2.43609756097561,,1010,8078,7.9980198019802,
2021Q1,,S08000024,,S12000036,,Emergency Inpatients,,3,,1005,2428,2.41592039800995,,999,8516,8.52452452452452,
2021Q2,,S08000024,,S12000036,,Emergency Inpatients,,3,,1097,2782,2.53600729261623,,1090,9642,8.84587155963303,
2021Q3,,S08000024,,S12000036,,Emergency Inpatients,,3,,953,2434,2.55403987408185,,932,7979,8.56115879828326,
2021Q4,,S08000024,,S12000036,,Emergency Inpatients,,3,,965,2808,2.90984455958549,,962,9836,10.2245322245322,
2022Q1,,S08000024,,S12000036,,Emergency Inpatients,,3,,914,2713,2.96827133479212,,906,8902,9.82560706401766,
2022Q2,,S08000024,,S12000036,,Emergency Inpatients,,3,,819,2425,2.96092796092796,,813,8219,10.1094710947109,
2022Q3,,S08000024,,S12000036,,Emergency Inpatients,,3,,826,2881,3.48789346246973,,821,8774,10.6869671132765,
2022Q4,p,S08000024,,S12000036,,Emergency Inpatients,,3,,898,2838,3.16035634743875,,893,9734,10.9003359462486,
2017Q4,,S08000024,,S12000036,,Emergency Inpatients,,4,,1377,3750,2.72331154684096,,1349,11037,8.18161601186064,
2018Q1,,S08000024,,S12000036,,Emergency Inpatients,,4,,1369,4297,3.13878743608473,,1372,12686,9.2463556851312,
2018Q2,,S08000024,,S12000036,,Emergency Inpatients,,4,,1366,4437,3.24816983894583,,1340,12538,9.35671641791045,
2018Q3,,S08000024,,S12000036,,Emergency Inpatients,,4,,1402,4204,2.99857346647646,,1386,12265,8.84920634920635,
2018Q4,,S08000024,,S12000036,,Emergency Inpatients,,4,,1545,4358,2.82071197411003,,1523,13597,8.92777413000657,
2019Q1,,S08000024,,S12000036,,Emergency Inpatients,,4,,1413,3956,2.7997169143666,,1418,13779,9.71720733427362,
2019Q2,,S08000024,,S12000036,,Emergency Inpatients,,4,,1442,3645,2.52773925104022,,1422,12748,8.9648382559775,
2019Q3,,S08000024,,S12000036,,Emergency Inpatients,,4,,1554,3820,2.45817245817246,,1539,12981,8.43469785575049,
2019Q4,,S08000024,,S12000036,,Emergency Inpatients,,4,,1458,3717,2.54938271604938,,1452,13989,9.63429752066116,
2020Q1,,S08000024,,S12000036,,Emergency Inpatients,,4,,1320,3434,2.60151515151515,,1339,13724,10.2494398805078,
2020Q2,,S08000024,,S12000036,,Emergency Inpatients,,4,,1142,2545,2.22854640980736,,1125,8758,7.78488888888889,
2020Q3,,S08000024,,S12000036,,Emergency Inpatients,,4,,1328,2960,2.2289156626506,,1299,9864,7.59353348729792,
2020Q4,,S08000024,,S12000036,,Emergency Inpatients,,4,,1286,2979,2.31648522550544,,1274,10380,8.14756671899529,
2021Q1,,S08000024,,S12000036,,Emergency Inpatients,,4,,1191,3265,2.74139378673384,,1184,10550,8.91047297297297,
2021Q2,,S08000024,,S12000036,,Emergency Inpatients,,4,,1349,3579,2.65307635285397,,1336,10804,8.08682634730539,
2021Q3,,S08000024,,S12000036,,Emergency Inpatients,,4,,1310,3994,3.04885496183206,,1294,11449,8.84775888717156,
2021Q4,,S08000024,,S12000036,,Emergency Inpatients,,4,,1221,3674,3.00900900900901,,1212,11719,9.66914191419142,
2022Q1,,S08000024,,S12000036,,Emergency Inpatients,,4,,1106,3405,3.07866184448463,,1109,12143,10.9495040577096,
2022Q2,,S08000024,,S12000036,,Emergency Inpatients,,4,,1155,3808,3.2969696969697,,1150,11833,10.2895652173913,
2022Q3,,S08000024,,S12000036,,Emergency Inpatients,,4,,1130,3745,3.3141592920354,,1109,11121,10.0279531109107,
2022Q4,p,S08000024,,S12000036,,Emergency Inpatients,,4,,1182,3799,3.21404399323181,,1190,12748,10.7126050420168,
2017Q4,,S08000024,,S12000036,,Emergency Inpatients,,5,,3235,10579,3.27017001545595,,3173,30527,9.62086353608572,
2018Q1,,S08000024,,S12000036,,Emergency Inpatients,,5,,3046,10199,3.34832567301379,,3048,32139,10.5442913385827,
2018Q2,,S08000024,,S12000036,,Emergency Inpatients,,5,,2946,9081,3.08248472505092,,2954,30851,10.4438050101557,
2018Q3,,S08000024,,S12000036,,Emergency Inpatients,,5,,3027,10219,3.37594978526594,,2981,30084,10.0919154646092,
2018Q4,,S08000024,,S12000036,,Emergency Inpatients,,5,,3285,10930,3.32724505327245,,3238,32010,9.88573193329216,
2019Q1,,S08000024,,S12000036,,Emergency Inpatients,,5,,3045,8175,2.68472906403941,,3049,30850,10.1180714988521,
2019Q2,,S08000024,,S12000036,,Emergency Inpatients,,5,,3113,7305,2.34661098618696,,3069,26840,8.74551971326165,
2019Q3,,S08000024,,S12000036,,Emergency Inpatients,,5,,3118,7151,2.29345734445157,,3077,25728,8.3613909652258709,
2019Q4,,S08000024,,S12000036,,Emergency Inpatients,,5,,3121,7508,2.4056392181993,,3077,30067,9.77153071173221,
2020Q1,,S08000024,,S12000036,,Emergency Inpatients,,5,,2798,7557,2.70085775553967,,2851,30989,10.8695194668537,
2020Q2,,S08000024,,S12000036,,Emergency Inpatients,,5,,2264,5393,2.38206713780919,,2230,20915,9.37892376681614,
2020Q3,,S08000024,,S12000036,,Emergency Inpatients,,5,,2844,6759,2.37658227848101,,2795,21061,7.53524150268336,
2020Q4,,S08000024,,S12000036,,Emergency Inpatients,,5,,2733,6815,2.49359678009513,,2691,24631,9.15310293571163,
2021Q1,,S08000024,,S12000036,,Emergency Inpatients,,5,,2629,7255,2.75960441232408,,2612,25917,9.92228177641654,
2021Q2,,S08000024,,S12000036,,Emergency Inpatients,,5,,2781,7774,2.79539733908666,,2714,25378,9.35077376565954,
2021Q3,,S08000024,,S12000036,,Emergency Inpatients,,5,,2651,7125,2.68766503206337,,2658,26577,9.99887133182844,
2021Q4,,S08000024,,S12000036,,Emergency Inpatients,,5,,2511,7343,2.92433293508562,,2489,26702,10.7280032141422,
2022Q1,,S08000024,,S12000036,,Emergency Inpatients,,5,,2534,8385,3.30899763220205,,2491,27087,10.8739462063428,
2022Q2,,S08000024,,S12000036,,Emergency Inpatients,,5,,2450,9002,3.67428571428571,,2430,29579,12.1724279835391,
2022Q3,,S08000024,,S12000036,,Emergency Inpatients,,5,,2510,8692,3.46294820717131,,2480,29534,11.9088709677419,
2022Q4,p,S08000024,,S12000036,,Emergency Inpatients,,5,,2513,8583,3.41543971348985,,2504,28175,11.2519968051118,
2022Q4,p,S08000024,,S12000036,,Emergency Inpatients,,,:,0,0,,z,0,20,,z
2017Q4,,S08000024,,S12000019,,Emergency Inpatients,,1,,240,569,2.37083333333333,,233,1019,4.37339055793991,
2018Q1,,S08000024,,S12000019,,Emergency Inpatients,,1,,259,592,2.28571428571429,,254,1638,6.4488188976378,
2018Q2,,S08000024,,S12000019,,Emergency Inpatients,,1,,243,681,2.80246913580247,,235,1589,6.76170212765957,
2018Q3,,S08000024,,S12000019,,Emergency Inpatients,,1,,240,708,2.95,,248,2432,9.80645161290323,
2018Q4,,S08000024,,S12000019,,Emergency Inpatients,,1,,233,665,2.85407725321888,,222,1637,7.37387387387387,
2019Q1,,S08000024,,S12000019,,Emergency Inpatients,,1,,255,725,2.84313725490196,,256,1890,7.3828125,
2019Q2,,S08000024,,S12000019,,Emergency Inpatients,,1,,254,563,2.21653543307087,,256,1710,6.6796875,
2019Q3,,S08000024,,S12000019,,Emergency Inpatients,,1,,246,507,2.0609756097561,,240,1149,4.7875,
2019Q4,,S08000024,,S12000019,,Emergency Inpatients,,1,,230,480,2.08695652173913,,236,2313,9.80084745762712,
2020Q1,,S08000024,,S12000019,,Emergency Inpatients,,1,,180,592,3.28888888888889,,183,1902,10.3934426229508,
2020Q2,,S08000024,,S12000019,,Emergency Inpatients,,1,,156,348,2.23076923076923,,151,723,4.78807947019868,
2020Q3,,S08000024,,S12000019,,Emergency Inpatients,,1,,200,394,1.97,,200,1286,6.43,
2020Q4,,S08000024,,S12000019,,Emergency Inpatients,,1,,167,282,1.68862275449102,,163,1227,7.52760736196319,
2021Q1,,S08000024,,S12000019,,Emergency Inpatients,,1,,181,349,1.92817679558011,,169,1377,8.14792899408284,
2021Q2,,S08000024,,S12000019,,Emergency Inpatients,,1,,198,420,2.12121212121212,,210,1537,7.31904761904762,
2021Q3,,S08000024,,S12000019,,Emergency Inpatients,,1,,196,605,3.08673469387755,,191,1590,8.32460732984293,
2021Q4,,S08000024,,S12000019,,Emergency Inpatients,,1,,153,435,2.84313725490196,,154,1357,8.81168831168831,
2022Q1,,S08000024,,S12000019,,Emergency Inpatients,,1,,192,651,3.390625,,186,1367,7.3494623655914,
2022Q2,,S08000024,,S12000019,,Emergency Inpatients,,1,,160,427,2.66875,,160,1494,9.3375,
2022Q3,,S08000024,,S12000019,,Emergency Inpatients,,1,,144,448,3.11111111111111,,142,1517,10.6830985915493,
2022Q4,p,S08000024,,S12000019,,Emergency Inpatients,,1,,202,709,3.50990099009901,,189,1385,7.32804232804233,
2017Q4,,S08000024,,S12000019,,Emergency Inpatients,,2,,824,2345,2.84587378640777,,802,5891,7.34538653366584,
2018Q1,,S08000024,,S12000019,,Emergency Inpatients,,2,,849,2319,2.73144876325088,,850,7012,8.24941176470588,
2018Q2,,S08000024,,S12000019,,Emergency Inpatients,,2,,780,2235,2.86538461538462,,784,6242,7.96173469387755,
2018Q3,,S08000024,,S12000019,,Emergency Inpatients,,2,,722,2132,2.95290858725762,,712,5401,7.58567415730337,
2018Q4,,S08000024,,S12000019,,Emergency Inpatients,,2,,841,2198,2.61355529131986,,823,6316,7.67436208991495,
2019Q1,,S08000024,,S12000019,,Emergency Inpatients,,2,,827,2141,2.58887545344619,,823,6596,8.01458080194411,
2019Q2,,S08000024,,S12000019,,Emergency Inpatients,,2,,867,1895,2.18569780853518,,870,6541,7.5183908045977,
2019Q3,,S08000024,,S12000019,,Emergency Inpatients,,2,,800,1771,2.21375,,804,5150,6.40547263681592,
2019Q4,,S08000024,,S12000019,,Emergency Inpatients,,2,,772,1859,2.4080310880829,,762,5355,7.02755905511811,
2020Q1,,S08000024,,S12000019,,Emergency Inpatients,,2,,720,1888,2.62222222222222,,720,5960,8.27777777777778,
2020Q2,,S08000024,,S12000019,,Emergency Inpatients,,2,,603,1526,2.53067993366501,,586,4414,7.53242320819113,
2020Q3,,S08000024,,S12000019,,Emergency Inpatients,,2,,705,1551,2.2,,694,5142,7.40922190201729,
2020Q4,,S08000024,,S12000019,,Emergency Inpatients,,2,,676,1840,2.72189349112426,,683,5936,8.69106881405564,
2021Q1,,S08000024,,S12000019,,Emergency Inpatients,,2,,681,1788,2.62555066079295,,686,5249,7.65160349854227,
2021Q2,,S08000024,,S12000019,,Emergency Inpatients,,2,,758,1799,2.37335092348285,,738,5213,7.06368563685637,
2021Q3,,S08000024,,S12000019,,Emergency Inpatients,,2,,668,1660,2.48502994011976,,660,4969,7.52878787878788,
2021Q4,,S08000024,,S12000019,,Emergency Inpatients,,2,,621,1730,2.78582930756844,,623,4825,7.74478330658106,
2022Q1,,S08000024,,S12000019,,Emergency Inpatients,,2,,593,1809,3.05059021922428,,582,4644,7.97938144329897,
2022Q2,,S08000024,,S12000019,,Emergency Inpatients,,2,,575,1787,3.10782608695652,,579,5161,8.91364421416235,
2022Q3,,S08000024,,S12000019,,Emergency Inpatients,,2,,595,1992,3.34789915966387,,576,5353,9.29340277777778,
2022Q4,p,S08000024,,S12000019,,Emergency Inpatients,,2,,638,1942,3.04388714733542,,651,6912,10.6175115207373,
2017Q4,,S08000024,,S12000019,,Emergency Inpatients,,3,,484,1777,3.67148760330579,,482,4334,8.99170124481328,
2018Q1,,S08000024,,S12000019,,Emergency Inpatients,,3,,480,1172,2.44166666666667,,477,3122,6.54507337526205,
2018Q2,,S08000024,,S12000019,,Emergency Inpatients,,3,,455,1343,2.95164835164835,,460,3773,8.20217391304348,
2018Q3,,S08000024,,S12000019,,Emergency Inpatients,,3,,465,1064,2.28817204301075,,470,3472,7.38723404255319,
2018Q4,,S08000024,,S12000019,,Emergency Inpatients,,3,,480,1075,2.23958333333333,,469,3070,6.54584221748401,
2019Q1,,S08000024,,S12000019,,Emergency Inpatients,,3,,460,1177,2.55869565217391,,453,2753,6.07726269315673,
2019Q2,,S08000024,,S12000019,,Emergency Inpatients,,3,,483,1065,2.20496894409938,,474,3767,7.94725738396625,
2019Q3,,S08000024,,S12000019,,Emergency Inpatients,,3,,490,1210,2.46938775510204,,489,3542,7.24335378323108,
2019Q4,,S08000024,,S12000019,,Emergency Inpatients,,3,,491,1265,2.57637474541752,,493,3207,6.50507099391481,
2020Q1,,S08000024,,S12000019,,Emergency Inpatients,,3,,433,1082,2.49884526558891,,440,3969,9.02045454545454,
2020Q2,,S08000024,,S12000019,,Emergency Inpatients,,3,,335,938,2.8,,322,2203,6.8416149068323,
2020Q3,,S08000024,,S12000019,,Emergency Inpatients,,3,,390,862,2.21025641025641,,393,3046,7.75063613231552,
2020Q4,,S08000024,,S12000019,,Emergency Inpatients,,3,,438,1030,2.35159817351598,,417,3357,8.05035971223022,
2021Q1,,S08000024,,S12000019,,Emergency Inpatients,,3,,418,1030,2.46411483253589,,420,3471,8.26428571428571,
2021Q2,,S08000024,,S12000019,,Emergency Inpatients,,3,,423,959,2.26713947990544,,427,3473,8.13348946135831,
2021Q3,,S08000024,,S12000019,,Emergency Inpatients,,3,,416,788,1.89423076923077,,412,2936,7.12621359223301,
2021Q4,,S08000024,,S12000019,,Emergency Inpatients,,3,,385,1234,3.2051948051948,,384,3204,8.34375,
2022Q1,,S08000024,,S12000019,,Emergency Inpatients,,3,,367,1162,3.16621253405995,,362,3064,8.46408839779006,
2022Q2,,S08000024,,S12000019,,Emergency Inpatients,,3,,346,1065,3.07803468208092,,339,3063,9.0353982300885,
2022Q3,,S08000024,,S12000019,,Emergency Inpatients,,3,,353,1255,3.55524079320113,,352,3375,9.58806818181818,
2022Q4,p,S08000024,,S12000019,,Emergency Inpatients,,3,,400,1389,3.4725,,397,3712,9.35012594458438,
2017Q4,,S08000024,,S12000019,,Emergency Inpatients,,4,,284,998,3.51408450704225,,286,2283,7.98251748251748,
2018Q1,,S08000024,,S12000019,,Emergency Inpatients,,4,,294,876,2.97959183673469,,295,2804,9.50508474576271,
2018Q2,,S08000024,,S12000019,,Emergency Inpatients,,4,,306,1070,3.49673202614379,,293,2287,7.80546075085324,
2018Q3,,S08000024,,S12000019,,Emergency Inpatients,,4,,301,818,2.71760797342193,,305,2213,7.25573770491803,
2018Q4,,S08000024,,S12000019,,Emergency Inpatients,,4,,310,889,2.86774193548387,,301,1989,6.60797342192691,
2019Q1,,S08000024,,S12000019,,Emergency Inpatients,,4,,302,652,2.15894039735099,,304,1987,6.53618421052632,
2019Q2,,S08000024,,S12000019,,Emergency Inpatients,,4,,299,752,2.51505016722408,,304,2198,7.23026315789474,
2019Q3,,S08000024,,S12000019,,Emergency Inpatients,,4,,332,571,1.71987951807229,,320,2377,7.428125,
2019Q4,,S08000024,,S12000019,,Emergency Inpatients,,4,,296,644,2.17567567567568,,307,2111,6.87622149837134,
2020Q1,,S08000024,,S12000019,,Emergency Inpatients,,4,,300,734,2.44666666666667,,301,2526,8.39202657807309,
2020Q2,,S08000024,,S12000019,,Emergency Inpatients,,4,,255,688,2.69803921568627,,246,1788,7.26829268292683,
2020Q3,,S08000024,,S12000019,,Emergency Inpatients,,4,,268,607,2.26492537313433,,271,1973,7.28044280442804,
2020Q4,,S08000024,,S12000019,,Emergency Inpatients,,4,,274,658,2.4014598540146,,264,2306,8.73484848484848,
2021Q1,,S08000024,,S12000019,,Emergency Inpatients,,4,,260,1016,3.90769230769231,,253,2346,9.27272727272727,
2021Q2,,S08000024,,S12000019,,Emergency Inpatients,,4,,294,648,2.20408163265306,,287,1931,6.72822299651568,
2021Q3,,S08000024,,S12000019,,Emergency Inpatients,,4,,297,826,2.78114478114478,,302,2331,7.71854304635762,
2021Q4,,S08000024,,S12000019,,Emergency Inpatients,,4,,282,929,3.29432624113475,,281,2230,7.93594306049822,
2022Q1,,S08000024,,S12000019,,Emergency Inpatients,,4,,256,950,3.7109375,,261,2245,8.60153256704981,
2022Q2,,S08000024,,S12000019,,Emergency Inpatients,,4,,230,902,3.92173913043478,,224,1958,8.74107142857143,
2022Q3,,S08000024,,S12000019,,Emergency Inpatients,,4,,258,897,3.47674418604651,,255,2027,7.94901960784314,
2022Q4,p,S08000024,,S12000019,,Emergency Inpatients,,4,,260,846,3.25384615384615,,259,1944,7.50579150579151,
2017Q4,,S08000024,,S12000019,,Emergency Inpatients,,5,,212,670,3.16037735849057,,212,1714,8.08490566037736,
2018Q1,,S08000024,,S12000019,,Emergency Inpatients,,5,,172,549,3.19186046511628,,175,1514,8.65142857142857,
2018Q2,,S08000024,,S12000019,,Emergency Inpatients,,5,,173,517,2.98843930635838,,170,1204,7.08235294117647,
2018Q3,,S08000024,,S12000019,,Emergency Inpatients,,5,,180,584,3.24444444444444,,176,1402,7.96590909090909,
2018Q4,,S08000024,,S12000019,,Emergency Inpatients,,5,,205,548,2.67317073170732,,201,1506,7.49253731343284,
2019Q1,,S08000024,,S12000019,,Emergency Inpatients,,5,,164,549,3.34756097560976,,168,1138,6.77380952380952,
2019Q2,,S08000024,,S12000019,,Emergency Inpatients,,5,,216,488,2.25925925925926,,210,1508,7.18095238095238,
2019Q3,,S08000024,,S12000019,,Emergency Inpatients,,5,,219,405,1.84931506849315,,222,1496,6.73873873873874,
2019Q4,,S08000024,,S12000019,,Emergency Inpatients,,5,,217,425,1.95852534562212,,214,1290,6.02803738317757,
2020Q1,,S08000024,,S12000019,,Emergency Inpatients,,5,,167,665,3.98203592814371,,168,1442,8.58333333333333,
2020Q2,,S08000024,,S12000019,,Emergency Inpatients,,5,,136,339,2.49264705882353,,129,1283,9.94573643410853,
2020Q3,,S08000024,,S12000019,,Emergency Inpatients,,5,,156,341,2.18589743589744,,161,1244,7.72670807453416,
2020Q4,,S08000024,,S12000019,,Emergency Inpatients,,5,,165,477,2.89090909090909,,160,983,6.14375,
2021Q1,,S08000024,,S12000019,,Emergency Inpatients,,5,,206,669,3.24757281553398,,204,1424,6.98039215686275,
2021Q2,,S08000024,,S12000019,,Emergency Inpatients,,5,,217,567,2.61290322580645,,217,1508,6.94930875576037,
2021Q3,,S08000024,,S12000019,,Emergency Inpatients,,5,,166,422,2.5421686746988,,164,1137,6.93292682926829,
2021Q4,,S08000024,,S12000019,,Emergency Inpatients,,5,,152,526,3.46052631578947,,148,1196,8.08108108108108,
2022Q1,,S08000024,,S12000019,,Emergency Inpatients,,5,,151,455,3.01324503311258,,156,1328,8.51282051282051,
2022Q2,,S08000024,,S12000019,,Emergency Inpatients,,5,,150,472,3.14666666666667,,147,1317,8.95918367346939,
2022Q3,,S08000024,,S12000019,,Emergency Inpatients,,5,,147,420,2.85714285714286,,147,891,6.06122448979592,
2022Q4,p,S08000024,,S12000019,,Emergency Inpatients,,5,,177,661,3.73446327683616,,168,1316,7.83333333333333,
2022Q4,p,S08000024,,S12000019,,Emergency Inpatients,,,:,5,5,1,,5,6,1.2,
2017Q4,,S08000024,,S08000024,d,Emergency Inpatients,,1,,2807,7741,2.75774848592804,,2758,20531,7.44416243654822,
2018Q1,,S08000024,,S08000024,d,Emergency Inpatients,,1,,2743,7999,2.91615020051039,,2715,19450,7.16390423572744,
2018Q2,,S08000024,,S08000024,d,Emergency Inpatients,,1,,2701,7708,2.8537578674565,,2664,21302,7.99624624624625,
2018Q3,,S08000024,,S08000024,d,Emergency Inpatients,,1,,2760,7731,2.80108695652174,,2731,21711,7.94983522519224,
2018Q4,,S08000024,,S08000024,d,Emergency Inpatients,,1,,2759,7382,2.6756071040232,,2732,21882,8.0095168374817,
2019Q1,,S08000024,,S08000024,d,Emergency Inpatients,,1,,2973,7849,2.6400941809619898,,2917,21804,7.4748028796709,
2019Q2,,S08000024,,S08000024,d,Emergency Inpatients,,1,,3019,7503,2.48526001987413,,3005,23077,7.67953410981697,
2019Q3,,S08000024,,S08000024,d,Emergency Inpatients,,1,,2960,6726,2.2722972972973,,2948,21299,7.22489823609227,
2019Q4,,S08000024,,S08000024,d,Emergency Inpatients,,1,,2856,6818,2.38725490196078,,2842,20254,7.12667135819845,
2020Q1,,S08000024,,S08000024,d,Emergency Inpatients,,1,,2475,6710,2.71111111111111,,2475,22448,9.06989898989899,
2020Q2,,S08000024,,S08000024,d,Emergency Inpatients,,1,,2329,4718,2.02576212966939,,2308,14850,6.43414211438475,
2020Q3,,S08000024,,S08000024,d,Emergency Inpatients,,1,,2764,5875,2.12554269175109,,2734,17874,6.53767373811266,
2020Q4,,S08000024,,S08000024,d,Emergency Inpatients,,1,,2546,5990,2.35271013354281,,2486,18063,7.26588897827836,
2021Q1,,S08000024,,S08000024,d,Emergency Inpatients,,1,,2549,6098,2.39231071008239,,2537,20521,8.08868742609381,
2021Q2,,S08000024,,S08000024,d,Emergency Inpatients,,1,,2776,6445,2.32168587896254,,2752,19700,7.15843023255814,
2021Q3,,S08000024,,S08000024,d,Emergency Inpatients,,1,,2560,6365,2.486328125,,2526,17855,7.06848772763262,
2021Q4,,S08000024,,S08000024,d,Emergency Inpatients,,1,,2384,6461,2.71015100671141,,2353,20929,8.89460263493413,
2022Q1,,S08000024,,S08000024,d,Emergency Inpatients,,1,,2233,6185,2.76981639050605,,2246,20389,9.07791629563669,
2022Q2,,S08000024,,S08000024,d,Emergency Inpatients,,1,,2307,6100,2.64412657130472,,2274,17947,7.89226033421284,
2022Q3,,S08000024,,S08000024,d,Emergency Inpatients,,1,,2231,6473,2.90138951142985,,2198,19156,8.71519563239309,
2022Q4,p,S08000024,,S08000024,d,Emergency Inpatients,,1,,2163,7021,3.24595469255663,,2152,20878,9.70167286245353,
2017Q4,,S08000024,,S08000024,d,Emergency Inpatients,,2,,4522,13139,2.90557275541796,,4440,37462,8.43738738738739,
2018Q1,,S08000024,,S08000024,d,Emergency Inpatients,,2,,4428,13297,3.00293586269196,,4422,38664,8.74355495251018,
2018Q2,,S08000024,,S08000024,d,Emergency Inpatients,,2,,4326,13480,3.11604253351826,,4296,35287,8.2139199255121,
2018Q3,,S08000024,,S08000024,d,Emergency Inpatients,,2,,4311,13257,3.07515657620042,,4265,34669,8.12872215709261,
2018Q4,,S08000024,,S08000024,d,Emergency Inpatients,,2,,4715,12947,2.74591728525981,,4645,39757,8.55909580193757,
2019Q1,,S08000024,,S08000024,d,Emergency Inpatients,,2,,4613,12911,2.79882939518751,,4568,37545,8.21913309982487,
2019Q2,,S08000024,,S08000024,d,Emergency Inpatients,,2,,4853,10609,2.18607047187307,,4828,38436,7.96106048053024,
2019Q3,,S08000024,,S08000024,d,Emergency Inpatients,,2,,4735,11127,2.34994720168955,,4721,35787,7.58038551154416,
2019Q4,,S08000024,,S08000024,d,Emergency Inpatients,,2,,4611,12401,2.68943829971807,,4560,36100,7.91666666666667,
2020Q1,,S08000024,,S08000024,d,Emergency Inpatients,,2,,4275,12081,2.8259649122807,,4297,38794,9.02815918082383,
2020Q2,,S08000024,,S08000024,d,Emergency Inpatients,,2,,3532,7939,2.24773499433749,,3453,25845,7.48479582971329,
2020Q3,,S08000024,,S08000024,d,Emergency Inpatients,,2,,4316,9395,2.17678405931418,,4232,30401,7.1836011342155,
2020Q4,,S08000024,,S08000024,d,Emergency Inpatients,,2,,4037,10102,2.50235323259846,,4023,35707,8.87571464081531,
2021Q1,,S08000024,,S08000024,d,Emergency Inpatients,,2,,4061,9952,2.45062792415661,,4068,32923,8.09316617502458,
2021Q2,,S08000024,,S08000024,d,Emergency Inpatients,,2,,4526,10343,2.28524083075563,,4439,30700,6.91597206578058,
2021Q3,,S08000024,,S08000024,d,Emergency Inpatients,,2,,4218,10775,2.55452821242295,,4173,35486,8.50371435418164,
2021Q4,,S08000024,,S08000024,d,Emergency Inpatients,,2,,3947,11227,2.84443881428933,,3952,33108,8.37753036437247,
2022Q1,,S08000024,,S08000024,d,Emergency Inpatients,,2,,3596,10307,2.86624026696329,,3540,31856,8.99887005649718,
2022Q2,,S08000024,,S08000024,d,Emergency Inpatients,,2,,3787,10084,2.66279376815421,,3753,32320,8.61177724487077,
2022Q3,,S08000024,,S08000024,d,Emergency Inpatients,,2,,3733,10887,2.91642110902759,,3723,34430,9.24791834542036,
2022Q4,p,S08000024,,S08000024,d,Emergency Inpatients,,2,,3677,11203,3.04677726407397,,3654,33828,9.25779967159277,
2017Q4,,S08000024,,S08000024,d,Emergency Inpatients,,3,,2885,8290,2.8734835355286,,2866,26978,9.41311933007676,
2018Q1,,S08000024,,S08000024,d,Emergency Inpatients,,3,,2912,8678,2.98008241758242,,2884,23473,8.13904299583911,
2018Q2,,S08000024,,S08000024,d,Emergency Inpatients,,3,,2741,8055,2.93870850054725,,2718,23664,8.70640176600442,
2018Q3,,S08000024,,S08000024,d,Emergency Inpatients,,3,,2785,8637,3.10125673249551,,2759,23518,8.52410293584632,
2018Q4,,S08000024,,S08000024,d,Emergency Inpatients,,3,,2914,7568,2.59711736444749,,2924,24537,8.39158686730506,
2019Q1,,S08000024,,S08000024,d,Emergency Inpatients,,3,,2948,7544,2.55902306648575,,2898,21574,7.44444444444444,
2019Q2,,S08000024,,S08000024,d,Emergency Inpatients,,3,,3037,7145,2.352650642081,,3017,23836,7.90056347364932,
2019Q3,,S08000024,,S08000024,d,Emergency Inpatients,,3,,2953,7216,2.44361666102269,,2926,21061,7.19788106630212,
2019Q4,,S08000024,,S08000024,d,Emergency Inpatients,,3,,3027,7566,2.49950445986125,,2980,20507,6.88154362416107,
2020Q1,,S08000024,,S08000024,d,Emergency Inpatients,,3,,2722,7438,2.73254959588538,,2764,24297,8.79052098408104,
2020Q2,,S08000024,,S08000024,d,Emergency Inpatients,,3,,2302,4949,2.1498696785404,,2258,16617,7.35916740478299,
2020Q3,,S08000024,,S08000024,d,Emergency Inpatients,,3,,2728,5825,2.13526392961877,,2683,17951,6.69064480059635,
2020Q4,,S08000024,,S08000024,d,Emergency Inpatients,,3,,2638,6517,2.47043214556482,,2584,19545,7.56385448916409,
2021Q1,,S08000024,,S08000024,d,Emergency Inpatients,,3,,2682,6719,2.50521998508576,,2672,20870,7.81062874251497,
2021Q2,,S08000024,,S08000024,d,Emergency Inpatients,,3,,2895,6774,2.33989637305699,,2867,21807,7.60620858039763,
2021Q3,,S08000024,,S08000024,d,Emergency Inpatients,,3,,2666,6250,2.34433608402101,,2614,19632,7.51032899770467,
2021Q4,,S08000024,,S08000024,d,Emergency Inpatients,,3,,2576,7032,2.72981366459627,,2566,22863,8.9099766173032,
2022Q1,,S08000024,,S08000024,d,Emergency Inpatients,,3,,2422,7108,2.93476465730801,,2381,21035,8.83452330953381,
2022Q2,,S08000024,,S08000024,d,Emergency Inpatients,,3,,2351,6448,2.7426626967248,,2343,21617,9.22620571916346,
2022Q3,,S08000024,,S08000024,d,Emergency Inpatients,,3,,2392,7962,3.32859531772575,,2353,22943,9.75053123671908,
2022Q4,p,S08000024,,S08000024,d,Emergency Inpatients,,3,,2443,7655,3.13344248874335,,2438,25158,10.3191140278917,
2017Q4,,S08000024,,S08000024,d,Emergency Inpatients,,4,,2552,7333,2.87343260188088,,2504,19562,7.81230031948882,
2018Q1,,S08000024,,S08000024,d,Emergency Inpatients,,4,,2548,7682,3.0149136577708,,2538,21862,8.61386918833727,
2018Q2,,S08000024,,S08000024,d,Emergency Inpatients,,4,,2521,7717,3.06108687028957,,2483,21401,8.61900926298832,
2018Q3,,S08000024,,S08000024,d,Emergency Inpatients,,4,,2559,7362,2.87690504103165,,2531,19970,7.89016199130778,
2018Q4,,S08000024,,S08000024,d,Emergency Inpatients,,4,,2760,7609,2.75688405797101,,2718,21662,7.96983075791023,
2019Q1,,S08000024,,S08000024,d,Emergency Inpatients,,4,,2639,7103,2.69154982948086,,2634,21768,8.26423690205011,
2019Q2,,S08000024,,S08000024,d,Emergency Inpatients,,4,,2725,6556,2.40587155963303,,2703,20841,7.7103218645949,
2019Q3,,S08000024,,S08000024,d,Emergency Inpatients,,4,,2905,7132,2.45507745266781,,2859,21697,7.58901713885974,
2019Q4,,S08000024,,S08000024,d,Emergency Inpatients,,4,,2696,7041,2.611646884273,,2694,22819,8.47030438010393,
2020Q1,,S08000024,,S08000024,d,Emergency Inpatients,,4,,2509,6666,2.65683539258669,,2535,23260,9.17554240631164,
2020Q2,,S08000024,,S08000024,d,Emergency Inpatients,,4,,2173,4716,2.1702715140359,,2133,15088,7.07360525082044,
2020Q3,,S08000024,,S08000024,d,Emergency Inpatients,,4,,2510,5359,2.13505976095618,,2454,16333,6.65566422167889,
2020Q4,,S08000024,,S08000024,d,Emergency Inpatients,,4,,2391,5433,2.27227101631117,,2365,18484,7.81564482029598,
2021Q1,,S08000024,,S08000024,d,Emergency Inpatients,,4,,2373,6523,2.7488411293721,,2337,19533,8.3581514762516,
2021Q2,,S08000024,,S08000024,d,Emergency Inpatients,,4,,2643,6290,2.37987135830496,,2609,18592,7.12610195477194,
2021Q3,,S08000024,,S08000024,d,Emergency Inpatients,,4,,2587,7080,2.73676072671048,,2575,19901,7.72854368932039,
2021Q4,,S08000024,,S08000024,d,Emergency Inpatients,,4,,2505,7244,2.89181636726547,,2479,22019,8.88221056877773,
2022Q1,,S08000024,,S08000024,d,Emergency Inpatients,,4,,2304,6581,2.85633680555556,,2295,20428,8.90108932461874,
2022Q2,,S08000024,,S08000024,d,Emergency Inpatients,,4,,2338,7021,3.00299401197605,,2326,21318,9.16509028374893,
2022Q3,,S08000024,,S08000024,d,Emergency Inpatients,,4,,2347,7095,3.02300809544099,,2313,20132,8.70384781668828,
2022Q4,p,S08000024,,S08000024,d,Emergency Inpatients,,4,,2363,7234,3.06136267456623,,2362,22126,9.36748518204911,
2017Q4,,S08000024,,S08000024,d,Emergency Inpatients,,5,,4149,13093,3.15570016871535,,4074,37635,9.23784977908689,
2018Q1,,S08000024,,S08000024,d,Emergency Inpatients,,5,,3895,12655,3.24903722721438,,3888,39110,10.0591563786008,
2018Q2,,S08000024,,S08000024,d,Emergency Inpatients,,5,,3828,11433,2.98667711598746,,3830,38186,9.97023498694517,
2018Q3,,S08000024,,S08000024,d,Emergency Inpatients,,5,,3886,12528,3.22388059701493,,3832,36622,9.55688935281837,
2018Q4,,S08000024,,S08000024,d,Emergency Inpatients,,5,,4260,13438,3.15446009389671,,4176,38620,9.24808429118774,
2019Q1,,S08000024,,S08000024,d,Emergency Inpatients,,5,,3970,10616,2.67405541561713,,3985,37561,9.42559598494354,
2019Q2,,S08000024,,S08000024,d,Emergency Inpatients,,5,,4090,9489,2.3200488997555,,4022,32763,8.14594728990552,
2019Q3,,S08000024,,S08000024,d,Emergency Inpatients,,5,,4101,9647,2.35235308461351,,4043,32270,7.98169675983181,
2019Q4,,S08000024,,S08000024,d,Emergency Inpatients,,5,,4072,9692,2.38015717092338,,4028,37672,9.35253227408143,
2020Q1,,S08000024,,S08000024,d,Emergency Inpatients,,5,,3670,9898,2.69700272479564,,3723,37864,10.1702927746441,
2020Q2,,S08000024,,S08000024,d,Emergency Inpatients,,5,,3020,6964,2.30596026490066,,2951,25430,8.61741782446628,
2020Q3,,S08000024,,S08000024,d,Emergency Inpatients,,5,,3750,8763,2.3368,,3700,27196,7.35027027027027,
2020Q4,,S08000024,,S08000024,d,Emergency Inpatients,,5,,3559,8815,2.47681933127283,,3501,30583,8.73550414167381,
2021Q1,,S08000024,,S08000024,d,Emergency Inpatients,,5,,3535,9480,2.68175388967468,,3505,33227,9.47988587731812,
2021Q2,,S08000024,,S08000024,d,Emergency Inpatients,,5,,3766,9783,2.59771640998407,,3686,31585,8.56890938686923,
2021Q3,,S08000024,,S08000024,d,Emergency Inpatients,,5,,3560,9303,2.61320224719101,,3552,32635,9.18778153153153,
2021Q4,,S08000024,,S08000024,d,Emergency Inpatients,,5,,3389,9602,2.83328415461788,,3356,32587,9.71007151370679,
2022Q1,,S08000024,,S08000024,d,Emergency Inpatients,,5,,3368,10460,3.10570071258907,,3317,33673,10.1516430509497,
2022Q2,,S08000024,,S08000024,d,Emergency Inpatients,,5,,3319,11252,3.39017776438686,,3287,38269,11.64253118345,
2022Q3,,S08000024,,S08000024,d,Emergency Inpatients,,5,,3383,10922,3.22849541826781,,3346,36893,11.0260011954573,
2022Q4,p,S08000024,,S08000024,d,Emergency Inpatients,,5,,3349,11378,3.39743206927441,,3331,36091,10.8348844190934,
2022Q4,p,S08000024,,S08000024,d,Emergency Inpatients,,,:,10,24,2.4,,10,63,6.3,
2017Q4,,S08000024,,S12000040,,Emergency Inpatients,,1,,704,2092,2.97159090909091,,694,4728,6.81268011527377,
2018Q1,,S08000024,,S12000040,,Emergency Inpatients,,1,,727,2100,2.88858321870702,,716,4691,6.55167597765363,
2018Q2,,S08000024,,S12000040,,Emergency Inpatients,,1,,669,2098,3.13602391629297,,668,5082,7.60778443113772,
2018Q3,,S08000024,,S12000040,,Emergency Inpatients,,1,,723,1897,2.6237897648686,,695,4148,5.96834532374101,
2018Q4,,S08000024,,S12000040,,Emergency Inpatients,,1,,785,2473,3.15031847133758,,782,5639,7.21099744245524,
2019Q1,,S08000024,,S12000040,,Emergency Inpatients,,1,,806,2196,2.72456575682382,,783,4893,6.24904214559387,
2019Q2,,S08000024,,S12000040,,Emergency Inpatients,,1,,819,2087,2.54822954822955,,812,4951,6.09729064039409,
2019Q3,,S08000024,,S12000040,,Emergency Inpatients,,1,,785,2092,2.66496815286624,,788,5313,6.74238578680203,
2019Q4,,S08000024,,S12000040,,Emergency Inpatients,,1,,821,2182,2.65773447015834,,813,4577,5.62976629766298,
2020Q1,,S08000024,,S12000040,,Emergency Inpatients,,1,,717,2091,2.9163179916318,,720,5188,7.20555555555556,
2020Q2,,S08000024,,S12000040,,Emergency Inpatients,,1,,682,1272,1.86510263929619,,670,3523,5.25820895522388,
2020Q3,,S08000024,,S12000040,,Emergency Inpatients,,1,,801,1728,2.15730337078652,,803,4706,5.86052303860523,
2020Q4,,S08000024,,S12000040,,Emergency Inpatients,,1,,766,1878,2.45169712793734,,751,4494,5.98402130492676,
2021Q1,,S08000024,,S12000040,,Emergency Inpatients,,1,,800,1697,2.12125,,790,4394,5.5620253164557,
2021Q2,,S08000024,,S12000040,,Emergency Inpatients,,1,,866,1909,2.20438799076212,,866,5164,5.96304849884527,
2021Q3,,S08000024,,S12000040,,Emergency Inpatients,,1,,833,2042,2.45138055222089,,810,4625,5.70987654320988,
2021Q4,,S08000024,,S12000040,,Emergency Inpatients,,1,,819,2040,2.49084249084249,,811,5202,6.41430332922318,
2022Q1,,S08000024,,S12000040,,Emergency Inpatients,,1,,736,1978,2.6875,,731,5483,7.50068399452804,
2022Q2,,S08000024,,S12000040,,Emergency Inpatients,,1,,766,1667,2.17624020887728,,758,4210,5.55408970976253,
2022Q3,,S08000024,,S12000040,,Emergency Inpatients,,1,,722,1675,2.31994459833795,,711,5044,7.09423347398031,
2022Q4,p,S08000024,,S12000040,,Emergency Inpatients,,1,,662,2006,3.03021148036254,,654,4991,7.63149847094801,
2017Q4,,S08000024,,S12000040,,Emergency Inpatients,,2,,1124,3532,3.1423487544484,,1100,8614,7.83090909090909,
2018Q1,,S08000024,,S12000040,,Emergency Inpatients,,2,,1134,3569,3.14726631393298,,1145,9381,8.19301310043668,
2018Q2,,S08000024,,S12000040,,Emergency Inpatients,,2,,1108,3637,3.28249097472924,,1070,7554,7.05981308411215,
2018Q3,,S08000024,,S12000040,,Emergency Inpatients,,2,,1170,3702,3.16410256410256,,1158,8301,7.16839378238342,
2018Q4,,S08000024,,S12000040,,Emergency Inpatients,,2,,1315,3670,2.79087452471483,,1305,9379,7.18697318007663,
2019Q1,,S08000024,,S12000040,,Emergency Inpatients,,2,,1277,3592,2.81284259984338,,1264,8040,6.36075949367089,
2019Q2,,S08000024,,S12000040,,Emergency Inpatients,,2,,1363,3316,2.43286867204696,,1348,9238,6.85311572700297,
2019Q3,,S08000024,,S12000040,,Emergency Inpatients,,2,,1268,3404,2.68454258675079,,1259,8953,7.11119936457506,
2019Q4,,S08000024,,S12000040,,Emergency Inpatients,,2,,1396,4115,2.94770773638968,,1368,8854,6.47222222222222,
2020Q1,,S08000024,,S12000040,,Emergency Inpatients,,2,,1260,3819,3.03095238095238,,1285,10207,7.9431906614786,
2020Q2,,S08000024,,S12000040,,Emergency Inpatients,,2,,1028,2064,2.00778210116732,,1000,5477,5.477,
2020Q3,,S08000024,,S12000040,,Emergency Inpatients,,2,,1287,2622,2.03729603729604,,1253,7064,5.63766959297686,
2020Q4,,S08000024,,S12000040,,Emergency Inpatients,,2,,1210,2742,2.26611570247934,,1214,8181,6.73887973640857,
2021Q1,,S08000024,,S12000040,,Emergency Inpatients,,2,,1247,2805,2.24939855653569,,1236,7736,6.2588996763754,
2021Q2,,S08000024,,S12000040,,Emergency Inpatients,,2,,1420,2834,1.99577464788732,,1414,7948,5.62093352192362,
2021Q3,,S08000024,,S12000040,,Emergency Inpatients,,2,,1374,3368,2.45123726346434,,1335,7957,5.96029962546816,
2021Q4,,S08000024,,S12000040,,Emergency Inpatients,,2,,1329,3581,2.69450714823175,,1335,8935,6.69288389513109,
2022Q1,,S08000024,,S12000040,,Emergency Inpatients,,2,,1141,2804,2.45749342681858,,1111,7711,6.94059405940594,
2022Q2,,S08000024,,S12000040,,Emergency Inpatients,,2,,1237,2625,2.12206952303961,,1230,8563,6.96178861788618,
2022Q3,,S08000024,,S12000040,,Emergency Inpatients,,2,,1285,3083,2.39922178988327,,1276,8385,6.57131661442006,
2022Q4,p,S08000024,,S12000040,,Emergency Inpatients,,2,,1094,2957,2.70292504570384,,1071,7169,6.6937441643324,
2017Q4,,S08000024,,S12000040,,Emergency Inpatients,,3,,693,1893,2.73160173160173,,683,5479,8.02196193265007,
2018Q1,,S08000024,,S12000040,,Emergency Inpatients,,3,,714,2441,3.4187675070028,,697,5122,7.34863701578192,
2018Q2,,S08000024,,S12000040,,Emergency Inpatients,,3,,659,1982,3.00758725341426,,649,4808,7.40832049306626,
2018Q3,,S08000024,,S12000040,,Emergency Inpatients,,3,,734,1912,2.60490463215259,,728,5444,7.47802197802198,
2018Q4,,S08000024,,S12000040,,Emergency Inpatients,,3,,748,2255,3.01470588235294,,761,5456,7.16951379763469,
2019Q1,,S08000024,,S12000040,,Emergency Inpatients,,3,,756,2372,3.13756613756614,,740,4805,6.49324324324324,
2019Q2,,S08000024,,S12000040,,Emergency Inpatients,,3,,802,2096,2.61346633416459,,795,4492,5.6503144654088,
2019Q3,,S08000024,,S12000040,,Emergency Inpatients,,3,,815,2364,2.90061349693252,,800,5206,6.5075,
2019Q4,,S08000024,,S12000040,,Emergency Inpatients,,3,,792,2013,2.54166666666667,,782,4484,5.73401534526854,
2020Q1,,S08000024,,S12000040,,Emergency Inpatients,,3,,790,2412,3.05316455696203,,796,6451,8.10427135678392,
2020Q2,,S08000024,,S12000040,,Emergency Inpatients,,3,,667,1237,1.85457271364318,,652,3338,5.11963190184049,
2020Q3,,S08000024,,S12000040,,Emergency Inpatients,,3,,785,1686,2.14777070063694,,768,4281,5.57421875,
2020Q4,,S08000024,,S12000040,,Emergency Inpatients,,3,,710,1692,2.3830985915493,,699,4342,6.21173104434907,
2021Q1,,S08000024,,S12000040,,Emergency Inpatients,,3,,804,2145,2.66791044776119,,796,4520,5.678391959799,
2021Q2,,S08000024,,S12000040,,Emergency Inpatients,,3,,844,1634,1.93601895734597,,835,4411,5.28263473053892,
2021Q3,,S08000024,,S12000040,,Emergency Inpatients,,3,,789,1682,2.1318124207858,,778,4005,5.14781491002571,
2021Q4,,S08000024,,S12000040,,Emergency Inpatients,,3,,784,1843,2.35076530612245,,782,5246,6.70843989769821,
2022Q1,,S08000024,,S12000040,,Emergency Inpatients,,3,,734,1902,2.59128065395095,,716,4992,6.97206703910615,
2022Q2,,S08000024,,S12000040,,Emergency Inpatients,,3,,785,1828,2.32866242038217,,784,5108,6.51530612244898,
2022Q3,,S08000024,,S12000040,,Emergency Inpatients,,3,,774,2099,2.71188630490956,,752,5349,7.11303191489362,
2022Q4,p,S08000024,,S12000040,,Emergency Inpatients,,3,,716,1873,2.6159217877095,,717,5812,8.10599721059972,
2017Q4,,S08000024,,S12000040,,Emergency Inpatients,,4,,465,1450,3.11827956989247,,456,2974,6.5219298245614,
2018Q1,,S08000024,,S12000040,,Emergency Inpatients,,4,,519,1327,2.55684007707129,,505,3088,6.11485148514851,
2018Q2,,S08000024,,S12000040,,Emergency Inpatients,,4,,492,1331,2.70528455284553,,484,3497,7.22520661157025,
2018Q3,,S08000024,,S12000040,,Emergency Inpatients,,4,,496,1370,2.76209677419355,,482,3172,6.58091286307054,
2018Q4,,S08000024,,S12000040,,Emergency Inpatients,,4,,550,1511,2.74727272727273,,551,3980,7.22323049001815,
2019Q1,,S08000024,,S12000040,,Emergency Inpatients,,4,,556,1526,2.74460431654676,,544,3600,6.61764705882353,
2019Q2,,S08000024,,S12000040,,Emergency Inpatients,,4,,617,1334,2.16207455429498,,610,3453,5.66065573770492,
2019Q3,,S08000024,,S12000040,,Emergency Inpatients,,4,,656,1782,2.71646341463415,,643,3425,5.32659409020218,
2019Q4,,S08000024,,S12000040,,Emergency Inpatients,,4,,571,1758,3.07880910683012,,577,4296,7.44540727902946,
2020Q1,,S08000024,,S12000040,,Emergency Inpatients,,4,,544,1689,3.10477941176471,,542,4041,7.45571955719557,
2020Q2,,S08000024,,S12000040,,Emergency Inpatients,,4,,476,816,1.71428571428571,,471,2555,5.42462845010616,
2020Q3,,S08000024,,S12000040,,Emergency Inpatients,,4,,583,1093,1.87478559176672,,566,2544,4.49469964664311,
2020Q4,,S08000024,,S12000040,,Emergency Inpatients,,4,,505,1041,2.06138613861386,,495,2495,5.04040404040404,
2021Q1,,S08000024,,S12000040,,Emergency Inpatients,,4,,605,1541,2.54710743801653,,590,3500,5.93220338983051,
2021Q2,,S08000024,,S12000040,,Emergency Inpatients,,4,,639,1221,1.91079812206573,,635,3364,5.29763779527559,
2021Q3,,S08000024,,S12000040,,Emergency Inpatients,,4,,639,1478,2.31298904538341,,635,3485,5.48818897637795,
2021Q4,,S08000024,,S12000040,,Emergency Inpatients,,4,,665,1662,2.49924812030075,,656,3713,5.66006097560976,
2022Q1,,S08000024,,S12000040,,Emergency Inpatients,,4,,585,1324,2.26324786324786,,568,3139,5.52640845070423,
2022Q2,,S08000024,,S12000040,,Emergency Inpatients,,4,,620,1295,2.08870967741935,,621,3586,5.77455716586151,
2022Q3,,S08000024,,S12000040,,Emergency Inpatients,,4,,594,1420,2.39057239057239,,586,3824,6.52559726962457,
2022Q4,p,S08000024,,S12000040,,Emergency Inpatients,,4,,542,1447,2.66974169741697,,534,3888,7.2808988764045,
2017Q4,,S08000024,,S12000040,,Emergency Inpatients,,5,,381,941,2.46981627296588,,373,2143,5.74530831099196,
2018Q1,,S08000024,,S12000040,,Emergency Inpatients,,5,,389,1011,2.59897172236504,,373,2175,5.83109919571046,
2018Q2,,S08000024,,S12000040,,Emergency Inpatients,,5,,380,996,2.62105263157895,,381,3573,9.37795275590551,
2018Q3,,S08000024,,S12000040,,Emergency Inpatients,,5,,386,980,2.53886010362694,,384,2537,6.60677083333333,
2018Q4,,S08000024,,S12000040,,Emergency Inpatients,,5,,463,1206,2.60475161987041,,445,2784,6.2561797752809,
2019Q1,,S08000024,,S12000040,,Emergency Inpatients,,5,,410,1108,2.70243902439024,,413,2815,6.81598062953995,
2019Q2,,S08000024,,S12000040,,Emergency Inpatients,,5,,479,1032,2.1544885177453,,469,2427,5.17484008528785,
2019Q3,,S08000024,,S12000040,,Emergency Inpatients,,5,,448,1299,2.89955357142857,,438,2749,6.27625570776256,
2019Q4,,S08000024,,S12000040,,Emergency Inpatients,,5,,437,1151,2.63386727688787,,438,2709,6.18493150684932,
2020Q1,,S08000024,,S12000040,,Emergency Inpatients,,5,,412,1011,2.45388349514563,,416,3102,7.45673076923077,
2020Q2,,S08000024,,S12000040,,Emergency Inpatients,,5,,387,808,2.08785529715762,,366,1702,4.65027322404372,
2020Q3,,S08000024,,S12000040,,Emergency Inpatients,,5,,426,919,2.15727699530516,,429,2428,5.65967365967366,
2020Q4,,S08000024,,S12000040,,Emergency Inpatients,,5,,398,895,2.24874371859296,,394,2145,5.44416243654822,
2021Q1,,S08000024,,S12000040,,Emergency Inpatients,,5,,433,845,1.95150115473441,,427,2401,5.62295081967213,
2021Q2,,S08000024,,S12000040,,Emergency Inpatients,,5,,468,742,1.58547008547009,,466,2146,4.60515021459227,
2021Q3,,S08000024,,S12000040,,Emergency Inpatients,,5,,487,1121,2.30184804928131,,480,2207,4.59791666666667,
2021Q4,,S08000024,,S12000040,,Emergency Inpatients,,5,,468,1022,2.18376068376068,,455,2029,4.45934065934066,
2022Q1,,S08000024,,S12000040,,Emergency Inpatients,,5,,435,914,2.10114942528736,,433,2761,6.37644341801386,
2022Q2,,S08000024,,S12000040,,Emergency Inpatients,,5,,460,955,2.07608695652174,,457,2871,6.28227571115974,
2022Q3,,S08000024,,S12000040,,Emergency Inpatients,,5,,487,1107,2.27310061601643,,476,2994,6.28991596638655,
2022Q4,p,S08000024,,S12000040,,Emergency Inpatients,,5,,384,1068,2.78125,,388,3129,8.06443298969072,
2022Q4,p,S08000024,,S12000040,,Emergency Inpatients,,,:,0,0,,z,0,5,,z
2017Q4,,S08000025,,S08000025,d,Emergency Inpatients,,2,,78,255,3.26923076923077,,73,658,9.01369863013699,
2018Q1,,S08000025,,S08000025,d,Emergency Inpatients,,2,,87,354,4.06896551724138,,80,597,7.4625,
2018Q2,,S08000025,,S08000025,d,Emergency Inpatients,,2,,86,238,2.76744186046512,,77,459,5.96103896103896,
2018Q3,,S08000025,,S08000025,d,Emergency Inpatients,,2,,102,293,2.87254901960784,,93,599,6.44086021505376,
2018Q4,,S08000025,,S08000025,d,Emergency Inpatients,,2,,105,432,4.11428571428571,,97,638,6.57731958762887,
2019Q1,,S08000025,,S08000025,d,Emergency Inpatients,,2,,82,311,3.79268292682927,,78,668,8.56410256410256,
2019Q2,,S08000025,,S08000025,d,Emergency Inpatients,,2,,82,250,3.04878048780488,,75,595,7.93333333333333,
2019Q3,,S08000025,,S08000025,d,Emergency Inpatients,,2,,90,321,3.56666666666667,,87,513,5.89655172413793,
2019Q4,,S08000025,,S08000025,d,Emergency Inpatients,,2,,91,404,4.43956043956044,,83,541,6.51807228915663,
2020Q1,,S08000025,,S08000025,d,Emergency Inpatients,,2,,85,378,4.44705882352941,,81,724,8.93827160493827,
2020Q2,,S08000025,,S08000025,d,Emergency Inpatients,,2,,71,331,4.66197183098592,,69,573,8.30434782608696,
2020Q3,,S08000025,,S08000025,d,Emergency Inpatients,,2,,99,290,2.92929292929293,,85,401,4.71764705882353,
2020Q4,,S08000025,,S08000025,d,Emergency Inpatients,,2,,77,416,5.4025974025974,,70,438,6.25714285714286,
2021Q1,,S08000025,,S08000025,d,Emergency Inpatients,,2,,81,308,3.80246913580247,,73,571,7.82191780821918,
2021Q2,,S08000025,,S08000025,d,Emergency Inpatients,,2,,97,375,3.8659793814433,,88,1080,12.2727272727273,
2021Q3,,S08000025,,S08000025,d,Emergency Inpatients,,2,,106,406,3.83018867924528,,96,705,7.34375,
2021Q4,,S08000025,,S08000025,d,Emergency Inpatients,,2,,92,565,6.14130434782609,,79,858,10.8607594936709,
2022Q1,,S08000025,,S08000025,d,Emergency Inpatients,,2,,103,400,3.88349514563107,,93,558,6,
2022Q2,,S08000025,,S08000025,d,Emergency Inpatients,,2,,91,296,3.25274725274725,,89,744,8.35955056179775,
2022Q3,,S08000025,,S08000025,d,Emergency Inpatients,,2,,80,413,5.1625,,70,760,10.8571428571429,
2022Q4,p,S08000025,,S08000025,d,Emergency Inpatients,,2,,85,373,4.38823529411765,,82,673,8.20731707317073,
2017Q4,,S08000025,,S08000025,d,Emergency Inpatients,,3,,107,469,4.38317757009346,,97,763,7.8659793814433,
2018Q1,,S08000025,,S08000025,d,Emergency Inpatients,,3,,105,403,3.83809523809524,,103,831,8.06796116504854,
2018Q2,,S08000025,,S08000025,d,Emergency Inpatients,,3,,123,398,3.23577235772358,,115,728,6.3304347826087,
2018Q3,,S08000025,,S08000025,d,Emergency Inpatients,,3,,111,385,3.46846846846847,,103,732,7.10679611650485,
2018Q4,,S08000025,,S08000025,d,Emergency Inpatients,,3,,106,333,3.14150943396226,,104,604,5.80769230769231,
2019Q1,,S08000025,,S08000025,d,Emergency Inpatients,,3,,98,383,3.90816326530612,,88,466,5.29545454545455,
2019Q2,,S08000025,,S08000025,d,Emergency Inpatients,,3,,107,369,3.44859813084112,,105,738,7.02857142857143,
2019Q3,,S08000025,,S08000025,d,Emergency Inpatients,,3,,98,409,4.1734693877551,,92,737,8.01086956521739,
2019Q4,,S08000025,,S08000025,d,Emergency Inpatients,,3,,99,522,5.27272727272727,,89,632,7.10112359550562,
2020Q1,,S08000025,,S08000025,d,Emergency Inpatients,,3,,106,498,4.69811320754717,,100,837,8.37,
2020Q2,,S08000025,,S08000025,d,Emergency Inpatients,,3,,55,291,5.29090909090909,,53,519,9.79245283018868,
2020Q3,,S08000025,,S08000025,d,Emergency Inpatients,,3,,94,412,4.38297872340426,,86,600,6.97674418604651,
2020Q4,,S08000025,,S08000025,d,Emergency Inpatients,,3,,98,451,4.60204081632653,,90,825,9.16666666666667,
2021Q1,,S08000025,,S08000025,d,Emergency Inpatients,,3,,90,409,4.54444444444444,,86,729,8.47674418604651,
2021Q2,,S08000025,,S08000025,d,Emergency Inpatients,,3,,95,475,5,,88,943,10.7159090909091,
2021Q3,,S08000025,,S08000025,d,Emergency Inpatients,,3,,104,416,4,,93,637,6.8494623655914,
2021Q4,,S08000025,,S08000025,d,Emergency Inpatients,,3,,93,418,4.49462365591398,,88,655,7.44318181818182,
2022Q1,,S08000025,,S08000025,d,Emergency Inpatients,,3,,83,488,5.87951807228916,,77,635,8.24675324675325,
2022Q2,,S08000025,,S08000025,d,Emergency Inpatients,,3,,97,472,4.8659793814433,,96,876,9.125,
2022Q3,,S08000025,,S08000025,d,Emergency Inpatients,,3,,94,793,8.43617021276596,,91,829,9.10989010989011,
2022Q4,p,S08000025,,S08000025,d,Emergency Inpatients,,3,,78,589,7.55128205128205,,75,671,8.94666666666667,
2017Q4,,S08000025,,S08000025,d,Emergency Inpatients,,4,,287,1046,3.64459930313589,,269,2009,7.46840148698885,
2018Q1,,S08000025,,S08000025,d,Emergency Inpatients,,4,,269,1019,3.78810408921933,,249,1620,6.50602409638554,
2018Q2,,S08000025,,S08000025,d,Emergency Inpatients,,4,,283,953,3.36749116607774,,262,1782,6.80152671755725,
2018Q3,,S08000025,,S08000025,d,Emergency Inpatients,,4,,286,957,3.34615384615385,,268,2069,7.72014925373134,
2018Q4,,S08000025,,S08000025,d,Emergency Inpatients,,4,,304,1076,3.53947368421053,,270,1870,6.92592592592593,
2019Q1,,S08000025,,S08000025,d,Emergency Inpatients,,4,,307,1165,3.79478827361564,,282,2245,7.96099290780142,
2019Q2,,S08000025,,S08000025,d,Emergency Inpatients,,4,,276,1038,3.76086956521739,,244,2401,9.84016393442623,
2019Q3,,S08000025,,S08000025,d,Emergency Inpatients,,4,,248,919,3.70564516129032,,233,1524,6.54077253218884,
2019Q4,,S08000025,,S08000025,d,Emergency Inpatients,,4,,296,1200,4.05405405405405,,277,1992,7.1913357400721996,
2020Q1,,S08000025,,S08000025,d,Emergency Inpatients,,4,,271,1235,4.55719557195572,,255,2034,7.97647058823529,
2020Q2,,S08000025,,S08000025,d,Emergency Inpatients,,4,,237,908,3.83122362869198,,219,1724,7.87214611872146,
2020Q3,,S08000025,,S08000025,d,Emergency Inpatients,,4,,287,1192,4.15331010452962,,263,1739,6.61216730038023,
2020Q4,,S08000025,,S08000025,d,Emergency Inpatients,,4,,305,1441,4.72459016393443,,290,1820,6.27586206896552,
2021Q1,,S08000025,,S08000025,d,Emergency Inpatients,,4,,318,1176,3.69811320754717,,288,1725,5.98958333333333,
2021Q2,,S08000025,,S08000025,d,Emergency Inpatients,,4,,307,1333,4.34201954397394,,283,1936,6.84098939929329,
2021Q3,,S08000025,,S08000025,d,Emergency Inpatients,,4,,323,1404,4.34674922600619,,298,1974,6.6241610738255,
2021Q4,,S08000025,,S08000025,d,Emergency Inpatients,,4,,329,1629,4.95136778115502,,295,2085,7.06779661016949,
2022Q1,,S08000025,,S08000025,d,Emergency Inpatients,,4,,296,1186,4.00675675675676,,271,2427,8.95571955719557,
2022Q2,,S08000025,,S08000025,d,Emergency Inpatients,,4,,271,1223,4.51291512915129,,257,2915,11.3424124513619,
2022Q3,,S08000025,,S08000025,d,Emergency Inpatients,,4,,252,1073,4.25793650793651,,226,2056,9.09734513274336,
2022Q4,p,S08000025,,S08000025,d,Emergency Inpatients,,4,,315,1335,4.23809523809524,,297,2416,8.13468013468013,
2017Q4,,S08000025,,S12000023,,Emergency Inpatients,,2,,78,255,3.26923076923077,,73,658,9.01369863013699,
2018Q1,,S08000025,,S12000023,,Emergency Inpatients,,2,,87,354,4.06896551724138,,80,597,7.4625,
2018Q2,,S08000025,,S12000023,,Emergency Inpatients,,2,,86,238,2.76744186046512,,77,459,5.96103896103896,
2018Q3,,S08000025,,S12000023,,Emergency Inpatients,,2,,102,293,2.87254901960784,,93,599,6.44086021505376,
2018Q4,,S08000025,,S12000023,,Emergency Inpatients,,2,,105,432,4.11428571428571,,97,638,6.57731958762887,
2019Q1,,S08000025,,S12000023,,Emergency Inpatients,,2,,82,311,3.79268292682927,,78,668,8.56410256410256,
2019Q2,,S08000025,,S12000023,,Emergency Inpatients,,2,,82,250,3.04878048780488,,75,595,7.93333333333333,
2019Q3,,S08000025,,S12000023,,Emergency Inpatients,,2,,90,321,3.56666666666667,,87,513,5.89655172413793,
2019Q4,,S08000025,,S12000023,,Emergency Inpatients,,2,,91,404,4.43956043956044,,83,541,6.51807228915663,
2020Q1,,S08000025,,S12000023,,Emergency Inpatients,,2,,85,378,4.44705882352941,,81,724,8.93827160493827,
2020Q2,,S08000025,,S12000023,,Emergency Inpatients,,2,,71,331,4.66197183098592,,69,573,8.30434782608696,
2020Q3,,S08000025,,S12000023,,Emergency Inpatients,,2,,99,290,2.92929292929293,,85,401,4.71764705882353,
2020Q4,,S08000025,,S12000023,,Emergency Inpatients,,2,,77,416,5.4025974025974,,70,438,6.25714285714286,
2021Q1,,S08000025,,S12000023,,Emergency Inpatients,,2,,81,308,3.80246913580247,,73,571,7.82191780821918,
2021Q2,,S08000025,,S12000023,,Emergency Inpatients,,2,,97,375,3.8659793814433,,88,1080,12.2727272727273,
2021Q3,,S08000025,,S12000023,,Emergency Inpatients,,2,,106,406,3.83018867924528,,96,705,7.34375,
2021Q4,,S08000025,,S12000023,,Emergency Inpatients,,2,,92,565,6.14130434782609,,79,858,10.8607594936709,
2022Q1,,S08000025,,S12000023,,Emergency Inpatients,,2,,103,400,3.88349514563107,,93,558,6,
2022Q2,,S08000025,,S12000023,,Emergency Inpatients,,2,,91,296,3.25274725274725,,89,744,8.35955056179775,
2022Q3,,S08000025,,S12000023,,Emergency Inpatients,,2,,80,413,5.1625,,70,760,10.8571428571429,
2022Q4,p,S08000025,,S12000023,,Emergency Inpatients,,2,,85,373,4.38823529411765,,82,673,8.20731707317073,
2017Q4,,S08000025,,S12000023,,Emergency Inpatients,,3,,107,469,4.38317757009346,,97,763,7.8659793814433,
2018Q1,,S08000025,,S12000023,,Emergency Inpatients,,3,,105,403,3.83809523809524,,103,831,8.06796116504854,
2018Q2,,S08000025,,S12000023,,Emergency Inpatients,,3,,123,398,3.23577235772358,,115,728,6.3304347826087,
2018Q3,,S08000025,,S12000023,,Emergency Inpatients,,3,,111,385,3.46846846846847,,103,732,7.10679611650485,
2018Q4,,S08000025,,S12000023,,Emergency Inpatients,,3,,106,333,3.14150943396226,,104,604,5.80769230769231,
2019Q1,,S08000025,,S12000023,,Emergency Inpatients,,3,,98,383,3.90816326530612,,88,466,5.29545454545455,
2019Q2,,S08000025,,S12000023,,Emergency Inpatients,,3,,107,369,3.44859813084112,,105,738,7.02857142857143,
2019Q3,,S08000025,,S12000023,,Emergency Inpatients,,3,,98,409,4.1734693877551,,92,737,8.01086956521739,
2019Q4,,S08000025,,S12000023,,Emergency Inpatients,,3,,99,522,5.27272727272727,,89,632,7.10112359550562,
2020Q1,,S08000025,,S12000023,,Emergency Inpatients,,3,,106,498,4.69811320754717,,100,837,8.37,
2020Q2,,S08000025,,S12000023,,Emergency Inpatients,,3,,55,291,5.29090909090909,,53,519,9.79245283018868,
2020Q3,,S08000025,,S12000023,,Emergency Inpatients,,3,,94,412,4.38297872340426,,86,600,6.97674418604651,
2020Q4,,S08000025,,S12000023,,Emergency Inpatients,,3,,98,451,4.60204081632653,,90,825,9.16666666666667,
2021Q1,,S08000025,,S12000023,,Emergency Inpatients,,3,,90,409,4.54444444444444,,86,729,8.47674418604651,
2021Q2,,S08000025,,S12000023,,Emergency Inpatients,,3,,95,475,5,,88,943,10.7159090909091,
2021Q3,,S08000025,,S12000023,,Emergency Inpatients,,3,,104,416,4,,93,637,6.8494623655914,
2021Q4,,S08000025,,S12000023,,Emergency Inpatients,,3,,93,418,4.49462365591398,,88,655,7.44318181818182,
2022Q1,,S08000025,,S12000023,,Emergency Inpatients,,3,,83,488,5.87951807228916,,77,635,8.24675324675325,
2022Q2,,S08000025,,S12000023,,Emergency Inpatients,,3,,97,472,4.8659793814433,,96,876,9.125,
2022Q3,,S08000025,,S12000023,,Emergency Inpatients,,3,,94,793,8.43617021276596,,91,829,9.10989010989011,
2022Q4,p,S08000025,,S12000023,,Emergency Inpatients,,3,,78,589,7.55128205128205,,75,671,8.94666666666667,
2017Q4,,S08000025,,S12000023,,Emergency Inpatients,,4,,287,1046,3.64459930313589,,269,2009,7.46840148698885,
2018Q1,,S08000025,,S12000023,,Emergency Inpatients,,4,,269,1019,3.78810408921933,,249,1620,6.50602409638554,
2018Q2,,S08000025,,S12000023,,Emergency Inpatients,,4,,283,953,3.36749116607774,,262,1782,6.80152671755725,
2018Q3,,S08000025,,S12000023,,Emergency Inpatients,,4,,286,957,3.34615384615385,,268,2069,7.72014925373134,
2018Q4,,S08000025,,S12000023,,Emergency Inpatients,,4,,304,1076,3.53947368421053,,270,1870,6.92592592592593,
2019Q1,,S08000025,,S12000023,,Emergency Inpatients,,4,,307,1165,3.79478827361564,,282,2245,7.96099290780142,
2019Q2,,S08000025,,S12000023,,Emergency Inpatients,,4,,276,1038,3.76086956521739,,244,2401,9.84016393442623,
2019Q3,,S08000025,,S12000023,,Emergency Inpatients,,4,,248,919,3.70564516129032,,233,1524,6.54077253218884,
2019Q4,,S08000025,,S12000023,,Emergency Inpatients,,4,,296,1200,4.05405405405405,,277,1992,7.1913357400721996,
2020Q1,,S08000025,,S12000023,,Emergency Inpatients,,4,,271,1235,4.55719557195572,,255,2034,7.97647058823529,
2020Q2,,S08000025,,S12000023,,Emergency Inpatients,,4,,237,908,3.83122362869198,,219,1724,7.87214611872146,
2020Q3,,S08000025,,S12000023,,Emergency Inpatients,,4,,287,1192,4.15331010452962,,263,1739,6.61216730038023,
2020Q4,,S08000025,,S12000023,,Emergency Inpatients,,4,,305,1441,4.72459016393443,,290,1820,6.27586206896552,
2021Q1,,S08000025,,S12000023,,Emergency Inpatients,,4,,318,1176,3.69811320754717,,288,1725,5.98958333333333,
2021Q2,,S08000025,,S12000023,,Emergency Inpatients,,4,,307,1333,4.34201954397394,,283,1936,6.84098939929329,
2021Q3,,S08000025,,S12000023,,Emergency Inpatients,,4,,323,1404,4.34674922600619,,298,1974,6.6241610738255,
2021Q4,,S08000025,,S12000023,,Emergency Inpatients,,4,,329,1629,4.95136778115502,,295,2085,7.06779661016949,
2022Q1,,S08000025,,S12000023,,Emergency Inpatients,,4,,296,1186,4.00675675675676,,271,2427,8.95571955719557,
2022Q2,,S08000025,,S12000023,,Emergency Inpatients,,4,,271,1223,4.51291512915129,,257,2915,11.3424124513619,
2022Q3,,S08000025,,S12000023,,Emergency Inpatients,,4,,252,1073,4.25793650793651,,226,2056,9.09734513274336,
2022Q4,p,S08000025,,S12000023,,Emergency Inpatients,,4,,315,1335,4.23809523809524,,297,2416,8.13468013468013,
2017Q4,,S08000026,,S08000026,d,Emergency Inpatients,,2,,49,214,4.36734693877551,,47,218,4.63829787234043,
2018Q1,,S08000026,,S08000026,d,Emergency Inpatients,,2,,51,209,4.09803921568627,,47,285,6.06382978723404,
2018Q2,,S08000026,,S08000026,d,Emergency Inpatients,,2,,47,255,5.42553191489362,,43,399,9.27906976744186,
2018Q3,,S08000026,,S08000026,d,Emergency Inpatients,,2,,56,167,2.98214285714286,,55,180,3.27272727272727,
2018Q4,,S08000026,,S08000026,d,Emergency Inpatients,,2,,55,201,3.65454545454545,,56,211,3.76785714285714,
2019Q1,,S08000026,,S08000026,d,Emergency Inpatients,,2,,51,246,4.82352941176471,,46,226,4.91304347826087,
2019Q2,,S08000026,,S08000026,d,Emergency Inpatients,,2,,55,185,3.36363636363636,,53,293,5.52830188679245,
2019Q3,,S08000026,,S08000026,d,Emergency Inpatients,,2,,39,249,6.38461538461539,,36,203,5.63888888888889,
2019Q4,,S08000026,,S08000026,d,Emergency Inpatients,,2,,26,163,6.26923076923077,,25,215,8.6,
2020Q1,,S08000026,,S08000026,d,Emergency Inpatients,,2,,56,279,4.98214285714286,,51,348,6.8235294117647,
2020Q2,,S08000026,,S08000026,d,Emergency Inpatients,,2,,38,82,2.15789473684211,,35,154,4.4,
2020Q3,,S08000026,,S08000026,d,Emergency Inpatients,,2,,49,262,5.3469387755102,,48,325,6.77083333333333,
2020Q4,,S08000026,,S08000026,d,Emergency Inpatients,,2,,39,157,4.02564102564103,,36,228,6.33333333333333,
2021Q1,,S08000026,,S08000026,d,Emergency Inpatients,,2,,47,122,2.59574468085106,,40,201,5.025,
2021Q2,,S08000026,,S08000026,d,Emergency Inpatients,,2,,32,90,2.8125,,30,129,4.3,
2021Q3,,S08000026,,S08000026,d,Emergency Inpatients,,2,,37,158,4.27027027027027,,36,243,6.75,
2021Q4,,S08000026,,S08000026,d,Emergency Inpatients,,2,,39,195,5,,36,208,5.77777777777778,
2022Q1,,S08000026,,S08000026,d,Emergency Inpatients,,2,,43,199,4.62790697674419,,41,262,6.39024390243902,
2022Q2,,S08000026,,S08000026,d,Emergency Inpatients,,2,,46,147,3.19565217391304,,42,190,4.52380952380952,
2022Q3,,S08000026,,S08000026,d,Emergency Inpatients,,2,,45,233,5.17777777777778,,44,331,7.52272727272727,
2022Q4,p,S08000026,,S08000026,d,Emergency Inpatients,,2,,41,138,3.36585365853659,,38,148,3.89473684210526,
2017Q4,,S08000026,,S08000026,d,Emergency Inpatients,,3,,238,905,3.80252100840336,,229,1130,4.93449781659389,
2018Q1,,S08000026,,S08000026,d,Emergency Inpatients,,3,,223,909,4.0762331838565,,204,1052,5.15686274509804,
2018Q2,,S08000026,,S08000026,d,Emergency Inpatients,,3,,206,815,3.95631067961165,,193,1102,5.70984455958549,
2018Q3,,S08000026,,S08000026,d,Emergency Inpatients,,3,,209,970,4.64114832535885,,194,1107,5.70618556701031,
2018Q4,,S08000026,,S08000026,d,Emergency Inpatients,,3,,198,633,3.1969696969697,,189,1077,5.6984126984127,
2019Q1,,S08000026,,S08000026,d,Emergency Inpatients,,3,,213,926,4.34741784037559,,193,1105,5.72538860103627,
2019Q2,,S08000026,,S08000026,d,Emergency Inpatients,,3,,239,1202,5.02928870292887,,217,1346,6.20276497695852,
2019Q3,,S08000026,,S08000026,d,Emergency Inpatients,,3,,233,1032,4.42918454935622,,224,1294,5.77678571428571,
2019Q4,,S08000026,,S08000026,d,Emergency Inpatients,,3,,220,1113,5.05909090909091,,200,1360,6.8,
2020Q1,,S08000026,,S08000026,d,Emergency Inpatients,,3,,185,923,4.98918918918919,,173,1246,7.20231213872832,
2020Q2,,S08000026,,S08000026,d,Emergency Inpatients,,3,,141,534,3.78723404255319,,122,673,5.51639344262295,
2020Q3,,S08000026,,S08000026,d,Emergency Inpatients,,3,,214,994,4.64485981308411,,199,1360,6.83417085427136,
2020Q4,,S08000026,,S08000026,d,Emergency Inpatients,,3,,183,740,4.04371584699454,,175,1065,6.08571428571429,
2021Q1,,S08000026,,S08000026,d,Emergency Inpatients,,3,,199,687,3.45226130653266,,179,997,5.56983240223464,
2021Q2,,S08000026,,S08000026,d,Emergency Inpatients,,3,,209,794,3.79904306220096,,195,1232,6.31794871794872,
2021Q3,,S08000026,,S08000026,d,Emergency Inpatients,,3,,203,811,3.99507389162562,,182,1025,5.63186813186813,
2021Q4,,S08000026,,S08000026,d,Emergency Inpatients,,3,,197,770,3.90862944162437,,189,1320,6.98412698412698,
2022Q1,,S08000026,,S08000026,d,Emergency Inpatients,,3,,164,855,5.21341463414634,,153,1022,6.6797385620915,
2022Q2,,S08000026,,S08000026,d,Emergency Inpatients,,3,,199,1072,5.38693467336683,,185,1357,7.33513513513514,
2022Q3,,S08000026,,S08000026,d,Emergency Inpatients,,3,,210,1074,5.11428571428571,,193,1205,6.24352331606218,
2022Q4,p,S08000026,,S08000026,d,Emergency Inpatients,,3,,150,778,5.18666666666667,,144,1214,8.43055555555556,
2017Q4,,S08000026,,S08000026,d,Emergency Inpatients,,4,,257,1119,4.35408560311284,,241,1715,7.11618257261411,
2018Q1,,S08000026,,S08000026,d,Emergency Inpatients,,4,,273,991,3.63003663003663,,263,1481,5.63117870722433,
2018Q2,,S08000026,,S08000026,d,Emergency Inpatients,,4,,278,1075,3.86690647482014,,264,1400,5.3030303030303,
2018Q3,,S08000026,,S08000026,d,Emergency Inpatients,,4,,229,927,4.04803493449782,,215,1320,6.13953488372093,
2018Q4,,S08000026,,S08000026,d,Emergency Inpatients,,4,,284,1185,4.17253521126761,,276,1773,6.42391304347826,
2019Q1,,S08000026,,S08000026,d,Emergency Inpatients,,4,,260,1187,4.56538461538462,,233,1379,5.91845493562232,
2019Q2,,S08000026,,S08000026,d,Emergency Inpatients,,4,,219,876,4,,209,1218,5.82775119617225,
2019Q3,,S08000026,,S08000026,d,Emergency Inpatients,,4,,219,1198,5.4703196347032,,205,1510,7.36585365853659,
2019Q4,,S08000026,,S08000026,d,Emergency Inpatients,,4,,239,924,3.86610878661088,,228,1514,6.64035087719298,
2020Q1,,S08000026,,S08000026,d,Emergency Inpatients,,4,,240,974,4.05833333333333,,226,1299,5.74778761061947,
2020Q2,,S08000026,,S08000026,d,Emergency Inpatients,,4,,182,600,3.2967032967033,,169,934,5.52662721893491,
2020Q3,,S08000026,,S08000026,d,Emergency Inpatients,,4,,223,741,3.32286995515695,,205,880,4.29268292682927,
2020Q4,,S08000026,,S08000026,d,Emergency Inpatients,,4,,236,853,3.61440677966102,,226,1055,4.66814159292035,
2021Q1,,S08000026,,S08000026,d,Emergency Inpatients,,4,,205,779,3.8,,190,1093,5.75263157894737,
2021Q2,,S08000026,,S08000026,d,Emergency Inpatients,,4,,221,875,3.95927601809955,,201,1257,6.25373134328358,
2021Q3,,S08000026,,S08000026,d,Emergency Inpatients,,4,,265,1014,3.82641509433962,,241,1313,5.44813278008299,
2021Q4,,S08000026,,S08000026,d,Emergency Inpatients,,4,,260,1026,3.94615384615385,,251,1462,5.82470119521912,
2022Q1,,S08000026,,S08000026,d,Emergency Inpatients,,4,,207,859,4.14975845410628,,192,994,5.17708333333333,
2022Q2,,S08000026,,S08000026,d,Emergency Inpatients,,4,,235,1009,4.2936170212766,,221,1218,5.51131221719457,
2022Q3,,S08000026,,S08000026,d,Emergency Inpatients,,4,,234,1356,5.7948717948718,,220,1543,7.01363636363636,
2022Q4,p,S08000026,,S08000026,d,Emergency Inpatients,,4,,195,749,3.84102564102564,,179,1069,5.97206703910615,
2017Q4,,S08000026,,S12000027,,Emergency Inpatients,,2,,49,214,4.36734693877551,,47,218,4.63829787234043,
2018Q1,,S08000026,,S12000027,,Emergency Inpatients,,2,,51,209,4.09803921568627,,47,285,6.06382978723404,
2018Q2,,S08000026,,S12000027,,Emergency Inpatients,,2,,47,255,5.42553191489362,,43,399,9.27906976744186,
2018Q3,,S08000026,,S12000027,,Emergency Inpatients,,2,,56,167,2.98214285714286,,55,180,3.27272727272727,
2018Q4,,S08000026,,S12000027,,Emergency Inpatients,,2,,55,201,3.65454545454545,,56,211,3.76785714285714,
2019Q1,,S08000026,,S12000027,,Emergency Inpatients,,2,,51,246,4.82352941176471,,46,226,4.91304347826087,
2019Q2,,S08000026,,S12000027,,Emergency Inpatients,,2,,55,185,3.36363636363636,,53,293,5.52830188679245,
2019Q3,,S08000026,,S12000027,,Emergency Inpatients,,2,,39,249,6.38461538461539,,36,203,5.63888888888889,
2019Q4,,S08000026,,S12000027,,Emergency Inpatients,,2,,26,163,6.26923076923077,,25,215,8.6,
2020Q1,,S08000026,,S12000027,,Emergency Inpatients,,2,,56,279,4.98214285714286,,51,348,6.8235294117647,
2020Q2,,S08000026,,S12000027,,Emergency Inpatients,,2,,38,82,2.15789473684211,,35,154,4.4,
2020Q3,,S08000026,,S12000027,,Emergency Inpatients,,2,,49,262,5.3469387755102,,48,325,6.77083333333333,
2020Q4,,S08000026,,S12000027,,Emergency Inpatients,,2,,39,157,4.02564102564103,,36,228,6.33333333333333,
2021Q1,,S08000026,,S12000027,,Emergency Inpatients,,2,,47,122,2.59574468085106,,40,201,5.025,
2021Q2,,S08000026,,S12000027,,Emergency Inpatients,,2,,32,90,2.8125,,30,129,4.3,
2021Q3,,S08000026,,S12000027,,Emergency Inpatients,,2,,37,158,4.27027027027027,,36,243,6.75,
2021Q4,,S08000026,,S12000027,,Emergency Inpatients,,2,,39,195,5,,36,208,5.77777777777778,
2022Q1,,S08000026,,S12000027,,Emergency Inpatients,,2,,43,199,4.62790697674419,,41,262,6.39024390243902,
2022Q2,,S08000026,,S12000027,,Emergency Inpatients,,2,,46,147,3.19565217391304,,42,190,4.52380952380952,
2022Q3,,S08000026,,S12000027,,Emergency Inpatients,,2,,45,233,5.17777777777778,,44,331,7.52272727272727,
2022Q4,p,S08000026,,S12000027,,Emergency Inpatients,,2,,41,138,3.36585365853659,,38,148,3.89473684210526,
2017Q4,,S08000026,,S12000027,,Emergency Inpatients,,3,,238,905,3.80252100840336,,229,1130,4.93449781659389,
2018Q1,,S08000026,,S12000027,,Emergency Inpatients,,3,,223,909,4.0762331838565,,204,1052,5.15686274509804,
2018Q2,,S08000026,,S12000027,,Emergency Inpatients,,3,,206,815,3.95631067961165,,193,1102,5.70984455958549,
2018Q3,,S08000026,,S12000027,,Emergency Inpatients,,3,,209,970,4.64114832535885,,194,1107,5.70618556701031,
2018Q4,,S08000026,,S12000027,,Emergency Inpatients,,3,,198,633,3.1969696969697,,189,1077,5.6984126984127,
2019Q1,,S08000026,,S12000027,,Emergency Inpatients,,3,,213,926,4.34741784037559,,193,1105,5.72538860103627,
2019Q2,,S08000026,,S12000027,,Emergency Inpatients,,3,,239,1202,5.02928870292887,,217,1346,6.20276497695852,
2019Q3,,S08000026,,S12000027,,Emergency Inpatients,,3,,233,1032,4.42918454935622,,224,1294,5.77678571428571,
2019Q4,,S08000026,,S12000027,,Emergency Inpatients,,3,,220,1113,5.05909090909091,,200,1360,6.8,
2020Q1,,S08000026,,S12000027,,Emergency Inpatients,,3,,185,923,4.98918918918919,,173,1246,7.20231213872832,
2020Q2,,S08000026,,S12000027,,Emergency Inpatients,,3,,141,534,3.78723404255319,,122,673,5.51639344262295,
2020Q3,,S08000026,,S12000027,,Emergency Inpatients,,3,,214,994,4.64485981308411,,199,1360,6.83417085427136,
2020Q4,,S08000026,,S12000027,,Emergency Inpatients,,3,,183,740,4.04371584699454,,175,1065,6.08571428571429,
2021Q1,,S08000026,,S12000027,,Emergency Inpatients,,3,,199,687,3.45226130653266,,179,997,5.56983240223464,
2021Q2,,S08000026,,S12000027,,Emergency Inpatients,,3,,209,794,3.79904306220096,,195,1232,6.31794871794872,
2021Q3,,S08000026,,S12000027,,Emergency Inpatients,,3,,203,811,3.99507389162562,,182,1025,5.63186813186813,
2021Q4,,S08000026,,S12000027,,Emergency Inpatients,,3,,197,770,3.90862944162437,,189,1320,6.98412698412698,
2022Q1,,S08000026,,S12000027,,Emergency Inpatients,,3,,164,855,5.21341463414634,,153,1022,6.6797385620915,
2022Q2,,S08000026,,S12000027,,Emergency Inpatients,,3,,199,1072,5.38693467336683,,185,1357,7.33513513513514,
2022Q3,,S08000026,,S12000027,,Emergency Inpatients,,3,,210,1074,5.11428571428571,,193,1205,6.24352331606218,
2022Q4,p,S08000026,,S12000027,,Emergency Inpatients,,3,,150,778,5.18666666666667,,144,1214,8.43055555555556,
2017Q4,,S08000026,,S12000027,,Emergency Inpatients,,4,,257,1119,4.35408560311284,,241,1715,7.11618257261411,
2018Q1,,S08000026,,S12000027,,Emergency Inpatients,,4,,273,991,3.63003663003663,,263,1481,5.63117870722433,
2018Q2,,S08000026,,S12000027,,Emergency Inpatients,,4,,278,1075,3.86690647482014,,264,1400,5.3030303030303,
2018Q3,,S08000026,,S12000027,,Emergency Inpatients,,4,,229,927,4.04803493449782,,215,1320,6.13953488372093,
2018Q4,,S08000026,,S12000027,,Emergency Inpatients,,4,,284,1185,4.17253521126761,,276,1773,6.42391304347826,
2019Q1,,S08000026,,S12000027,,Emergency Inpatients,,4,,260,1187,4.56538461538462,,233,1379,5.91845493562232,
2019Q2,,S08000026,,S12000027,,Emergency Inpatients,,4,,219,876,4,,209,1218,5.82775119617225,
2019Q3,,S08000026,,S12000027,,Emergency Inpatients,,4,,219,1198,5.4703196347032,,205,1510,7.36585365853659,
2019Q4,,S08000026,,S12000027,,Emergency Inpatients,,4,,239,924,3.86610878661088,,228,1514,6.64035087719298,
2020Q1,,S08000026,,S12000027,,Emergency Inpatients,,4,,240,974,4.05833333333333,,226,1299,5.74778761061947,
2020Q2,,S08000026,,S12000027,,Emergency Inpatients,,4,,182,600,3.2967032967033,,169,934,5.52662721893491,
2020Q3,,S08000026,,S12000027,,Emergency Inpatients,,4,,223,741,3.32286995515695,,205,880,4.29268292682927,
2020Q4,,S08000026,,S12000027,,Emergency Inpatients,,4,,236,853,3.61440677966102,,226,1055,4.66814159292035,
2021Q1,,S08000026,,S12000027,,Emergency Inpatients,,4,,205,779,3.8,,190,1093,5.75263157894737,
2021Q2,,S08000026,,S12000027,,Emergency Inpatients,,4,,221,875,3.95927601809955,,201,1257,6.25373134328358,
2021Q3,,S08000026,,S12000027,,Emergency Inpatients,,4,,265,1014,3.82641509433962,,241,1313,5.44813278008299,
2021Q4,,S08000026,,S12000027,,Emergency Inpatients,,4,,260,1026,3.94615384615385,,251,1462,5.82470119521912,
2022Q1,,S08000026,,S12000027,,Emergency Inpatients,,4,,207,859,4.14975845410628,,192,994,5.17708333333333,
2022Q2,,S08000026,,S12000027,,Emergency Inpatients,,4,,235,1009,4.2936170212766,,221,1218,5.51131221719457,
2022Q3,,S08000026,,S12000027,,Emergency Inpatients,,4,,234,1356,5.7948717948718,,220,1543,7.01363636363636,
2022Q4,p,S08000026,,S12000027,,Emergency Inpatients,,4,,195,749,3.84102564102564,,179,1069,5.97206703910615,
2017Q4,,S08000030,,S12000041,,Emergency Inpatients,,1,,232,498,2.14655172413793,,232,1667,7.18534482758621,
2018Q1,,S08000030,,S12000041,,Emergency Inpatients,,1,,195,486,2.49230769230769,,196,1374,7.01020408163265,
2018Q2,,S08000030,,S12000041,,Emergency Inpatients,,1,,194,544,2.80412371134021,,186,1450,7.79569892473118,
2018Q3,,S08000030,,S12000041,,Emergency Inpatients,,1,,189,418,2.21164021164021,,182,1342,7.37362637362637,
2018Q4,,S08000030,,S12000041,,Emergency Inpatients,,1,,168,419,2.49404761904762,,170,1192,7.01176470588235,
2019Q1,,S08000030,,S12000041,,Emergency Inpatients,,1,,216,616,2.85185185185185,,214,1338,6.25233644859813,
2019Q2,,S08000030,,S12000041,,Emergency Inpatients,,1,,186,534,2.87096774193548,,180,942,5.23333333333333,
2019Q3,,S08000030,,S12000041,,Emergency Inpatients,,1,,148,395,2.66891891891892,,149,1160,7.78523489932886,
2019Q4,,S08000030,,S12000041,,Emergency Inpatients,,1,,184,448,2.43478260869565,,181,956,5.2817679558011,
2020Q1,,S08000030,,S12000041,,Emergency Inpatients,,1,,190,494,2.6,,194,1381,7.11855670103093,
2020Q2,,S08000030,,S12000041,,Emergency Inpatients,,1,,121,303,2.50413223140496,,116,552,4.75862068965517,
2020Q3,,S08000030,,S12000041,,Emergency Inpatients,,1,,172,556,3.23255813953488,,167,1097,6.5688622754491,
2020Q4,,S08000030,,S12000041,,Emergency Inpatients,,1,,214,585,2.73364485981308,,210,1474,7.01904761904762,
2021Q1,,S08000030,,S12000041,,Emergency Inpatients,,1,,163,531,3.25766871165644,,157,1380,8.78980891719745,
2021Q2,,S08000030,,S12000041,,Emergency Inpatients,,1,,185,498,2.69189189189189,,179,983,5.49162011173184,
2021Q3,,S08000030,,S12000041,,Emergency Inpatients,,1,,183,391,2.13661202185792,,182,987,5.42307692307692,
2021Q4,,S08000030,,S12000041,,Emergency Inpatients,,1,,208,759,3.64903846153846,,211,1659,7.86255924170616,
2022Q1,,S08000030,,S12000041,,Emergency Inpatients,,1,,212,532,2.50943396226415,,208,1275,6.12980769230769,
2022Q2,,S08000030,,S12000041,,Emergency Inpatients,,1,,206,509,2.47087378640777,,205,1420,6.92682926829268,
2022Q3,,S08000030,,S12000041,,Emergency Inpatients,,1,,202,493,2.44059405940594,,197,1229,6.23857868020305,
2022Q4,p,S08000030,,S12000041,,Emergency Inpatients,,1,,228,645,2.82894736842105,,217,1433,6.6036866359447,
2017Q4,,S08000030,,S12000041,,Emergency Inpatients,,2,,581,1638,2.81927710843373,,560,4392,7.84285714285714,
2018Q1,,S08000030,,S12000041,,Emergency Inpatients,,2,,602,1510,2.50830564784053,,608,4717,7.75822368421053,
2018Q2,,S08000030,,S12000041,,Emergency Inpatients,,2,,552,1519,2.7518115942029,,552,4681,8.48007246376812,
2018Q3,,S08000030,,S12000041,,Emergency Inpatients,,2,,569,1619,2.84534270650264,,564,4147,7.35283687943262,
2018Q4,,S08000030,,S12000041,,Emergency Inpatients,,2,,522,1297,2.48467432950192,,520,3436,6.60769230769231,
2019Q1,,S08000030,,S12000041,,Emergency Inpatients,,2,,541,1325,2.44916820702403,,529,3735,7.06049149338374,
2019Q2,,S08000030,,S12000041,,Emergency Inpatients,,2,,572,1334,2.33216783216783,,580,3647,6.28793103448276,
2019Q3,,S08000030,,S12000041,,Emergency Inpatients,,2,,571,1724,3.01926444833625,,565,4124,7.29911504424779,
2019Q4,,S08000030,,S12000041,,Emergency Inpatients,,2,,593,1757,2.96290050590219,,579,3756,6.48704663212435,
2020Q1,,S08000030,,S12000041,,Emergency Inpatients,,2,,544,1411,2.59375,,548,4257,7.76824817518248,
2020Q2,,S08000030,,S12000041,,Emergency Inpatients,,2,,404,923,2.28465346534653,,393,2480,6.31043256997456,
2020Q3,,S08000030,,S12000041,,Emergency Inpatients,,2,,513,1285,2.50487329434698,,500,3735,7.47,
2020Q4,,S08000030,,S12000041,,Emergency Inpatients,,2,,538,1307,2.42936802973978,,537,4103,7.64059590316574,
2021Q1,,S08000030,,S12000041,,Emergency Inpatients,,2,,444,1168,2.63063063063063,,437,2975,6.80778032036613,
2021Q2,,S08000030,,S12000041,,Emergency Inpatients,,2,,506,1441,2.84782608695652,,494,3152,6.38056680161943,
2021Q3,,S08000030,,S12000041,,Emergency Inpatients,,2,,526,1455,2.76615969581749,,528,4099,7.76325757575758,
2021Q4,,S08000030,,S12000041,,Emergency Inpatients,,2,,589,1734,2.94397283531409,,572,3996,6.98601398601399,
2022Q1,,S08000030,,S12000041,,Emergency Inpatients,,2,,585,1985,3.39316239316239,,577,3918,6.79029462738302,
2022Q2,,S08000030,,S12000041,,Emergency Inpatients,,2,,573,1472,2.56893542757417,,565,4257,7.53451327433628,
2022Q3,,S08000030,,S12000041,,Emergency Inpatients,,2,,568,1635,2.87852112676056,,546,4166,7.63003663003663,
2022Q4,p,S08000030,,S12000041,,Emergency Inpatients,,2,,573,1169,2.04013961605585,,578,4931,8.53114186851211,
2017Q4,,S08000030,,S12000041,,Emergency Inpatients,,3,,666,1815,2.72522522522523,,645,4851,7.52093023255814,
2018Q1,,S08000030,,S12000041,,Emergency Inpatients,,3,,652,1455,2.23159509202454,,655,5442,8.30839694656489,
2018Q2,,S08000030,,S12000041,,Emergency Inpatients,,3,,719,2284,3.17663421418637,,717,5450,7.60111576011158,
2018Q3,,S08000030,,S12000041,,Emergency Inpatients,,3,,656,2208,3.36585365853659,,642,4812,7.49532710280374,
2018Q4,,S08000030,,S12000041,,Emergency Inpatients,,3,,659,2130,3.23216995447648,,649,5418,8.3482280431433,
2019Q1,,S08000030,,S12000041,,Emergency Inpatients,,3,,693,2129,3.07215007215007,,685,5290,7.72262773722628,
2019Q2,,S08000030,,S12000041,,Emergency Inpatients,,3,,693,2029,2.92784992784993,,695,5171,7.44028776978417,
2019Q3,,S08000030,,S12000041,,Emergency Inpatients,,3,,689,2009,2.91582002902758,,672,4719,7.02232142857143,
2019Q4,,S08000030,,S12000041,,Emergency Inpatients,,3,,734,2107,2.87057220708447,,732,6470,8.83879781420765,
2020Q1,,S08000030,,S12000041,,Emergency Inpatients,,3,,628,1692,2.69426751592357,,645,4943,7.66356589147287,
2020Q2,,S08000030,,S12000041,,Emergency Inpatients,,3,,516,1144,2.21705426356589,,498,2840,5.70281124497992,
2020Q3,,S08000030,,S12000041,,Emergency Inpatients,,3,,651,1637,2.51459293394777,,638,3599,5.641065830721,
2020Q4,,S08000030,,S12000041,,Emergency Inpatients,,3,,589,1748,2.96774193548387,,580,3925,6.76724137931035,
2021Q1,,S08000030,,S12000041,,Emergency Inpatients,,3,,577,1501,2.60138648180243,,574,4866,8.47735191637631,
2021Q2,,S08000030,,S12000041,,Emergency Inpatients,,3,,643,1716,2.66874027993779,,635,4439,6.99055118110236,
2021Q3,,S08000030,,S12000041,,Emergency Inpatients,,3,,620,1672,2.69677419354839,,605,3893,6.43471074380165,
2021Q4,,S08000030,,S12000041,,Emergency Inpatients,,3,,695,1935,2.7841726618705,,684,5249,7.67397660818713,
2022Q1,,S08000030,,S12000041,,Emergency Inpatients,,3,,649,1794,2.76425269645609,,648,4735,7.3070987654321,
2022Q2,,S08000030,,S12000041,,Emergency Inpatients,,3,,687,1980,2.882096069869,,664,5297,7.97740963855422,
2022Q3,,S08000030,,S12000041,,Emergency Inpatients,,3,,625,1225,1.96,,647,5304,8.19783616692427,
2022Q4,p,S08000030,,S12000041,,Emergency Inpatients,,3,,650,2013,3.09692307692308,,634,4917,7.75552050473186,
2017Q4,,S08000030,,S12000041,,Emergency Inpatients,,4,,635,2067,3.25511811023622,,623,4837,7.76404494382022,
2018Q1,,S08000030,,S12000041,,Emergency Inpatients,,4,,598,1855,3.10200668896321,,592,5193,8.77195945945946,
2018Q2,,S08000030,,S12000041,,Emergency Inpatients,,4,,592,1696,2.86486486486486,,597,4989,8.35678391959799,
2018Q3,,S08000030,,S12000041,,Emergency Inpatients,,4,,606,1733,2.85973597359736,,588,4218,7.1734693877551,
2018Q4,,S08000030,,S12000041,,Emergency Inpatients,,4,,677,2171,3.20679468242245,,667,4743,7.11094452773613,
2019Q1,,S08000030,,S12000041,,Emergency Inpatients,,4,,678,2110,3.11209439528024,,665,4107,6.17593984962406,
2019Q2,,S08000030,,S12000041,,Emergency Inpatients,,4,,691,1859,2.69030390738061,,681,4788,7.03083700440529,
2019Q3,,S08000030,,S12000041,,Emergency Inpatients,,4,,676,1929,2.85355029585799,,681,4509,6.62114537444934,
2019Q4,,S08000030,,S12000041,,Emergency Inpatients,,4,,696,1633,2.34626436781609,,685,4142,6.04671532846715,
2020Q1,,S08000030,,S12000041,,Emergency Inpatients,,4,,556,1574,2.83093525179856,,568,4305,7.57922535211268,
2020Q2,,S08000030,,S12000041,,Emergency Inpatients,,4,,485,1216,2.50721649484536,,477,2625,5.50314465408805,
2020Q3,,S08000030,,S12000041,,Emergency Inpatients,,4,,570,1605,2.81578947368421,,554,4004,7.22743682310469,
2020Q4,,S08000030,,S12000041,,Emergency Inpatients,,4,,540,1534,2.84074074074074,,535,3837,7.17196261682243,
2021Q1,,S08000030,,S12000041,,Emergency Inpatients,,4,,533,1543,2.89493433395872,,530,4172,7.87169811320755,
2021Q2,,S08000030,,S12000041,,Emergency Inpatients,,4,,618,1744,2.82200647249191,,617,4255,6.89627228525122,
2021Q3,,S08000030,,S12000041,,Emergency Inpatients,,4,,587,1800,3.0664395229983,,578,4036,6.98269896193772,
2021Q4,,S08000030,,S12000041,,Emergency Inpatients,,4,,588,1668,2.83673469387755,,575,4010,6.97391304347826,
2022Q1,,S08000030,,S12000041,,Emergency Inpatients,,4,,612,1711,2.79575163398693,,591,3896,6.5922165820643,
2022Q2,,S08000030,,S12000041,,Emergency Inpatients,,4,,654,1579,2.41437308868502,,632,3832,6.06329113924051,
2022Q3,,S08000030,,S12000041,,Emergency Inpatients,,4,,630,1469,2.33174603174603,,625,5106,8.1696,
2022Q4,p,S08000030,,S12000041,,Emergency Inpatients,,4,,689,1679,2.43686502177068,,694,4831,6.96109510086455,
2017Q4,,S08000030,,S12000041,,Emergency Inpatients,,5,,253,689,2.72332015810277,,244,1680,6.88524590163934,
2018Q1,,S08000030,,S12000041,,Emergency Inpatients,,5,,254,910,3.58267716535433,,258,2077,8.05038759689922,
2018Q2,,S08000030,,S12000041,,Emergency Inpatients,,5,,238,661,2.77731092436975,,229,1700,7.4235807860262,
2018Q3,,S08000030,,S12000041,,Emergency Inpatients,,5,,226,540,2.38938053097345,,228,1660,7.28070175438596,
2018Q4,,S08000030,,S12000041,,Emergency Inpatients,,5,,254,834,3.28346456692913,,246,2076,8.4390243902439,
2019Q1,,S08000030,,S12000041,,Emergency Inpatients,,5,,253,828,3.27272727272727,,251,2142,8.53386454183267,
2019Q2,,S08000030,,S12000041,,Emergency Inpatients,,5,,255,830,3.25490196078431,,257,2235,8.69649805447471,
2019Q3,,S08000030,,S12000041,,Emergency Inpatients,,5,,243,775,3.18930041152263,,241,1922,7.97510373443983,
2019Q4,,S08000030,,S12000041,,Emergency Inpatients,,5,,218,646,2.96330275229358,,219,1724,7.87214611872146,
2020Q1,,S08000030,,S12000041,,Emergency Inpatients,,5,,210,570,2.71428571428571,,210,1632,7.77142857142857,
2020Q2,,S08000030,,S12000041,,Emergency Inpatients,,5,,192,432,2.25,,186,1054,5.66666666666667,
2020Q3,,S08000030,,S12000041,,Emergency Inpatients,,5,,206,483,2.34466019417476,,205,1216,5.93170731707317,
2020Q4,,S08000030,,S12000041,,Emergency Inpatients,,5,,216,913,4.22685185185185,,202,1707,8.45049504950495,
2021Q1,,S08000030,,S12000041,,Emergency Inpatients,,5,,195,492,2.52307692307692,,203,1914,9.42857142857143,
2021Q2,,S08000030,,S12000041,,Emergency Inpatients,,5,,199,599,3.01005025125628,,200,1475,7.375,
2021Q3,,S08000030,,S12000041,,Emergency Inpatients,,5,,260,715,2.75,,251,1468,5.84860557768924,
2021Q4,,S08000030,,S12000041,,Emergency Inpatients,,5,,245,610,2.48979591836735,,249,1927,7.73895582329317,
2022Q1,,S08000030,,S12000041,,Emergency Inpatients,,5,,210,593,2.82380952380952,,203,1462,7.20197044334975,
2022Q2,,S08000030,,S12000041,,Emergency Inpatients,,5,,215,420,1.95348837209302,,209,1334,6.38277511961723,
2022Q3,,S08000030,,S12000041,,Emergency Inpatients,,5,,238,526,2.21008403361345,,240,1448,6.03333333333333,
2022Q4,p,S08000030,,S12000041,,Emergency Inpatients,,5,,243,613,2.52263374485597,,240,2004,8.35,
2017Q4,,S08000030,,S12000042,,Emergency Inpatients,,1,,1526,3787,2.48165137614679,,1487,10634,7.15131136516476,
2018Q1,,S08000030,,S12000042,,Emergency Inpatients,,1,,1465,3639,2.4839590443686,,1463,10768,7.36021872863978,
2018Q2,,S08000030,,S12000042,,Emergency Inpatients,,1,,1474,3956,2.68385345997286,,1458,12184,8.35665294924554,
2018Q3,,S08000030,,S12000042,,Emergency Inpatients,,1,,1480,3738,2.52567567567568,,1488,12030,8.08467741935484,
2018Q4,,S08000030,,S12000042,,Emergency Inpatients,,1,,1459,3478,2.38382453735435,,1432,10033,7.00628491620112,
2019Q1,,S08000030,,S12000042,,Emergency Inpatients,,1,,1416,3481,2.45833333333333,,1410,11577,8.21063829787234,
2019Q2,,S08000030,,S12000042,,Emergency Inpatients,,1,,1455,3466,2.38213058419244,,1437,10307,7.17258176757133,
2019Q3,,S08000030,,S12000042,,Emergency Inpatients,,1,,1484,4134,2.78571428571429,,1460,11293,7.73493150684931,
2019Q4,,S08000030,,S12000042,,Emergency Inpatients,,1,,1468,3386,2.30653950953678,,1449,10229,7.05935127674258,
2020Q1,,S08000030,,S12000042,,Emergency Inpatients,,1,,1465,4054,2.76723549488055,,1460,11416,7.81917808219178,
2020Q2,,S08000030,,S12000042,,Emergency Inpatients,,1,,1243,2601,2.09251810136766,,1242,7317,5.89130434782609,
2020Q3,,S08000030,,S12000042,,Emergency Inpatients,,1,,1432,3538,2.47067039106145,,1413,8290,5.86694975230007,
2020Q4,,S08000030,,S12000042,,Emergency Inpatients,,1,,1396,3351,2.40042979942693,,1391,9454,6.79654924514738,
2021Q1,,S08000030,,S12000042,,Emergency Inpatients,,1,,1326,3605,2.71870286576169,,1314,9771,7.43607305936073,
2021Q2,,S08000030,,S12000042,,Emergency Inpatients,,1,,1371,3251,2.37126185266229,,1356,8624,6.3598820058997,
2021Q3,,S08000030,,S12000042,,Emergency Inpatients,,1,,1434,3566,2.48675034867503,,1421,8820,6.20689655172414,
2021Q4,,S08000030,,S12000042,,Emergency Inpatients,,1,,1453,4250,2.92498279421886,,1426,9552,6.6984572230014,
2022Q1,,S08000030,,S12000042,,Emergency Inpatients,,1,,1448,3662,2.52900552486188,,1443,9673,6.7033957033957,
2022Q2,,S08000030,,S12000042,,Emergency Inpatients,,1,,1404,3659,2.60612535612536,,1381,10402,7.53222302679218,
2022Q3,,S08000030,,S12000042,,Emergency Inpatients,,1,,1414,4259,3.01202263083451,,1393,10717,7.69346733668342,
2022Q4,p,S08000030,,S12000042,,Emergency Inpatients,,1,,1386,3675,2.65151515151515,,1376,10925,7.93968023255814,
2017Q4,,S08000030,,S12000042,,Emergency Inpatients,,2,,719,1947,2.70792767732962,,693,5661,8.16883116883117,
2018Q1,,S08000030,,S12000042,,Emergency Inpatients,,2,,655,1824,2.78473282442748,,663,6360,9.59276018099547,
2018Q2,,S08000030,,S12000042,,Emergency Inpatients,,2,,688,1755,2.55087209302326,,687,5158,7.5080058224163,
2018Q3,,S08000030,,S12000042,,Emergency Inpatients,,2,,736,2003,2.72146739130435,,723,5831,8.06500691562932,
2018Q4,,S08000030,,S12000042,,Emergency Inpatients,,2,,681,1633,2.39794419970631,,669,5678,8.48729446935725,
2019Q1,,S08000030,,S12000042,,Emergency Inpatients,,2,,693,1822,2.62914862914863,,681,5962,8.75477239353891,
2019Q2,,S08000030,,S12000042,,Emergency Inpatients,,2,,619,1679,2.7124394184168,,621,5017,8.07890499194847,
2019Q3,,S08000030,,S12000042,,Emergency Inpatients,,2,,684,1834,2.6812865497076,,678,5522,8.14454277286136,
2019Q4,,S08000030,,S12000042,,Emergency Inpatients,,2,,713,1570,2.20196353436185,,694,4942,7.12103746397695,
2020Q1,,S08000030,,S12000042,,Emergency Inpatients,,2,,684,1630,2.38304093567251,,697,6336,9.09038737446198,
2020Q2,,S08000030,,S12000042,,Emergency Inpatients,,2,,517,1255,2.42746615087041,,511,3672,7.18590998043053,
2020Q3,,S08000030,,S12000042,,Emergency Inpatients,,2,,631,1557,2.4675118858954,,627,5048,8.05103668261563,
2020Q4,,S08000030,,S12000042,,Emergency Inpatients,,2,,617,1705,2.76337115072934,,612,4535,7.41013071895425,
2021Q1,,S08000030,,S12000042,,Emergency Inpatients,,2,,598,2041,3.41304347826087,,593,4505,7.59696458684654,
2021Q2,,S08000030,,S12000042,,Emergency Inpatients,,2,,616,1509,2.44967532467532,,607,3767,6.20593080724876,
2021Q3,,S08000030,,S12000042,,Emergency Inpatients,,2,,652,1982,3.0398773006135,,641,5451,8.50390015600624,
2021Q4,,S08000030,,S12000042,,Emergency Inpatients,,2,,672,1726,2.56845238095238,,656,4958,7.55792682926829,
2022Q1,,S08000030,,S12000042,,Emergency Inpatients,,2,,621,1842,2.96618357487923,,636,5797,9.11477987421384,
2022Q2,,S08000030,,S12000042,,Emergency Inpatients,,2,,634,1261,1.98895899053628,,633,4683,7.39810426540284,
2022Q3,,S08000030,,S12000042,,Emergency Inpatients,,2,,605,1381,2.28264462809917,,587,3921,6.67972742759796,
2022Q4,p,S08000030,,S12000042,,Emergency Inpatients,,2,,656,2110,3.21646341463415,,643,5385,8.37480559875583,
2017Q4,,S08000030,,S12000042,,Emergency Inpatients,,3,,324,825,2.5462962962963,,327,2989,9.14067278287462,
2018Q1,,S08000030,,S12000042,,Emergency Inpatients,,3,,313,736,2.35143769968051,,313,2182,6.97124600638978,
2018Q2,,S08000030,,S12000042,,Emergency Inpatients,,3,,324,844,2.60493827160494,,317,2604,8.21451104100946,
2018Q3,,S08000030,,S12000042,,Emergency Inpatients,,3,,308,903,2.93181818181818,,302,2061,6.82450331125828,
2018Q4,,S08000030,,S12000042,,Emergency Inpatients,,3,,316,994,3.14556962025316,,313,2708,8.6517571884984,
2019Q1,,S08000030,,S12000042,,Emergency Inpatients,,3,,319,1045,3.27586206896552,,315,2786,8.84444444444444,
2019Q2,,S08000030,,S12000042,,Emergency Inpatients,,3,,298,571,1.91610738255034,,294,2387,8.11904761904762,
2019Q3,,S08000030,,S12000042,,Emergency Inpatients,,3,,283,694,2.45229681978799,,276,2549,9.23550724637681,
2019Q4,,S08000030,,S12000042,,Emergency Inpatients,,3,,306,884,2.88888888888889,,302,2667,8.83112582781457,
2020Q1,,S08000030,,S12000042,,Emergency Inpatients,,3,,319,768,2.40752351097179,,327,2706,8.27522935779817,
2020Q2,,S08000030,,S12000042,,Emergency Inpatients,,3,,245,507,2.06938775510204,,235,1727,7.34893617021277,
2020Q3,,S08000030,,S12000042,,Emergency Inpatients,,3,,260,732,2.81538461538462,,259,1900,7.33590733590734,
2020Q4,,S08000030,,S12000042,,Emergency Inpatients,,3,,277,753,2.71841155234657,,283,2247,7.93992932862191,
2021Q1,,S08000030,,S12000042,,Emergency Inpatients,,3,,266,847,3.18421052631579,,254,1768,6.96062992125984,
2021Q2,,S08000030,,S12000042,,Emergency Inpatients,,3,,323,858,2.65634674922601,,317,2211,6.97476340694006,
2021Q3,,S08000030,,S12000042,,Emergency Inpatients,,3,,301,1023,3.39867109634551,,298,2539,8.52013422818792,
2021Q4,,S08000030,,S12000042,,Emergency Inpatients,,3,,312,896,2.87179487179487,,317,2429,7.66246056782334,
2022Q1,,S08000030,,S12000042,,Emergency Inpatients,,3,,309,726,2.3495145631068,,307,2341,7.62540716612378,
2022Q2,,S08000030,,S12000042,,Emergency Inpatients,,3,,321,847,2.6386292834891,,320,2691,8.409375,
2022Q3,,S08000030,,S12000042,,Emergency Inpatients,,3,,294,658,2.23809523809524,,292,2224,7.61643835616438,
2022Q4,p,S08000030,,S12000042,,Emergency Inpatients,,3,,285,781,2.74035087719298,,285,2133,7.48421052631579,
2017Q4,,S08000030,,S12000042,,Emergency Inpatients,,4,,395,1177,2.97974683544304,,397,3745,9.43324937027708,
2018Q1,,S08000030,,S12000042,,Emergency Inpatients,,4,,408,1157,2.83578431372549,,401,3280,8.17955112219451,
2018Q2,,S08000030,,S12000042,,Emergency Inpatients,,4,,415,1023,2.46506024096386,,400,3028,7.57,
2018Q3,,S08000030,,S12000042,,Emergency Inpatients,,4,,404,1106,2.73762376237624,,404,2823,6.98762376237624,
2018Q4,,S08000030,,S12000042,,Emergency Inpatients,,4,,392,1205,3.07397959183673,,388,3645,9.39432989690722,
2019Q1,,S08000030,,S12000042,,Emergency Inpatients,,4,,419,1013,2.41766109785203,,409,4401,10.760391198044,
2019Q2,,S08000030,,S12000042,,Emergency Inpatients,,4,,385,904,2.34805194805195,,396,3058,7.72222222222222,
2019Q3,,S08000030,,S12000042,,Emergency Inpatients,,4,,363,912,2.51239669421488,,360,2619,7.275,
2019Q4,,S08000030,,S12000042,,Emergency Inpatients,,4,,409,1096,2.67970660146699,,398,3141,7.89195979899498,
2020Q1,,S08000030,,S12000042,,Emergency Inpatients,,4,,404,861,2.13118811881188,,414,3314,8.0048309178744,
2020Q2,,S08000030,,S12000042,,Emergency Inpatients,,4,,372,825,2.21774193548387,,379,2155,5.68601583113456,
2020Q3,,S08000030,,S12000042,,Emergency Inpatients,,4,,383,706,1.84334203655352,,367,2758,7.5149863760218,
2020Q4,,S08000030,,S12000042,,Emergency Inpatients,,4,,405,1027,2.5358024691358,,404,2898,7.17326732673267,
2021Q1,,S08000030,,S12000042,,Emergency Inpatients,,4,,372,1033,2.77688172043011,,372,2940,7.90322580645161,
2021Q2,,S08000030,,S12000042,,Emergency Inpatients,,4,,371,1109,2.98921832884097,,361,2389,6.61772853185596,
2021Q3,,S08000030,,S12000042,,Emergency Inpatients,,4,,398,1582,3.9748743718593,,389,3158,8.11825192802057,
2021Q4,,S08000030,,S12000042,,Emergency Inpatients,,4,,427,1268,2.96955503512881,,421,3504,8.3230403800475,
2022Q1,,S08000030,,S12000042,,Emergency Inpatients,,4,,417,1211,2.90407673860911,,424,3644,8.59433962264151,
2022Q2,,S08000030,,S12000042,,Emergency Inpatients,,4,,423,987,2.33333333333333,,406,2264,5.57635467980296,
2022Q3,,S08000030,,S12000042,,Emergency Inpatients,,4,,392,1174,2.99489795918367,,392,2996,7.64285714285714,
2022Q4,p,S08000030,,S12000042,,Emergency Inpatients,,4,,450,1255,2.78888888888889,,446,3752,8.41255605381166,
2017Q4,,S08000030,,S12000042,,Emergency Inpatients,,5,,502,1412,2.81274900398406,,488,3925,8.04303278688525,
2018Q1,,S08000030,,S12000042,,Emergency Inpatients,,5,,468,1332,2.84615384615385,,473,4627,9.78224101479915,
2018Q2,,S08000030,,S12000042,,Emergency Inpatients,,5,,397,3913,9.85642317380353,,400,6299,15.7475,
2018Q3,,S08000030,,S12000042,,Emergency Inpatients,,5,,387,917,2.36950904392765,,379,3034,8.00527704485488,
2018Q4,,S08000030,,S12000042,,Emergency Inpatients,,5,,427,1280,2.99765807962529,,428,3560,8.31775700934579,
2019Q1,,S08000030,,S12000042,,Emergency Inpatients,,5,,392,1283,3.27295918367347,,383,2978,7.77545691906005,
2019Q2,,S08000030,,S12000042,,Emergency Inpatients,,5,,408,1179,2.88970588235294,,394,3474,8.81725888324873,
2019Q3,,S08000030,,S12000042,,Emergency Inpatients,,5,,412,1128,2.7378640776699,,410,3862,9.41951219512195,
2019Q4,,S08000030,,S12000042,,Emergency Inpatients,,5,,390,1034,2.65128205128205,,391,4757,12.1662404092072,
2020Q1,,S08000030,,S12000042,,Emergency Inpatients,,5,,388,1104,2.84536082474227,,397,3321,8.36523929471033,
2020Q2,,S08000030,,S12000042,,Emergency Inpatients,,5,,339,807,2.38053097345133,,336,2211,6.58035714285714,
2020Q3,,S08000030,,S12000042,,Emergency Inpatients,,5,,381,1070,2.80839895013123,,377,2641,7.0053050397878,
2020Q4,,S08000030,,S12000042,,Emergency Inpatients,,5,,392,973,2.48214285714286,,380,2639,6.94473684210526,
2021Q1,,S08000030,,S12000042,,Emergency Inpatients,,5,,406,1153,2.83990147783251,,409,3661,8.95110024449878,
2021Q2,,S08000030,,S12000042,,Emergency Inpatients,,5,,358,958,2.67597765363128,,346,2565,7.41329479768786,
2021Q3,,S08000030,,S12000042,,Emergency Inpatients,,5,,371,1255,3.38274932614555,,374,3486,9.32085561497326,
2021Q4,,S08000030,,S12000042,,Emergency Inpatients,,5,,450,1377,3.06,,447,3500,7.82997762863535,
2022Q1,,S08000030,,S12000042,,Emergency Inpatients,,5,,403,1258,3.12158808933002,,400,3310,8.275,
2022Q2,,S08000030,,S12000042,,Emergency Inpatients,,5,,419,1206,2.87828162291169,,411,4149,10.0948905109489,
2022Q3,,S08000030,,S12000042,,Emergency Inpatients,,5,,409,991,2.42298288508557,,405,3158,7.79753086419753,
2022Q4,p,S08000030,,S12000042,,Emergency Inpatients,,5,,461,1879,4.07592190889371,,463,4706,10.1641468682505,
2017Q4,,S08000030,,S08000030,d,Emergency Inpatients,,1,,1971,4863,2.46727549467276,,1920,13475,7.01822916666667,
2018Q1,,S08000030,,S08000030,d,Emergency Inpatients,,1,,1885,4949,2.62546419098143,,1887,13795,7.3105458399576,
2018Q2,,S08000030,,S08000030,d,Emergency Inpatients,,1,,1903,5192,2.72832369942197,,1876,14934,7.96055437100213,
2018Q3,,S08000030,,S08000030,d,Emergency Inpatients,,1,,1945,4878,2.50796915167095,,1946,14878,7.64542651593011,
2018Q4,,S08000030,,S08000030,d,Emergency Inpatients,,1,,1896,4663,2.45938818565401,,1855,12794,6.89703504043127,
2019Q1,,S08000030,,S08000030,d,Emergency Inpatients,,1,,1909,4982,2.60974332111053,,1911,14955,7.82574568288854,
2019Q2,,S08000030,,S08000030,d,Emergency Inpatients,,1,,1879,4493,2.39116551357105,,1856,12588,6.7823275862069,
2019Q3,,S08000030,,S08000030,d,Emergency Inpatients,,1,,1908,5062,2.65303983228512,,1878,13834,7.36634717784878,
2019Q4,,S08000030,,S08000030,d,Emergency Inpatients,,1,,1901,4310,2.26722777485534,,1878,12513,6.6629392971246,
2020Q1,,S08000030,,S08000030,d,Emergency Inpatients,,1,,1905,4981,2.61469816272966,,1904,14303,7.51207983193277,
2020Q2,,S08000030,,S08000030,d,Emergency Inpatients,,1,,1563,3161,2.02239283429303,,1554,8744,5.62676962676963,
2020Q3,,S08000030,,S08000030,d,Emergency Inpatients,,1,,1835,4421,2.40926430517711,,1808,10366,5.73340707964602,
2020Q4,,S08000030,,S08000030,d,Emergency Inpatients,,1,,1819,4384,2.41011544804838,,1798,12254,6.81535038932147,
2021Q1,,S08000030,,S08000030,d,Emergency Inpatients,,1,,1738,4576,2.63291139240506,,1716,12869,7.49941724941725,
2021Q2,,S08000030,,S08000030,d,Emergency Inpatients,,1,,1821,4203,2.30807248764415,,1796,11282,6.28173719376392,
2021Q3,,S08000030,,S08000030,d,Emergency Inpatients,,1,,1846,4495,2.43499458288191,,1835,11699,6.37547683923706,
2021Q4,,S08000030,,S08000030,d,Emergency Inpatients,,1,,1913,5529,2.89022477783586,,1886,12879,6.8287380699894,
2022Q1,,S08000030,,S08000030,d,Emergency Inpatients,,1,,1912,4727,2.47228033472803,,1898,12521,6.59694415173867,
2022Q2,,S08000030,,S08000030,d,Emergency Inpatients,,1,,1875,4896,2.6112,,1847,13952,7.55387114239307,
2022Q3,,S08000030,,S08000030,d,Emergency Inpatients,,1,,1878,5200,2.76890308839191,,1844,13867,7.52006507592191,
2022Q4,p,S08000030,,S08000030,d,Emergency Inpatients,,1,,1890,4793,2.53597883597884,,1866,14589,7.81832797427653,
2017Q4,,S08000030,,S08000030,d,Emergency Inpatients,,2,,1776,4958,2.79166666666667,,1720,13136,7.63720930232558,
2018Q1,,S08000030,,S08000030,d,Emergency Inpatients,,2,,1751,4951,2.8275271273558,,1767,14315,8.10130164119977,
2018Q2,,S08000030,,S08000030,d,Emergency Inpatients,,2,,1686,4805,2.84994068801898,,1669,13291,7.96345116836429,
2018Q3,,S08000030,,S08000030,d,Emergency Inpatients,,2,,1769,5079,2.87111362351611,,1745,13243,7.589111747851,
2018Q4,,S08000030,,S08000030,d,Emergency Inpatients,,2,,1666,4388,2.63385354141657,,1654,13026,7.87545344619105,
2019Q1,,S08000030,,S08000030,d,Emergency Inpatients,,2,,1710,4399,2.57251461988304,,1679,12838,7.64621798689696,
2019Q2,,S08000030,,S08000030,d,Emergency Inpatients,,2,,1723,4247,2.4648868253047,,1720,12464,7.24651162790698,
2019Q3,,S08000030,,S08000030,d,Emergency Inpatients,,2,,1751,4878,2.78583666476299,,1727,13181,7.63231036479444,
2019Q4,,S08000030,,S08000030,d,Emergency Inpatients,,2,,1825,4624,2.53369863013699,,1805,13004,7.20443213296399,
2020Q1,,S08000030,,S08000030,d,Emergency Inpatients,,2,,1747,4349,2.48941041785919,,1763,13780,7.81622234826999,
2020Q2,,S08000030,,S08000030,d,Emergency Inpatients,,2,,1405,3027,2.15444839857651,,1385,8906,6.43032490974729,
2020Q3,,S08000030,,S08000030,d,Emergency Inpatients,,2,,1671,3793,2.26989826451227,,1639,11516,7.02623550945699,
2020Q4,,S08000030,,S08000030,d,Emergency Inpatients,,2,,1697,4424,2.60695344725987,,1690,12307,7.28224852071006,
2021Q1,,S08000030,,S08000030,d,Emergency Inpatients,,2,,1517,4309,2.84047462096243,,1499,11250,7.50500333555704,
2021Q2,,S08000030,,S08000030,d,Emergency Inpatients,,2,,1615,3873,2.39814241486068,,1581,9967,6.30423782416192,
2021Q3,,S08000030,,S08000030,d,Emergency Inpatients,,2,,1670,4542,2.71976047904192,,1665,13850,8.31831831831832,
2021Q4,,S08000030,,S08000030,d,Emergency Inpatients,,2,,1743,4538,2.6035570854848,,1694,12114,7.15112160566706,
2022Q1,,S08000030,,S08000030,d,Emergency Inpatients,,2,,1772,4945,2.79063205417607,,1769,13201,7.4624081401922,
2022Q2,,S08000030,,S08000030,d,Emergency Inpatients,,2,,1766,4149,2.34937712344281,,1743,13852,7.94721744119335,
2022Q3,,S08000030,,S08000030,d,Emergency Inpatients,,2,,1691,4079,2.41218214074512,,1652,13000,7.86924939467312,
2022Q4,p,S08000030,,S08000030,d,Emergency Inpatients,,2,,1774,4404,2.48252536640361,,1763,13925,7.89846851956892,
2017Q4,,S08000030,,S08000030,d,Emergency Inpatients,,3,,1676,5064,3.02147971360382,,1644,13342,8.11557177615572,
2018Q1,,S08000030,,S08000030,d,Emergency Inpatients,,3,,1644,4455,2.70985401459854,,1648,13446,8.15898058252427,
2018Q2,,S08000030,,S08000030,d,Emergency Inpatients,,3,,1770,5623,3.17683615819209,,1726,13110,7.59559675550406,
2018Q3,,S08000030,,S08000030,d,Emergency Inpatients,,3,,1750,5306,3.032,,1728,12661,7.32696759259259,
2018Q4,,S08000030,,S08000030,d,Emergency Inpatients,,3,,1743,5479,3.14343086632243,,1710,14144,8.27134502923977,
2019Q1,,S08000030,,S08000030,d,Emergency Inpatients,,3,,1774,5339,3.00958286358512,,1753,14122,8.05590416428979,
2019Q2,,S08000030,,S08000030,d,Emergency Inpatients,,3,,1736,4369,2.51670506912442,,1731,13558,7.83246678220682,
2019Q3,,S08000030,,S08000030,d,Emergency Inpatients,,3,,1781,4345,2.43964065131948,,1742,12772,7.33180252583238,
2019Q4,,S08000030,,S08000030,d,Emergency Inpatients,,3,,1872,4852,2.5918803418803402,,1853,15413,8.31786292498651,
2020Q1,,S08000030,,S08000030,d,Emergency Inpatients,,3,,1701,4306,2.53145208700764,,1729,14515,8.39502602660497,
2020Q2,,S08000030,,S08000030,d,Emergency Inpatients,,3,,1390,3000,2.15827338129496,,1358,9113,6.71060382916053,
2020Q3,,S08000030,,S08000030,d,Emergency Inpatients,,3,,1725,3964,2.29797101449275,,1692,10749,6.35283687943262,
2020Q4,,S08000030,,S08000030,d,Emergency Inpatients,,3,,1582,4196,2.65233881163085,,1566,11047,7.05427841634738,
2021Q1,,S08000030,,S08000030,d,Emergency Inpatients,,3,,1539,4334,2.81611435997401,,1521,12701,8.35042735042735,
2021Q2,,S08000030,,S08000030,d,Emergency Inpatients,,3,,1770,4553,2.57231638418079,,1738,13122,7.55005753739931,
2021Q3,,S08000030,,S08000030,d,Emergency Inpatients,,3,,1679,4544,2.70637284097677,,1657,12559,7.57936028968015,
2021Q4,,S08000030,,S08000030,d,Emergency Inpatients,,3,,1790,4573,2.55474860335196,,1769,14252,8.05652911249293,
2022Q1,,S08000030,,S08000030,d,Emergency Inpatients,,3,,1688,4436,2.62796208530806,,1689,13617,8.06216696269982,
2022Q2,,S08000030,,S08000030,d,Emergency Inpatients,,3,,1809,5018,2.7739082365948,,1787,14491,8.10912143256855,
2022Q3,,S08000030,,S08000030,d,Emergency Inpatients,,3,,1725,3629,2.10376811594203,,1725,13565,7.86376811594203,
2022Q4,p,S08000030,,S08000030,d,Emergency Inpatients,,3,,1827,4916,2.69074986316366,,1789,13666,7.63890441587479,
2017Q4,,S08000030,,S08000030,d,Emergency Inpatients,,4,,2097,6678,3.18454935622318,,2073,16752,8.08104196816208,
2018Q1,,S08000030,,S08000030,d,Emergency Inpatients,,4,,2078,6689,3.21896053897979,,2054,17556,8.54722492697176,
2018Q2,,S08000030,,S08000030,d,Emergency Inpatients,,4,,1992,6205,3.11495983935743,,1968,16418,8.34247967479675,
2018Q3,,S08000030,,S08000030,d,Emergency Inpatients,,4,,2032,5748,2.82874015748031,,2001,14146,7.06946526736632,
2018Q4,,S08000030,,S08000030,d,Emergency Inpatients,,4,,2084,6025,2.89107485604607,,2053,15489,7.54456892352655,
2019Q1,,S08000030,,S08000030,d,Emergency Inpatients,,4,,2148,6058,2.82029795158287,,2109,15940,7.55808440018966,
2019Q2,,S08000030,,S08000030,d,Emergency Inpatients,,4,,2160,5437,2.51712962962963,,2143,15852,7.3971068595427,
2019Q3,,S08000030,,S08000030,d,Emergency Inpatients,,4,,2115,5297,2.50449172576832,,2080,14529,6.98509615384615,
2019Q4,,S08000030,,S08000030,d,Emergency Inpatients,,4,,2250,5389,2.39511111111111,,2202,16268,7.38782924613987,
2020Q1,,S08000030,,S08000030,d,Emergency Inpatients,,4,,2009,5189,2.58287705326033,,2050,17958,8.76,
2020Q2,,S08000030,,S08000030,d,Emergency Inpatients,,4,,1765,3971,2.24985835694051,,1736,11086,6.38594470046083,
2020Q3,,S08000030,,S08000030,d,Emergency Inpatients,,4,,1961,4544,2.31718510963794,,1917,13895,7.24830464267084,
2020Q4,,S08000030,,S08000030,d,Emergency Inpatients,,4,,1945,4739,2.43650385604113,,1918,13575,7.07768508863399,
2021Q1,,S08000030,,S08000030,d,Emergency Inpatients,,4,,1899,4874,2.5666140073723,,1876,14507,7.73294243070362,
2021Q2,,S08000030,,S08000030,d,Emergency Inpatients,,4,,1987,5111,2.57221942627076,,1961,14205,7.24375318714941,
2021Q3,,S08000030,,S08000030,d,Emergency Inpatients,,4,,1970,5626,2.85583756345178,,1927,14648,7.60145303580695,
2021Q4,,S08000030,,S08000030,d,Emergency Inpatients,,4,,2153,5950,2.76358569437993,,2113,16942,8.01798390913393,
2022Q1,,S08000030,,S08000030,d,Emergency Inpatients,,4,,2179,5926,2.71959614502065,,2155,17384,8.06682134570766,
2022Q2,,S08000030,,S08000030,d,Emergency Inpatients,,4,,2263,5558,2.45603181617322,,2191,15698,7.16476494751255,
2022Q3,,S08000030,,S08000030,d,Emergency Inpatients,,4,,2248,5589,2.48620996441281,,2224,18617,8.37095323741007,
2022Q4,p,S08000030,,S08000030,d,Emergency Inpatients,,4,,2360,5733,2.42923728813559,,2364,18540,7.84263959390863,
2017Q4,,S08000030,,S08000030,d,Emergency Inpatients,,5,,1408,4425,3.14275568181818,,1377,11256,8.17429193899782,
2018Q1,,S08000030,,S08000030,d,Emergency Inpatients,,5,,1322,4510,3.41149773071104,,1336,11835,8.85853293413174,
2018Q2,,S08000030,,S08000030,d,Emergency Inpatients,,5,,1242,6744,5.42995169082126,,1222,13028,10.6612111292962,
2018Q3,,S08000030,,S08000030,d,Emergency Inpatients,,5,,1233,3219,2.61070559610706,,1207,9179,7.60480530240265,
2018Q4,,S08000030,,S08000030,d,Emergency Inpatients,,5,,1334,3970,2.976011994003,,1326,10651,8.03242835595777,
2019Q1,,S08000030,,S08000030,d,Emergency Inpatients,,5,,1300,4163,3.20230769230769,,1291,10613,8.22075910147173,
2019Q2,,S08000030,,S08000030,d,Emergency Inpatients,,5,,1388,4215,3.03674351585014,,1344,10443,7.77008928571429,
2019Q3,,S08000030,,S08000030,d,Emergency Inpatients,,5,,1325,3654,2.7577358490566,,1315,11111,8.44942965779468,
2019Q4,,S08000030,,S08000030,d,Emergency Inpatients,,5,,1315,3418,2.59923954372624,,1310,12527,9.56259541984733,
2020Q1,,S08000030,,S08000030,d,Emergency Inpatients,,5,,1277,3231,2.5301487862177,,1291,11535,8.93493415956623,
2020Q2,,S08000030,,S08000030,d,Emergency Inpatients,,5,,1111,2752,2.47704770477048,,1106,8047,7.27576853526221,
2020Q3,,S08000030,,S08000030,d,Emergency Inpatients,,5,,1253,3003,2.39664804469274,,1232,8799,7.14204545454545,
2020Q4,,S08000030,,S08000030,d,Emergency Inpatients,,5,,1254,3438,2.74162679425837,,1217,9028,7.41824157764996,
2021Q1,,S08000030,,S08000030,d,Emergency Inpatients,,5,,1201,3008,2.50457951706911,,1204,10319,8.57059800664452,
2021Q2,,S08000030,,S08000030,d,Emergency Inpatients,,5,,1225,3121,2.54775510204082,,1205,8450,7.01244813278008,
2021Q3,,S08000030,,S08000030,d,Emergency Inpatients,,5,,1298,3449,2.65716486902928,,1276,10386,8.13949843260188,
2021Q4,,S08000030,,S08000030,d,Emergency Inpatients,,5,,1429,3779,2.6445066480056,,1422,11640,8.18565400843882,
2022Q1,,S08000030,,S08000030,d,Emergency Inpatients,,5,,1315,3453,2.62585551330798,,1291,10465,8.10611928737413,
2022Q2,,S08000030,,S08000030,d,Emergency Inpatients,,5,,1356,3603,2.6570796460177,,1334,12117,9.0832083958021,
2022Q3,,S08000030,,S08000030,d,Emergency Inpatients,,5,,1381,3050,2.20854453294714,,1361,10911,8.01689933872153,
2022Q4,p,S08000030,,S08000030,d,Emergency Inpatients,,5,,1469,4717,3.21102791014295,,1466,14259,9.72646657571623,
2022Q4,p,S08000030,,S08000030,d,Emergency Inpatients,,,:,0,0,,z,0,0,,z
2017Q4,,S08000030,,S12000048,,Emergency Inpatients,,1,,213,578,2.71361502347418,,201,1174,5.8407960199005,
2018Q1,,S08000030,,S12000048,,Emergency Inpatients,,1,,225,824,3.66222222222222,,228,1653,7.25,
2018Q2,,S08000030,,S12000048,,Emergency Inpatients,,1,,235,692,2.94468085106383,,232,1300,5.60344827586207,
2018Q3,,S08000030,,S12000048,,Emergency Inpatients,,1,,276,722,2.61594202898551,,276,1506,5.45652173913043,
2018Q4,,S08000030,,S12000048,,Emergency Inpatients,,1,,269,766,2.84758364312268,,253,1569,6.20158102766798,
2019Q1,,S08000030,,S12000048,,Emergency Inpatients,,1,,277,885,3.19494584837545,,287,2040,7.10801393728223,
2019Q2,,S08000030,,S12000048,,Emergency Inpatients,,1,,238,493,2.07142857142857,,239,1339,5.60251046025105,
2019Q3,,S08000030,,S12000048,,Emergency Inpatients,,1,,276,533,1.93115942028985,,269,1381,5.13382899628253,
2019Q4,,S08000030,,S12000048,,Emergency Inpatients,,1,,249,476,1.91164658634538,,248,1328,5.35483870967742,
2020Q1,,S08000030,,S12000048,,Emergency Inpatients,,1,,250,433,1.732,,250,1506,6.024,
2020Q2,,S08000030,,S12000048,,Emergency Inpatients,,1,,199,257,1.29145728643216,,196,875,4.46428571428571,
2020Q3,,S08000030,,S12000048,,Emergency Inpatients,,1,,231,327,1.41558441558442,,228,979,4.29385964912281,
2020Q4,,S08000030,,S12000048,,Emergency Inpatients,,1,,209,448,2.14354066985646,,197,1326,6.73096446700508,
2021Q1,,S08000030,,S12000048,,Emergency Inpatients,,1,,249,440,1.76706827309237,,245,1718,7.01224489795918,
2021Q2,,S08000030,,S12000048,,Emergency Inpatients,,1,,265,454,1.71320754716981,,261,1675,6.4176245210728,
2021Q3,,S08000030,,S12000048,,Emergency Inpatients,,1,,229,538,2.34934497816594,,232,1892,8.1551724137931,
2021Q4,,S08000030,,S12000048,,Emergency Inpatients,,1,,252,520,2.06349206349206,,249,1668,6.69879518072289,
2022Q1,,S08000030,,S12000048,,Emergency Inpatients,,1,,252,533,2.11507936507937,,247,1573,6.36842105263158,
2022Q2,,S08000030,,S12000048,,Emergency Inpatients,,1,,265,728,2.74716981132075,,261,2130,8.16091954022989,
2022Q3,,S08000030,,S12000048,,Emergency Inpatients,,1,,262,448,1.70992366412214,,254,1921,7.56299212598425,
2022Q4,p,S08000030,,S12000048,,Emergency Inpatients,,1,,276,473,1.71376811594203,,273,2231,8.17216117216117,
2017Q4,,S08000030,,S12000048,,Emergency Inpatients,,2,,476,1373,2.8844537815126,,467,3083,6.6017130620985,
2018Q1,,S08000030,,S12000048,,Emergency Inpatients,,2,,494,1617,3.27327935222672,,496,3238,6.52822580645161,
2018Q2,,S08000030,,S12000048,,Emergency Inpatients,,2,,446,1531,3.43273542600897,,430,3452,8.02790697674419,
2018Q3,,S08000030,,S12000048,,Emergency Inpatients,,2,,464,1457,3.14008620689655,,458,3265,7.12882096069869,
2018Q4,,S08000030,,S12000048,,Emergency Inpatients,,2,,463,1458,3.14902807775378,,465,3912,8.41290322580645,
2019Q1,,S08000030,,S12000048,,Emergency Inpatients,,2,,476,1252,2.63025210084034,,469,3141,6.69722814498934,
2019Q2,,S08000030,,S12000048,,Emergency Inpatients,,2,,532,1234,2.31954887218045,,519,3800,7.32177263969171,
2019Q3,,S08000030,,S12000048,,Emergency Inpatients,,2,,496,1320,2.66129032258065,,484,3535,7.30371900826446,
2019Q4,,S08000030,,S12000048,,Emergency Inpatients,,2,,519,1297,2.4990366088632,,532,4306,8.09398496240602,
2020Q1,,S08000030,,S12000048,,Emergency Inpatients,,2,,519,1308,2.52023121387283,,518,3187,6.15250965250965,
2020Q2,,S08000030,,S12000048,,Emergency Inpatients,,2,,484,849,1.75413223140496,,481,2754,5.72557172557173,
2020Q3,,S08000030,,S12000048,,Emergency Inpatients,,2,,527,951,1.80455407969639,,512,2733,5.337890625,
2020Q4,,S08000030,,S12000048,,Emergency Inpatients,,2,,542,1412,2.60516605166052,,541,3669,6.7818853974122,
2021Q1,,S08000030,,S12000048,,Emergency Inpatients,,2,,475,1100,2.31578947368421,,469,3770,8.03837953091684,
2021Q2,,S08000030,,S12000048,,Emergency Inpatients,,2,,493,923,1.87221095334686,,480,3048,6.35,
2021Q3,,S08000030,,S12000048,,Emergency Inpatients,,2,,492,1105,2.24593495934959,,496,4300,8.66935483870968,
2021Q4,,S08000030,,S12000048,,Emergency Inpatients,,2,,482,1078,2.23651452282158,,466,3160,6.78111587982833,
2022Q1,,S08000030,,S12000048,,Emergency Inpatients,,2,,566,1118,1.97526501766784,,556,3486,6.26978417266187,
2022Q2,,S08000030,,S12000048,,Emergency Inpatients,,2,,559,1416,2.53309481216458,,545,4912,9.01284403669725,
2022Q3,,S08000030,,S12000048,,Emergency Inpatients,,2,,518,1063,2.05212355212355,,519,4913,9.46628131021195,
2022Q4,p,S08000030,,S12000048,,Emergency Inpatients,,2,,545,1125,2.06422018348624,,542,3609,6.65867158671587,
2017Q4,,S08000030,,S12000048,,Emergency Inpatients,,3,,686,2424,3.533527696793,,672,5502,8.1875,
2018Q1,,S08000030,,S12000048,,Emergency Inpatients,,3,,679,2264,3.33431516936672,,680,5822,8.56176470588235,
2018Q2,,S08000030,,S12000048,,Emergency Inpatients,,3,,727,2495,3.43191196698762,,692,5056,7.30635838150289,
2018Q3,,S08000030,,S12000048,,Emergency Inpatients,,3,,786,2195,2.79262086513995,,784,5788,7.38265306122449,
2018Q4,,S08000030,,S12000048,,Emergency Inpatients,,3,,768,2355,3.06640625,,748,6018,8.04545454545454,
2019Q1,,S08000030,,S12000048,,Emergency Inpatients,,3,,762,2165,2.84120734908136,,753,6046,8.02921646746348,
2019Q2,,S08000030,,S12000048,,Emergency Inpatients,,3,,745,1769,2.3744966442953,,742,6000,8.08625336927224,
2019Q3,,S08000030,,S12000048,,Emergency Inpatients,,3,,809,1642,2.02966625463535,,794,5504,6.93198992443325,
2019Q4,,S08000030,,S12000048,,Emergency Inpatients,,3,,832,1861,2.23677884615385,,819,6276,7.66300366300366,
2020Q1,,S08000030,,S12000048,,Emergency Inpatients,,3,,754,1846,2.44827586206897,,757,6866,9.07001321003963,
2020Q2,,S08000030,,S12000048,,Emergency Inpatients,,3,,629,1349,2.14467408585056,,625,4546,7.2736,
2020Q3,,S08000030,,S12000048,,Emergency Inpatients,,3,,814,1595,1.95945945945946,,795,5250,6.60377358490566,
2020Q4,,S08000030,,S12000048,,Emergency Inpatients,,3,,716,1695,2.36731843575419,,703,4875,6.93456614509246,
2021Q1,,S08000030,,S12000048,,Emergency Inpatients,,3,,696,1986,2.85344827586207,,693,6067,8.75468975468976,
2021Q2,,S08000030,,S12000048,,Emergency Inpatients,,3,,804,1979,2.46144278606965,,786,6472,8.23409669211196,
2021Q3,,S08000030,,S12000048,,Emergency Inpatients,,3,,758,1849,2.43931398416887,,754,6127,8.12599469496021,
2021Q4,,S08000030,,S12000048,,Emergency Inpatients,,3,,783,1742,2.22477650063857,,768,6574,8.55989583333333,
2022Q1,,S08000030,,S12000048,,Emergency Inpatients,,3,,730,1916,2.62465753424658,,734,6541,8.91144414168937,
2022Q2,,S08000030,,S12000048,,Emergency Inpatients,,3,,801,2191,2.73533083645443,,803,6503,8.09838107098381,
2022Q3,,S08000030,,S12000048,,Emergency Inpatients,,3,,806,1746,2.16625310173697,,786,6037,7.68066157760814,
2022Q4,p,S08000030,,S12000048,,Emergency Inpatients,,3,,892,2122,2.37892376681614,,870,6616,7.60459770114943,
2017Q4,,S08000030,,S12000048,,Emergency Inpatients,,4,,1067,3434,3.21836925960637,,1053,8170,7.75878442545109,
2018Q1,,S08000030,,S12000048,,Emergency Inpatients,,4,,1072,3677,3.43003731343284,,1061,9083,8.5607917059378,
2018Q2,,S08000030,,S12000048,,Emergency Inpatients,,4,,985,3486,3.53908629441624,,971,8401,8.6519052523172,
2018Q3,,S08000030,,S12000048,,Emergency Inpatients,,4,,1022,2909,2.84637964774951,,1009,7105,7.0416253716551,
2018Q4,,S08000030,,S12000048,,Emergency Inpatients,,4,,1015,2649,2.60985221674877,,998,7101,7.11523046092184,
2019Q1,,S08000030,,S12000048,,Emergency Inpatients,,4,,1051,2935,2.79257849666984,,1035,7432,7.18067632850242,
2019Q2,,S08000030,,S12000048,,Emergency Inpatients,,4,,1084,2674,2.46678966789668,,1066,8006,7.51031894934334,
2019Q3,,S08000030,,S12000048,,Emergency Inpatients,,4,,1076,2456,2.28252788104089,,1039,7401,7.12319538017324,
2019Q4,,S08000030,,S12000048,,Emergency Inpatients,,4,,1145,2660,2.32314410480349,,1119,8985,8.02949061662198,
2020Q1,,S08000030,,S12000048,,Emergency Inpatients,,4,,1049,2754,2.62535748331745,,1068,10339,9.68071161048689,
2020Q2,,S08000030,,S12000048,,Emergency Inpatients,,4,,908,1930,2.12555066079295,,880,6306,7.16590909090909,
2020Q3,,S08000030,,S12000048,,Emergency Inpatients,,4,,1008,2233,2.21527777777778,,996,7133,7.16164658634538,
2020Q4,,S08000030,,S12000048,,Emergency Inpatients,,4,,1000,2178,2.178,,979,6840,6.98672114402452,
2021Q1,,S08000030,,S12000048,,Emergency Inpatients,,4,,994,2298,2.31187122736419,,974,7395,7.59240246406571,
2021Q2,,S08000030,,S12000048,,Emergency Inpatients,,4,,998,2258,2.2625250501002,,983,7561,7.69175991861648,
2021Q3,,S08000030,,S12000048,,Emergency Inpatients,,4,,985,2244,2.27817258883249,,960,7454,7.76458333333333,
2021Q4,,S08000030,,S12000048,,Emergency Inpatients,,4,,1138,3014,2.64850615114235,,1117,9428,8.44046553267681,
2022Q1,,S08000030,,S12000048,,Emergency Inpatients,,4,,1150,3004,2.61217391304348,,1140,9844,8.63508771929825,
2022Q2,,S08000030,,S12000048,,Emergency Inpatients,,4,,1186,2992,2.52276559865093,,1153,9602,8.32784041630529,
2022Q3,,S08000030,,S12000048,,Emergency Inpatients,,4,,1226,2946,2.40293637846656,,1207,10515,8.71168185584093,
2022Q4,p,S08000030,,S12000048,,Emergency Inpatients,,4,,1221,2799,2.29238329238329,,1224,9957,8.13480392156863,
2017Q4,,S08000030,,S12000048,,Emergency Inpatients,,5,,653,2324,3.55895865237366,,645,5651,8.76124031007752,
2018Q1,,S08000030,,S12000048,,Emergency Inpatients,,5,,600,2268,3.78,,605,5131,8.48099173553719,
2018Q2,,S08000030,,S12000048,,Emergency Inpatients,,5,,607,2170,3.57495881383855,,593,5029,8.48060708263069,
2018Q3,,S08000030,,S12000048,,Emergency Inpatients,,5,,620,1762,2.84193548387097,,600,4485,7.475,
2018Q4,,S08000030,,S12000048,,Emergency Inpatients,,5,,653,1856,2.84226646248086,,652,5015,7.69171779141104,
2019Q1,,S08000030,,S12000048,,Emergency Inpatients,,5,,655,2052,3.13282442748092,,657,5493,8.36073059360731,
2019Q2,,S08000030,,S12000048,,Emergency Inpatients,,5,,725,2206,3.04275862068966,,693,4734,6.83116883116883,
2019Q3,,S08000030,,S12000048,,Emergency Inpatients,,5,,670,1751,2.6134328358209,,664,5327,8.02259036144578,
2019Q4,,S08000030,,S12000048,,Emergency Inpatients,,5,,707,1738,2.45827439886846,,700,6046,8.63714285714286,
2020Q1,,S08000030,,S12000048,,Emergency Inpatients,,5,,679,1557,2.29307805596465,,684,6582,9.62280701754386,
2020Q2,,S08000030,,S12000048,,Emergency Inpatients,,5,,580,1513,2.60862068965517,,584,4782,8.18835616438356,
2020Q3,,S08000030,,S12000048,,Emergency Inpatients,,5,,666,1450,2.17717717717718,,650,4942,7.60307692307692,
2020Q4,,S08000030,,S12000048,,Emergency Inpatients,,5,,646,1552,2.40247678018576,,635,4682,7.37322834645669,
2021Q1,,S08000030,,S12000048,,Emergency Inpatients,,5,,600,1363,2.27166666666667,,592,4744,8.01351351351351,
2021Q2,,S08000030,,S12000048,,Emergency Inpatients,,5,,668,1564,2.34131736526946,,659,4410,6.69195751138088,
2021Q3,,S08000030,,S12000048,,Emergency Inpatients,,5,,667,1479,2.21739130434783,,651,5432,8.34408602150538,
2021Q4,,S08000030,,S12000048,,Emergency Inpatients,,5,,734,1792,2.44141689373297,,726,6213,8.55785123966942,
2022Q1,,S08000030,,S12000048,,Emergency Inpatients,,5,,702,1602,2.28205128205128,,688,5693,8.27470930232558,
2022Q2,,S08000030,,S12000048,,Emergency Inpatients,,5,,722,1977,2.7382271468144,,714,6634,9.29131652661064,
2022Q3,,S08000030,,S12000048,,Emergency Inpatients,,5,,734,1533,2.08855585831063,,716,6305,8.80586592178771,
2022Q4,p,S08000030,,S12000048,,Emergency Inpatients,,5,,765,2225,2.90849673202614,,763,7549,9.89384010484928,
2022Q4,p,S08000030,,S12000048,,Emergency Inpatients,,,:,0,0,,z,0,0,,z
2017Q4,,S08000028,,S08000028,d,Emergency Inpatients,,2,,128,391,3.0546875,,112,890,7.94642857142857,
2018Q1,,S08000028,,S08000028,d,Emergency Inpatients,,2,,128,475,3.7109375,,110,1075,9.77272727272727,
2018Q2,,S08000028,,S08000028,d,Emergency Inpatients,,2,,126,277,2.1984126984127,,119,943,7.92436974789916,
2018Q3,,S08000028,,S08000028,d,Emergency Inpatients,,2,,122,324,2.65573770491803,,102,776,7.6078431372549,
2018Q4,,S08000028,,S08000028,d,Emergency Inpatients,,2,,113,540,4.7787610619469,,106,1021,9.63207547169811,
2019Q1,,S08000028,,S08000028,d,Emergency Inpatients,,2,,140,546,3.9,,128,1081,8.4453125,
2019Q2,,S08000028,,S08000028,d,Emergency Inpatients,,2,,130,238,1.83076923076923,,114,775,6.79824561403509,
2019Q3,,S08000028,,S08000028,d,Emergency Inpatients,,2,,128,246,1.921875,,121,778,6.4297520661157,
2019Q4,,S08000028,,S08000028,d,Emergency Inpatients,,2,,128,300,2.34375,,120,887,7.39166666666667,
2020Q1,,S08000028,,S08000028,d,Emergency Inpatients,,2,,111,295,2.65765765765766,,101,720,7.12871287128713,
2020Q2,,S08000028,,S08000028,d,Emergency Inpatients,,2,,97,231,2.38144329896907,,83,488,5.87951807228916,
2020Q3,,S08000028,,S08000028,d,Emergency Inpatients,,2,,117,200,1.70940170940171,,106,626,5.90566037735849,
2020Q4,,S08000028,,S08000028,d,Emergency Inpatients,,2,,118,344,2.91525423728814,,103,779,7.5631067961165,
2021Q1,,S08000028,,S08000028,d,Emergency Inpatients,,2,,111,333,3,,101,801,7.93069306930693,
2021Q2,,S08000028,,S08000028,d,Emergency Inpatients,,2,,91,254,2.79120879120879,,82,547,6.67073170731707,
2021Q3,,S08000028,,S08000028,d,Emergency Inpatients,,2,,93,339,3.64516129032258,,82,788,9.60975609756098,
2021Q4,,S08000028,,S08000028,d,Emergency Inpatients,,2,,92,516,5.60869565217391,,78,698,8.94871794871795,
2022Q1,,S08000028,,S08000028,d,Emergency Inpatients,,2,,108,422,3.90740740740741,,100,770,7.7,
2022Q2,,S08000028,,S08000028,d,Emergency Inpatients,,2,,104,375,3.60576923076923,,84,526,6.26190476190476,
2022Q3,,S08000028,,S08000028,d,Emergency Inpatients,,2,,115,542,4.71304347826087,,100,1170,11.7,
2022Q4,p,S08000028,,S08000028,d,Emergency Inpatients,,2,,107,307,2.86915887850467,,98,1019,10.3979591836735,
2017Q4,,S08000028,,S08000028,d,Emergency Inpatients,,3,,576,1802,3.12847222222222,,531,4621,8.70244821092279,
2018Q1,,S08000028,,S08000028,d,Emergency Inpatients,,3,,600,2086,3.47666666666667,,554,4807,8.67689530685921,
2018Q2,,S08000028,,S08000028,d,Emergency Inpatients,,3,,570,1746,3.06315789473684,,509,4418,8.67976424361493,
2018Q3,,S08000028,,S08000028,d,Emergency Inpatients,,3,,600,2231,3.71833333333333,,543,4457,8.20810313075506,
2018Q4,,S08000028,,S08000028,d,Emergency Inpatients,,3,,542,1467,2.70664206642066,,504,4774,9.47222222222222,
2019Q1,,S08000028,,S08000028,d,Emergency Inpatients,,3,,583,1548,2.65523156089194,,530,4626,8.72830188679245,
2019Q2,,S08000028,,S08000028,d,Emergency Inpatients,,3,,585,1591,2.71965811965812,,528,5017,9.50189393939394,
2019Q3,,S08000028,,S08000028,d,Emergency Inpatients,,3,,629,1994,3.17011128775835,,576,5533,9.60590277777778,
2019Q4,,S08000028,,S08000028,d,Emergency Inpatients,,3,,630,1909,3.03015873015873,,582,4650,7.98969072164948,
2020Q1,,S08000028,,S08000028,d,Emergency Inpatients,,3,,571,2677,4.68826619964974,,533,6040,11.3320825515947,
2020Q2,,S08000028,,S08000028,d,Emergency Inpatients,,3,,416,1123,2.69951923076923,,368,2238,6.08152173913043,
2020Q3,,S08000028,,S08000028,d,Emergency Inpatients,,3,,449,1544,3.43875278396437,,407,2797,6.87223587223587,
2020Q4,,S08000028,,S08000028,d,Emergency Inpatients,,3,,585,1590,2.71794871794872,,518,3230,6.23552123552124,
2021Q1,,S08000028,,S08000028,d,Emergency Inpatients,,3,,455,1453,3.19340659340659,,418,3264,7.80861244019139,
2021Q2,,S08000028,,S08000028,d,Emergency Inpatients,,3,,525,2054,3.91238095238095,,465,4189,9.00860215053763,
2021Q3,,S08000028,,S08000028,d,Emergency Inpatients,,3,,539,1889,3.50463821892393,,477,4021,8.42976939203354,
2021Q4,,S08000028,,S08000028,d,Emergency Inpatients,,3,,493,2045,4.14807302231237,,448,4097,9.14508928571429,
2022Q1,,S08000028,,S08000028,d,Emergency Inpatients,,3,,531,2411,4.54048964218456,,475,4092,8.61473684210526,
2022Q2,,S08000028,,S08000028,d,Emergency Inpatients,,3,,518,2641,5.0984555984556,,471,5100,10.828025477707,
2022Q3,,S08000028,,S08000028,d,Emergency Inpatients,,3,,574,2392,4.16724738675958,,522,4104,7.86206896551724,
2022Q4,p,S08000028,,S08000028,d,Emergency Inpatients,,3,,566,3589,6.34098939929329,,526,5355,10.180608365019,
2017Q4,,S08000028,,S12000013,,Emergency Inpatients,,2,,128,391,3.0546875,,112,890,7.94642857142857,
2018Q1,,S08000028,,S12000013,,Emergency Inpatients,,2,,128,475,3.7109375,,110,1075,9.77272727272727,
2018Q2,,S08000028,,S12000013,,Emergency Inpatients,,2,,126,277,2.1984126984127,,119,943,7.92436974789916,
2018Q3,,S08000028,,S12000013,,Emergency Inpatients,,2,,122,324,2.65573770491803,,102,776,7.6078431372549,
2018Q4,,S08000028,,S12000013,,Emergency Inpatients,,2,,113,540,4.7787610619469,,106,1021,9.63207547169811,
2019Q1,,S08000028,,S12000013,,Emergency Inpatients,,2,,140,546,3.9,,128,1081,8.4453125,
2019Q2,,S08000028,,S12000013,,Emergency Inpatients,,2,,130,238,1.83076923076923,,114,775,6.79824561403509,
2019Q3,,S08000028,,S12000013,,Emergency Inpatients,,2,,128,246,1.921875,,121,778,6.4297520661157,
2019Q4,,S08000028,,S12000013,,Emergency Inpatients,,2,,128,300,2.34375,,120,887,7.39166666666667,
2020Q1,,S08000028,,S12000013,,Emergency Inpatients,,2,,111,295,2.65765765765766,,101,720,7.12871287128713,
2020Q2,,S08000028,,S12000013,,Emergency Inpatients,,2,,97,231,2.38144329896907,,83,488,5.87951807228916,
2020Q3,,S08000028,,S12000013,,Emergency Inpatients,,2,,117,200,1.70940170940171,,106,626,5.90566037735849,
2020Q4,,S08000028,,S12000013,,Emergency Inpatients,,2,,118,344,2.91525423728814,,103,779,7.5631067961165,
2021Q1,,S08000028,,S12000013,,Emergency Inpatients,,2,,111,333,3,,101,801,7.93069306930693,
2021Q2,,S08000028,,S12000013,,Emergency Inpatients,,2,,91,254,2.79120879120879,,82,547,6.67073170731707,
2021Q3,,S08000028,,S12000013,,Emergency Inpatients,,2,,93,339,3.64516129032258,,82,788,9.60975609756098,
2021Q4,,S08000028,,S12000013,,Emergency Inpatients,,2,,92,516,5.60869565217391,,78,698,8.94871794871795,
2022Q1,,S08000028,,S12000013,,Emergency Inpatients,,2,,108,422,3.90740740740741,,100,770,7.7,
2022Q2,,S08000028,,S12000013,,Emergency Inpatients,,2,,104,375,3.60576923076923,,84,526,6.26190476190476,
2022Q3,,S08000028,,S12000013,,Emergency Inpatients,,2,,115,542,4.71304347826087,,100,1170,11.7,
2022Q4,p,S08000028,,S12000013,,Emergency Inpatients,,2,,107,307,2.86915887850467,,98,1019,10.3979591836735,
2017Q4,,S08000028,,S12000013,,Emergency Inpatients,,3,,576,1802,3.12847222222222,,531,4621,8.70244821092279,
2018Q1,,S08000028,,S12000013,,Emergency Inpatients,,3,,600,2086,3.47666666666667,,554,4807,8.67689530685921,
2018Q2,,S08000028,,S12000013,,Emergency Inpatients,,3,,570,1746,3.06315789473684,,509,4418,8.67976424361493,
2018Q3,,S08000028,,S12000013,,Emergency Inpatients,,3,,600,2231,3.71833333333333,,543,4457,8.20810313075506,
2018Q4,,S08000028,,S12000013,,Emergency Inpatients,,3,,542,1467,2.70664206642066,,504,4774,9.47222222222222,
2019Q1,,S08000028,,S12000013,,Emergency Inpatients,,3,,583,1548,2.65523156089194,,530,4626,8.72830188679245,
2019Q2,,S08000028,,S12000013,,Emergency Inpatients,,3,,585,1591,2.71965811965812,,528,5017,9.50189393939394,
2019Q3,,S08000028,,S12000013,,Emergency Inpatients,,3,,629,1994,3.17011128775835,,576,5533,9.60590277777778,
2019Q4,,S08000028,,S12000013,,Emergency Inpatients,,3,,630,1909,3.03015873015873,,582,4650,7.98969072164948,
2020Q1,,S08000028,,S12000013,,Emergency Inpatients,,3,,571,2677,4.68826619964974,,533,6040,11.3320825515947,
2020Q2,,S08000028,,S12000013,,Emergency Inpatients,,3,,416,1123,2.69951923076923,,368,2238,6.08152173913043,
2020Q3,,S08000028,,S12000013,,Emergency Inpatients,,3,,449,1544,3.43875278396437,,407,2797,6.87223587223587,
2020Q4,,S08000028,,S12000013,,Emergency Inpatients,,3,,585,1590,2.71794871794872,,518,3230,6.23552123552124,
2021Q1,,S08000028,,S12000013,,Emergency Inpatients,,3,,455,1453,3.19340659340659,,418,3264,7.80861244019139,
2021Q2,,S08000028,,S12000013,,Emergency Inpatients,,3,,525,2054,3.91238095238095,,465,4189,9.00860215053763,
2021Q3,,S08000028,,S12000013,,Emergency Inpatients,,3,,539,1889,3.50463821892393,,477,4021,8.42976939203354,
2021Q4,,S08000028,,S12000013,,Emergency Inpatients,,3,,493,2045,4.14807302231237,,448,4097,9.14508928571429,
2022Q1,,S08000028,,S12000013,,Emergency Inpatients,,3,,531,2411,4.54048964218456,,475,4092,8.61473684210526,
2022Q2,,S08000028,,S12000013,,Emergency Inpatients,,3,,518,2641,5.0984555984556,,471,5100,10.828025477707,
2022Q3,,S08000028,,S12000013,,Emergency Inpatients,,3,,574,2392,4.16724738675958,,522,4104,7.86206896551724,
2022Q4,p,S08000028,,S12000013,,Emergency Inpatients,,3,,566,3589,6.34098939929329,,526,5355,10.180608365019,
2017Q4,,RA2701,,RA2701,,Emergency Inpatients,,,:,52,39,0.75,,53,424,8,
2018Q1,,RA2701,,RA2701,,Emergency Inpatients,,,:,28,35,1.25,,30,247,8.23333333333333,
2018Q2,,RA2701,,RA2701,,Emergency Inpatients,,,:,42,50,1.19047619047619,,40,165,4.125,
2018Q3,,RA2701,,RA2701,,Emergency Inpatients,,,:,41,76,1.85365853658537,,40,112,2.8,
2018Q4,,RA2701,,RA2701,,Emergency Inpatients,,,:,34,50,1.47058823529412,,34,184,5.41176470588235,
2019Q1,,RA2701,,RA2701,,Emergency Inpatients,,,:,32,50,1.5625,,30,90,3,
2019Q2,,RA2701,,RA2701,,Emergency Inpatients,,,:,39,136,3.48717948717949,,36,167,4.63888888888889,
2019Q3,,RA2701,,RA2701,,Emergency Inpatients,,,:,64,54,0.84375,,63,118,1.87301587301587,
2019Q4,,RA2701,,RA2701,,Emergency Inpatients,,,:,37,66,1.78378378378378,,38,396,10.4210526315789,
2020Q1,,RA2701,,RA2701,,Emergency Inpatients,,,:,26,32,1.23076923076923,,27,180,6.66666666666667,
2020Q2,,RA2701,,RA2701,,Emergency Inpatients,,,:,30,17,0.566666666666667,,30,26,0.866666666666667,
2020Q3,,RA2701,,RA2701,,Emergency Inpatients,,,:,49,36,0.73469387755102,,49,70,1.42857142857143,
2020Q4,,RA2701,,RA2701,,Emergency Inpatients,,,:,20,27,1.35,,20,30,1.5,
2021Q1,,RA2701,,RA2701,,Emergency Inpatients,,,:,25,85,3.4,,22,100,4.54545454545455,
2021Q2,,RA2701,,RA2701,,Emergency Inpatients,,,:,20,16,0.8,,20,49,2.45,
2021Q3,,RA2701,,RA2701,,Emergency Inpatients,,,:,15,12,0.8,,10,21,2.1,
2021Q4,,RA2701,,RA2701,,Emergency Inpatients,,,:,10,20,2,,11,55,5,
2022Q1,,RA2701,,RA2701,,Emergency Inpatients,,,:,10,25,2.5,,10,83,8.3,
2022Q2,,RA2701,,RA2701,,Emergency Inpatients,,,:,10,5,0.5,,10,15,1.5,
2022Q3,,RA2701,,RA2701,,Emergency Inpatients,,,:,10,39,3.9,,10,28,2.8,
2022Q4,p,RA2701,,RA2701,,Emergency Inpatients,,,:,10,11,1.1,,11,81,7.36363636363636,
2017Q4,,RA2703,,RA2703,,Emergency Inpatients,,,:,171,358,2.09356725146199,,175,818,4.67428571428571,
2018Q1,,RA2703,,RA2703,,Emergency Inpatients,,,:,128,304,2.375,,126,611,4.84920634920635,
2018Q2,,RA2703,,RA2703,,Emergency Inpatients,,,:,397,811,2.04282115869018,,389,1283,3.29820051413882,
2018Q3,,RA2703,,RA2703,,Emergency Inpatients,,,:,568,1131,1.99119718309859,,545,2054,3.76880733944954,
2018Q4,,RA2703,,RA2703,,Emergency Inpatients,,,:,219,446,2.0365296803653,,226,1071,4.73893805309735,
2019Q1,,RA2703,,RA2703,,Emergency Inpatients,,,:,170,298,1.75294117647059,,167,666,3.98802395209581,
2019Q2,,RA2703,,RA2703,,Emergency Inpatients,,,:,423,840,1.98581560283688,,411,1607,3.90997566909976,
2019Q3,,RA2703,,RA2703,,Emergency Inpatients,,,:,522,999,1.91379310344828,,513,1922,3.74658869395711,
2019Q4,,RA2703,,RA2703,,Emergency Inpatients,,,:,210,363,1.72857142857143,,208,900,4.32692307692308,
2020Q1,,RA2703,,RA2703,,Emergency Inpatients,,,:,99,176,1.77777777777778,,104,745,7.16346153846154,
2020Q2,,RA2703,,RA2703,,Emergency Inpatients,,,:,35,109,3.11428571428571,,30,185,6.16666666666667,
2020Q3,,RA2703,,RA2703,,Emergency Inpatients,,,:,46,100,2.17391304347826,,45,300,6.66666666666667,
2020Q4,,RA2703,,RA2703,,Emergency Inpatients,,,:,35,50,1.42857142857143,,35,100,2.85714285714286,
2021Q1,,RA2703,,RA2703,,Emergency Inpatients,,,:,35,149,4.25714285714286,,36,244,6.77777777777778,
2021Q2,,RA2703,,RA2703,,Emergency Inpatients,,,:,25,40,1.6,,20,106,5.3,
2021Q3,,RA2703,,RA2703,,Emergency Inpatients,,,:,60,126,2.1,,60,181,3.01666666666667,
2021Q4,,RA2703,,RA2703,,Emergency Inpatients,,,:,60,140,2.33333333333333,,59,269,4.55932203389831,
2022Q1,,RA2703,,RA2703,,Emergency Inpatients,,,:,65,171,2.63076923076923,,65,262,4.03076923076923,
2022Q2,,RA2703,,RA2703,,Emergency Inpatients,,,:,239,480,2.00836820083682,,219,827,3.77625570776256,
2022Q3,,RA2703,,RA2703,,Emergency Inpatients,,,:,364,917,2.51923076923077,,364,1841,5.05769230769231,
2022Q4,p,RA2703,,RA2703,,Emergency Inpatients,,,:,124,312,2.51612903225806,,130,852,6.55384615384615,
2017Q4,,RA2702,,RA2702,,Emergency Inpatients,,,:,752,1524,2.02659574468085,,734,3091,4.21117166212534,
2018Q1,,RA2702,,RA2702,,Emergency Inpatients,,,:,602,1402,2.32890365448505,,600,2700,4.5,
2018Q2,,RA2702,,RA2702,,Emergency Inpatients,,,:,900,1788,1.98666666666667,,877,3689,4.20638540478905,
2018Q3,,RA2702,,RA2702,,Emergency Inpatients,,,:,1108,2026,1.82851985559567,,1084,3754,3.46309963099631,
2018Q4,,RA2702,,RA2702,,Emergency Inpatients,,,:,760,1437,1.89078947368421,,742,2751,3.70754716981132,
2019Q1,,RA2702,,RA2702,,Emergency Inpatients,,,:,572,1165,2.03671328671329,,578,2781,4.81141868512111,
2019Q2,,RA2702,,RA2702,,Emergency Inpatients,,,:,958,1907,1.99060542797495,,931,3849,4.13426423200859,
2019Q3,,RA2702,,RA2702,,Emergency Inpatients,,,:,1070,2110,1.97196261682243,,1056,3809,3.60700757575758,
2019Q4,,RA2702,,RA2702,,Emergency Inpatients,,,:,719,1312,1.82475660639777,,699,2711,3.87839771101574,
2020Q1,,RA2702,,RA2702,,Emergency Inpatients,,,:,493,1136,2.30425963488844,,503,2439,4.84890656063618,
2020Q2,,RA2702,,RA2702,,Emergency Inpatients,,,:,182,340,1.86813186813187,,184,795,4.32065217391304,
2020Q3,,RA2702,,RA2702,,Emergency Inpatients,,,:,683,1231,1.80234260614934,,651,2258,3.46850998463902,
2020Q4,,RA2702,,RA2702,,Emergency Inpatients,,,:,308,660,2.14285714285714,,317,1458,4.5993690851735,
2021Q1,,RA2702,,RA2702,,Emergency Inpatients,,,:,194,488,2.51546391752577,,192,980,5.10416666666667,
2021Q2,,RA2702,,RA2702,,Emergency Inpatients,,,:,603,1150,1.90713101160862,,562,2079,3.69928825622776,
2021Q3,,RA2702,,RA2702,,Emergency Inpatients,,,:,1056,2363,2.23768939393939,,1044,4483,4.29406130268199,
2021Q4,,RA2702,,RA2702,,Emergency Inpatients,,,:,571,1353,2.36952714535902,,566,3163,5.58833922261484,
2022Q1,,RA2702,,RA2702,,Emergency Inpatients,,,:,394,995,2.5253807106599,,391,2375,6.07416879795396,
2022Q2,,RA2702,,RA2702,,Emergency Inpatients,,,:,793,2079,2.62168978562421,,769,3617,4.703511053316,
2022Q3,,RA2702,,RA2702,,Emergency Inpatients,,,:,864,1992,2.30555555555556,,845,3861,4.56923076923077,
2022Q4,p,RA2702,,RA2702,,Emergency Inpatients,,,:,546,1288,2.35897435897436,,539,3119,5.78664192949907,
2017Q4,,S92000003,d,S92000003,d,Emergency Inpatients,,1,,35533,77918,2.19283482959502,,34844,249136,7.15004017908392,
2018Q1,,S92000003,d,S92000003,d,Emergency Inpatients,,1,,34861,79746,2.28754195232495,,34517,258104,7.47759075238288,
2018Q2,,S92000003,d,S92000003,d,Emergency Inpatients,,1,,34914,75998,2.17671994042504,,34509,248706,7.20698948100496,
2018Q3,,S92000003,d,S92000003,d,Emergency Inpatients,,1,,35285,75534,2.14068300977753,,34726,242148,6.97310372631458,
2018Q4,,S92000003,d,S92000003,d,Emergency Inpatients,,1,,35374,75963,2.14742466218126,,34792,241644,6.94538974476891,
2019Q1,,S92000003,d,S92000003,d,Emergency Inpatients,,1,,36067,77854,2.15859372833892,,35544,249585,7.02186022957461,
2019Q2,,S92000003,d,S92000003,d,Emergency Inpatients,,1,,36444,75792,2.07968389858413,,35948,248433,6.91089907644375,
2019Q3,,S92000003,d,S92000003,d,Emergency Inpatients,,1,,37041,74220,2.00372560136065,,36431,247151,6.78408498256979,
2019Q4,,S92000003,d,S92000003,d,Emergency Inpatients,,1,,36223,75686,2.08944593214256,,35651,249187,6.98962160949202,
2020Q1,,S92000003,d,S92000003,d,Emergency Inpatients,,1,,32856,70864,2.15680545410275,,32953,261446,7.93390586593026,
2020Q2,,S92000003,d,S92000003,d,Emergency Inpatients,,1,,27841,50158,1.80158758665278,,27019,181768,6.72741404197046,
2020Q3,,S92000003,d,S92000003,d,Emergency Inpatients,,1,,33021,62907,1.90506041609885,,32412,212878,6.56787609527336,
2020Q4,,S92000003,d,S92000003,d,Emergency Inpatients,,1,,31397,67640,2.15434595662006,,30932,229717,7.42651622914781,
2021Q1,,S92000003,d,S92000003,d,Emergency Inpatients,,1,,30543,67735,2.2176930884327,,29948,234009,7.81384399626018,
2021Q2,,S92000003,d,S92000003,d,Emergency Inpatients,,1,,34733,68173,1.96277315521262,,34237,238902,6.97788941788124,
2021Q3,,S92000003,d,S92000003,d,Emergency Inpatients,,1,,33329,70198,2.10621380779501,,32797,239532,7.30347287861695,
2021Q4,,S92000003,d,S92000003,d,Emergency Inpatients,,1,,31628,74797,2.36489819147591,,31285,257672,8.23627936710884,
2022Q1,,S92000003,d,S92000003,d,Emergency Inpatients,,1,,30023,70965,2.36368783932319,,29597,242877,8.2061357570024,
2022Q2,,S92000003,d,S92000003,d,Emergency Inpatients,,1,,30596,71671,2.34249575107857,,30111,252512,8.38603832486467,
2022Q3,,S92000003,d,S92000003,d,Emergency Inpatients,,1,,30434,73605,2.41851219031347,,30059,256699,8.53983831797465,
2022Q4,p,S92000003,d,S92000003,d,Emergency Inpatients,,1,,30243,76788,2.53903382600932,,29989,258965,8.63533295541699,
2017Q4,,S92000003,d,S92000003,d,Emergency Inpatients,,2,,29067,69113,2.37771355833075,,28396,217986,7.67664459783068,
2018Q1,,S92000003,d,S92000003,d,Emergency Inpatients,,2,,29187,72393,2.480316579299,,28785,230418,8.00479416362689,
2018Q2,,S92000003,d,S92000003,d,Emergency Inpatients,,2,,28875,68496,2.37215584415584,,28534,218674,7.66362935445434,
2018Q3,,S92000003,d,S92000003,d,Emergency Inpatients,,2,,28804,69211,2.40282599638939,,28146,208955,7.4239678817594,
2018Q4,,S92000003,d,S92000003,d,Emergency Inpatients,,2,,29350,69642,2.37281090289608,,28845,222476,7.71280984572716,
2019Q1,,S92000003,d,S92000003,d,Emergency Inpatients,,2,,29289,69210,2.36300317525351,,28920,219501,7.5899377593361,
2019Q2,,S92000003,d,S92000003,d,Emergency Inpatients,,2,,30198,67407,2.23216769322472,,29619,210722,7.11441979810257,
2019Q3,,S92000003,d,S92000003,d,Emergency Inpatients,,2,,30299,66195,2.18472556850061,,29809,213834,7.17347109933242,
2019Q4,,S92000003,d,S92000003,d,Emergency Inpatients,,2,,30278,68867,2.27448972851575,,29718,225388,7.58422504879198,
2020Q1,,S92000003,d,S92000003,d,Emergency Inpatients,,2,,27724,66393,2.39478430240946,,27857,233896,8.39630972466525,
2020Q2,,S92000003,d,S92000003,d,Emergency Inpatients,,2,,22846,44064,1.92874026087718,,22169,153306,6.9153322206685,
2020Q3,,S92000003,d,S92000003,d,Emergency Inpatients,,2,,27474,55399,2.01641552012812,,26900,184118,6.84453531598513,
2020Q4,,S92000003,d,S92000003,d,Emergency Inpatients,,2,,26245,60129,2.29106496475519,,25792,199048,7.7174317617866,
2021Q1,,S92000003,d,S92000003,d,Emergency Inpatients,,2,,25982,60816,2.34069740589639,,25477,203914,8.00384660674334,
2021Q2,,S92000003,d,S92000003,d,Emergency Inpatients,,2,,28868,60823,2.10693501454898,,28312,201973,7.13383017801639,
2021Q3,,S92000003,d,S92000003,d,Emergency Inpatients,,2,,27982,63364,2.26445572153527,,27543,212475,7.71430127437098,
2021Q4,,S92000003,d,S92000003,d,Emergency Inpatients,,2,,26594,65867,2.47676167556592,,26240,217158,8.27583841463415,
2022Q1,,S92000003,d,S92000003,d,Emergency Inpatients,,2,,25577,65606,2.56503890213864,,25008,213575,8.54026711452335,
2022Q2,,S92000003,d,S92000003,d,Emergency Inpatients,,2,,26735,64574,2.41533570226295,,26342,225096,8.54513704350467,
2022Q3,,S92000003,d,S92000003,d,Emergency Inpatients,,2,,26140,67830,2.59487375669472,,25766,221867,8.61084374757432,
2022Q4,p,S92000003,d,S92000003,d,Emergency Inpatients,,2,,26237,68393,2.60673857529443,,25914,227957,8.79667361271899,
2017Q4,,S92000003,d,S92000003,d,Emergency Inpatients,,3,,24233,61274,2.52853546816325,,23604,188388,7.98118962887646,
2018Q1,,S92000003,d,S92000003,d,Emergency Inpatients,,3,,24230,61919,2.55546842756913,,23753,189565,7.98067612512104,
2018Q2,,S92000003,d,S92000003,d,Emergency Inpatients,,3,,23824,58004,2.4346877098724,,23474,187162,7.97316179602965,
2018Q3,,S92000003,d,S92000003,d,Emergency Inpatients,,3,,23467,58922,2.51084501640602,,22934,173416,7.56152437429145,
2018Q4,,S92000003,d,S92000003,d,Emergency Inpatients,,3,,24193,58824,2.43144711280122,,23712,184406,7.77690620782726,
2019Q1,,S92000003,d,S92000003,d,Emergency Inpatients,,3,,24298,60237,2.47909292945921,,23789,179663,7.55235613098491,
2019Q2,,S92000003,d,S92000003,d,Emergency Inpatients,,3,,25070,59764,2.38388512165935,,24525,188935,7.70377166156983,
2019Q3,,S92000003,d,S92000003,d,Emergency Inpatients,,3,,24849,58777,2.36536681556602,,24385,182076,7.46672134508919,
2019Q4,,S92000003,d,S92000003,d,Emergency Inpatients,,3,,25657,61626,2.40191760533188,,25008,187709,7.5059580934101104,
2020Q1,,S92000003,d,S92000003,d,Emergency Inpatients,,3,,23188,59713,2.57516819044333,,23230,208729,8.98532070598364,
2020Q2,,S92000003,d,S92000003,d,Emergency Inpatients,,3,,19032,38480,2.02185792349727,,18318,132714,7.24500491320013,
2020Q3,,S92000003,d,S92000003,d,Emergency Inpatients,,3,,22725,48343,2.12730473047305,,22174,150416,6.78344006494092,
2020Q4,,S92000003,d,S92000003,d,Emergency Inpatients,,3,,22156,54065,2.44019678642354,,21649,165616,7.6500531202365,
2021Q1,,S92000003,d,S92000003,d,Emergency Inpatients,,3,,21618,54741,2.53219539272828,,21147,174732,8.26273230245425,
2021Q2,,S92000003,d,S92000003,d,Emergency Inpatients,,3,,23985,54891,2.28855534709193,,23414,174179,7.43909626719057,
2021Q3,,S92000003,d,S92000003,d,Emergency Inpatients,,3,,23034,55259,2.39901884171225,,22461,169394,7.5416944926762,
2021Q4,,S92000003,d,S92000003,d,Emergency Inpatients,,3,,22844,59059,2.58531780773945,,22489,191394,8.51056071857352,
2022Q1,,S92000003,d,S92000003,d,Emergency Inpatients,,3,,21826,61850,2.83377623018418,,21295,185330,8.70298192063865,
2022Q2,,S92000003,d,S92000003,d,Emergency Inpatients,,3,,22491,62619,2.78418033880219,,22012,194107,8.81823550790478,
2022Q3,,S92000003,d,S92000003,d,Emergency Inpatients,,3,,22618,63393,2.80276770713591,,22276,193536,8.68809481055845,
2022Q4,p,S92000003,d,S92000003,d,Emergency Inpatients,,3,,22426,65788,2.93355926157139,,22059,198462,8.9968720250238,
2017Q4,,S92000003,d,S92000003,d,Emergency Inpatients,,4,,20246,51253,2.53151239751062,,19820,149673,7.55161453077699,
2018Q1,,S92000003,d,S92000003,d,Emergency Inpatients,,4,,20081,53611,2.66973756287037,,19767,158000,7.99311984620833,
2018Q2,,S92000003,d,S92000003,d,Emergency Inpatients,,4,,20360,51310,2.52013752455796,,19971,150134,7.5176005207551,
2018Q3,,S92000003,d,S92000003,d,Emergency Inpatients,,4,,20148,50634,2.51310303752233,,19751,146354,7.40995392638347,
2018Q4,,S92000003,d,S92000003,d,Emergency Inpatients,,4,,20737,53313,2.57091189660992,,20390,158122,7.75487984306032,
2019Q1,,S92000003,d,S92000003,d,Emergency Inpatients,,4,,20601,51214,2.48599582544537,,20370,155502,7.63387334315169,
2019Q2,,S92000003,d,S92000003,d,Emergency Inpatients,,4,,21186,51091,2.41154536014349,,20779,148875,7.16468549978344,
2019Q3,,S92000003,d,S92000003,d,Emergency Inpatients,,4,,21174,50618,2.39057334466799,,20714,150632,7.27198995848219,
2019Q4,,S92000003,d,S92000003,d,Emergency Inpatients,,4,,21373,50978,2.38515884527207,,20990,158095,7.53191996188661,
2020Q1,,S92000003,d,S92000003,d,Emergency Inpatients,,4,,19494,50132,2.5716630758182,,19613,164638,8.39433029113343,
2020Q2,,S92000003,d,S92000003,d,Emergency Inpatients,,4,,16417,34206,2.0835719071694,,15955,114906,7.20188028831087,
2020Q3,,S92000003,d,S92000003,d,Emergency Inpatients,,4,,19491,42328,2.17166897542455,,19013,129667,6.81991269131647,
2020Q4,,S92000003,d,S92000003,d,Emergency Inpatients,,4,,18711,46311,2.47506814173481,,18442,136668,7.41069298340744,
2021Q1,,S92000003,d,S92000003,d,Emergency Inpatients,,4,,18309,47385,2.58807144027527,,17893,142253,7.9502039903873,
2021Q2,,S92000003,d,S92000003,d,Emergency Inpatients,,4,,20519,47500,2.31492762805205,,20117,143947,7.15549038126957,
2021Q3,,S92000003,d,S92000003,d,Emergency Inpatients,,4,,20164,50485,2.50371950009919,,19771,145740,7.37140255930403,
2021Q4,,S92000003,d,S92000003,d,Emergency Inpatients,,4,,19796,52914,2.67296423519903,,19466,161545,8.2988287270112,
2022Q1,,S92000003,d,S92000003,d,Emergency Inpatients,,4,,19190,51665,2.69228764981761,,18809,153803,8.17709607102983,
2022Q2,,S92000003,d,S92000003,d,Emergency Inpatients,,4,,19675,54073,2.74831003811944,,19361,166979,8.62450286658747,
2022Q3,,S92000003,d,S92000003,d,Emergency Inpatients,,4,,19578,53966,2.75646133415058,,19233,169568,8.816513284459,
2022Q4,p,S92000003,d,S92000003,d,Emergency Inpatients,,4,,19761,54294,2.74753301958403,,19662,169771,8.63447258671549,
2017Q4,,S92000003,d,S92000003,d,Emergency Inpatients,,5,,17335,45242,2.60986443611191,,17008,135329,7.95678504233302,
2018Q1,,S92000003,d,S92000003,d,Emergency Inpatients,,5,,17076,46780,2.73951745139377,,16898,141404,8.36809089833116,
2018Q2,,S92000003,d,S92000003,d,Emergency Inpatients,,5,,16790,45282,2.69696247766528,,16679,143071,8.5779123448648,
2018Q3,,S92000003,d,S92000003,d,Emergency Inpatients,,5,,16736,42676,2.54995219885277,,16410,128877,7.85356489945155,
2018Q4,,S92000003,d,S92000003,d,Emergency Inpatients,,5,,17817,45894,2.57585452096313,,17565,138600,7.89069171648164,
2019Q1,,S92000003,d,S92000003,d,Emergency Inpatients,,5,,17533,44690,2.54890777391205,,17318,137816,7.95796281325788,
2019Q2,,S92000003,d,S92000003,d,Emergency Inpatients,,5,,17827,43275,2.42749761597577,,17564,134290,7.64575267592803,
2019Q3,,S92000003,d,S92000003,d,Emergency Inpatients,,5,,18140,45244,2.4941565600882,,17735,135612,7.6465745700592,
2019Q4,,S92000003,d,S92000003,d,Emergency Inpatients,,5,,18019,42986,2.38559298518231,,17767,147009,8.27427252771993,
2020Q1,,S92000003,d,S92000003,d,Emergency Inpatients,,5,,16373,41084,2.50925303853906,,16531,146978,8.89105317282681,
2020Q2,,S92000003,d,S92000003,d,Emergency Inpatients,,5,,13622,27650,2.02980472764645,,13251,96830,7.30737302845068,
2020Q3,,S92000003,d,S92000003,d,Emergency Inpatients,,5,,16296,35110,2.15451644575356,,16006,113716,7.10458578033238,
2020Q4,,S92000003,d,S92000003,d,Emergency Inpatients,,5,,15714,37997,2.41803487336133,,15387,119923,7.79378696302073,
2021Q1,,S92000003,d,S92000003,d,Emergency Inpatients,,5,,15550,38589,2.4816077170418,,15327,129766,8.46649703138253,
2021Q2,,S92000003,d,S92000003,d,Emergency Inpatients,,5,,17337,39688,2.28920805214282,,16972,125464,7.39241102993165,
2021Q3,,S92000003,d,S92000003,d,Emergency Inpatients,,5,,16623,41788,2.51386632978403,,16408,131819,8.03382496343247,
2021Q4,,S92000003,d,S92000003,d,Emergency Inpatients,,5,,16480,43378,2.63216019417476,,16285,138035,8.47620509671477,
2022Q1,,S92000003,d,S92000003,d,Emergency Inpatients,,5,,15947,41865,2.6252586693422,,15649,138199,8.83117132085117,
2022Q2,,S92000003,d,S92000003,d,Emergency Inpatients,,5,,16412,45575,2.77693151352669,,16176,152710,9.44052917903066,
2022Q3,,S92000003,d,S92000003,d,Emergency Inpatients,,5,,16388,45300,2.76421772028313,,16140,145382,9.00755885997522,
2022Q4,p,S92000003,d,S92000003,d,Emergency Inpatients,,5,,16658,48733,2.92550126065554,,16585,154975,9.34428700633102,
2017Q4,,S92000003,d,S92000003,d,Emergency Inpatients,,,:,1265,2292,1.81185770750988,,1244,5166,4.15273311897106,
2018Q1,,S92000003,d,S92000003,d,Emergency Inpatients,,,:,978,2075,2.12167689161554,,976,4712,4.82786885245902,
2018Q2,,S92000003,d,S92000003,d,Emergency Inpatients,,,:,1624,3008,1.85221674876847,,1588,6438,4.05415617128463,
2018Q3,,S92000003,d,S92000003,d,Emergency Inpatients,,,:,2038,3785,1.85721295387635,,1981,7308,3.68904593639576,
2018Q4,,S92000003,d,S92000003,d,Emergency Inpatients,,,:,1229,2279,1.85435313262815,,1217,4774,3.9227608874281,
2019Q1,,S92000003,d,S92000003,d,Emergency Inpatients,,,:,1057,1942,1.83727530747398,,1056,4885,4.62594696969697,
2019Q2,,S92000003,d,S92000003,d,Emergency Inpatients,,,:,1748,3304,1.89016018306636,,1687,6687,3.963841138115,
2019Q3,,S92000003,d,S92000003,d,Emergency Inpatients,,,:,2003,3696,1.84523215177234,,1973,7523,3.81297516472377,
2019Q4,,S92000003,d,S92000003,d,Emergency Inpatients,,,:,1227,2203,1.79543602281989,,1192,5235,4.39177852348993,
2020Q1,,S92000003,d,S92000003,d,Emergency Inpatients,,,:,856,1709,1.9964953271028,,876,4557,5.20205479452055,
2020Q2,,S92000003,d,S92000003,d,Emergency Inpatients,,,:,540,815,1.50925925925926,,532,1693,3.18233082706767,
2020Q3,,S92000003,d,S92000003,d,Emergency Inpatients,,,:,1054,1730,1.64136622390892,,1019,3428,3.36408243375859,
2020Q4,,S92000003,d,S92000003,d,Emergency Inpatients,,,:,563,1024,1.81882770870337,,570,2315,4.06140350877193,
2021Q1,,S92000003,d,S92000003,d,Emergency Inpatients,,,:,454,1258,2.77092511013216,,438,2140,4.88584474885845,
2021Q2,,S92000003,d,S92000003,d,Emergency Inpatients,,,:,898,1553,1.7293986636971,,848,3357,3.95872641509434,
2021Q3,,S92000003,d,S92000003,d,Emergency Inpatients,,,:,1350,2919,2.16222222222222,,1328,5563,4.18900602409639,
2021Q4,,S92000003,d,S92000003,d,Emergency Inpatients,,,:,854,1902,2.2271662763466,,844,4528,5.36492890995261,
2022Q1,,S92000003,d,S92000003,d,Emergency Inpatients,,,:,642,1566,2.4392523364486,,632,3476,5.5,
2022Q2,,S92000003,d,S92000003,d,Emergency Inpatients,,,:,1221,2920,2.39148239148239,,1175,5375,4.57446808510638,
2022Q3,,S92000003,d,S92000003,d,Emergency Inpatients,,,:,1436,3401,2.36838440111421,,1408,6741,4.78764204545455,
2022Q4,p,S92000003,d,S92000003,d,Emergency Inpatients,,,:,826,2099,2.54116222760291,,824,5911,7.17354368932039,
2017Q4,,RA2704,,RA2704,,Emergency Inpatients,,,:,290,371,1.27931034482759,,282,833,2.95390070921986,
2018Q1,,RA2704,,RA2704,,Emergency Inpatients,,,:,220,334,1.51818181818182,,220,1154,5.24545454545455,
2018Q2,,RA2704,,RA2704,,Emergency Inpatients,,,:,285,360,1.26315789473684,,281,1302,4.63345195729537,
2018Q3,,RA2704,,RA2704,,Emergency Inpatients,,,:,321,552,1.7196261682243,,312,1388,4.44871794871795,
2018Q4,,RA2704,,RA2704,,Emergency Inpatients,,,:,216,346,1.60185185185185,,215,768,3.57209302325581,
2019Q1,,RA2704,,RA2704,,Emergency Inpatients,,,:,283,429,1.51590106007067,,280,1349,4.81785714285714,
2019Q2,,RA2704,,RA2704,,Emergency Inpatients,,,:,328,421,1.28353658536585,,309,1064,3.44336569579288,
2019Q3,,RA2704,,RA2704,,Emergency Inpatients,,,:,347,533,1.53602305475504,,341,1674,4.90909090909091,
2019Q4,,RA2704,,RA2704,,Emergency Inpatients,,,:,261,462,1.77011494252874,,247,1228,4.97165991902834,
2020Q1,,RA2704,,RA2704,,Emergency Inpatients,,,:,238,365,1.53361344537815,,242,1193,4.9297520661157,
2020Q2,,RA2704,,RA2704,,Emergency Inpatients,,,:,294,349,1.18707482993197,,287,687,2.39372822299652,
2020Q3,,RA2704,,RA2704,,Emergency Inpatients,,,:,276,362,1.31159420289855,,272,797,2.93014705882353,
2020Q4,,RA2704,,RA2704,,Emergency Inpatients,,,:,198,287,1.44949494949495,,197,723,3.67005076142132,
2021Q1,,RA2704,,RA2704,,Emergency Inpatients,,,:,200,536,2.68,,188,816,4.34042553191489,
2021Q2,,RA2704,,RA2704,,Emergency Inpatients,,,:,250,347,1.388,,242,1123,4.6404958677686,
2021Q3,,RA2704,,RA2704,,Emergency Inpatients,,,:,219,418,1.90867579908676,,212,878,4.14150943396226,
2021Q4,,RA2704,,RA2704,,Emergency Inpatients,,,:,212,389,1.83490566037736,,208,1041,5.00480769230769,
2022Q1,,RA2704,,RA2704,,Emergency Inpatients,,,:,176,375,2.13068181818182,,168,756,4.5,
2022Q2,,RA2704,,RA2704,,Emergency Inpatients,,,:,180,360,2,,178,916,5.14606741573034,
2022Q3,,RA2704,,RA2704,,Emergency Inpatients,,,:,192,439,2.28645833333333,,184,953,5.17934782608696,
2022Q4,p,RA2704,,RA2704,,Emergency Inpatients,,,:,113,376,3.32743362831858,,114,1653,14.5,
2017Q4,,S08000015,,S12000008,,Transfers,,1,,1157,6995,6.04580812445981,,0,0,,z
2018Q1,,S08000015,,S12000008,,Transfers,,1,,978,6174,6.31288343558282,,0,0,,z
2018Q2,,S08000015,,S12000008,,Transfers,,1,,991,6515,6.57416750756811,,0,0,,z
2018Q3,,S08000015,,S12000008,,Transfers,,1,,905,6018,6.64972375690608,,0,0,,z
2018Q4,,S08000015,,S12000008,,Transfers,,1,,998,6742,6.75551102204409,,0,0,,z
2019Q1,,S08000015,,S12000008,,Transfers,,1,,939,5872,6.25346112886049,,0,0,,z
2019Q2,,S08000015,,S12000008,,Transfers,,1,,930,5997,6.44838709677419,,0,0,,z
2019Q3,,S08000015,,S12000008,,Transfers,,1,,902,4814,5.3370288248337,,0,0,,z
2019Q4,,S08000015,,S12000008,,Transfers,,1,,935,6208,6.63957219251337,,0,0,,z
2020Q1,,S08000015,,S12000008,,Transfers,,1,,914,6495,7.10612691466083,,0,0,,z
2020Q2,,S08000015,,S12000008,,Transfers,,1,,699,5115,7.3175965665236,,0,0,,z
2020Q3,,S08000015,,S12000008,,Transfers,,1,,723,4748,6.567081604426,,0,0,,z
2020Q4,,S08000015,,S12000008,,Transfers,,1,,776,6169,7.94974226804124,,0,0,,z
2021Q1,,S08000015,,S12000008,,Transfers,,1,,771,6701,8.69130998702983,,0,0,,z
2021Q2,,S08000015,,S12000008,,Transfers,,1,,853,6415,7.52051582649472,,0,0,,z
2021Q3,,S08000015,,S12000008,,Transfers,,1,,849,5535,6.51943462897527,,0,0,,z
2021Q4,,S08000015,,S12000008,,Transfers,,1,,852,6660,7.8169014084507,,0,0,,z
2022Q1,,S08000015,,S12000008,,Transfers,,1,,701,5995,8.55206847360913,,0,0,,z
2022Q2,,S08000015,,S12000008,,Transfers,,1,,628,6789,10.8105095541401,,0,0,,z
2022Q3,,S08000015,,S12000008,,Transfers,,1,,611,5873,9.61211129296236,,0,0,,z
2022Q4,p,S08000015,,S12000008,,Transfers,,1,,587,4582,7.80579216354344,,0,0,,z
2017Q4,,S08000015,,S12000008,,Transfers,,2,,816,5295,6.4889705882353,,0,0,,z
2018Q1,,S08000015,,S12000008,,Transfers,,2,,776,5007,6.45231958762887,,0,0,,z
2018Q2,,S08000015,,S12000008,,Transfers,,2,,761,6016,7.9053876478318,,0,0,,z
2018Q3,,S08000015,,S12000008,,Transfers,,2,,762,5334,7,,0,0,,z
2018Q4,,S08000015,,S12000008,,Transfers,,2,,706,4689,6.64164305949009,,0,0,,z
2019Q1,,S08000015,,S12000008,,Transfers,,2,,746,4827,6.47050938337802,,0,0,,z
2019Q2,,S08000015,,S12000008,,Transfers,,2,,665,4289,6.44962406015038,,0,0,,z
2019Q3,,S08000015,,S12000008,,Transfers,,2,,706,4639,6.57082152974504,,0,0,,z
2019Q4,,S08000015,,S12000008,,Transfers,,2,,650,4341,6.67846153846154,,0,0,,z
2020Q1,,S08000015,,S12000008,,Transfers,,2,,577,4657,8.07105719237435,,0,0,,z
2020Q2,,S08000015,,S12000008,,Transfers,,2,,448,3261,7.27901785714286,,0,0,,z
2020Q3,,S08000015,,S12000008,,Transfers,,2,,581,4361,7.50602409638554,,0,0,,z
2020Q4,,S08000015,,S12000008,,Transfers,,2,,596,4538,7.61409395973154,,0,0,,z
2021Q1,,S08000015,,S12000008,,Transfers,,2,,577,4941,8.5632582322357,,0,0,,z
2021Q2,,S08000015,,S12000008,,Transfers,,2,,600,4208,7.01333333333333,,0,0,,z
2021Q3,,S08000015,,S12000008,,Transfers,,2,,578,4831,8.35813148788927,,0,0,,z
2021Q4,,S08000015,,S12000008,,Transfers,,2,,547,4224,7.72212065813528,,0,0,,z
2022Q1,,S08000015,,S12000008,,Transfers,,2,,532,5058,9.50751879699248,,0,0,,z
2022Q2,,S08000015,,S12000008,,Transfers,,2,,530,4919,9.2811320754717,,0,0,,z
2022Q3,,S08000015,,S12000008,,Transfers,,2,,489,4883,9.98568507157464,,0,0,,z
2022Q4,p,S08000015,,S12000008,,Transfers,,2,,498,5020,10.0803212851406,,0,0,,z
2017Q4,,S08000015,,S12000008,,Transfers,,3,,528,3670,6.95075757575758,,0,0,,z
2018Q1,,S08000015,,S12000008,,Transfers,,3,,435,2862,6.57931034482759,,0,0,,z
2018Q2,,S08000015,,S12000008,,Transfers,,3,,344,2965,8.61918604651163,,0,0,,z
2018Q3,,S08000015,,S12000008,,Transfers,,3,,442,2967,6.71266968325792,,0,0,,z
2018Q4,,S08000015,,S12000008,,Transfers,,3,,438,2877,6.56849315068493,,0,0,,z
2019Q1,,S08000015,,S12000008,,Transfers,,3,,465,3154,6.78279569892473,,0,0,,z
2019Q2,,S08000015,,S12000008,,Transfers,,3,,425,2754,6.48,,0,0,,z
2019Q3,,S08000015,,S12000008,,Transfers,,3,,422,2760,6.54028436018957,,0,0,,z
2019Q4,,S08000015,,S12000008,,Transfers,,3,,344,2252,6.54651162790698,,0,0,,z
2020Q1,,S08000015,,S12000008,,Transfers,,3,,374,3074,8.2192513368984,,0,0,,z
2020Q2,,S08000015,,S12000008,,Transfers,,3,,284,1498,5.27464788732394,,0,0,,z
2020Q3,,S08000015,,S12000008,,Transfers,,3,,356,2728,7.66292134831461,,0,0,,z
2020Q4,,S08000015,,S12000008,,Transfers,,3,,354,2528,7.14124293785311,,0,0,,z
2021Q1,,S08000015,,S12000008,,Transfers,,3,,318,2596,8.16352201257862,,0,0,,z
2021Q2,,S08000015,,S12000008,,Transfers,,3,,349,2961,8.48424068767908,,0,0,,z
2021Q3,,S08000015,,S12000008,,Transfers,,3,,367,2697,7.34877384196185,,0,0,,z
2021Q4,,S08000015,,S12000008,,Transfers,,3,,347,2850,8.21325648414986,,0,0,,z
2022Q1,,S08000015,,S12000008,,Transfers,,3,,269,2943,10.9405204460967,,0,0,,z
2022Q2,,S08000015,,S12000008,,Transfers,,3,,336,3219,9.58035714285714,,0,0,,z
2022Q3,,S08000015,,S12000008,,Transfers,,3,,330,2744,8.31515151515151,,0,0,,z
2022Q4,p,S08000015,,S12000008,,Transfers,,3,,292,2954,10.1164383561644,,0,0,,z
2017Q4,,S08000015,,S12000008,,Transfers,,4,,319,2011,6.30407523510972,,0,0,,z
2018Q1,,S08000015,,S12000008,,Transfers,,4,,291,2096,7.20274914089347,,0,0,,z
2018Q2,,S08000015,,S12000008,,Transfers,,4,,298,2172,7.28859060402685,,0,0,,z
2018Q3,,S08000015,,S12000008,,Transfers,,4,,297,2344,7.89225589225589,,0,0,,z
2018Q4,,S08000015,,S12000008,,Transfers,,4,,316,1936,6.12658227848101,,0,0,,z
2019Q1,,S08000015,,S12000008,,Transfers,,4,,252,1991,7.90079365079365,,0,0,,z
2019Q2,,S08000015,,S12000008,,Transfers,,4,,259,2039,7.87258687258687,,0,0,,z
2019Q3,,S08000015,,S12000008,,Transfers,,4,,275,2295,8.34545454545455,,0,0,,z
2019Q4,,S08000015,,S12000008,,Transfers,,4,,269,1839,6.8364312267658,,0,0,,z
2020Q1,,S08000015,,S12000008,,Transfers,,4,,210,1486,7.07619047619048,,0,0,,z
2020Q2,,S08000015,,S12000008,,Transfers,,4,,187,1410,7.54010695187166,,0,0,,z
2020Q3,,S08000015,,S12000008,,Transfers,,4,,259,1619,6.25096525096525,,0,0,,z
2020Q4,,S08000015,,S12000008,,Transfers,,4,,247,1755,7.10526315789474,,0,0,,z
2021Q1,,S08000015,,S12000008,,Transfers,,4,,230,1775,7.71739130434783,,0,0,,z
2021Q2,,S08000015,,S12000008,,Transfers,,4,,259,1869,7.21621621621622,,0,0,,z
2021Q3,,S08000015,,S12000008,,Transfers,,4,,265,2391,9.02264150943396,,0,0,,z
2021Q4,,S08000015,,S12000008,,Transfers,,4,,263,2095,7.96577946768061,,0,0,,z
2022Q1,,S08000015,,S12000008,,Transfers,,4,,206,1913,9.28640776699029,,0,0,,z
2022Q2,,S08000015,,S12000008,,Transfers,,4,,204,1671,8.19117647058824,,0,0,,z
2022Q3,,S08000015,,S12000008,,Transfers,,4,,208,1655,7.95673076923077,,0,0,,z
2022Q4,p,S08000015,,S12000008,,Transfers,,4,,212,2675,12.6179245283019,,0,0,,z
2017Q4,,S08000015,,S12000008,,Transfers,,5,,192,1632,8.5,,0,0,,z
2018Q1,,S08000015,,S12000008,,Transfers,,5,,189,1445,7.64550264550265,,0,0,,z
2018Q2,,S08000015,,S12000008,,Transfers,,5,,202,1521,7.52970297029703,,0,0,,z
2018Q3,,S08000015,,S12000008,,Transfers,,5,,168,1355,8.06547619047619,,0,0,,z
2018Q4,,S08000015,,S12000008,,Transfers,,5,,147,997,6.78231292517007,,0,0,,z
2019Q1,,S08000015,,S12000008,,Transfers,,5,,180,987,5.48333333333333,,0,0,,z
2019Q2,,S08000015,,S12000008,,Transfers,,5,,198,1367,6.9040404040404,,0,0,,z
2019Q3,,S08000015,,S12000008,,Transfers,,5,,179,1077,6.01675977653631,,0,0,,z
2019Q4,,S08000015,,S12000008,,Transfers,,5,,157,1097,6.98726114649681,,0,0,,z
2020Q1,,S08000015,,S12000008,,Transfers,,5,,139,875,6.29496402877698,,0,0,,z
2020Q2,,S08000015,,S12000008,,Transfers,,5,,145,967,6.66896551724138,,0,0,,z
2020Q3,,S08000015,,S12000008,,Transfers,,5,,162,1207,7.45061728395062,,0,0,,z
2020Q4,,S08000015,,S12000008,,Transfers,,5,,148,1054,7.12162162162162,,0,0,,z
2021Q1,,S08000015,,S12000008,,Transfers,,5,,159,1502,9.44654088050314,,0,0,,z
2021Q2,,S08000015,,S12000008,,Transfers,,5,,207,1233,5.95652173913043,,0,0,,z
2021Q3,,S08000015,,S12000008,,Transfers,,5,,174,1570,9.02298850574713,,0,0,,z
2021Q4,,S08000015,,S12000008,,Transfers,,5,,172,1257,7.30813953488372,,0,0,,z
2022Q1,,S08000015,,S12000008,,Transfers,,5,,121,1119,9.24793388429752,,0,0,,z
2022Q2,,S08000015,,S12000008,,Transfers,,5,,115,1289,11.2086956521739,,0,0,,z
2022Q3,,S08000015,,S12000008,,Transfers,,5,,129,1147,8.89147286821705,,0,0,,z
2022Q4,p,S08000015,,S12000008,,Transfers,,5,,119,1453,12.2100840336134,,0,0,,z
2017Q4,,S08000015,,S08000015,d,Transfers,,1,,3329,23920,7.18534094322619,,0,0,,z
2018Q1,,S08000015,,S08000015,d,Transfers,,1,,3168,25087,7.91887626262626,,0,0,,z
2018Q2,,S08000015,,S08000015,d,Transfers,,1,,2995,22928,7.65542570951586,,0,0,,z
2018Q3,,S08000015,,S08000015,d,Transfers,,1,,2841,21305,7.4991200281591,,0,0,,z
2018Q4,,S08000015,,S08000015,d,Transfers,,1,,3020,21402,7.08675496688742,,0,0,,z
2019Q1,,S08000015,,S08000015,d,Transfers,,1,,2870,22179,7.72787456445993,,0,0,,z
2019Q2,,S08000015,,S08000015,d,Transfers,,1,,2770,19841,7.16281588447653,,0,0,,z
2019Q3,,S08000015,,S08000015,d,Transfers,,1,,2693,19371,7.19309320460453,,0,0,,z
2019Q4,,S08000015,,S08000015,d,Transfers,,1,,2845,20936,7.35887521968366,,0,0,,z
2020Q1,,S08000015,,S08000015,d,Transfers,,1,,2651,22958,8.66012825348925,,0,0,,z
2020Q2,,S08000015,,S08000015,d,Transfers,,1,,2093,16551,7.9077878643096,,0,0,,z
2020Q3,,S08000015,,S08000015,d,Transfers,,1,,2442,17695,7.24610974610975,,0,0,,z
2020Q4,,S08000015,,S08000015,d,Transfers,,1,,2351,21018,8.94002552105487,,0,0,,z
2021Q1,,S08000015,,S08000015,d,Transfers,,1,,2354,22619,9.60875106202209,,0,0,,z
2021Q2,,S08000015,,S08000015,d,Transfers,,1,,2433,20573,8.45581586518701,,0,0,,z
2021Q3,,S08000015,,S08000015,d,Transfers,,1,,2435,19019,7.81067761806981,,0,0,,z
2021Q4,,S08000015,,S08000015,d,Transfers,,1,,2426,22276,9.18219291014015,,0,0,,z
2022Q1,,S08000015,,S08000015,d,Transfers,,1,,2036,19825,9.73722986247544,,0,0,,z
2022Q2,,S08000015,,S08000015,d,Transfers,,1,,1880,20384,10.842553191489401,,0,0,,z
2022Q3,,S08000015,,S08000015,d,Transfers,,1,,1935,19223,9.9343669250646,,0,0,,z
2022Q4,p,S08000015,,S08000015,d,Transfers,,1,,1826,18131,9.92935377875137,,0,0,,z
2017Q4,,S08000015,,S08000015,d,Transfers,,2,,2378,17255,7.25609756097561,,0,0,,z
2018Q1,,S08000015,,S08000015,d,Transfers,,2,,2269,17325,7.63552225650066,,0,0,,z
2018Q2,,S08000015,,S08000015,d,Transfers,,2,,2157,18092,8.38757533611497,,0,0,,z
2018Q3,,S08000015,,S08000015,d,Transfers,,2,,2068,14941,7.22485493230174,,0,0,,z
2018Q4,,S08000015,,S08000015,d,Transfers,,2,,2024,14261,7.04594861660079,,0,0,,z
2019Q1,,S08000015,,S08000015,d,Transfers,,2,,2049,14915,7.27916056612982,,0,0,,z
2019Q2,,S08000015,,S08000015,d,Transfers,,2,,1851,13083,7.06807131280389,,0,0,,z
2019Q3,,S08000015,,S08000015,d,Transfers,,2,,2025,14831,7.32395061728395,,0,0,,z
2019Q4,,S08000015,,S08000015,d,Transfers,,2,,1992,15499,7.78062248995984,,0,0,,z
2020Q1,,S08000015,,S08000015,d,Transfers,,2,,1739,15054,8.65669925244393,,0,0,,z
2020Q2,,S08000015,,S08000015,d,Transfers,,2,,1327,11376,8.57272042200452,,0,0,,z
2020Q3,,S08000015,,S08000015,d,Transfers,,2,,1758,12383,7.04379977246871,,0,0,,z
2020Q4,,S08000015,,S08000015,d,Transfers,,2,,1741,14420,8.28259620907524,,0,0,,z
2021Q1,,S08000015,,S08000015,d,Transfers,,2,,1637,14926,9.11789859499084,,0,0,,z
2021Q2,,S08000015,,S08000015,d,Transfers,,2,,1756,14272,8.12756264236902,,0,0,,z
2021Q3,,S08000015,,S08000015,d,Transfers,,2,,1698,15029,8.8510011778563,,0,0,,z
2021Q4,,S08000015,,S08000015,d,Transfers,,2,,1687,15239,9.03319502074689,,0,0,,z
2022Q1,,S08000015,,S08000015,d,Transfers,,2,,1405,13923,9.90960854092527,,0,0,,z
2022Q2,,S08000015,,S08000015,d,Transfers,,2,,1527,15549,10.1827111984283,,0,0,,z
2022Q3,,S08000015,,S08000015,d,Transfers,,2,,1352,14226,10.5221893491124,,0,0,,z
2022Q4,p,S08000015,,S08000015,d,Transfers,,2,,1380,14673,10.6326086956522,,0,0,,z
2017Q4,,S08000015,,S08000015,d,Transfers,,3,,1700,13400,7.88235294117647,,0,0,,z
2018Q1,,S08000015,,S08000015,d,Transfers,,3,,1485,11576,7.7952861952862,,0,0,,z
2018Q2,,S08000015,,S08000015,d,Transfers,,3,,1341,11450,8.53840417598807,,0,0,,z
2018Q3,,S08000015,,S08000015,d,Transfers,,3,,1326,9631,7.263197586727,,0,0,,z
2018Q4,,S08000015,,S08000015,d,Transfers,,3,,1379,10858,7.87382160986222,,0,0,,z
2019Q1,,S08000015,,S08000015,d,Transfers,,3,,1376,10237,7.43968023255814,,0,0,,z
2019Q2,,S08000015,,S08000015,d,Transfers,,3,,1460,10967,7.51164383561644,,0,0,,z
2019Q3,,S08000015,,S08000015,d,Transfers,,3,,1333,10460,7.84696174043511,,0,0,,z
2019Q4,,S08000015,,S08000015,d,Transfers,,3,,1279,9966,7.79202501954652,,0,0,,z
2020Q1,,S08000015,,S08000015,d,Transfers,,3,,1221,11282,9.23996723996724,,0,0,,z
2020Q2,,S08000015,,S08000015,d,Transfers,,3,,995,8196,8.23718592964824,,0,0,,z
2020Q3,,S08000015,,S08000015,d,Transfers,,3,,1198,9538,7.96160267111853,,0,0,,z
2020Q4,,S08000015,,S08000015,d,Transfers,,3,,1198,9850,8.2220367278798,,0,0,,z
2021Q1,,S08000015,,S08000015,d,Transfers,,3,,1056,9859,9.33617424242424,,0,0,,z
2021Q2,,S08000015,,S08000015,d,Transfers,,3,,1223,10753,8.79231398201145,,0,0,,z
2021Q3,,S08000015,,S08000015,d,Transfers,,3,,1268,10048,7.92429022082019,,0,0,,z
2021Q4,,S08000015,,S08000015,d,Transfers,,3,,1201,11508,9.58201498751041,,0,0,,z
2022Q1,,S08000015,,S08000015,d,Transfers,,3,,971,10243,10.5489186405767,,0,0,,z
2022Q2,,S08000015,,S08000015,d,Transfers,,3,,1037,12042,11.6123432979749,,0,0,,z
2022Q3,,S08000015,,S08000015,d,Transfers,,3,,1068,10373,9.7125468164794,,0,0,,z
2022Q4,p,S08000015,,S08000015,d,Transfers,,3,,996,10867,10.9106425702811,,0,0,,z
2017Q4,,S08000015,,S08000015,d,Transfers,,4,,1083,8464,7.81532779316713,,0,0,,z
2018Q1,,S08000015,,S08000015,d,Transfers,,4,,1062,9032,8.50470809792844,,0,0,,z
2018Q2,,S08000015,,S08000015,d,Transfers,,4,,1016,7819,7.69586614173228,,0,0,,z
2018Q3,,S08000015,,S08000015,d,Transfers,,4,,1002,7499,7.48403193612774,,0,0,,z
2018Q4,,S08000015,,S08000015,d,Transfers,,4,,1058,8789,8.30718336483932,,0,0,,z
2019Q1,,S08000015,,S08000015,d,Transfers,,4,,994,8174,8.22334004024145,,0,0,,z
2019Q2,,S08000015,,S08000015,d,Transfers,,4,,963,9053,9.40083073727934,,0,0,,z
2019Q3,,S08000015,,S08000015,d,Transfers,,4,,994,9182,9.2374245472837,,0,0,,z
2019Q4,,S08000015,,S08000015,d,Transfers,,4,,1030,8614,8.3631067961165,,0,0,,z
2020Q1,,S08000015,,S08000015,d,Transfers,,4,,863,8461,9.80417149478563,,0,0,,z
2020Q2,,S08000015,,S08000015,d,Transfers,,4,,665,5584,8.39699248120301,,0,0,,z
2020Q3,,S08000015,,S08000015,d,Transfers,,4,,926,7297,7.88012958963283,,0,0,,z
2020Q4,,S08000015,,S08000015,d,Transfers,,4,,885,7447,8.41468926553672,,0,0,,z
2021Q1,,S08000015,,S08000015,d,Transfers,,4,,737,6465,8.77204884667571,,0,0,,z
2021Q2,,S08000015,,S08000015,d,Transfers,,4,,867,7963,9.18454440599769,,0,0,,z
2021Q3,,S08000015,,S08000015,d,Transfers,,4,,893,8252,9.24076147816349,,0,0,,z
2021Q4,,S08000015,,S08000015,d,Transfers,,4,,963,8686,9.01973001038422,,0,0,,z
2022Q1,,S08000015,,S08000015,d,Transfers,,4,,715,7689,10.7538461538462,,0,0,,z
2022Q2,,S08000015,,S08000015,d,Transfers,,4,,776,8116,10.4587628865979,,0,0,,z
2022Q3,,S08000015,,S08000015,d,Transfers,,4,,797,8824,11.0715181932246,,0,0,,z
2022Q4,p,S08000015,,S08000015,d,Transfers,,4,,775,9508,12.2683870967742,,0,0,,z
2017Q4,,S08000015,,S08000015,d,Transfers,,5,,927,7761,8.37216828478964,,0,0,,z
2018Q1,,S08000015,,S08000015,d,Transfers,,5,,1034,7383,7.14023210831721,,0,0,,z
2018Q2,,S08000015,,S08000015,d,Transfers,,5,,966,8168,8.45548654244306,,0,0,,z
2018Q3,,S08000015,,S08000015,d,Transfers,,5,,867,7013,8.08881199538639,,0,0,,z
2018Q4,,S08000015,,S08000015,d,Transfers,,5,,941,7512,7.98299681190223,,0,0,,z
2019Q1,,S08000015,,S08000015,d,Transfers,,5,,907,7092,7.81918412348401,,0,0,,z
2019Q2,,S08000015,,S08000015,d,Transfers,,5,,906,8024,8.85651214128035,,0,0,,z
2019Q3,,S08000015,,S08000015,d,Transfers,,5,,833,7176,8.61464585834334,,0,0,,z
2019Q4,,S08000015,,S08000015,d,Transfers,,5,,827,6571,7.94558645707376,,0,0,,z
2020Q1,,S08000015,,S08000015,d,Transfers,,5,,780,6766,8.67435897435897,,0,0,,z
2020Q2,,S08000015,,S08000015,d,Transfers,,5,,597,5300,8.87772194304858,,0,0,,z
2020Q3,,S08000015,,S08000015,d,Transfers,,5,,802,6409,7.99127182044888,,0,0,,z
2020Q4,,S08000015,,S08000015,d,Transfers,,5,,778,7093,9.11696658097686,,0,0,,z
2021Q1,,S08000015,,S08000015,d,Transfers,,5,,704,7000,9.94318181818182,,0,0,,z
2021Q2,,S08000015,,S08000015,d,Transfers,,5,,833,6892,8.27370948379352,,0,0,,z
2021Q3,,S08000015,,S08000015,d,Transfers,,5,,755,6696,8.86887417218543,,0,0,,z
2021Q4,,S08000015,,S08000015,d,Transfers,,5,,745,8249,11.0724832214765,,0,0,,z
2022Q1,,S08000015,,S08000015,d,Transfers,,5,,688,7035,10.2252906976744,,0,0,,z
2022Q2,,S08000015,,S08000015,d,Transfers,,5,,691,7999,11.575976845152,,0,0,,z
2022Q3,,S08000015,,S08000015,d,Transfers,,5,,715,8036,11.2391608391608,,0,0,,z
2022Q4,p,S08000015,,S08000015,d,Transfers,,5,,625,7772,12.4352,,0,0,,z
2022Q4,p,S08000015,,S08000015,d,Transfers,,,:,5,5,1,,0,0,,z
2017Q4,,S08000015,,S12000021,,Transfers,,1,,1519,12483,8.21790651744569,,0,0,,z
2018Q1,,S08000015,,S12000021,,Transfers,,1,,1476,12484,8.4579945799458,,0,0,,z
2018Q2,,S08000015,,S12000021,,Transfers,,1,,1395,11650,8.35125448028674,,0,0,,z
2018Q3,,S08000015,,S12000021,,Transfers,,1,,1314,11132,8.47184170471842,,0,0,,z
2018Q4,,S08000015,,S12000021,,Transfers,,1,,1423,10709,7.52565003513703,,0,0,,z
2019Q1,,S08000015,,S12000021,,Transfers,,1,,1335,11340,8.49438202247191,,0,0,,z
2019Q2,,S08000015,,S12000021,,Transfers,,1,,1284,9106,7.09190031152648,,0,0,,z
2019Q3,,S08000015,,S12000021,,Transfers,,1,,1243,10245,8.24215607401448,,0,0,,z
2019Q4,,S08000015,,S12000021,,Transfers,,1,,1288,10095,7.83773291925466,,0,0,,z
2020Q1,,S08000015,,S12000021,,Transfers,,1,,1175,10652,9.06553191489362,,0,0,,z
2020Q2,,S08000015,,S12000021,,Transfers,,1,,1026,8066,7.86159844054581,,0,0,,z
2020Q3,,S08000015,,S12000021,,Transfers,,1,,1185,9027,7.61772151898734,,0,0,,z
2020Q4,,S08000015,,S12000021,,Transfers,,1,,1060,9754,9.20188679245283,,0,0,,z
2021Q1,,S08000015,,S12000021,,Transfers,,1,,1103,9500,8.6128739800544,,0,0,,z
2021Q2,,S08000015,,S12000021,,Transfers,,1,,1089,10190,9.35720844811754,,0,0,,z
2021Q3,,S08000015,,S12000021,,Transfers,,1,,1084,9553,8.81273062730627,,0,0,,z
2021Q4,,S08000015,,S12000021,,Transfers,,1,,1079,10358,9.59962928637627,,0,0,,z
2022Q1,,S08000015,,S12000021,,Transfers,,1,,894,9200,10.2908277404922,,0,0,,z
2022Q2,,S08000015,,S12000021,,Transfers,,1,,834,9002,10.7937649880096,,0,0,,z
2022Q3,,S08000015,,S12000021,,Transfers,,1,,937,9286,9.91035218783351,,0,0,,z
2022Q4,p,S08000015,,S12000021,,Transfers,,1,,874,9885,11.3100686498856,,0,0,,z
2017Q4,,S08000015,,S12000021,,Transfers,,2,,599,4885,8.15525876460768,,0,0,,z
2018Q1,,S08000015,,S12000021,,Transfers,,2,,596,5771,9.68288590604027,,0,0,,z
2018Q2,,S08000015,,S12000021,,Transfers,,2,,564,4959,8.79255319148936,,0,0,,z
2018Q3,,S08000015,,S12000021,,Transfers,,2,,536,4074,7.60074626865672,,0,0,,z
2018Q4,,S08000015,,S12000021,,Transfers,,2,,551,4102,7.44464609800363,,0,0,,z
2019Q1,,S08000015,,S12000021,,Transfers,,2,,538,4112,7.64312267657993,,0,0,,z
2019Q2,,S08000015,,S12000021,,Transfers,,2,,496,4293,8.65524193548387,,0,0,,z
2019Q3,,S08000015,,S12000021,,Transfers,,2,,573,4442,7.7521815008726,,0,0,,z
2019Q4,,S08000015,,S12000021,,Transfers,,2,,586,4728,8.06825938566553,,0,0,,z
2020Q1,,S08000015,,S12000021,,Transfers,,2,,498,4558,9.15261044176707,,0,0,,z
2020Q2,,S08000015,,S12000021,,Transfers,,2,,394,3653,9.27157360406091,,0,0,,z
2020Q3,,S08000015,,S12000021,,Transfers,,2,,508,3453,6.79724409448819,,0,0,,z
2020Q4,,S08000015,,S12000021,,Transfers,,2,,489,4018,8.21676891615542,,0,0,,z
2021Q1,,S08000015,,S12000021,,Transfers,,2,,444,4022,9.05855855855856,,0,0,,z
2021Q2,,S08000015,,S12000021,,Transfers,,2,,493,4817,9.77079107505071,,0,0,,z
2021Q3,,S08000015,,S12000021,,Transfers,,2,,462,3928,8.5021645021645,,0,0,,z
2021Q4,,S08000015,,S12000021,,Transfers,,2,,453,4772,10.5342163355408,,0,0,,z
2022Q1,,S08000015,,S12000021,,Transfers,,2,,399,4513,11.3107769423559,,0,0,,z
2022Q2,,S08000015,,S12000021,,Transfers,,2,,384,4138,10.7760416666667,,0,0,,z
2022Q3,,S08000015,,S12000021,,Transfers,,2,,365,4262,11.6767123287671,,0,0,,z
2022Q4,p,S08000015,,S12000021,,Transfers,,2,,355,4368,12.3042253521127,,0,0,,z
2017Q4,,S08000015,,S12000021,,Transfers,,3,,472,4252,9.00847457627119,,0,0,,z
2018Q1,,S08000015,,S12000021,,Transfers,,3,,394,3433,8.71319796954315,,0,0,,z
2018Q2,,S08000015,,S12000021,,Transfers,,3,,387,3475,8.97932816537468,,0,0,,z
2018Q3,,S08000015,,S12000021,,Transfers,,3,,361,2737,7.58171745152355,,0,0,,z
2018Q4,,S08000015,,S12000021,,Transfers,,3,,376,2941,7.8218085106383,,0,0,,z
2019Q1,,S08000015,,S12000021,,Transfers,,3,,374,3215,8.59625668449198,,0,0,,z
2019Q2,,S08000015,,S12000021,,Transfers,,3,,429,3983,9.28438228438228,,0,0,,z
2019Q3,,S08000015,,S12000021,,Transfers,,3,,413,3267,7.91041162227603,,0,0,,z
2019Q4,,S08000015,,S12000021,,Transfers,,3,,439,3860,8.79271070615034,,0,0,,z
2020Q1,,S08000015,,S12000021,,Transfers,,3,,358,3778,10.5530726256983,,0,0,,z
2020Q2,,S08000015,,S12000021,,Transfers,,3,,334,3087,9.24251497005988,,0,0,,z
2020Q3,,S08000015,,S12000021,,Transfers,,3,,351,2731,7.78062678062678,,0,0,,z
2020Q4,,S08000015,,S12000021,,Transfers,,3,,383,3669,9.57963446475196,,0,0,,z
2021Q1,,S08000015,,S12000021,,Transfers,,3,,295,2657,9.00677966101695,,0,0,,z
2021Q2,,S08000015,,S12000021,,Transfers,,3,,350,3344,9.55428571428572,,0,0,,z
2021Q3,,S08000015,,S12000021,,Transfers,,3,,374,3245,8.67647058823529,,0,0,,z
2021Q4,,S08000015,,S12000021,,Transfers,,3,,333,3140,9.42942942942943,,0,0,,z
2022Q1,,S08000015,,S12000021,,Transfers,,3,,294,3225,10.969387755102,,0,0,,z
2022Q2,,S08000015,,S12000021,,Transfers,,3,,313,4326,13.8210862619808,,0,0,,z
2022Q3,,S08000015,,S12000021,,Transfers,,3,,324,3310,10.216049382716,,0,0,,z
2022Q4,p,S08000015,,S12000021,,Transfers,,3,,331,3541,10.6978851963746,,0,0,,z
2017Q4,,S08000015,,S12000021,,Transfers,,4,,328,2766,8.43292682926829,,0,0,,z
2018Q1,,S08000015,,S12000021,,Transfers,,4,,341,2926,8.58064516129032,,0,0,,z
2018Q2,,S08000015,,S12000021,,Transfers,,4,,330,2361,7.15454545454545,,0,0,,z
2018Q3,,S08000015,,S12000021,,Transfers,,4,,326,1895,5.81288343558282,,0,0,,z
2018Q4,,S08000015,,S12000021,,Transfers,,4,,355,2664,7.50422535211268,,0,0,,z
2019Q1,,S08000015,,S12000021,,Transfers,,4,,356,2750,7.7247191011236,,0,0,,z
2019Q2,,S08000015,,S12000021,,Transfers,,4,,322,2870,8.91304347826087,,0,0,,z
2019Q3,,S08000015,,S12000021,,Transfers,,4,,354,3047,8.60734463276836,,0,0,,z
2019Q4,,S08000015,,S12000021,,Transfers,,4,,341,2260,6.62756598240469,,0,0,,z
2020Q1,,S08000015,,S12000021,,Transfers,,4,,322,2881,8.9472049689441,,0,0,,z
2020Q2,,S08000015,,S12000021,,Transfers,,4,,225,1700,7.55555555555556,,0,0,,z
2020Q3,,S08000015,,S12000021,,Transfers,,4,,313,2499,7.98402555910543,,0,0,,z
2020Q4,,S08000015,,S12000021,,Transfers,,4,,320,2637,8.240625,,0,0,,z
2021Q1,,S08000015,,S12000021,,Transfers,,4,,243,2111,8.68724279835391,,0,0,,z
2021Q2,,S08000015,,S12000021,,Transfers,,4,,316,2929,9.26898734177215,,0,0,,z
2021Q3,,S08000015,,S12000021,,Transfers,,4,,302,2478,8.20529801324503,,0,0,,z
2021Q4,,S08000015,,S12000021,,Transfers,,4,,346,3113,8.9971098265896,,0,0,,z
2022Q1,,S08000015,,S12000021,,Transfers,,4,,262,2956,11.2824427480916,,0,0,,z
2022Q2,,S08000015,,S12000021,,Transfers,,4,,254,2898,11.4094488188976,,0,0,,z
2022Q3,,S08000015,,S12000021,,Transfers,,4,,299,3510,11.7391304347826,,0,0,,z
2022Q4,p,S08000015,,S12000021,,Transfers,,4,,286,3066,10.7202797202797,,0,0,,z
2017Q4,,S08000015,,S12000021,,Transfers,,5,,231,1866,8.07792207792208,,0,0,,z
2018Q1,,S08000015,,S12000021,,Transfers,,5,,276,1885,6.82971014492754,,0,0,,z
2018Q2,,S08000015,,S12000021,,Transfers,,5,,241,1782,7.3941908713693,,0,0,,z
2018Q3,,S08000015,,S12000021,,Transfers,,5,,222,2245,10.1126126126126,,0,0,,z
2018Q4,,S08000015,,S12000021,,Transfers,,5,,260,2146,8.25384615384615,,0,0,,z
2019Q1,,S08000015,,S12000021,,Transfers,,5,,218,1572,7.21100917431193,,0,0,,z
2019Q2,,S08000015,,S12000021,,Transfers,,5,,231,2370,10.2597402597403,,0,0,,z
2019Q3,,S08000015,,S12000021,,Transfers,,5,,204,1374,6.73529411764706,,0,0,,z
2019Q4,,S08000015,,S12000021,,Transfers,,5,,215,1453,6.75813953488372,,0,0,,z
2020Q1,,S08000015,,S12000021,,Transfers,,5,,192,1977,10.296875,,0,0,,z
2020Q2,,S08000015,,S12000021,,Transfers,,5,,152,1005,6.61184210526316,,0,0,,z
2020Q3,,S08000015,,S12000021,,Transfers,,5,,214,1261,5.89252336448598,,0,0,,z
2020Q4,,S08000015,,S12000021,,Transfers,,5,,229,1982,8.65502183406114,,0,0,,z
2021Q1,,S08000015,,S12000021,,Transfers,,5,,193,1604,8.31088082901554,,0,0,,z
2021Q2,,S08000015,,S12000021,,Transfers,,5,,196,1618,8.25510204081633,,0,0,,z
2021Q3,,S08000015,,S12000021,,Transfers,,5,,181,1327,7.33149171270718,,0,0,,z
2021Q4,,S08000015,,S12000021,,Transfers,,5,,170,1952,11.4823529411765,,0,0,,z
2022Q1,,S08000015,,S12000021,,Transfers,,5,,177,1634,9.2316384180791,,0,0,,z
2022Q2,,S08000015,,S12000021,,Transfers,,5,,195,1728,8.86153846153846,,0,0,,z
2022Q3,,S08000015,,S12000021,,Transfers,,5,,223,1841,8.25560538116592,,0,0,,z
2022Q4,p,S08000015,,S12000021,,Transfers,,5,,195,2098,10.7589743589744,,0,0,,z
2017Q4,,S08000015,,S12000028,,Transfers,,1,,653,4442,6.80245022970904,,0,0,,z
2018Q1,,S08000015,,S12000028,,Transfers,,1,,714,6429,9.00420168067227,,0,0,,z
2018Q2,,S08000015,,S12000028,,Transfers,,1,,609,4763,7.82101806239737,,0,0,,z
2018Q3,,S08000015,,S12000028,,Transfers,,1,,622,4155,6.68006430868167,,0,0,,z
2018Q4,,S08000015,,S12000028,,Transfers,,1,,599,3951,6.59599332220367,,0,0,,z
2019Q1,,S08000015,,S12000028,,Transfers,,1,,596,4967,8.33389261744967,,0,0,,z
2019Q2,,S08000015,,S12000028,,Transfers,,1,,556,4738,8.52158273381295,,0,0,,z
2019Q3,,S08000015,,S12000028,,Transfers,,1,,548,4312,7.86861313868613,,0,0,,z
2019Q4,,S08000015,,S12000028,,Transfers,,1,,622,4633,7.44855305466238,,0,0,,z
2020Q1,,S08000015,,S12000028,,Transfers,,1,,562,5811,10.3398576512456,,0,0,,z
2020Q2,,S08000015,,S12000028,,Transfers,,1,,368,3370,9.15760869565217,,0,0,,z
2020Q3,,S08000015,,S12000028,,Transfers,,1,,534,3920,7.34082397003745,,0,0,,z
2020Q4,,S08000015,,S12000028,,Transfers,,1,,515,5095,9.89320388349515,,0,0,,z
2021Q1,,S08000015,,S12000028,,Transfers,,1,,480,6418,13.3708333333333,,0,0,,z
2021Q2,,S08000015,,S12000028,,Transfers,,1,,491,3968,8.08146639511202,,0,0,,z
2021Q3,,S08000015,,S12000028,,Transfers,,1,,502,3931,7.83067729083665,,0,0,,z
2021Q4,,S08000015,,S12000028,,Transfers,,1,,495,5258,10.6222222222222,,0,0,,z
2022Q1,,S08000015,,S12000028,,Transfers,,1,,441,4630,10.4988662131519,,0,0,,z
2022Q2,,S08000015,,S12000028,,Transfers,,1,,418,4593,10.988038277512,,0,0,,z
2022Q3,,S08000015,,S12000028,,Transfers,,1,,387,4064,10.5012919896641,,0,0,,z
2022Q4,p,S08000015,,S12000028,,Transfers,,1,,365,3664,10.0383561643836,,0,0,,z
2017Q4,,S08000015,,S12000028,,Transfers,,2,,963,7075,7.34683281412253,,0,0,,z
2018Q1,,S08000015,,S12000028,,Transfers,,2,,897,6547,7.29877369007804,,0,0,,z
2018Q2,,S08000015,,S12000028,,Transfers,,2,,832,7117,8.55408653846154,,0,0,,z
2018Q3,,S08000015,,S12000028,,Transfers,,2,,770,5533,7.18571428571429,,0,0,,z
2018Q4,,S08000015,,S12000028,,Transfers,,2,,767,5470,7.13168187744459,,0,0,,z
2019Q1,,S08000015,,S12000028,,Transfers,,2,,765,5976,7.81176470588235,,0,0,,z
2019Q2,,S08000015,,S12000028,,Transfers,,2,,690,4501,6.5231884057971,,0,0,,z
2019Q3,,S08000015,,S12000028,,Transfers,,2,,746,5750,7.70777479892761,,0,0,,z
2019Q4,,S08000015,,S12000028,,Transfers,,2,,756,6430,8.505291005291,,0,0,,z
2020Q1,,S08000015,,S12000028,,Transfers,,2,,664,5839,8.79367469879518,,0,0,,z
2020Q2,,S08000015,,S12000028,,Transfers,,2,,485,4462,9.2,,0,0,,z
2020Q3,,S08000015,,S12000028,,Transfers,,2,,669,4569,6.82959641255605,,0,0,,z
2020Q4,,S08000015,,S12000028,,Transfers,,2,,656,5864,8.9390243902439,,0,0,,z
2021Q1,,S08000015,,S12000028,,Transfers,,2,,616,5963,9.6801948051948,,0,0,,z
2021Q2,,S08000015,,S12000028,,Transfers,,2,,663,5247,7.91402714932127,,0,0,,z
2021Q3,,S08000015,,S12000028,,Transfers,,2,,658,6270,9.52887537993921,,0,0,,z
2021Q4,,S08000015,,S12000028,,Transfers,,2,,687,6243,9.08733624454148,,0,0,,z
2022Q1,,S08000015,,S12000028,,Transfers,,2,,474,4352,9.18143459915612,,0,0,,z
2022Q2,,S08000015,,S12000028,,Transfers,,2,,613,6492,10.5905383360522,,0,0,,z
2022Q3,,S08000015,,S12000028,,Transfers,,2,,498,5081,10.2028112449799,,0,0,,z
2022Q4,p,S08000015,,S12000028,,Transfers,,2,,527,5285,10.0284629981025,,0,0,,z
2017Q4,,S08000015,,S12000028,,Transfers,,3,,700,5478,7.82571428571429,,0,0,,z
2018Q1,,S08000015,,S12000028,,Transfers,,3,,656,5281,8.05030487804878,,0,0,,z
2018Q2,,S08000015,,S12000028,,Transfers,,3,,610,5010,8.21311475409836,,0,0,,z
2018Q3,,S08000015,,S12000028,,Transfers,,3,,523,3927,7.50860420650096,,0,0,,z
2018Q4,,S08000015,,S12000028,,Transfers,,3,,565,5040,8.92035398230088,,0,0,,z
2019Q1,,S08000015,,S12000028,,Transfers,,3,,537,3868,7.20297951582868,,0,0,,z
2019Q2,,S08000015,,S12000028,,Transfers,,3,,606,4230,6.98019801980198,,0,0,,z
2019Q3,,S08000015,,S12000028,,Transfers,,3,,498,4433,8.90160642570281,,0,0,,z
2019Q4,,S08000015,,S12000028,,Transfers,,3,,496,3854,7.77016129032258,,0,0,,z
2020Q1,,S08000015,,S12000028,,Transfers,,3,,489,4430,9.05930470347648,,0,0,,z
2020Q2,,S08000015,,S12000028,,Transfers,,3,,377,3611,9.57824933687003,,0,0,,z
2020Q3,,S08000015,,S12000028,,Transfers,,3,,491,4079,8.30753564154786,,0,0,,z
2020Q4,,S08000015,,S12000028,,Transfers,,3,,461,3653,7.92407809110629,,0,0,,z
2021Q1,,S08000015,,S12000028,,Transfers,,3,,443,4606,10.3972911963883,,0,0,,z
2021Q2,,S08000015,,S12000028,,Transfers,,3,,524,4448,8.48854961832061,,0,0,,z
2021Q3,,S08000015,,S12000028,,Transfers,,3,,527,4106,7.79127134724858,,0,0,,z
2021Q4,,S08000015,,S12000028,,Transfers,,3,,521,5518,10.5911708253359,,0,0,,z
2022Q1,,S08000015,,S12000028,,Transfers,,3,,408,4075,9.98774509803922,,0,0,,z
2022Q2,,S08000015,,S12000028,,Transfers,,3,,388,4497,11.590206185567,,0,0,,z
2022Q3,,S08000015,,S12000028,,Transfers,,3,,414,4319,10.4323671497585,,0,0,,z
2022Q4,p,S08000015,,S12000028,,Transfers,,3,,373,4372,11.7211796246649,,0,0,,z
2017Q4,,S08000015,,S12000028,,Transfers,,4,,436,3687,8.45642201834862,,0,0,,z
2018Q1,,S08000015,,S12000028,,Transfers,,4,,430,4010,9.32558139534884,,0,0,,z
2018Q2,,S08000015,,S12000028,,Transfers,,4,,388,3286,8.46907216494845,,0,0,,z
2018Q3,,S08000015,,S12000028,,Transfers,,4,,379,3260,8.60158311345646,,0,0,,z
2018Q4,,S08000015,,S12000028,,Transfers,,4,,387,4189,10.8242894056848,,0,0,,z
2019Q1,,S08000015,,S12000028,,Transfers,,4,,386,3433,8.89378238341969,,0,0,,z
2019Q2,,S08000015,,S12000028,,Transfers,,4,,382,4144,10.848167539267,,0,0,,z
2019Q3,,S08000015,,S12000028,,Transfers,,4,,365,3840,10.5205479452055,,0,0,,z
2019Q4,,S08000015,,S12000028,,Transfers,,4,,420,4515,10.75,,0,0,,z
2020Q1,,S08000015,,S12000028,,Transfers,,4,,331,4094,12.368580060423,,0,0,,z
2020Q2,,S08000015,,S12000028,,Transfers,,4,,253,2474,9.77865612648221,,0,0,,z
2020Q3,,S08000015,,S12000028,,Transfers,,4,,354,3179,8.98022598870057,,0,0,,z
2020Q4,,S08000015,,S12000028,,Transfers,,4,,318,3055,9.60691823899371,,0,0,,z
2021Q1,,S08000015,,S12000028,,Transfers,,4,,264,2579,9.7689393939394,,0,0,,z
2021Q2,,S08000015,,S12000028,,Transfers,,4,,292,3165,10.8390410958904,,0,0,,z
2021Q3,,S08000015,,S12000028,,Transfers,,4,,326,3383,10.3773006134969,,0,0,,z
2021Q4,,S08000015,,S12000028,,Transfers,,4,,354,3478,9.82485875706215,,0,0,,z
2022Q1,,S08000015,,S12000028,,Transfers,,4,,247,2820,11.417004048583,,0,0,,z
2022Q2,,S08000015,,S12000028,,Transfers,,4,,318,3547,11.1540880503145,,0,0,,z
2022Q3,,S08000015,,S12000028,,Transfers,,4,,290,3659,12.6172413793103,,0,0,,z
2022Q4,p,S08000015,,S12000028,,Transfers,,4,,277,3767,13.5992779783393,,0,0,,z
2017Q4,,S08000015,,S12000028,,Transfers,,5,,504,4263,8.45833333333333,,0,0,,z
2018Q1,,S08000015,,S12000028,,Transfers,,5,,569,4053,7.12302284710018,,0,0,,z
2018Q2,,S08000015,,S12000028,,Transfers,,5,,523,4865,9.30210325047801,,0,0,,z
2018Q3,,S08000015,,S12000028,,Transfers,,5,,477,3413,7.15513626834382,,0,0,,z
2018Q4,,S08000015,,S12000028,,Transfers,,5,,534,4369,8.18164794007491,,0,0,,z
2019Q1,,S08000015,,S12000028,,Transfers,,5,,509,4533,8.9056974459725,,0,0,,z
2019Q2,,S08000015,,S12000028,,Transfers,,5,,477,4287,8.9874213836478,,0,0,,z
2019Q3,,S08000015,,S12000028,,Transfers,,5,,450,4725,10.5,,0,0,,z
2019Q4,,S08000015,,S12000028,,Transfers,,5,,455,4021,8.83736263736264,,0,0,,z
2020Q1,,S08000015,,S12000028,,Transfers,,5,,449,3914,8.71714922048998,,0,0,,z
2020Q2,,S08000015,,S12000028,,Transfers,,5,,300,3328,11.0933333333333,,0,0,,z
2020Q3,,S08000015,,S12000028,,Transfers,,5,,426,3941,9.25117370892019,,0,0,,z
2020Q4,,S08000015,,S12000028,,Transfers,,5,,401,4057,10.1172069825436,,0,0,,z
2021Q1,,S08000015,,S12000028,,Transfers,,5,,352,3894,11.0625,,0,0,,z
2021Q2,,S08000015,,S12000028,,Transfers,,5,,430,4041,9.39767441860465,,0,0,,z
2021Q3,,S08000015,,S12000028,,Transfers,,5,,400,3799,9.4975,,0,0,,z
2021Q4,,S08000015,,S12000028,,Transfers,,5,,403,5040,12.5062034739454,,0,0,,z
2022Q1,,S08000015,,S12000028,,Transfers,,5,,390,4282,10.9794871794872,,0,0,,z
2022Q2,,S08000015,,S12000028,,Transfers,,5,,381,4982,13.0761154855643,,0,0,,z
2022Q3,,S08000015,,S12000028,,Transfers,,5,,363,5048,13.9063360881543,,0,0,,z
2022Q4,p,S08000015,,S12000028,,Transfers,,5,,311,4221,13.572347266881,,0,0,,z
2022Q4,p,S08000015,,S12000028,,Transfers,,,:,5,5,1,,0,0,,z
2017Q4,,S08000016,,S08000016,d,Transfers,,1,,189,1205,6.37566137566138,,0,0,,z
2018Q1,,S08000016,,S08000016,d,Transfers,,1,,179,1002,5.59776536312849,,0,0,,z
2018Q2,,S08000016,,S08000016,d,Transfers,,1,,177,1017,5.74576271186441,,0,0,,z
2018Q3,,S08000016,,S08000016,d,Transfers,,1,,193,1095,5.67357512953368,,0,0,,z
2018Q4,,S08000016,,S08000016,d,Transfers,,1,,168,673,4.00595238095238,,0,0,,z
2019Q1,,S08000016,,S08000016,d,Transfers,,1,,178,1109,6.23033707865169,,0,0,,z
2019Q2,,S08000016,,S08000016,d,Transfers,,1,,127,544,4.28346456692913,,0,0,,z
2019Q3,,S08000016,,S08000016,d,Transfers,,1,,172,1010,5.87209302325581,,0,0,,z
2019Q4,,S08000016,,S08000016,d,Transfers,,1,,199,1007,5.06030150753769,,0,0,,z
2020Q1,,S08000016,,S08000016,d,Transfers,,1,,227,908,4,,0,0,,z
2020Q2,,S08000016,,S08000016,d,Transfers,,1,,129,512,3.96899224806202,,0,0,,z
2020Q3,,S08000016,,S08000016,d,Transfers,,1,,119,612,5.14285714285714,,0,0,,z
2020Q4,,S08000016,,S08000016,d,Transfers,,1,,110,587,5.33636363636364,,0,0,,z
2021Q1,,S08000016,,S08000016,d,Transfers,,1,,173,821,4.74566473988439,,0,0,,z
2021Q2,,S08000016,,S08000016,d,Transfers,,1,,169,739,4.37278106508876,,0,0,,z
2021Q3,,S08000016,,S08000016,d,Transfers,,1,,152,785,5.16447368421053,,0,0,,z
2021Q4,,S08000016,,S08000016,d,Transfers,,1,,200,1209,6.045,,0,0,,z
2022Q1,,S08000016,,S08000016,d,Transfers,,1,,183,958,5.23497267759563,,0,0,,z
2022Q2,,S08000016,,S08000016,d,Transfers,,1,,135,693,5.13333333333333,,0,0,,z
2022Q3,,S08000016,,S08000016,d,Transfers,,1,,139,874,6.28776978417266,,0,0,,z
2022Q4,p,S08000016,,S08000016,d,Transfers,,1,,118,962,8.15254237288136,,0,0,,z
2017Q4,,S08000016,,S08000016,d,Transfers,,2,,401,2522,6.28927680798005,,0,0,,z
2018Q1,,S08000016,,S08000016,d,Transfers,,2,,424,2563,6.04481132075472,,0,0,,z
2018Q2,,S08000016,,S08000016,d,Transfers,,2,,428,2304,5.38317757009346,,0,0,,z
2018Q3,,S08000016,,S08000016,d,Transfers,,2,,513,2986,5.82066276803119,,0,0,,z
2018Q4,,S08000016,,S08000016,d,Transfers,,2,,437,2280,5.21739130434783,,0,0,,z
2019Q1,,S08000016,,S08000016,d,Transfers,,2,,477,2068,4.33542976939203,,0,0,,z
2019Q2,,S08000016,,S08000016,d,Transfers,,2,,374,1812,4.84491978609626,,0,0,,z
2019Q3,,S08000016,,S08000016,d,Transfers,,2,,396,2066,5.21717171717172,,0,0,,z
2019Q4,,S08000016,,S08000016,d,Transfers,,2,,482,2629,5.45435684647303,,0,0,,z
2020Q1,,S08000016,,S08000016,d,Transfers,,2,,486,2208,4.54320987654321,,0,0,,z
2020Q2,,S08000016,,S08000016,d,Transfers,,2,,415,1742,4.19759036144578,,0,0,,z
2020Q3,,S08000016,,S08000016,d,Transfers,,2,,430,1890,4.3953488372093,,0,0,,z
2020Q4,,S08000016,,S08000016,d,Transfers,,2,,322,1799,5.58695652173913,,0,0,,z
2021Q1,,S08000016,,S08000016,d,Transfers,,2,,399,2084,5.22305764411028,,0,0,,z
2021Q2,,S08000016,,S08000016,d,Transfers,,2,,422,2069,4.90284360189573,,0,0,,z
2021Q3,,S08000016,,S08000016,d,Transfers,,2,,471,2233,4.74097664543524,,0,0,,z
2021Q4,,S08000016,,S08000016,d,Transfers,,2,,429,2839,6.61771561771562,,0,0,,z
2022Q1,,S08000016,,S08000016,d,Transfers,,2,,374,2514,6.72192513368984,,0,0,,z
2022Q2,,S08000016,,S08000016,d,Transfers,,2,,370,2193,5.92702702702703,,0,0,,z
2022Q3,,S08000016,,S08000016,d,Transfers,,2,,338,2186,6.46745562130178,,0,0,,z
2022Q4,p,S08000016,,S08000016,d,Transfers,,2,,366,2800,7.65027322404372,,0,0,,z
2017Q4,,S08000016,,S08000016,d,Transfers,,3,,771,4674,6.06225680933852,,0,0,,z
2018Q1,,S08000016,,S08000016,d,Transfers,,3,,850,5527,6.50235294117647,,0,0,,z
2018Q2,,S08000016,,S08000016,d,Transfers,,3,,904,4959,5.48561946902655,,0,0,,z
2018Q3,,S08000016,,S08000016,d,Transfers,,3,,884,4617,5.22285067873303,,0,0,,z
2018Q4,,S08000016,,S08000016,d,Transfers,,3,,916,4668,5.09606986899563,,0,0,,z
2019Q1,,S08000016,,S08000016,d,Transfers,,3,,994,4919,4.9486921529175,,0,0,,z
2019Q2,,S08000016,,S08000016,d,Transfers,,3,,833,4912,5.89675870348139,,0,0,,z
2019Q3,,S08000016,,S08000016,d,Transfers,,3,,718,3764,5.24233983286908,,0,0,,z
2019Q4,,S08000016,,S08000016,d,Transfers,,3,,934,4002,4.2847965738758,,0,0,,z
2020Q1,,S08000016,,S08000016,d,Transfers,,3,,980,4827,4.92551020408163,,0,0,,z
2020Q2,,S08000016,,S08000016,d,Transfers,,3,,824,3091,3.75121359223301,,0,0,,z
2020Q3,,S08000016,,S08000016,d,Transfers,,3,,794,3407,4.29093198992443,,0,0,,z
2020Q4,,S08000016,,S08000016,d,Transfers,,3,,686,3590,5.2332361516035,,0,0,,z
2021Q1,,S08000016,,S08000016,d,Transfers,,3,,860,4524,5.26046511627907,,0,0,,z
2021Q2,,S08000016,,S08000016,d,Transfers,,3,,1001,4836,4.83116883116883,,0,0,,z
2021Q3,,S08000016,,S08000016,d,Transfers,,3,,795,4320,5.43396226415094,,0,0,,z
2021Q4,,S08000016,,S08000016,d,Transfers,,3,,904,4912,5.43362831858407,,0,0,,z
2022Q1,,S08000016,,S08000016,d,Transfers,,3,,855,5428,6.34853801169591,,0,0,,z
2022Q2,,S08000016,,S08000016,d,Transfers,,3,,776,4963,6.39561855670103,,0,0,,z
2022Q3,,S08000016,,S08000016,d,Transfers,,3,,725,6299,8.68827586206897,,0,0,,z
2022Q4,p,S08000016,,S08000016,d,Transfers,,3,,738,5034,6.82113821138211,,0,0,,z
2017Q4,,S08000016,,S08000016,d,Transfers,,4,,472,3151,6.67584745762712,,0,0,,z
2018Q1,,S08000016,,S08000016,d,Transfers,,4,,592,3810,6.43581081081081,,0,0,,z
2018Q2,,S08000016,,S08000016,d,Transfers,,4,,624,4100,6.57051282051282,,0,0,,z
2018Q3,,S08000016,,S08000016,d,Transfers,,4,,644,3851,5.97981366459627,,0,0,,z
2018Q4,,S08000016,,S08000016,d,Transfers,,4,,681,3620,5.31571218795888,,0,0,,z
2019Q1,,S08000016,,S08000016,d,Transfers,,4,,621,3036,4.88888888888889,,0,0,,z
2019Q2,,S08000016,,S08000016,d,Transfers,,4,,566,3260,5.75971731448763,,0,0,,z
2019Q3,,S08000016,,S08000016,d,Transfers,,4,,558,3349,6.00179211469534,,0,0,,z
2019Q4,,S08000016,,S08000016,d,Transfers,,4,,641,2796,4.3619344773791,,0,0,,z
2020Q1,,S08000016,,S08000016,d,Transfers,,4,,715,3176,4.44195804195804,,0,0,,z
2020Q2,,S08000016,,S08000016,d,Transfers,,4,,496,1971,3.97379032258065,,0,0,,z
2020Q3,,S08000016,,S08000016,d,Transfers,,4,,483,2147,4.44513457556936,,0,0,,z
2020Q4,,S08000016,,S08000016,d,Transfers,,4,,450,2276,5.05777777777778,,0,0,,z
2021Q1,,S08000016,,S08000016,d,Transfers,,4,,557,2862,5.13824057450628,,0,0,,z
2021Q2,,S08000016,,S08000016,d,Transfers,,4,,700,3534,5.04857142857143,,0,0,,z
2021Q3,,S08000016,,S08000016,d,Transfers,,4,,534,3278,6.13857677902622,,0,0,,z
2021Q4,,S08000016,,S08000016,d,Transfers,,4,,604,3900,6.45695364238411,,0,0,,z
2022Q1,,S08000016,,S08000016,d,Transfers,,4,,499,3571,7.1563126252505,,0,0,,z
2022Q2,,S08000016,,S08000016,d,Transfers,,4,,500,2982,5.964,,0,0,,z
2022Q3,,S08000016,,S08000016,d,Transfers,,4,,476,4070,8.55042016806723,,0,0,,z
2022Q4,p,S08000016,,S08000016,d,Transfers,,4,,451,3614,8.01330376940133,,0,0,,z
2017Q4,,S08000016,,S08000016,d,Transfers,,5,,124,686,5.53225806451613,,0,0,,z
2018Q1,,S08000016,,S08000016,d,Transfers,,5,,143,1066,7.45454545454545,,0,0,,z
2018Q2,,S08000016,,S08000016,d,Transfers,,5,,128,544,4.25,,0,0,,z
2018Q3,,S08000016,,S08000016,d,Transfers,,5,,143,753,5.26573426573427,,0,0,,z
2018Q4,,S08000016,,S08000016,d,Transfers,,5,,125,559,4.472,,0,0,,z
2019Q1,,S08000016,,S08000016,d,Transfers,,5,,108,665,6.15740740740741,,0,0,,z
2019Q2,,S08000016,,S08000016,d,Transfers,,5,,109,712,6.53211009174312,,0,0,,z
2019Q3,,S08000016,,S08000016,d,Transfers,,5,,130,717,5.51538461538462,,0,0,,z
2019Q4,,S08000016,,S08000016,d,Transfers,,5,,154,735,4.77272727272727,,0,0,,z
2020Q1,,S08000016,,S08000016,d,Transfers,,5,,156,896,5.74358974358974,,0,0,,z
2020Q2,,S08000016,,S08000016,d,Transfers,,5,,169,616,3.64497041420118,,0,0,,z
2020Q3,,S08000016,,S08000016,d,Transfers,,5,,148,571,3.85810810810811,,0,0,,z
2020Q4,,S08000016,,S08000016,d,Transfers,,5,,126,588,4.66666666666667,,0,0,,z
2021Q1,,S08000016,,S08000016,d,Transfers,,5,,144,802,5.56944444444444,,0,0,,z
2021Q2,,S08000016,,S08000016,d,Transfers,,5,,128,490,3.828125,,0,0,,z
2021Q3,,S08000016,,S08000016,d,Transfers,,5,,134,588,4.38805970149254,,0,0,,z
2021Q4,,S08000016,,S08000016,d,Transfers,,5,,143,1049,7.33566433566434,,0,0,,z
2022Q1,,S08000016,,S08000016,d,Transfers,,5,,165,979,5.93333333333333,,0,0,,z
2022Q2,,S08000016,,S08000016,d,Transfers,,5,,144,980,6.80555555555556,,0,0,,z
2022Q3,,S08000016,,S08000016,d,Transfers,,5,,141,964,6.83687943262411,,0,0,,z
2022Q4,p,S08000016,,S08000016,d,Transfers,,5,,105,578,5.5047619047619,,0,0,,z
2017Q4,,S08000016,,S12000026,,Transfers,,1,,189,1205,6.37566137566138,,0,0,,z
2018Q1,,S08000016,,S12000026,,Transfers,,1,,179,1002,5.59776536312849,,0,0,,z
2018Q2,,S08000016,,S12000026,,Transfers,,1,,177,1017,5.74576271186441,,0,0,,z
2018Q3,,S08000016,,S12000026,,Transfers,,1,,193,1095,5.67357512953368,,0,0,,z
2018Q4,,S08000016,,S12000026,,Transfers,,1,,168,673,4.00595238095238,,0,0,,z
2019Q1,,S08000016,,S12000026,,Transfers,,1,,178,1109,6.23033707865169,,0,0,,z
2019Q2,,S08000016,,S12000026,,Transfers,,1,,127,544,4.28346456692913,,0,0,,z
2019Q3,,S08000016,,S12000026,,Transfers,,1,,172,1010,5.87209302325581,,0,0,,z
2019Q4,,S08000016,,S12000026,,Transfers,,1,,199,1007,5.06030150753769,,0,0,,z
2020Q1,,S08000016,,S12000026,,Transfers,,1,,227,908,4,,0,0,,z
2020Q2,,S08000016,,S12000026,,Transfers,,1,,129,512,3.96899224806202,,0,0,,z
2020Q3,,S08000016,,S12000026,,Transfers,,1,,119,612,5.14285714285714,,0,0,,z
2020Q4,,S08000016,,S12000026,,Transfers,,1,,110,587,5.33636363636364,,0,0,,z
2021Q1,,S08000016,,S12000026,,Transfers,,1,,173,821,4.74566473988439,,0,0,,z
2021Q2,,S08000016,,S12000026,,Transfers,,1,,169,739,4.37278106508876,,0,0,,z
2021Q3,,S08000016,,S12000026,,Transfers,,1,,152,785,5.16447368421053,,0,0,,z
2021Q4,,S08000016,,S12000026,,Transfers,,1,,200,1209,6.045,,0,0,,z
2022Q1,,S08000016,,S12000026,,Transfers,,1,,183,958,5.23497267759563,,0,0,,z
2022Q2,,S08000016,,S12000026,,Transfers,,1,,135,693,5.13333333333333,,0,0,,z
2022Q3,,S08000016,,S12000026,,Transfers,,1,,139,874,6.28776978417266,,0,0,,z
2022Q4,p,S08000016,,S12000026,,Transfers,,1,,118,962,8.15254237288136,,0,0,,z
2017Q4,,S08000016,,S12000026,,Transfers,,2,,401,2522,6.28927680798005,,0,0,,z
2018Q1,,S08000016,,S12000026,,Transfers,,2,,424,2563,6.04481132075472,,0,0,,z
2018Q2,,S08000016,,S12000026,,Transfers,,2,,428,2304,5.38317757009346,,0,0,,z
2018Q3,,S08000016,,S12000026,,Transfers,,2,,513,2986,5.82066276803119,,0,0,,z
2018Q4,,S08000016,,S12000026,,Transfers,,2,,437,2280,5.21739130434783,,0,0,,z
2019Q1,,S08000016,,S12000026,,Transfers,,2,,477,2068,4.33542976939203,,0,0,,z
2019Q2,,S08000016,,S12000026,,Transfers,,2,,374,1812,4.84491978609626,,0,0,,z
2019Q3,,S08000016,,S12000026,,Transfers,,2,,396,2066,5.21717171717172,,0,0,,z
2019Q4,,S08000016,,S12000026,,Transfers,,2,,482,2629,5.45435684647303,,0,0,,z
2020Q1,,S08000016,,S12000026,,Transfers,,2,,486,2208,4.54320987654321,,0,0,,z
2020Q2,,S08000016,,S12000026,,Transfers,,2,,415,1742,4.19759036144578,,0,0,,z
2020Q3,,S08000016,,S12000026,,Transfers,,2,,430,1890,4.3953488372093,,0,0,,z
2020Q4,,S08000016,,S12000026,,Transfers,,2,,322,1799,5.58695652173913,,0,0,,z
2021Q1,,S08000016,,S12000026,,Transfers,,2,,399,2084,5.22305764411028,,0,0,,z
2021Q2,,S08000016,,S12000026,,Transfers,,2,,422,2069,4.90284360189573,,0,0,,z
2021Q3,,S08000016,,S12000026,,Transfers,,2,,471,2233,4.74097664543524,,0,0,,z
2021Q4,,S08000016,,S12000026,,Transfers,,2,,429,2839,6.61771561771562,,0,0,,z
2022Q1,,S08000016,,S12000026,,Transfers,,2,,374,2514,6.72192513368984,,0,0,,z
2022Q2,,S08000016,,S12000026,,Transfers,,2,,370,2193,5.92702702702703,,0,0,,z
2022Q3,,S08000016,,S12000026,,Transfers,,2,,338,2186,6.46745562130178,,0,0,,z
2022Q4,p,S08000016,,S12000026,,Transfers,,2,,366,2800,7.65027322404372,,0,0,,z
2017Q4,,S08000016,,S12000026,,Transfers,,3,,771,4674,6.06225680933852,,0,0,,z
2018Q1,,S08000016,,S12000026,,Transfers,,3,,850,5527,6.50235294117647,,0,0,,z
2018Q2,,S08000016,,S12000026,,Transfers,,3,,904,4959,5.48561946902655,,0,0,,z
2018Q3,,S08000016,,S12000026,,Transfers,,3,,884,4617,5.22285067873303,,0,0,,z
2018Q4,,S08000016,,S12000026,,Transfers,,3,,916,4668,5.09606986899563,,0,0,,z
2019Q1,,S08000016,,S12000026,,Transfers,,3,,994,4919,4.9486921529175,,0,0,,z
2019Q2,,S08000016,,S12000026,,Transfers,,3,,833,4912,5.89675870348139,,0,0,,z
2019Q3,,S08000016,,S12000026,,Transfers,,3,,718,3764,5.24233983286908,,0,0,,z
2019Q4,,S08000016,,S12000026,,Transfers,,3,,934,4002,4.2847965738758,,0,0,,z
2020Q1,,S08000016,,S12000026,,Transfers,,3,,980,4827,4.92551020408163,,0,0,,z
2020Q2,,S08000016,,S12000026,,Transfers,,3,,824,3091,3.75121359223301,,0,0,,z
2020Q3,,S08000016,,S12000026,,Transfers,,3,,794,3407,4.29093198992443,,0,0,,z
2020Q4,,S08000016,,S12000026,,Transfers,,3,,686,3590,5.2332361516035,,0,0,,z
2021Q1,,S08000016,,S12000026,,Transfers,,3,,860,4524,5.26046511627907,,0,0,,z
2021Q2,,S08000016,,S12000026,,Transfers,,3,,1001,4836,4.83116883116883,,0,0,,z
2021Q3,,S08000016,,S12000026,,Transfers,,3,,795,4320,5.43396226415094,,0,0,,z
2021Q4,,S08000016,,S12000026,,Transfers,,3,,904,4912,5.43362831858407,,0,0,,z
2022Q1,,S08000016,,S12000026,,Transfers,,3,,855,5428,6.34853801169591,,0,0,,z
2022Q2,,S08000016,,S12000026,,Transfers,,3,,776,4963,6.39561855670103,,0,0,,z
2022Q3,,S08000016,,S12000026,,Transfers,,3,,725,6299,8.68827586206897,,0,0,,z
2022Q4,p,S08000016,,S12000026,,Transfers,,3,,738,5034,6.82113821138211,,0,0,,z
2017Q4,,S08000016,,S12000026,,Transfers,,4,,472,3151,6.67584745762712,,0,0,,z
2018Q1,,S08000016,,S12000026,,Transfers,,4,,592,3810,6.43581081081081,,0,0,,z
2018Q2,,S08000016,,S12000026,,Transfers,,4,,624,4100,6.57051282051282,,0,0,,z
2018Q3,,S08000016,,S12000026,,Transfers,,4,,644,3851,5.97981366459627,,0,0,,z
2018Q4,,S08000016,,S12000026,,Transfers,,4,,681,3620,5.31571218795888,,0,0,,z
2019Q1,,S08000016,,S12000026,,Transfers,,4,,621,3036,4.88888888888889,,0,0,,z
2019Q2,,S08000016,,S12000026,,Transfers,,4,,566,3260,5.75971731448763,,0,0,,z
2019Q3,,S08000016,,S12000026,,Transfers,,4,,558,3349,6.00179211469534,,0,0,,z
2019Q4,,S08000016,,S12000026,,Transfers,,4,,641,2796,4.3619344773791,,0,0,,z
2020Q1,,S08000016,,S12000026,,Transfers,,4,,715,3176,4.44195804195804,,0,0,,z
2020Q2,,S08000016,,S12000026,,Transfers,,4,,496,1971,3.97379032258065,,0,0,,z
2020Q3,,S08000016,,S12000026,,Transfers,,4,,483,2147,4.44513457556936,,0,0,,z
2020Q4,,S08000016,,S12000026,,Transfers,,4,,450,2276,5.05777777777778,,0,0,,z
2021Q1,,S08000016,,S12000026,,Transfers,,4,,557,2862,5.13824057450628,,0,0,,z
2021Q2,,S08000016,,S12000026,,Transfers,,4,,700,3534,5.04857142857143,,0,0,,z
2021Q3,,S08000016,,S12000026,,Transfers,,4,,534,3278,6.13857677902622,,0,0,,z
2021Q4,,S08000016,,S12000026,,Transfers,,4,,604,3900,6.45695364238411,,0,0,,z
2022Q1,,S08000016,,S12000026,,Transfers,,4,,499,3571,7.1563126252505,,0,0,,z
2022Q2,,S08000016,,S12000026,,Transfers,,4,,500,2982,5.964,,0,0,,z
2022Q3,,S08000016,,S12000026,,Transfers,,4,,476,4070,8.55042016806723,,0,0,,z
2022Q4,p,S08000016,,S12000026,,Transfers,,4,,451,3614,8.01330376940133,,0,0,,z
2017Q4,,S08000016,,S12000026,,Transfers,,5,,124,686,5.53225806451613,,0,0,,z
2018Q1,,S08000016,,S12000026,,Transfers,,5,,143,1066,7.45454545454545,,0,0,,z
2018Q2,,S08000016,,S12000026,,Transfers,,5,,128,544,4.25,,0,0,,z
2018Q3,,S08000016,,S12000026,,Transfers,,5,,143,753,5.26573426573427,,0,0,,z
2018Q4,,S08000016,,S12000026,,Transfers,,5,,125,559,4.472,,0,0,,z
2019Q1,,S08000016,,S12000026,,Transfers,,5,,108,665,6.15740740740741,,0,0,,z
2019Q2,,S08000016,,S12000026,,Transfers,,5,,109,712,6.53211009174312,,0,0,,z
2019Q3,,S08000016,,S12000026,,Transfers,,5,,130,717,5.51538461538462,,0,0,,z
2019Q4,,S08000016,,S12000026,,Transfers,,5,,154,735,4.77272727272727,,0,0,,z
2020Q1,,S08000016,,S12000026,,Transfers,,5,,156,896,5.74358974358974,,0,0,,z
2020Q2,,S08000016,,S12000026,,Transfers,,5,,169,616,3.64497041420118,,0,0,,z
2020Q3,,S08000016,,S12000026,,Transfers,,5,,148,571,3.85810810810811,,0,0,,z
2020Q4,,S08000016,,S12000026,,Transfers,,5,,126,588,4.66666666666667,,0,0,,z
2021Q1,,S08000016,,S12000026,,Transfers,,5,,144,802,5.56944444444444,,0,0,,z
2021Q2,,S08000016,,S12000026,,Transfers,,5,,128,490,3.828125,,0,0,,z
2021Q3,,S08000016,,S12000026,,Transfers,,5,,134,588,4.38805970149254,,0,0,,z
2021Q4,,S08000016,,S12000026,,Transfers,,5,,143,1049,7.33566433566434,,0,0,,z
2022Q1,,S08000016,,S12000026,,Transfers,,5,,165,979,5.93333333333333,,0,0,,z
2022Q2,,S08000016,,S12000026,,Transfers,,5,,144,980,6.80555555555556,,0,0,,z
2022Q3,,S08000016,,S12000026,,Transfers,,5,,141,964,6.83687943262411,,0,0,,z
2022Q4,p,S08000016,,S12000026,,Transfers,,5,,105,578,5.5047619047619,,0,0,,z
2017Q4,,S08000017,,S12000006,,Transfers,,1,,343,2131,6.21282798833819,,0,0,,z
2018Q1,,S08000017,,S12000006,,Transfers,,1,,301,2419,8.03654485049834,,0,0,,z
2018Q2,,S08000017,,S12000006,,Transfers,,1,,380,1949,5.12894736842105,,0,0,,z
2018Q3,,S08000017,,S12000006,,Transfers,,1,,325,2122,6.52923076923077,,0,0,,z
2018Q4,,S08000017,,S12000006,,Transfers,,1,,394,2045,5.19035532994924,,0,0,,z
2019Q1,,S08000017,,S12000006,,Transfers,,1,,472,2414,5.11440677966102,,0,0,,z
2019Q2,,S08000017,,S12000006,,Transfers,,1,,459,2502,5.45098039215686,,0,0,,z
2019Q3,,S08000017,,S12000006,,Transfers,,1,,428,2689,6.28271028037383,,0,0,,z
2019Q4,,S08000017,,S12000006,,Transfers,,1,,443,2251,5.08126410835214,,0,0,,z
2020Q1,,S08000017,,S12000006,,Transfers,,1,,351,2885,8.21937321937322,,0,0,,z
2020Q2,,S08000017,,S12000006,,Transfers,,1,,288,1563,5.42708333333333,,0,0,,z
2020Q3,,S08000017,,S12000006,,Transfers,,1,,300,2461,8.20333333333333,,0,0,,z
2020Q4,,S08000017,,S12000006,,Transfers,,1,,324,2110,6.51234567901235,,0,0,,z
2021Q1,,S08000017,,S12000006,,Transfers,,1,,293,1597,5.45051194539249,,0,0,,z
2021Q2,,S08000017,,S12000006,,Transfers,,1,,355,1961,5.52394366197183,,0,0,,z
2021Q3,,S08000017,,S12000006,,Transfers,,1,,362,2422,6.69060773480663,,0,0,,z
2021Q4,,S08000017,,S12000006,,Transfers,,1,,245,1982,8.08979591836735,,0,0,,z
2022Q1,,S08000017,,S12000006,,Transfers,,1,,275,1383,5.02909090909091,,0,0,,z
2022Q2,,S08000017,,S12000006,,Transfers,,1,,308,1734,5.62987012987013,,0,0,,z
2022Q3,,S08000017,,S12000006,,Transfers,,1,,272,1988,7.30882352941176,,0,0,,z
2022Q4,p,S08000017,,S12000006,,Transfers,,1,,253,1483,5.86166007905138,,0,0,,z
2017Q4,,S08000017,,S12000006,,Transfers,,2,,953,7083,7.43231899265477,,0,0,,z
2018Q1,,S08000017,,S12000006,,Transfers,,2,,909,6104,6.71507150715072,,0,0,,z
2018Q2,,S08000017,,S12000006,,Transfers,,2,,973,6620,6.80369989722508,,0,0,,z
2018Q3,,S08000017,,S12000006,,Transfers,,2,,1012,6401,6.32509881422925,,0,0,,z
2018Q4,,S08000017,,S12000006,,Transfers,,2,,1039,6712,6.46005774783446,,0,0,,z
2019Q1,,S08000017,,S12000006,,Transfers,,2,,1190,6465,5.4327731092437,,0,0,,z
2019Q2,,S08000017,,S12000006,,Transfers,,2,,1150,5922,5.1495652173913,,0,0,,z
2019Q3,,S08000017,,S12000006,,Transfers,,2,,1129,7114,6.30115146147033,,0,0,,z
2019Q4,,S08000017,,S12000006,,Transfers,,2,,1070,7122,6.65607476635514,,0,0,,z
2020Q1,,S08000017,,S12000006,,Transfers,,2,,1069,7207,6.74181478016838,,0,0,,z
2020Q2,,S08000017,,S12000006,,Transfers,,2,,658,3994,6.06990881458967,,0,0,,z
2020Q3,,S08000017,,S12000006,,Transfers,,2,,922,5801,6.29175704989154,,0,0,,z
2020Q4,,S08000017,,S12000006,,Transfers,,2,,989,5764,5.82810920121335,,0,0,,z
2021Q1,,S08000017,,S12000006,,Transfers,,2,,842,5555,6.59738717339667,,0,0,,z
2021Q2,,S08000017,,S12000006,,Transfers,,2,,893,5700,6.38297872340426,,0,0,,z
2021Q3,,S08000017,,S12000006,,Transfers,,2,,806,5239,6.5,,0,0,,z
2021Q4,,S08000017,,S12000006,,Transfers,,2,,768,4916,6.40104166666667,,0,0,,z
2022Q1,,S08000017,,S12000006,,Transfers,,2,,774,4693,6.06330749354005,,0,0,,z
2022Q2,,S08000017,,S12000006,,Transfers,,2,,879,5160,5.8703071672355,,0,0,,z
2022Q3,,S08000017,,S12000006,,Transfers,,2,,711,4520,6.35724331926864,,0,0,,z
2022Q4,p,S08000017,,S12000006,,Transfers,,2,,743,5088,6.84791386271871,,0,0,,z
2017Q4,,S08000017,,S12000006,,Transfers,,3,,1389,9305,6.69906407487401,,0,0,,z
2018Q1,,S08000017,,S12000006,,Transfers,,3,,1449,10155,7.00828157349896,,0,0,,z
2018Q2,,S08000017,,S12000006,,Transfers,,3,,1440,8947,6.21319444444444,,0,0,,z
2018Q3,,S08000017,,S12000006,,Transfers,,3,,1499,9119,6.08338892595063,,0,0,,z
2018Q4,,S08000017,,S12000006,,Transfers,,3,,1480,9091,6.14256756756757,,0,0,,z
2019Q1,,S08000017,,S12000006,,Transfers,,3,,1729,9720,5.62174667437825,,0,0,,z
2019Q2,,S08000017,,S12000006,,Transfers,,3,,1667,10723,6.43251349730054,,0,0,,z
2019Q3,,S08000017,,S12000006,,Transfers,,3,,1469,9009,6.13274336283186,,0,0,,z
2019Q4,,S08000017,,S12000006,,Transfers,,3,,1601,10162,6.3472829481574,,0,0,,z
2020Q1,,S08000017,,S12000006,,Transfers,,3,,1511,10426,6.90006618133686,,0,0,,z
2020Q2,,S08000017,,S12000006,,Transfers,,3,,978,6099,6.2361963190184,,0,0,,z
2020Q3,,S08000017,,S12000006,,Transfers,,3,,1337,8761,6.55272999252057,,0,0,,z
2020Q4,,S08000017,,S12000006,,Transfers,,3,,1439,10235,7.11257817929117,,0,0,,z
2021Q1,,S08000017,,S12000006,,Transfers,,3,,1193,8070,6.76445934618609,,0,0,,z
2021Q2,,S08000017,,S12000006,,Transfers,,3,,1308,7854,6.0045871559633,,0,0,,z
2021Q3,,S08000017,,S12000006,,Transfers,,3,,1118,7602,6.79964221824687,,0,0,,z
2021Q4,,S08000017,,S12000006,,Transfers,,3,,1312,9252,7.05182926829268,,0,0,,z
2022Q1,,S08000017,,S12000006,,Transfers,,3,,1181,7282,6.16596104995766,,0,0,,z
2022Q2,,S08000017,,S12000006,,Transfers,,3,,1155,7727,6.69004329004329,,0,0,,z
2022Q3,,S08000017,,S12000006,,Transfers,,3,,1117,8518,7.62578334825425,,0,0,,z
2022Q4,p,S08000017,,S12000006,,Transfers,,3,,1099,8430,7.67060964513194,,0,0,,z
2017Q4,,S08000017,,S12000006,,Transfers,,4,,556,3651,6.56654676258993,,0,0,,z
2018Q1,,S08000017,,S12000006,,Transfers,,4,,499,3710,7.43486973947896,,0,0,,z
2018Q2,,S08000017,,S12000006,,Transfers,,4,,556,3654,6.57194244604317,,0,0,,z
2018Q3,,S08000017,,S12000006,,Transfers,,4,,583,3894,6.67924528301887,,0,0,,z
2018Q4,,S08000017,,S12000006,,Transfers,,4,,588,3503,5.95748299319728,,0,0,,z
2019Q1,,S08000017,,S12000006,,Transfers,,4,,763,4371,5.72870249017038,,0,0,,z
2019Q2,,S08000017,,S12000006,,Transfers,,4,,651,3856,5.92319508448541,,0,0,,z
2019Q3,,S08000017,,S12000006,,Transfers,,4,,621,4106,6.61191626409018,,0,0,,z
2019Q4,,S08000017,,S12000006,,Transfers,,4,,645,3842,5.95658914728682,,0,0,,z
2020Q1,,S08000017,,S12000006,,Transfers,,4,,594,3793,6.38552188552189,,0,0,,z
2020Q2,,S08000017,,S12000006,,Transfers,,4,,407,2494,6.12776412776413,,0,0,,z
2020Q3,,S08000017,,S12000006,,Transfers,,4,,526,3163,6.01330798479087,,0,0,,z
2020Q4,,S08000017,,S12000006,,Transfers,,4,,466,2719,5.83476394849785,,0,0,,z
2021Q1,,S08000017,,S12000006,,Transfers,,4,,478,3327,6.9602510460251,,0,0,,z
2021Q2,,S08000017,,S12000006,,Transfers,,4,,524,2906,5.54580152671756,,0,0,,z
2021Q3,,S08000017,,S12000006,,Transfers,,4,,507,3648,7.19526627218935,,0,0,,z
2021Q4,,S08000017,,S12000006,,Transfers,,4,,466,3559,7.63733905579399,,0,0,,z
2022Q1,,S08000017,,S12000006,,Transfers,,4,,452,3120,6.90265486725664,,0,0,,z
2022Q2,,S08000017,,S12000006,,Transfers,,4,,495,3098,6.25858585858586,,0,0,,z
2022Q3,,S08000017,,S12000006,,Transfers,,4,,458,3290,7.18340611353712,,0,0,,z
2022Q4,p,S08000017,,S12000006,,Transfers,,4,,438,3060,6.98630136986301,,0,0,,z
2017Q4,,S08000017,,S12000006,,Transfers,,5,,204,1440,7.05882352941176,,0,0,,z
2018Q1,,S08000017,,S12000006,,Transfers,,5,,247,1642,6.64777327935223,,0,0,,z
2018Q2,,S08000017,,S12000006,,Transfers,,5,,239,1434,6,,0,0,,z
2018Q3,,S08000017,,S12000006,,Transfers,,5,,242,1557,6.43388429752066,,0,0,,z
2018Q4,,S08000017,,S12000006,,Transfers,,5,,265,1678,6.33207547169811,,0,0,,z
2019Q1,,S08000017,,S12000006,,Transfers,,5,,273,1679,6.15018315018315,,0,0,,z
2019Q2,,S08000017,,S12000006,,Transfers,,5,,267,1619,6.06367041198502,,0,0,,z
2019Q3,,S08000017,,S12000006,,Transfers,,5,,203,1429,7.03940886699507,,0,0,,z
2019Q4,,S08000017,,S12000006,,Transfers,,5,,263,1654,6.28897338403042,,0,0,,z
2020Q1,,S08000017,,S12000006,,Transfers,,5,,282,2475,8.77659574468085,,0,0,,z
2020Q2,,S08000017,,S12000006,,Transfers,,5,,183,1162,6.34972677595628,,0,0,,z
2020Q3,,S08000017,,S12000006,,Transfers,,5,,183,1272,6.95081967213115,,0,0,,z
2020Q4,,S08000017,,S12000006,,Transfers,,5,,221,1252,5.66515837104072,,0,0,,z
2021Q1,,S08000017,,S12000006,,Transfers,,5,,198,1171,5.91414141414141,,0,0,,z
2021Q2,,S08000017,,S12000006,,Transfers,,5,,226,1258,5.56637168141593,,0,0,,z
2021Q3,,S08000017,,S12000006,,Transfers,,5,,216,1692,7.83333333333333,,0,0,,z
2021Q4,,S08000017,,S12000006,,Transfers,,5,,231,1473,6.37662337662338,,0,0,,z
2022Q1,,S08000017,,S12000006,,Transfers,,5,,223,1765,7.91479820627803,,0,0,,z
2022Q2,,S08000017,,S12000006,,Transfers,,5,,189,1380,7.3015873015873,,0,0,,z
2022Q3,,S08000017,,S12000006,,Transfers,,5,,194,1279,6.59278350515464,,0,0,,z
2022Q4,p,S08000017,,S12000006,,Transfers,,5,,227,1776,7.82378854625551,,0,0,,z
2022Q3,,S08000017,,S12000006,,Transfers,,,:,5,11,2.2,,0,0,,z
2022Q4,p,S08000017,,S12000006,,Transfers,,,:,5,13,2.6,,0,0,,z
2017Q4,,S08000017,,S08000017,d,Transfers,,1,,343,2131,6.21282798833819,,0,0,,z
2018Q1,,S08000017,,S08000017,d,Transfers,,1,,301,2419,8.03654485049834,,0,0,,z
2018Q2,,S08000017,,S08000017,d,Transfers,,1,,380,1949,5.12894736842105,,0,0,,z
2018Q3,,S08000017,,S08000017,d,Transfers,,1,,325,2122,6.52923076923077,,0,0,,z
2018Q4,,S08000017,,S08000017,d,Transfers,,1,,394,2045,5.19035532994924,,0,0,,z
2019Q1,,S08000017,,S08000017,d,Transfers,,1,,472,2414,5.11440677966102,,0,0,,z
2019Q2,,S08000017,,S08000017,d,Transfers,,1,,459,2502,5.45098039215686,,0,0,,z
2019Q3,,S08000017,,S08000017,d,Transfers,,1,,428,2689,6.28271028037383,,0,0,,z
2019Q4,,S08000017,,S08000017,d,Transfers,,1,,443,2251,5.08126410835214,,0,0,,z
2020Q1,,S08000017,,S08000017,d,Transfers,,1,,351,2885,8.21937321937322,,0,0,,z
2020Q2,,S08000017,,S08000017,d,Transfers,,1,,288,1563,5.42708333333333,,0,0,,z
2020Q3,,S08000017,,S08000017,d,Transfers,,1,,300,2461,8.20333333333333,,0,0,,z
2020Q4,,S08000017,,S08000017,d,Transfers,,1,,324,2110,6.51234567901235,,0,0,,z
2021Q1,,S08000017,,S08000017,d,Transfers,,1,,293,1597,5.45051194539249,,0,0,,z
2021Q2,,S08000017,,S08000017,d,Transfers,,1,,355,1961,5.52394366197183,,0,0,,z
2021Q3,,S08000017,,S08000017,d,Transfers,,1,,362,2422,6.69060773480663,,0,0,,z
2021Q4,,S08000017,,S08000017,d,Transfers,,1,,245,1982,8.08979591836735,,0,0,,z
2022Q1,,S08000017,,S08000017,d,Transfers,,1,,275,1383,5.02909090909091,,0,0,,z
2022Q2,,S08000017,,S08000017,d,Transfers,,1,,308,1734,5.62987012987013,,0,0,,z
2022Q3,,S08000017,,S08000017,d,Transfers,,1,,272,1988,7.30882352941176,,0,0,,z
2022Q4,p,S08000017,,S08000017,d,Transfers,,1,,253,1483,5.86166007905138,,0,0,,z
2017Q4,,S08000017,,S08000017,d,Transfers,,2,,953,7083,7.43231899265477,,0,0,,z
2018Q1,,S08000017,,S08000017,d,Transfers,,2,,909,6104,6.71507150715072,,0,0,,z
2018Q2,,S08000017,,S08000017,d,Transfers,,2,,973,6620,6.80369989722508,,0,0,,z
2018Q3,,S08000017,,S08000017,d,Transfers,,2,,1012,6401,6.32509881422925,,0,0,,z
2018Q4,,S08000017,,S08000017,d,Transfers,,2,,1039,6712,6.46005774783446,,0,0,,z
2019Q1,,S08000017,,S08000017,d,Transfers,,2,,1190,6465,5.4327731092437,,0,0,,z
2019Q2,,S08000017,,S08000017,d,Transfers,,2,,1150,5922,5.1495652173913,,0,0,,z
2019Q3,,S08000017,,S08000017,d,Transfers,,2,,1129,7114,6.30115146147033,,0,0,,z
2019Q4,,S08000017,,S08000017,d,Transfers,,2,,1070,7122,6.65607476635514,,0,0,,z
2020Q1,,S08000017,,S08000017,d,Transfers,,2,,1069,7207,6.74181478016838,,0,0,,z
2020Q2,,S08000017,,S08000017,d,Transfers,,2,,658,3994,6.06990881458967,,0,0,,z
2020Q3,,S08000017,,S08000017,d,Transfers,,2,,922,5801,6.29175704989154,,0,0,,z
2020Q4,,S08000017,,S08000017,d,Transfers,,2,,989,5764,5.82810920121335,,0,0,,z
2021Q1,,S08000017,,S08000017,d,Transfers,,2,,842,5555,6.59738717339667,,0,0,,z
2021Q2,,S08000017,,S08000017,d,Transfers,,2,,893,5700,6.38297872340426,,0,0,,z
2021Q3,,S08000017,,S08000017,d,Transfers,,2,,806,5239,6.5,,0,0,,z
2021Q4,,S08000017,,S08000017,d,Transfers,,2,,768,4916,6.40104166666667,,0,0,,z
2022Q1,,S08000017,,S08000017,d,Transfers,,2,,774,4693,6.06330749354005,,0,0,,z
2022Q2,,S08000017,,S08000017,d,Transfers,,2,,879,5160,5.8703071672355,,0,0,,z
2022Q3,,S08000017,,S08000017,d,Transfers,,2,,711,4520,6.35724331926864,,0,0,,z
2022Q4,p,S08000017,,S08000017,d,Transfers,,2,,743,5088,6.84791386271871,,0,0,,z
2017Q4,,S08000017,,S08000017,d,Transfers,,3,,1389,9305,6.69906407487401,,0,0,,z
2018Q1,,S08000017,,S08000017,d,Transfers,,3,,1449,10155,7.00828157349896,,0,0,,z
2018Q2,,S08000017,,S08000017,d,Transfers,,3,,1440,8947,6.21319444444444,,0,0,,z
2018Q3,,S08000017,,S08000017,d,Transfers,,3,,1499,9119,6.08338892595063,,0,0,,z
2018Q4,,S08000017,,S08000017,d,Transfers,,3,,1480,9091,6.14256756756757,,0,0,,z
2019Q1,,S08000017,,S08000017,d,Transfers,,3,,1729,9720,5.62174667437825,,0,0,,z
2019Q2,,S08000017,,S08000017,d,Transfers,,3,,1667,10723,6.43251349730054,,0,0,,z
2019Q3,,S08000017,,S08000017,d,Transfers,,3,,1469,9009,6.13274336283186,,0,0,,z
2019Q4,,S08000017,,S08000017,d,Transfers,,3,,1601,10162,6.3472829481574,,0,0,,z
2020Q1,,S08000017,,S08000017,d,Transfers,,3,,1511,10426,6.90006618133686,,0,0,,z
2020Q2,,S08000017,,S08000017,d,Transfers,,3,,978,6099,6.2361963190184,,0,0,,z
2020Q3,,S08000017,,S08000017,d,Transfers,,3,,1337,8761,6.55272999252057,,0,0,,z
2020Q4,,S08000017,,S08000017,d,Transfers,,3,,1439,10235,7.11257817929117,,0,0,,z
2021Q1,,S08000017,,S08000017,d,Transfers,,3,,1193,8070,6.76445934618609,,0,0,,z
2021Q2,,S08000017,,S08000017,d,Transfers,,3,,1308,7854,6.0045871559633,,0,0,,z
2021Q3,,S08000017,,S08000017,d,Transfers,,3,,1118,7602,6.79964221824687,,0,0,,z
2021Q4,,S08000017,,S08000017,d,Transfers,,3,,1312,9252,7.05182926829268,,0,0,,z
2022Q1,,S08000017,,S08000017,d,Transfers,,3,,1181,7282,6.16596104995766,,0,0,,z
2022Q2,,S08000017,,S08000017,d,Transfers,,3,,1155,7727,6.69004329004329,,0,0,,z
2022Q3,,S08000017,,S08000017,d,Transfers,,3,,1117,8518,7.62578334825425,,0,0,,z
2022Q4,p,S08000017,,S08000017,d,Transfers,,3,,1099,8430,7.67060964513194,,0,0,,z
2017Q4,,S08000017,,S08000017,d,Transfers,,4,,556,3651,6.56654676258993,,0,0,,z
2018Q1,,S08000017,,S08000017,d,Transfers,,4,,499,3710,7.43486973947896,,0,0,,z
2018Q2,,S08000017,,S08000017,d,Transfers,,4,,556,3654,6.57194244604317,,0,0,,z
2018Q3,,S08000017,,S08000017,d,Transfers,,4,,583,3894,6.67924528301887,,0,0,,z
2018Q4,,S08000017,,S08000017,d,Transfers,,4,,588,3503,5.95748299319728,,0,0,,z
2019Q1,,S08000017,,S08000017,d,Transfers,,4,,763,4371,5.72870249017038,,0,0,,z
2019Q2,,S08000017,,S08000017,d,Transfers,,4,,651,3856,5.92319508448541,,0,0,,z
2019Q3,,S08000017,,S08000017,d,Transfers,,4,,621,4106,6.61191626409018,,0,0,,z
2019Q4,,S08000017,,S08000017,d,Transfers,,4,,645,3842,5.95658914728682,,0,0,,z
2020Q1,,S08000017,,S08000017,d,Transfers,,4,,594,3793,6.38552188552189,,0,0,,z
2020Q2,,S08000017,,S08000017,d,Transfers,,4,,407,2494,6.12776412776413,,0,0,,z
2020Q3,,S08000017,,S08000017,d,Transfers,,4,,526,3163,6.01330798479087,,0,0,,z
2020Q4,,S08000017,,S08000017,d,Transfers,,4,,466,2719,5.83476394849785,,0,0,,z
2021Q1,,S08000017,,S08000017,d,Transfers,,4,,478,3327,6.9602510460251,,0,0,,z
2021Q2,,S08000017,,S08000017,d,Transfers,,4,,524,2906,5.54580152671756,,0,0,,z
2021Q3,,S08000017,,S08000017,d,Transfers,,4,,507,3648,7.19526627218935,,0,0,,z
2021Q4,,S08000017,,S08000017,d,Transfers,,4,,466,3559,7.63733905579399,,0,0,,z
2022Q1,,S08000017,,S08000017,d,Transfers,,4,,452,3120,6.90265486725664,,0,0,,z
2022Q2,,S08000017,,S08000017,d,Transfers,,4,,495,3098,6.25858585858586,,0,0,,z
2022Q3,,S08000017,,S08000017,d,Transfers,,4,,458,3290,7.18340611353712,,0,0,,z
2022Q4,p,S08000017,,S08000017,d,Transfers,,4,,438,3060,6.98630136986301,,0,0,,z
2017Q4,,S08000017,,S08000017,d,Transfers,,5,,204,1440,7.05882352941176,,0,0,,z
2018Q1,,S08000017,,S08000017,d,Transfers,,5,,247,1642,6.64777327935223,,0,0,,z
2018Q2,,S08000017,,S08000017,d,Transfers,,5,,239,1434,6,,0,0,,z
2018Q3,,S08000017,,S08000017,d,Transfers,,5,,242,1557,6.43388429752066,,0,0,,z
2018Q4,,S08000017,,S08000017,d,Transfers,,5,,265,1678,6.33207547169811,,0,0,,z
2019Q1,,S08000017,,S08000017,d,Transfers,,5,,273,1679,6.15018315018315,,0,0,,z
2019Q2,,S08000017,,S08000017,d,Transfers,,5,,267,1619,6.06367041198502,,0,0,,z
2019Q3,,S08000017,,S08000017,d,Transfers,,5,,203,1429,7.03940886699507,,0,0,,z
2019Q4,,S08000017,,S08000017,d,Transfers,,5,,263,1654,6.28897338403042,,0,0,,z
2020Q1,,S08000017,,S08000017,d,Transfers,,5,,282,2475,8.77659574468085,,0,0,,z
2020Q2,,S08000017,,S08000017,d,Transfers,,5,,183,1162,6.34972677595628,,0,0,,z
2020Q3,,S08000017,,S08000017,d,Transfers,,5,,183,1272,6.95081967213115,,0,0,,z
2020Q4,,S08000017,,S08000017,d,Transfers,,5,,221,1252,5.66515837104072,,0,0,,z
2021Q1,,S08000017,,S08000017,d,Transfers,,5,,198,1171,5.91414141414141,,0,0,,z
2021Q2,,S08000017,,S08000017,d,Transfers,,5,,226,1258,5.56637168141593,,0,0,,z
2021Q3,,S08000017,,S08000017,d,Transfers,,5,,216,1692,7.83333333333333,,0,0,,z
2021Q4,,S08000017,,S08000017,d,Transfers,,5,,231,1473,6.37662337662338,,0,0,,z
2022Q1,,S08000017,,S08000017,d,Transfers,,5,,223,1765,7.91479820627803,,0,0,,z
2022Q2,,S08000017,,S08000017,d,Transfers,,5,,189,1380,7.3015873015873,,0,0,,z
2022Q3,,S08000017,,S08000017,d,Transfers,,5,,194,1279,6.59278350515464,,0,0,,z
2022Q4,p,S08000017,,S08000017,d,Transfers,,5,,227,1776,7.82378854625551,,0,0,,z
2022Q3,,S08000017,,S08000017,d,Transfers,,,:,5,11,2.2,,0,0,,z
2022Q4,p,S08000017,,S08000017,d,Transfers,,,:,5,13,2.6,,0,0,,z
2017Q4,,S08000029,,S12000047,,Transfers,,1,,1588,10319,6.49811083123426,,0,0,,z
2018Q1,,S08000029,,S12000047,,Transfers,,1,,1617,12919,7.98948670377242,,0,0,,z
2018Q2,,S08000029,,S12000047,,Transfers,,1,,1659,12371,7.45690174804099,,0,0,,z
2018Q3,,S08000029,,S12000047,,Transfers,,1,,1608,11687,7.26803482587065,,0,0,,z
2018Q4,,S08000029,,S12000047,,Transfers,,1,,1746,13447,7.70160366552119,,0,0,,z
2019Q1,,S08000029,,S12000047,,Transfers,,1,,1683,12032,7.14913844325609,,0,0,,z
2019Q2,,S08000029,,S12000047,,Transfers,,1,,1565,11316,7.23067092651757,,0,0,,z
2019Q3,,S08000029,,S12000047,,Transfers,,1,,1592,12790,8.03391959798995,,0,0,,z
2019Q4,,S08000029,,S12000047,,Transfers,,1,,1560,11858,7.60128205128205,,0,0,,z
2020Q1,,S08000029,,S12000047,,Transfers,,1,,1473,13037,8.85064494229464,,0,0,,z
2020Q2,,S08000029,,S12000047,,Transfers,,1,,1073,7621,7.10251630941286,,0,0,,z
2020Q3,,S08000029,,S12000047,,Transfers,,1,,1442,10398,7.21081830790569,,0,0,,z
2020Q4,,S08000029,,S12000047,,Transfers,,1,,1467,9827,6.69870483980913,,0,0,,z
2021Q1,,S08000029,,S12000047,,Transfers,,1,,1416,10070,7.11158192090396,,0,0,,z
2021Q2,,S08000029,,S12000047,,Transfers,,1,,1660,12404,7.47228915662651,,0,0,,z
2021Q3,,S08000029,,S12000047,,Transfers,,1,,1556,9937,6.38624678663239,,0,0,,z
2021Q4,,S08000029,,S12000047,,Transfers,,1,,1613,10864,6.73527588344699,,0,0,,z
2022Q1,,S08000029,,S12000047,,Transfers,,1,,1507,10276,6.81884538818845,,0,0,,z
2022Q2,,S08000029,,S12000047,,Transfers,,1,,1476,9785,6.62940379403794,,0,0,,z
2022Q3,,S08000029,,S12000047,,Transfers,,1,,1494,9634,6.44846050870147,,0,0,,z
2022Q4,p,S08000029,,S12000047,,Transfers,,1,,1404,9242,6.58262108262108,,0,0,,z
2017Q4,,S08000029,,S12000047,,Transfers,,2,,1620,11454,7.07037037037037,,0,0,,z
2018Q1,,S08000029,,S12000047,,Transfers,,2,,1673,13251,7.92050209205021,,0,0,,z
2018Q2,,S08000029,,S12000047,,Transfers,,2,,1584,11673,7.36931818181818,,0,0,,z
2018Q3,,S08000029,,S12000047,,Transfers,,2,,1487,11857,7.97377269670478,,0,0,,z
2018Q4,,S08000029,,S12000047,,Transfers,,2,,1669,12351,7.40023966446974,,0,0,,z
2019Q1,,S08000029,,S12000047,,Transfers,,2,,1741,13554,7.78518093049971,,0,0,,z
2019Q2,,S08000029,,S12000047,,Transfers,,2,,1640,12263,7.47743902439024,,0,0,,z
2019Q3,,S08000029,,S12000047,,Transfers,,2,,1562,11472,7.34443021766965,,0,0,,z
2019Q4,,S08000029,,S12000047,,Transfers,,2,,1703,13378,7.85554903112155,,0,0,,z
2020Q1,,S08000029,,S12000047,,Transfers,,2,,1574,12103,7.68932655654384,,0,0,,z
2020Q2,,S08000029,,S12000047,,Transfers,,2,,1164,8610,7.39690721649485,,0,0,,z
2020Q3,,S08000029,,S12000047,,Transfers,,2,,1423,10956,7.69922698524245,,0,0,,z
2020Q4,,S08000029,,S12000047,,Transfers,,2,,1423,11768,8.26985242445538,,0,0,,z
2021Q1,,S08000029,,S12000047,,Transfers,,2,,1429,10882,7.61511546536039,,0,0,,z
2021Q2,,S08000029,,S12000047,,Transfers,,2,,1448,10135,6.99930939226519,,0,0,,z
2021Q3,,S08000029,,S12000047,,Transfers,,2,,1568,11050,7.04719387755102,,0,0,,z
2021Q4,,S08000029,,S12000047,,Transfers,,2,,1450,10079,6.95103448275862,,0,0,,z
2022Q1,,S08000029,,S12000047,,Transfers,,2,,1479,10427,7.0500338066261,,0,0,,z
2022Q2,,S08000029,,S12000047,,Transfers,,2,,1558,10609,6.80937098844673,,0,0,,z
2022Q3,,S08000029,,S12000047,,Transfers,,2,,1547,10571,6.83322559793148,,0,0,,z
2022Q4,p,S08000029,,S12000047,,Transfers,,2,,1577,10477,6.64362714013951,,0,0,,z
2017Q4,,S08000029,,S12000047,,Transfers,,3,,1320,9928,7.52121212121212,,0,0,,z
2018Q1,,S08000029,,S12000047,,Transfers,,3,,1337,10562,7.8997756170531,,0,0,,z
2018Q2,,S08000029,,S12000047,,Transfers,,3,,1256,9160,7.29299363057325,,0,0,,z
2018Q3,,S08000029,,S12000047,,Transfers,,3,,1156,8451,7.31055363321799,,0,0,,z
2018Q4,,S08000029,,S12000047,,Transfers,,3,,1266,9416,7.43759873617693,,0,0,,z
2019Q1,,S08000029,,S12000047,,Transfers,,3,,1280,9159,7.15546875,,0,0,,z
2019Q2,,S08000029,,S12000047,,Transfers,,3,,1326,10387,7.83333333333333,,0,0,,z
2019Q3,,S08000029,,S12000047,,Transfers,,3,,1361,10198,7.49301983835415,,0,0,,z
2019Q4,,S08000029,,S12000047,,Transfers,,3,,1344,10415,7.74925595238095,,0,0,,z
2020Q1,,S08000029,,S12000047,,Transfers,,3,,1227,11560,9.42135289323553,,0,0,,z
2020Q2,,S08000029,,S12000047,,Transfers,,3,,903,5759,6.37763012181617,,0,0,,z
2020Q3,,S08000029,,S12000047,,Transfers,,3,,1184,7838,6.61993243243243,,0,0,,z
2020Q4,,S08000029,,S12000047,,Transfers,,3,,1181,8091,6.85097375105842,,0,0,,z
2021Q1,,S08000029,,S12000047,,Transfers,,3,,1160,8779,7.56810344827586,,0,0,,z
2021Q2,,S08000029,,S12000047,,Transfers,,3,,1220,8046,6.59508196721311,,0,0,,z
2021Q3,,S08000029,,S12000047,,Transfers,,3,,1176,7346,6.24659863945578,,0,0,,z
2021Q4,,S08000029,,S12000047,,Transfers,,3,,1247,8082,6.48115477145148,,0,0,,z
2022Q1,,S08000029,,S12000047,,Transfers,,3,,1113,7064,6.34681042228212,,0,0,,z
2022Q2,,S08000029,,S12000047,,Transfers,,3,,1197,7933,6.62740183792815,,0,0,,z
2022Q3,,S08000029,,S12000047,,Transfers,,3,,1261,8132,6.44885011895321,,0,0,,z
2022Q4,p,S08000029,,S12000047,,Transfers,,3,,1232,8321,6.75405844155844,,0,0,,z
2017Q4,,S08000029,,S12000047,,Transfers,,4,,1154,9060,7.85095320623917,,0,0,,z
2018Q1,,S08000029,,S12000047,,Transfers,,4,,1227,8760,7.13936430317848,,0,0,,z
2018Q2,,S08000029,,S12000047,,Transfers,,4,,1052,7842,7.45437262357414,,0,0,,z
2018Q3,,S08000029,,S12000047,,Transfers,,4,,1080,7986,7.39444444444444,,0,0,,z
2018Q4,,S08000029,,S12000047,,Transfers,,4,,1058,8858,8.37240075614367,,0,0,,z
2019Q1,,S08000029,,S12000047,,Transfers,,4,,1048,8649,8.25286259541985,,0,0,,z
2019Q2,,S08000029,,S12000047,,Transfers,,4,,1091,7945,7.28230980751604,,0,0,,z
2019Q3,,S08000029,,S12000047,,Transfers,,4,,1080,7462,6.90925925925926,,0,0,,z
2019Q4,,S08000029,,S12000047,,Transfers,,4,,1158,7946,6.86183074265976,,0,0,,z
2020Q1,,S08000029,,S12000047,,Transfers,,4,,1045,8597,8.2267942583732,,0,0,,z
2020Q2,,S08000029,,S12000047,,Transfers,,4,,817,5549,6.79192166462668,,0,0,,z
2020Q3,,S08000029,,S12000047,,Transfers,,4,,967,7167,7.41158221302999,,0,0,,z
2020Q4,,S08000029,,S12000047,,Transfers,,4,,971,6962,7.16992790937178,,0,0,,z
2021Q1,,S08000029,,S12000047,,Transfers,,4,,982,7183,7.31466395112016,,0,0,,z
2021Q2,,S08000029,,S12000047,,Transfers,,4,,1019,6659,6.53483807654563,,0,0,,z
2021Q3,,S08000029,,S12000047,,Transfers,,4,,1095,7490,6.84018264840183,,0,0,,z
2021Q4,,S08000029,,S12000047,,Transfers,,4,,1083,7711,7.12003693444137,,0,0,,z
2022Q1,,S08000029,,S12000047,,Transfers,,4,,1068,7445,6.97097378277154,,0,0,,z
2022Q2,,S08000029,,S12000047,,Transfers,,4,,1063,7325,6.89087488240828,,0,0,,z
2022Q3,,S08000029,,S12000047,,Transfers,,4,,1050,7433,7.07904761904762,,0,0,,z
2022Q4,p,S08000029,,S12000047,,Transfers,,4,,1121,6943,6.1935771632471,,0,0,,z
2017Q4,,S08000029,,S12000047,,Transfers,,5,,703,4923,7.00284495021337,,0,0,,z
2018Q1,,S08000029,,S12000047,,Transfers,,5,,788,5495,6.97335025380711,,0,0,,z
2018Q2,,S08000029,,S12000047,,Transfers,,5,,778,5616,7.21850899742931,,0,0,,z
2018Q3,,S08000029,,S12000047,,Transfers,,5,,683,4941,7.23426061493411,,0,0,,z
2018Q4,,S08000029,,S12000047,,Transfers,,5,,770,5596,7.26753246753247,,0,0,,z
2019Q1,,S08000029,,S12000047,,Transfers,,5,,848,5177,6.10495283018868,,0,0,,z
2019Q2,,S08000029,,S12000047,,Transfers,,5,,778,5683,7.30462724935733,,0,0,,z
2019Q3,,S08000029,,S12000047,,Transfers,,5,,821,5776,7.0353227771011,,0,0,,z
2019Q4,,S08000029,,S12000047,,Transfers,,5,,805,5724,7.11055900621118,,0,0,,z
2020Q1,,S08000029,,S12000047,,Transfers,,5,,730,5833,7.99041095890411,,0,0,,z
2020Q2,,S08000029,,S12000047,,Transfers,,5,,548,4008,7.31386861313869,,0,0,,z
2020Q3,,S08000029,,S12000047,,Transfers,,5,,711,5129,7.21378340365682,,0,0,,z
2020Q4,,S08000029,,S12000047,,Transfers,,5,,673,4268,6.34175334323923,,0,0,,z
2021Q1,,S08000029,,S12000047,,Transfers,,5,,736,5418,7.36141304347826,,0,0,,z
2021Q2,,S08000029,,S12000047,,Transfers,,5,,776,5178,6.67268041237113,,0,0,,z
2021Q3,,S08000029,,S12000047,,Transfers,,5,,778,5438,6.98971722365039,,0,0,,z
2021Q4,,S08000029,,S12000047,,Transfers,,5,,779,4762,6.11296534017972,,0,0,,z
2022Q1,,S08000029,,S12000047,,Transfers,,5,,725,4990,6.88275862068966,,0,0,,z
2022Q2,,S08000029,,S12000047,,Transfers,,5,,868,6229,7.17626728110599,,0,0,,z
2022Q3,,S08000029,,S12000047,,Transfers,,5,,847,5307,6.26564344746163,,0,0,,z
2022Q4,p,S08000029,,S12000047,,Transfers,,5,,740,5446,7.35945945945946,,0,0,,z
2017Q4,,S08000029,,S08000029,d,Transfers,,1,,1588,10319,6.49811083123426,,0,0,,z
2018Q1,,S08000029,,S08000029,d,Transfers,,1,,1617,12919,7.98948670377242,,0,0,,z
2018Q2,,S08000029,,S08000029,d,Transfers,,1,,1659,12371,7.45690174804099,,0,0,,z
2018Q3,,S08000029,,S08000029,d,Transfers,,1,,1608,11687,7.26803482587065,,0,0,,z
2018Q4,,S08000029,,S08000029,d,Transfers,,1,,1746,13447,7.70160366552119,,0,0,,z
2019Q1,,S08000029,,S08000029,d,Transfers,,1,,1683,12032,7.14913844325609,,0,0,,z
2019Q2,,S08000029,,S08000029,d,Transfers,,1,,1565,11316,7.23067092651757,,0,0,,z
2019Q3,,S08000029,,S08000029,d,Transfers,,1,,1592,12790,8.03391959798995,,0,0,,z
2019Q4,,S08000029,,S08000029,d,Transfers,,1,,1560,11858,7.60128205128205,,0,0,,z
2020Q1,,S08000029,,S08000029,d,Transfers,,1,,1473,13037,8.85064494229464,,0,0,,z
2020Q2,,S08000029,,S08000029,d,Transfers,,1,,1073,7621,7.10251630941286,,0,0,,z
2020Q3,,S08000029,,S08000029,d,Transfers,,1,,1442,10398,7.21081830790569,,0,0,,z
2020Q4,,S08000029,,S08000029,d,Transfers,,1,,1467,9827,6.69870483980913,,0,0,,z
2021Q1,,S08000029,,S08000029,d,Transfers,,1,,1416,10070,7.11158192090396,,0,0,,z
2021Q2,,S08000029,,S08000029,d,Transfers,,1,,1660,12404,7.47228915662651,,0,0,,z
2021Q3,,S08000029,,S08000029,d,Transfers,,1,,1556,9937,6.38624678663239,,0,0,,z
2021Q4,,S08000029,,S08000029,d,Transfers,,1,,1613,10864,6.73527588344699,,0,0,,z
2022Q1,,S08000029,,S08000029,d,Transfers,,1,,1507,10276,6.81884538818845,,0,0,,z
2022Q2,,S08000029,,S08000029,d,Transfers,,1,,1476,9785,6.62940379403794,,0,0,,z
2022Q3,,S08000029,,S08000029,d,Transfers,,1,,1494,9634,6.44846050870147,,0,0,,z
2022Q4,p,S08000029,,S08000029,d,Transfers,,1,,1404,9242,6.58262108262108,,0,0,,z
2017Q4,,S08000029,,S08000029,d,Transfers,,2,,1620,11454,7.07037037037037,,0,0,,z
2018Q1,,S08000029,,S08000029,d,Transfers,,2,,1673,13251,7.92050209205021,,0,0,,z
2018Q2,,S08000029,,S08000029,d,Transfers,,2,,1584,11673,7.36931818181818,,0,0,,z
2018Q3,,S08000029,,S08000029,d,Transfers,,2,,1487,11857,7.97377269670478,,0,0,,z
2018Q4,,S08000029,,S08000029,d,Transfers,,2,,1669,12351,7.40023966446974,,0,0,,z
2019Q1,,S08000029,,S08000029,d,Transfers,,2,,1741,13554,7.78518093049971,,0,0,,z
2019Q2,,S08000029,,S08000029,d,Transfers,,2,,1640,12263,7.47743902439024,,0,0,,z
2019Q3,,S08000029,,S08000029,d,Transfers,,2,,1562,11472,7.34443021766965,,0,0,,z
2019Q4,,S08000029,,S08000029,d,Transfers,,2,,1703,13378,7.85554903112155,,0,0,,z
2020Q1,,S08000029,,S08000029,d,Transfers,,2,,1574,12103,7.68932655654384,,0,0,,z
2020Q2,,S08000029,,S08000029,d,Transfers,,2,,1164,8610,7.39690721649485,,0,0,,z
2020Q3,,S08000029,,S08000029,d,Transfers,,2,,1423,10956,7.69922698524245,,0,0,,z
2020Q4,,S08000029,,S08000029,d,Transfers,,2,,1423,11768,8.26985242445538,,0,0,,z
2021Q1,,S08000029,,S08000029,d,Transfers,,2,,1429,10882,7.61511546536039,,0,0,,z
2021Q2,,S08000029,,S08000029,d,Transfers,,2,,1448,10135,6.99930939226519,,0,0,,z
2021Q3,,S08000029,,S08000029,d,Transfers,,2,,1568,11050,7.04719387755102,,0,0,,z
2021Q4,,S08000029,,S08000029,d,Transfers,,2,,1450,10079,6.95103448275862,,0,0,,z
2022Q1,,S08000029,,S08000029,d,Transfers,,2,,1479,10427,7.0500338066261,,0,0,,z
2022Q2,,S08000029,,S08000029,d,Transfers,,2,,1558,10609,6.80937098844673,,0,0,,z
2022Q3,,S08000029,,S08000029,d,Transfers,,2,,1547,10571,6.83322559793148,,0,0,,z
2022Q4,p,S08000029,,S08000029,d,Transfers,,2,,1577,10477,6.64362714013951,,0,0,,z
2017Q4,,S08000029,,S08000029,d,Transfers,,3,,1320,9928,7.52121212121212,,0,0,,z
2018Q1,,S08000029,,S08000029,d,Transfers,,3,,1337,10562,7.8997756170531,,0,0,,z
2018Q2,,S08000029,,S08000029,d,Transfers,,3,,1256,9160,7.29299363057325,,0,0,,z
2018Q3,,S08000029,,S08000029,d,Transfers,,3,,1156,8451,7.31055363321799,,0,0,,z
2018Q4,,S08000029,,S08000029,d,Transfers,,3,,1266,9416,7.43759873617693,,0,0,,z
2019Q1,,S08000029,,S08000029,d,Transfers,,3,,1280,9159,7.15546875,,0,0,,z
2019Q2,,S08000029,,S08000029,d,Transfers,,3,,1326,10387,7.83333333333333,,0,0,,z
2019Q3,,S08000029,,S08000029,d,Transfers,,3,,1361,10198,7.49301983835415,,0,0,,z
2019Q4,,S08000029,,S08000029,d,Transfers,,3,,1344,10415,7.74925595238095,,0,0,,z
2020Q1,,S08000029,,S08000029,d,Transfers,,3,,1227,11560,9.42135289323553,,0,0,,z
2020Q2,,S08000029,,S08000029,d,Transfers,,3,,903,5759,6.37763012181617,,0,0,,z
2020Q3,,S08000029,,S08000029,d,Transfers,,3,,1184,7838,6.61993243243243,,0,0,,z
2020Q4,,S08000029,,S08000029,d,Transfers,,3,,1181,8091,6.85097375105842,,0,0,,z
2021Q1,,S08000029,,S08000029,d,Transfers,,3,,1160,8779,7.56810344827586,,0,0,,z
2021Q2,,S08000029,,S08000029,d,Transfers,,3,,1220,8046,6.59508196721311,,0,0,,z
2021Q3,,S08000029,,S08000029,d,Transfers,,3,,1176,7346,6.24659863945578,,0,0,,z
2021Q4,,S08000029,,S08000029,d,Transfers,,3,,1247,8082,6.48115477145148,,0,0,,z
2022Q1,,S08000029,,S08000029,d,Transfers,,3,,1113,7064,6.34681042228212,,0,0,,z
2022Q2,,S08000029,,S08000029,d,Transfers,,3,,1197,7933,6.62740183792815,,0,0,,z
2022Q3,,S08000029,,S08000029,d,Transfers,,3,,1261,8132,6.44885011895321,,0,0,,z
2022Q4,p,S08000029,,S08000029,d,Transfers,,3,,1232,8321,6.75405844155844,,0,0,,z
2017Q4,,S08000029,,S08000029,d,Transfers,,4,,1154,9060,7.85095320623917,,0,0,,z
2018Q1,,S08000029,,S08000029,d,Transfers,,4,,1227,8760,7.13936430317848,,0,0,,z
2018Q2,,S08000029,,S08000029,d,Transfers,,4,,1052,7842,7.45437262357414,,0,0,,z
2018Q3,,S08000029,,S08000029,d,Transfers,,4,,1080,7986,7.39444444444444,,0,0,,z
2018Q4,,S08000029,,S08000029,d,Transfers,,4,,1058,8858,8.37240075614367,,0,0,,z
2019Q1,,S08000029,,S08000029,d,Transfers,,4,,1048,8649,8.25286259541985,,0,0,,z
2019Q2,,S08000029,,S08000029,d,Transfers,,4,,1091,7945,7.28230980751604,,0,0,,z
2019Q3,,S08000029,,S08000029,d,Transfers,,4,,1080,7462,6.90925925925926,,0,0,,z
2019Q4,,S08000029,,S08000029,d,Transfers,,4,,1158,7946,6.86183074265976,,0,0,,z
2020Q1,,S08000029,,S08000029,d,Transfers,,4,,1045,8597,8.2267942583732,,0,0,,z
2020Q2,,S08000029,,S08000029,d,Transfers,,4,,817,5549,6.79192166462668,,0,0,,z
2020Q3,,S08000029,,S08000029,d,Transfers,,4,,967,7167,7.41158221302999,,0,0,,z
2020Q4,,S08000029,,S08000029,d,Transfers,,4,,971,6962,7.16992790937178,,0,0,,z
2021Q1,,S08000029,,S08000029,d,Transfers,,4,,982,7183,7.31466395112016,,0,0,,z
2021Q2,,S08000029,,S08000029,d,Transfers,,4,,1019,6659,6.53483807654563,,0,0,,z
2021Q3,,S08000029,,S08000029,d,Transfers,,4,,1095,7490,6.84018264840183,,0,0,,z
2021Q4,,S08000029,,S08000029,d,Transfers,,4,,1083,7711,7.12003693444137,,0,0,,z
2022Q1,,S08000029,,S08000029,d,Transfers,,4,,1068,7445,6.97097378277154,,0,0,,z
2022Q2,,S08000029,,S08000029,d,Transfers,,4,,1063,7325,6.89087488240828,,0,0,,z
2022Q3,,S08000029,,S08000029,d,Transfers,,4,,1050,7433,7.07904761904762,,0,0,,z
2022Q4,p,S08000029,,S08000029,d,Transfers,,4,,1121,6943,6.1935771632471,,0,0,,z
2017Q4,,S08000029,,S08000029,d,Transfers,,5,,703,4923,7.00284495021337,,0,0,,z
2018Q1,,S08000029,,S08000029,d,Transfers,,5,,788,5495,6.97335025380711,,0,0,,z
2018Q2,,S08000029,,S08000029,d,Transfers,,5,,778,5616,7.21850899742931,,0,0,,z
2018Q3,,S08000029,,S08000029,d,Transfers,,5,,683,4941,7.23426061493411,,0,0,,z
2018Q4,,S08000029,,S08000029,d,Transfers,,5,,770,5596,7.26753246753247,,0,0,,z
2019Q1,,S08000029,,S08000029,d,Transfers,,5,,848,5177,6.10495283018868,,0,0,,z
2019Q2,,S08000029,,S08000029,d,Transfers,,5,,778,5683,7.30462724935733,,0,0,,z
2019Q3,,S08000029,,S08000029,d,Transfers,,5,,821,5776,7.0353227771011,,0,0,,z
2019Q4,,S08000029,,S08000029,d,Transfers,,5,,805,5724,7.11055900621118,,0,0,,z
2020Q1,,S08000029,,S08000029,d,Transfers,,5,,730,5833,7.99041095890411,,0,0,,z
2020Q2,,S08000029,,S08000029,d,Transfers,,5,,548,4008,7.31386861313869,,0,0,,z
2020Q3,,S08000029,,S08000029,d,Transfers,,5,,711,5129,7.21378340365682,,0,0,,z
2020Q4,,S08000029,,S08000029,d,Transfers,,5,,673,4268,6.34175334323923,,0,0,,z
2021Q1,,S08000029,,S08000029,d,Transfers,,5,,736,5418,7.36141304347826,,0,0,,z
2021Q2,,S08000029,,S08000029,d,Transfers,,5,,776,5178,6.67268041237113,,0,0,,z
2021Q3,,S08000029,,S08000029,d,Transfers,,5,,778,5438,6.98971722365039,,0,0,,z
2021Q4,,S08000029,,S08000029,d,Transfers,,5,,779,4762,6.11296534017972,,0,0,,z
2022Q1,,S08000029,,S08000029,d,Transfers,,5,,725,4990,6.88275862068966,,0,0,,z
2022Q2,,S08000029,,S08000029,d,Transfers,,5,,868,6229,7.17626728110599,,0,0,,z
2022Q3,,S08000029,,S08000029,d,Transfers,,5,,847,5307,6.26564344746163,,0,0,,z
2022Q4,p,S08000029,,S08000029,d,Transfers,,5,,740,5446,7.35945945945946,,0,0,,z
2017Q4,,S08000019,,S12000005,,Transfers,,1,,254,2275,8.95669291338583,,0,0,,z
2018Q1,,S08000019,,S12000005,,Transfers,,1,,227,1670,7.3568281938326,,0,0,,z
2018Q2,,S08000019,,S12000005,,Transfers,,1,,226,1819,8.04867256637168,,0,0,,z
2018Q3,,S08000019,,S12000005,,Transfers,,1,,293,2166,7.39249146757679,,0,0,,z
2018Q4,,S08000019,,S12000005,,Transfers,,1,,287,1673,5.82926829268293,,0,0,,z
2019Q1,,S08000019,,S12000005,,Transfers,,1,,256,2062,8.0546875,,0,0,,z
2019Q2,,S08000019,,S12000005,,Transfers,,1,,458,2066,4.51091703056769,,0,0,,z
2019Q3,,S08000019,,S12000005,,Transfers,,1,,604,2151,3.5612582781457,,0,0,,z
2019Q4,,S08000019,,S12000005,,Transfers,,1,,623,2445,3.92455858747994,,0,0,,z
2020Q1,,S08000019,,S12000005,,Transfers,,1,,480,2194,4.57083333333333,,0,0,,z
2020Q2,,S08000019,,S12000005,,Transfers,,1,,481,1914,3.97920997920998,,0,0,,z
2020Q3,,S08000019,,S12000005,,Transfers,,1,,549,2323,4.23132969034608,,0,0,,z
2020Q4,,S08000019,,S12000005,,Transfers,,1,,627,2239,3.57097288676236,,0,0,,z
2021Q1,,S08000019,,S12000005,,Transfers,,1,,693,3606,5.2034632034632,,0,0,,z
2021Q2,,S08000019,,S12000005,,Transfers,,1,,519,1860,3.58381502890173,,0,0,,z
2021Q3,,S08000019,,S12000005,,Transfers,,1,,510,2463,4.82941176470588,,0,0,,z
2021Q4,,S08000019,,S12000005,,Transfers,,1,,516,2335,4.52519379844961,,0,0,,z
2022Q1,,S08000019,,S12000005,,Transfers,,1,,606,2916,4.81188118811881,,0,0,,z
2022Q2,,S08000019,,S12000005,,Transfers,,1,,680,2657,3.90735294117647,,0,0,,z
2022Q3,,S08000019,,S12000005,,Transfers,,1,,653,3304,5.05972434915773,,0,0,,z
2022Q4,p,S08000019,,S12000005,,Transfers,,1,,587,3117,5.31005110732538,,0,0,,z
2017Q4,,S08000019,,S12000005,,Transfers,,2,,192,1570,8.17708333333333,,0,0,,z
2018Q1,,S08000019,,S12000005,,Transfers,,2,,169,1334,7.89349112426035,,0,0,,z
2018Q2,,S08000019,,S12000005,,Transfers,,2,,220,1925,8.75,,0,0,,z
2018Q3,,S08000019,,S12000005,,Transfers,,2,,189,1445,7.64550264550265,,0,0,,z
2018Q4,,S08000019,,S12000005,,Transfers,,2,,161,1635,10.1552795031056,,0,0,,z
2019Q1,,S08000019,,S12000005,,Transfers,,2,,214,1769,8.26635514018692,,0,0,,z
2019Q2,,S08000019,,S12000005,,Transfers,,2,,361,1606,4.44875346260388,,0,0,,z
2019Q3,,S08000019,,S12000005,,Transfers,,2,,544,2157,3.96507352941176,,0,0,,z
2019Q4,,S08000019,,S12000005,,Transfers,,2,,515,1941,3.76893203883495,,0,0,,z
2020Q1,,S08000019,,S12000005,,Transfers,,2,,425,2664,6.26823529411765,,0,0,,z
2020Q2,,S08000019,,S12000005,,Transfers,,2,,293,1353,4.61774744027304,,0,0,,z
2020Q3,,S08000019,,S12000005,,Transfers,,2,,504,2176,4.31746031746032,,0,0,,z
2020Q4,,S08000019,,S12000005,,Transfers,,2,,418,1651,3.94976076555024,,0,0,,z
2021Q1,,S08000019,,S12000005,,Transfers,,2,,512,2316,4.5234375,,0,0,,z
2021Q2,,S08000019,,S12000005,,Transfers,,2,,526,2762,5.2509505703422,,0,0,,z
2021Q3,,S08000019,,S12000005,,Transfers,,2,,464,2117,4.5625,,0,0,,z
2021Q4,,S08000019,,S12000005,,Transfers,,2,,458,2420,5.28384279475982,,0,0,,z
2022Q1,,S08000019,,S12000005,,Transfers,,2,,554,2926,5.28158844765343,,0,0,,z
2022Q2,,S08000019,,S12000005,,Transfers,,2,,507,1957,3.85996055226824,,0,0,,z
2022Q3,,S08000019,,S12000005,,Transfers,,2,,526,2550,4.84790874524715,,0,0,,z
2022Q4,p,S08000019,,S12000005,,Transfers,,2,,515,2356,4.5747572815534,,0,0,,z
2017Q4,,S08000019,,S12000005,,Transfers,,3,,100,1101,11.01,,0,0,,z
2018Q1,,S08000019,,S12000005,,Transfers,,3,,131,1228,9.37404580152672,,0,0,,z
2018Q2,,S08000019,,S12000005,,Transfers,,3,,133,1162,8.73684210526316,,0,0,,z
2018Q3,,S08000019,,S12000005,,Transfers,,3,,142,1037,7.30281690140845,,0,0,,z
2018Q4,,S08000019,,S12000005,,Transfers,,3,,148,1189,8.03378378378378,,0,0,,z
2019Q1,,S08000019,,S12000005,,Transfers,,3,,141,1027,7.28368794326241,,0,0,,z
2019Q2,,S08000019,,S12000005,,Transfers,,3,,302,1527,5.05629139072848,,0,0,,z
2019Q3,,S08000019,,S12000005,,Transfers,,3,,369,1747,4.73441734417344,,0,0,,z
2019Q4,,S08000019,,S12000005,,Transfers,,3,,364,1118,3.07142857142857,,0,0,,z
2020Q1,,S08000019,,S12000005,,Transfers,,3,,296,2039,6.88851351351351,,0,0,,z
2020Q2,,S08000019,,S12000005,,Transfers,,3,,236,1384,5.86440677966102,,0,0,,z
2020Q3,,S08000019,,S12000005,,Transfers,,3,,241,1164,4.8298755186722,,0,0,,z
2020Q4,,S08000019,,S12000005,,Transfers,,3,,285,1663,5.83508771929825,,0,0,,z
2021Q1,,S08000019,,S12000005,,Transfers,,3,,293,1190,4.06143344709898,,0,0,,z
2021Q2,,S08000019,,S12000005,,Transfers,,3,,299,1203,4.02341137123746,,0,0,,z
2021Q3,,S08000019,,S12000005,,Transfers,,3,,290,1394,4.80689655172414,,0,0,,z
2021Q4,,S08000019,,S12000005,,Transfers,,3,,306,1395,4.55882352941176,,0,0,,z
2022Q1,,S08000019,,S12000005,,Transfers,,3,,365,1628,4.46027397260274,,0,0,,z
2022Q2,,S08000019,,S12000005,,Transfers,,3,,340,1660,4.88235294117647,,0,0,,z
2022Q3,,S08000019,,S12000005,,Transfers,,3,,324,1534,4.73456790123457,,0,0,,z
2022Q4,p,S08000019,,S12000005,,Transfers,,3,,381,1378,3.61679790026247,,0,0,,z
2017Q4,,S08000019,,S12000005,,Transfers,,4,,95,867,9.12631578947368,,0,0,,z
2018Q1,,S08000019,,S12000005,,Transfers,,4,,117,998,8.52991452991453,,0,0,,z
2018Q2,,S08000019,,S12000005,,Transfers,,4,,119,1140,9.57983193277311,,0,0,,z
2018Q3,,S08000019,,S12000005,,Transfers,,4,,93,777,8.35483870967742,,0,0,,z
2018Q4,,S08000019,,S12000005,,Transfers,,4,,97,1171,12.072164948453601,,0,0,,z
2019Q1,,S08000019,,S12000005,,Transfers,,4,,94,675,7.18085106382979,,0,0,,z
2019Q2,,S08000019,,S12000005,,Transfers,,4,,188,1022,5.43617021276596,,0,0,,z
2019Q3,,S08000019,,S12000005,,Transfers,,4,,292,1113,3.81164383561644,,0,0,,z
2019Q4,,S08000019,,S12000005,,Transfers,,4,,224,1207,5.38839285714286,,0,0,,z
2020Q1,,S08000019,,S12000005,,Transfers,,4,,239,1241,5.19246861924686,,0,0,,z
2020Q2,,S08000019,,S12000005,,Transfers,,4,,185,806,4.35675675675676,,0,0,,z
2020Q3,,S08000019,,S12000005,,Transfers,,4,,200,1147,5.735,,0,0,,z
2020Q4,,S08000019,,S12000005,,Transfers,,4,,244,1320,5.40983606557377,,0,0,,z
2021Q1,,S08000019,,S12000005,,Transfers,,4,,264,825,3.125,,0,0,,z
2021Q2,,S08000019,,S12000005,,Transfers,,4,,266,1503,5.65037593984962,,0,0,,z
2021Q3,,S08000019,,S12000005,,Transfers,,4,,216,926,4.28703703703704,,0,0,,z
2021Q4,,S08000019,,S12000005,,Transfers,,4,,244,1014,4.15573770491803,,0,0,,z
2022Q1,,S08000019,,S12000005,,Transfers,,4,,235,980,4.17021276595745,,0,0,,z
2022Q2,,S08000019,,S12000005,,Transfers,,4,,270,1158,4.28888888888889,,0,0,,z
2022Q3,,S08000019,,S12000005,,Transfers,,4,,204,767,3.75980392156863,,0,0,,z
2022Q4,p,S08000019,,S12000005,,Transfers,,4,,187,875,4.67914438502674,,0,0,,z
2017Q4,,S08000019,,S12000005,,Transfers,,5,,78,808,10.3589743589744,,0,0,,z
2018Q1,,S08000019,,S12000005,,Transfers,,5,,78,490,6.28205128205128,,0,0,,z
2018Q2,,S08000019,,S12000005,,Transfers,,5,,84,1068,12.7142857142857,,0,0,,z
2018Q3,,S08000019,,S12000005,,Transfers,,5,,87,611,7.02298850574713,,0,0,,z
2018Q4,,S08000019,,S12000005,,Transfers,,5,,76,614,8.07894736842105,,0,0,,z
2019Q1,,S08000019,,S12000005,,Transfers,,5,,77,530,6.88311688311688,,0,0,,z
2019Q2,,S08000019,,S12000005,,Transfers,,5,,163,878,5.38650306748466,,0,0,,z
2019Q3,,S08000019,,S12000005,,Transfers,,5,,220,858,3.9,,0,0,,z
2019Q4,,S08000019,,S12000005,,Transfers,,5,,228,1051,4.60964912280702,,0,0,,z
2020Q1,,S08000019,,S12000005,,Transfers,,5,,141,588,4.17021276595745,,0,0,,z
2020Q2,,S08000019,,S12000005,,Transfers,,5,,138,543,3.93478260869565,,0,0,,z
2020Q3,,S08000019,,S12000005,,Transfers,,5,,191,896,4.69109947643979,,0,0,,z
2020Q4,,S08000019,,S12000005,,Transfers,,5,,179,777,4.34078212290503,,0,0,,z
2021Q1,,S08000019,,S12000005,,Transfers,,5,,258,906,3.51162790697674,,0,0,,z
2021Q2,,S08000019,,S12000005,,Transfers,,5,,225,804,3.57333333333333,,0,0,,z
2021Q3,,S08000019,,S12000005,,Transfers,,5,,182,496,2.72527472527473,,0,0,,z
2021Q4,,S08000019,,S12000005,,Transfers,,5,,164,698,4.25609756097561,,0,0,,z
2022Q1,,S08000019,,S12000005,,Transfers,,5,,203,1004,4.94581280788177,,0,0,,z
2022Q2,,S08000019,,S12000005,,Transfers,,5,,265,1061,4.00377358490566,,0,0,,z
2022Q3,,S08000019,,S12000005,,Transfers,,5,,208,804,3.86538461538462,,0,0,,z
2022Q4,p,S08000019,,S12000005,,Transfers,,5,,274,1065,3.88686131386861,,0,0,,z
2017Q4,,S08000019,,S12000014,,Transfers,,1,,489,5096,10.4212678936605,,0,0,,z
2018Q1,,S08000019,,S12000014,,Transfers,,1,,525,5839,11.1219047619048,,0,0,,z
2018Q2,,S08000019,,S12000014,,Transfers,,1,,468,3681,7.86538461538461,,0,0,,z
2018Q3,,S08000019,,S12000014,,Transfers,,1,,488,4401,9.01844262295082,,0,0,,z
2018Q4,,S08000019,,S12000014,,Transfers,,1,,509,5089,9.99803536345776,,0,0,,z
2019Q1,,S08000019,,S12000014,,Transfers,,1,,589,5109,8.67402376910017,,0,0,,z
2019Q2,,S08000019,,S12000014,,Transfers,,1,,930,4854,5.21935483870968,,0,0,,z
2019Q3,,S08000019,,S12000014,,Transfers,,1,,1196,4651,3.88879598662207,,0,0,,z
2019Q4,,S08000019,,S12000014,,Transfers,,1,,1299,4234,3.25943033102386,,0,0,,z
2020Q1,,S08000019,,S12000014,,Transfers,,1,,1126,5087,4.51776198934281,,0,0,,z
2020Q2,,S08000019,,S12000014,,Transfers,,1,,975,3868,3.96717948717949,,0,0,,z
2020Q3,,S08000019,,S12000014,,Transfers,,1,,1132,5008,4.42402826855124,,0,0,,z
2020Q4,,S08000019,,S12000014,,Transfers,,1,,1112,4558,4.09892086330935,,0,0,,z
2021Q1,,S08000019,,S12000014,,Transfers,,1,,1239,4331,3.4955609362389,,0,0,,z
2021Q2,,S08000019,,S12000014,,Transfers,,1,,1264,4490,3.55221518987342,,0,0,,z
2021Q3,,S08000019,,S12000014,,Transfers,,1,,1165,4301,3.69184549356223,,0,0,,z
2021Q4,,S08000019,,S12000014,,Transfers,,1,,1024,5393,5.2666015625,,0,0,,z
2022Q1,,S08000019,,S12000014,,Transfers,,1,,1156,4738,4.09861591695502,,0,0,,z
2022Q2,,S08000019,,S12000014,,Transfers,,1,,1281,6224,4.85870413739266,,0,0,,z
2022Q3,,S08000019,,S12000014,,Transfers,,1,,1293,5615,4.34261407579273,,0,0,,z
2022Q4,p,S08000019,,S12000014,,Transfers,,1,,1408,5855,4.15838068181818,,0,0,,z
2017Q4,,S08000019,,S12000014,,Transfers,,2,,714,6175,8.6484593837535,,0,0,,z
2018Q1,,S08000019,,S12000014,,Transfers,,2,,729,6493,8.90672153635117,,0,0,,z
2018Q2,,S08000019,,S12000014,,Transfers,,2,,681,6767,9.93685756240822,,0,0,,z
2018Q3,,S08000019,,S12000014,,Transfers,,2,,646,5885,9.10990712074303,,0,0,,z
2018Q4,,S08000019,,S12000014,,Transfers,,2,,670,6047,9.02537313432836,,0,0,,z
2019Q1,,S08000019,,S12000014,,Transfers,,2,,715,6253,8.74545454545455,,0,0,,z
2019Q2,,S08000019,,S12000014,,Transfers,,2,,1263,6109,4.8368962787015,,0,0,,z
2019Q3,,S08000019,,S12000014,,Transfers,,2,,1650,6770,4.1030303030303,,0,0,,z
2019Q4,,S08000019,,S12000014,,Transfers,,2,,1680,7179,4.27321428571429,,0,0,,z
2020Q1,,S08000019,,S12000014,,Transfers,,2,,1440,7970,5.53472222222222,,0,0,,z
2020Q2,,S08000019,,S12000014,,Transfers,,2,,1213,4711,3.88375927452597,,0,0,,z
2020Q3,,S08000019,,S12000014,,Transfers,,2,,1399,5652,4.04002859185132,,0,0,,z
2020Q4,,S08000019,,S12000014,,Transfers,,2,,1439,6204,4.31132731063238,,0,0,,z
2021Q1,,S08000019,,S12000014,,Transfers,,2,,1799,6545,3.63813229571984,,0,0,,z
2021Q2,,S08000019,,S12000014,,Transfers,,2,,1625,6475,3.98461538461538,,0,0,,z
2021Q3,,S08000019,,S12000014,,Transfers,,2,,1400,6240,4.45714285714286,,0,0,,z
2021Q4,,S08000019,,S12000014,,Transfers,,2,,1397,6509,4.65926986399427,,0,0,,z
2022Q1,,S08000019,,S12000014,,Transfers,,2,,1555,6856,4.40900321543408,,0,0,,z
2022Q2,,S08000019,,S12000014,,Transfers,,2,,1657,7946,4.7954133977067,,0,0,,z
2022Q3,,S08000019,,S12000014,,Transfers,,2,,1659,8471,5.10608800482218,,0,0,,z
2022Q4,p,S08000019,,S12000014,,Transfers,,2,,1803,7817,4.33555185801442,,0,0,,z
2017Q4,,S08000019,,S12000014,,Transfers,,3,,658,6030,9.16413373860182,,0,0,,z
2018Q1,,S08000019,,S12000014,,Transfers,,3,,623,6275,10.0722311396469,,0,0,,z
2018Q2,,S08000019,,S12000014,,Transfers,,3,,695,6086,8.7568345323741,,0,0,,z
2018Q3,,S08000019,,S12000014,,Transfers,,3,,621,5759,9.27375201288245,,0,0,,z
2018Q4,,S08000019,,S12000014,,Transfers,,3,,672,7229,10.7574404761905,,0,0,,z
2019Q1,,S08000019,,S12000014,,Transfers,,3,,652,5321,8.16104294478528,,0,0,,z
2019Q2,,S08000019,,S12000014,,Transfers,,3,,1194,5425,4.54355108877722,,0,0,,z
2019Q3,,S08000019,,S12000014,,Transfers,,3,,1499,5836,3.89326217478319,,0,0,,z
2019Q4,,S08000019,,S12000014,,Transfers,,3,,1581,6473,4.09424414927261,,0,0,,z
2020Q1,,S08000019,,S12000014,,Transfers,,3,,1242,5959,4.79790660225443,,0,0,,z
2020Q2,,S08000019,,S12000014,,Transfers,,3,,1125,5259,4.67466666666667,,0,0,,z
2020Q3,,S08000019,,S12000014,,Transfers,,3,,1231,5068,4.11697806661251,,0,0,,z
2020Q4,,S08000019,,S12000014,,Transfers,,3,,1494,5520,3.69477911646586,,0,0,,z
2021Q1,,S08000019,,S12000014,,Transfers,,3,,1639,6420,3.9170225747407,,0,0,,z
2021Q2,,S08000019,,S12000014,,Transfers,,3,,1440,4814,3.34305555555556,,0,0,,z
2021Q3,,S08000019,,S12000014,,Transfers,,3,,1231,5342,4.3395613322502,,0,0,,z
2021Q4,,S08000019,,S12000014,,Transfers,,3,,1248,6841,5.48157051282051,,0,0,,z
2022Q1,,S08000019,,S12000014,,Transfers,,3,,1350,5786,4.28592592592593,,0,0,,z
2022Q2,,S08000019,,S12000014,,Transfers,,3,,1440,5551,3.85486111111111,,0,0,,z
2022Q3,,S08000019,,S12000014,,Transfers,,3,,1385,6051,4.36895306859206,,0,0,,z
2022Q4,p,S08000019,,S12000014,,Transfers,,3,,1659,6681,4.02712477396022,,0,0,,z
2017Q4,,S08000019,,S12000014,,Transfers,,4,,333,2477,7.43843843843844,,0,0,,z
2018Q1,,S08000019,,S12000014,,Transfers,,4,,328,2596,7.91463414634146,,0,0,,z
2018Q2,,S08000019,,S12000014,,Transfers,,4,,345,2511,7.27826086956522,,0,0,,z
2018Q3,,S08000019,,S12000014,,Transfers,,4,,345,3350,9.71014492753623,,0,0,,z
2018Q4,,S08000019,,S12000014,,Transfers,,4,,322,3260,10.1242236024845,,0,0,,z
2019Q1,,S08000019,,S12000014,,Transfers,,4,,360,3122,8.67222222222222,,0,0,,z
2019Q2,,S08000019,,S12000014,,Transfers,,4,,658,2896,4.40121580547113,,0,0,,z
2019Q3,,S08000019,,S12000014,,Transfers,,4,,943,3348,3.55037115588547,,0,0,,z
2019Q4,,S08000019,,S12000014,,Transfers,,4,,843,3927,4.65836298932384,,0,0,,z
2020Q1,,S08000019,,S12000014,,Transfers,,4,,796,3635,4.56658291457286,,0,0,,z
2020Q2,,S08000019,,S12000014,,Transfers,,4,,620,2341,3.7758064516129,,0,0,,z
2020Q3,,S08000019,,S12000014,,Transfers,,4,,660,2449,3.71060606060606,,0,0,,z
2020Q4,,S08000019,,S12000014,,Transfers,,4,,686,2648,3.8600583090379,,0,0,,z
2021Q1,,S08000019,,S12000014,,Transfers,,4,,912,3155,3.4594298245614,,0,0,,z
2021Q2,,S08000019,,S12000014,,Transfers,,4,,878,3416,3.89066059225513,,0,0,,z
2021Q3,,S08000019,,S12000014,,Transfers,,4,,720,2629,3.65138888888889,,0,0,,z
2021Q4,,S08000019,,S12000014,,Transfers,,4,,753,3781,5.0212483399734396,,0,0,,z
2022Q1,,S08000019,,S12000014,,Transfers,,4,,837,3319,3.96535244922342,,0,0,,z
2022Q2,,S08000019,,S12000014,,Transfers,,4,,682,2814,4.12609970674487,,0,0,,z
2022Q3,,S08000019,,S12000014,,Transfers,,4,,880,4345,4.9375,,0,0,,z
2022Q4,p,S08000019,,S12000014,,Transfers,,4,,914,4185,4.57877461706783,,0,0,,z
2017Q4,,S08000019,,S12000014,,Transfers,,5,,253,2057,8.1304347826087,,0,0,,z
2018Q1,,S08000019,,S12000014,,Transfers,,5,,258,2267,8.78682170542636,,0,0,,z
2018Q2,,S08000019,,S12000014,,Transfers,,5,,262,2793,10.6603053435114,,0,0,,z
2018Q3,,S08000019,,S12000014,,Transfers,,5,,271,2674,9.86715867158672,,0,0,,z
2018Q4,,S08000019,,S12000014,,Transfers,,5,,277,2367,8.54512635379061,,0,0,,z
2019Q1,,S08000019,,S12000014,,Transfers,,5,,234,1732,7.4017094017094,,0,0,,z
2019Q2,,S08000019,,S12000014,,Transfers,,5,,552,2141,3.8786231884058,,0,0,,z
2019Q3,,S08000019,,S12000014,,Transfers,,5,,677,2497,3.68833087149188,,0,0,,z
2019Q4,,S08000019,,S12000014,,Transfers,,5,,731,2801,3.83173734610123,,0,0,,z
2020Q1,,S08000019,,S12000014,,Transfers,,5,,572,2804,4.9020979020979,,0,0,,z
2020Q2,,S08000019,,S12000014,,Transfers,,5,,467,1772,3.79443254817987,,0,0,,z
2020Q3,,S08000019,,S12000014,,Transfers,,5,,578,2568,4.44290657439446,,0,0,,z
2020Q4,,S08000019,,S12000014,,Transfers,,5,,564,2501,4.43439716312057,,0,0,,z
2021Q1,,S08000019,,S12000014,,Transfers,,5,,656,2293,3.49542682926829,,0,0,,z
2021Q2,,S08000019,,S12000014,,Transfers,,5,,710,2935,4.13380281690141,,0,0,,z
2021Q3,,S08000019,,S12000014,,Transfers,,5,,579,2184,3.7720207253886,,0,0,,z
2021Q4,,S08000019,,S12000014,,Transfers,,5,,579,2511,4.33678756476684,,0,0,,z
2022Q1,,S08000019,,S12000014,,Transfers,,5,,635,2594,4.08503937007874,,0,0,,z
2022Q2,,S08000019,,S12000014,,Transfers,,5,,671,3449,5.14008941877794,,0,0,,z
2022Q3,,S08000019,,S12000014,,Transfers,,5,,733,2977,4.06139154160982,,0,0,,z
2022Q4,p,S08000019,,S12000014,,Transfers,,5,,725,1969,2.71586206896552,,0,0,,z
2017Q4,,S08000019,,S08000019,d,Transfers,,1,,943,8940,9.48038176033934,,0,0,,z
2018Q1,,S08000019,,S08000019,d,Transfers,,1,,977,9599,9.82497441146366,,0,0,,z
2018Q2,,S08000019,,S08000019,d,Transfers,,1,,898,7243,8.06570155902005,,0,0,,z
2018Q3,,S08000019,,S08000019,d,Transfers,,1,,963,7812,8.11214953271028,,0,0,,z
2018Q4,,S08000019,,S08000019,d,Transfers,,1,,1010,8486,8.4019801980198,,0,0,,z
2019Q1,,S08000019,,S08000019,d,Transfers,,1,,1038,8891,8.5655105973025,,0,0,,z
2019Q2,,S08000019,,S08000019,d,Transfers,,1,,1830,9629,5.26174863387978,,0,0,,z
2019Q3,,S08000019,,S08000019,d,Transfers,,1,,2312,9070,3.92301038062284,,0,0,,z
2019Q4,,S08000019,,S08000019,d,Transfers,,1,,2469,8775,3.55407047387606,,0,0,,z
2020Q1,,S08000019,,S08000019,d,Transfers,,1,,2015,9261,4.59602977667494,,0,0,,z
2020Q2,,S08000019,,S08000019,d,Transfers,,1,,1783,6973,3.91082445316882,,0,0,,z
2020Q3,,S08000019,,S08000019,d,Transfers,,1,,2042,8378,4.10284035259549,,0,0,,z
2020Q4,,S08000019,,S08000019,d,Transfers,,1,,2205,8438,3.82675736961451,,0,0,,z
2021Q1,,S08000019,,S08000019,d,Transfers,,1,,2392,9913,4.14423076923077,,0,0,,z
2021Q2,,S08000019,,S08000019,d,Transfers,,1,,2278,7900,3.46795434591747,,0,0,,z
2021Q3,,S08000019,,S08000019,d,Transfers,,1,,2162,9322,4.31174838112858,,0,0,,z
2021Q4,,S08000019,,S08000019,d,Transfers,,1,,1946,9405,4.83299075025694,,0,0,,z
2022Q1,,S08000019,,S08000019,d,Transfers,,1,,2231,9365,4.1976692066338,,0,0,,z
2022Q2,,S08000019,,S08000019,d,Transfers,,1,,2470,10683,4.3251012145749,,0,0,,z
2022Q3,,S08000019,,S08000019,d,Transfers,,1,,2408,10706,4.44601328903654,,0,0,,z
2022Q4,p,S08000019,,S08000019,d,Transfers,,1,,2467,10887,4.41305229023105,,0,0,,z
2017Q4,,S08000019,,S08000019,d,Transfers,,2,,1139,9963,8.74714661984197,,0,0,,z
2018Q1,,S08000019,,S08000019,d,Transfers,,2,,1114,9769,8.76929982046679,,0,0,,z
2018Q2,,S08000019,,S08000019,d,Transfers,,2,,1154,10708,9.2790294627383,,0,0,,z
2018Q3,,S08000019,,S08000019,d,Transfers,,2,,1043,8861,8.49568552253116,,0,0,,z
2018Q4,,S08000019,,S08000019,d,Transfers,,2,,1080,9966,9.22777777777778,,0,0,,z
2019Q1,,S08000019,,S08000019,d,Transfers,,2,,1164,10133,8.7053264604811,,0,0,,z
2019Q2,,S08000019,,S08000019,d,Transfers,,2,,2051,9472,4.61823500731351,,0,0,,z
2019Q3,,S08000019,,S08000019,d,Transfers,,2,,2691,10995,4.08584169453735,,0,0,,z
2019Q4,,S08000019,,S08000019,d,Transfers,,2,,2697,11389,4.22284019280682,,0,0,,z
2020Q1,,S08000019,,S08000019,d,Transfers,,2,,2266,12639,5.57766990291262,,0,0,,z
2020Q2,,S08000019,,S08000019,d,Transfers,,2,,1843,7393,4.01139446554531,,0,0,,z
2020Q3,,S08000019,,S08000019,d,Transfers,,2,,2340,9536,4.07521367521367,,0,0,,z
2020Q4,,S08000019,,S08000019,d,Transfers,,2,,2340,9645,4.12179487179487,,0,0,,z
2021Q1,,S08000019,,S08000019,d,Transfers,,2,,2937,10960,3.73169901259789,,0,0,,z
2021Q2,,S08000019,,S08000019,d,Transfers,,2,,2658,11324,4.26034612490594,,0,0,,z
2021Q3,,S08000019,,S08000019,d,Transfers,,2,,2371,10406,4.38886545761282,,0,0,,z
2021Q4,,S08000019,,S08000019,d,Transfers,,2,,2310,12010,5.1991341991342,,0,0,,z
2022Q1,,S08000019,,S08000019,d,Transfers,,2,,2593,12083,4.65985345160046,,0,0,,z
2022Q2,,S08000019,,S08000019,d,Transfers,,2,,2682,12915,4.81543624161074,,0,0,,z
2022Q3,,S08000019,,S08000019,d,Transfers,,2,,2687,13530,5.03535541496092,,0,0,,z
2022Q4,p,S08000019,,S08000019,d,Transfers,,2,,2841,12184,4.28863076381556,,0,0,,z
2017Q4,,S08000019,,S08000019,d,Transfers,,3,,951,9156,9.62776025236593,,0,0,,z
2018Q1,,S08000019,,S08000019,d,Transfers,,3,,950,9004,9.4778947368421,,0,0,,z
2018Q2,,S08000019,,S08000019,d,Transfers,,3,,1021,8967,8.78256611165524,,0,0,,z
2018Q3,,S08000019,,S08000019,d,Transfers,,3,,974,8953,9.19199178644764,,0,0,,z
2018Q4,,S08000019,,S08000019,d,Transfers,,3,,1026,10535,10.2680311890838,,0,0,,z
2019Q1,,S08000019,,S08000019,d,Transfers,,3,,1000,8849,8.849,,0,0,,z
2019Q2,,S08000019,,S08000019,d,Transfers,,3,,1858,9005,4.84660925726588,,0,0,,z
2019Q3,,S08000019,,S08000019,d,Transfers,,3,,2335,9827,4.20856531049251,,0,0,,z
2019Q4,,S08000019,,S08000019,d,Transfers,,3,,2398,9610,4.00750625521268,,0,0,,z
2020Q1,,S08000019,,S08000019,d,Transfers,,3,,1996,10498,5.25951903807615,,0,0,,z
2020Q2,,S08000019,,S08000019,d,Transfers,,3,,1718,8074,4.69965075669383,,0,0,,z
2020Q3,,S08000019,,S08000019,d,Transfers,,3,,1850,7852,4.24432432432432,,0,0,,z
2020Q4,,S08000019,,S08000019,d,Transfers,,3,,2195,8741,3.98223234624146,,0,0,,z
2021Q1,,S08000019,,S08000019,d,Transfers,,3,,2486,9084,3.65406275140788,,0,0,,z
2021Q2,,S08000019,,S08000019,d,Transfers,,3,,2278,7940,3.48551360842845,,0,0,,z
2021Q3,,S08000019,,S08000019,d,Transfers,,3,,1927,8556,4.44006227296316,,0,0,,z
2021Q4,,S08000019,,S08000019,d,Transfers,,3,,1964,10108,5.14663951120163,,0,0,,z
2022Q1,,S08000019,,S08000019,d,Transfers,,3,,2119,9421,4.44596507786692,,0,0,,z
2022Q2,,S08000019,,S08000019,d,Transfers,,3,,2234,9056,4.05371530886303,,0,0,,z
2022Q3,,S08000019,,S08000019,d,Transfers,,3,,2196,9735,4.43306010928962,,0,0,,z
2022Q4,p,S08000019,,S08000019,d,Transfers,,3,,2523,10126,4.01347602061038,,0,0,,z
2017Q4,,S08000019,,S08000019,d,Transfers,,4,,752,6348,8.44148936170213,,0,0,,z
2018Q1,,S08000019,,S08000019,d,Transfers,,4,,800,6352,7.94,,0,0,,z
2018Q2,,S08000019,,S08000019,d,Transfers,,4,,810,6736,8.31604938271605,,0,0,,z
2018Q3,,S08000019,,S08000019,d,Transfers,,4,,792,7447,9.40277777777778,,0,0,,z
2018Q4,,S08000019,,S08000019,d,Transfers,,4,,819,7744,9.45543345543346,,0,0,,z
2019Q1,,S08000019,,S08000019,d,Transfers,,4,,870,7583,8.71609195402299,,0,0,,z
2019Q2,,S08000019,,S08000019,d,Transfers,,4,,1525,7579,4.96983606557377,,0,0,,z
2019Q3,,S08000019,,S08000019,d,Transfers,,4,,1938,7817,4.03353973168215,,0,0,,z
2019Q4,,S08000019,,S08000019,d,Transfers,,4,,1822,9043,4.96322722283205,,0,0,,z
2020Q1,,S08000019,,S08000019,d,Transfers,,4,,1635,8185,5.00611620795107,,0,0,,z
2020Q2,,S08000019,,S08000019,d,Transfers,,4,,1308,5944,4.54434250764526,,0,0,,z
2020Q3,,S08000019,,S08000019,d,Transfers,,4,,1465,5944,4.05733788395904,,0,0,,z
2020Q4,,S08000019,,S08000019,d,Transfers,,4,,1541,5965,3.87086307592472,,0,0,,z
2021Q1,,S08000019,,S08000019,d,Transfers,,4,,1929,7068,3.66407465007776,,0,0,,z
2021Q2,,S08000019,,S08000019,d,Transfers,,4,,2067,8067,3.90275761973875,,0,0,,z
2021Q3,,S08000019,,S08000019,d,Transfers,,4,,1599,6524,4.08005003126954,,0,0,,z
2021Q4,,S08000019,,S08000019,d,Transfers,,4,,1624,8192,5.04433497536946,,0,0,,z
2022Q1,,S08000019,,S08000019,d,Transfers,,4,,1690,7895,4.6715976331361,,0,0,,z
2022Q2,,S08000019,,S08000019,d,Transfers,,4,,1592,6622,4.15954773869347,,0,0,,z
2022Q3,,S08000019,,S08000019,d,Transfers,,4,,1797,8200,4.56316082359488,,0,0,,z
2022Q4,p,S08000019,,S08000019,d,Transfers,,4,,1895,8587,4.53139841688654,,0,0,,z
2017Q4,,S08000019,,S08000019,d,Transfers,,5,,581,4817,8.29087779690189,,0,0,,z
2018Q1,,S08000019,,S08000019,d,Transfers,,5,,587,4838,8.24190800681431,,0,0,,z
2018Q2,,S08000019,,S08000019,d,Transfers,,5,,610,6111,10.0180327868852,,0,0,,z
2018Q3,,S08000019,,S08000019,d,Transfers,,5,,602,5268,8.75083056478405,,0,0,,z
2018Q4,,S08000019,,S08000019,d,Transfers,,5,,593,5025,8.47386172006745,,0,0,,z
2019Q1,,S08000019,,S08000019,d,Transfers,,5,,551,4247,7.70780399274047,,0,0,,z
2019Q2,,S08000019,,S08000019,d,Transfers,,5,,1142,5220,4.57092819614711,,0,0,,z
2019Q3,,S08000019,,S08000019,d,Transfers,,5,,1544,5973,3.86852331606218,,0,0,,z
2019Q4,,S08000019,,S08000019,d,Transfers,,5,,1621,7523,4.64096236890808,,0,0,,z
2020Q1,,S08000019,,S08000019,d,Transfers,,5,,1299,6978,5.37182448036951,,0,0,,z
2020Q2,,S08000019,,S08000019,d,Transfers,,5,,1054,4474,4.24478178368121,,0,0,,z
2020Q3,,S08000019,,S08000019,d,Transfers,,5,,1292,6066,4.69504643962848,,0,0,,z
2020Q4,,S08000019,,S08000019,d,Transfers,,5,,1356,5846,4.31120943952802,,0,0,,z
2021Q1,,S08000019,,S08000019,d,Transfers,,5,,1475,5730,3.88474576271186,,0,0,,z
2021Q2,,S08000019,,S08000019,d,Transfers,,5,,1581,6260,3.9595192915876,,0,0,,z
2021Q3,,S08000019,,S08000019,d,Transfers,,5,,1288,5486,4.25931677018634,,0,0,,z
2021Q4,,S08000019,,S08000019,d,Transfers,,5,,1288,5834,4.52950310559006,,0,0,,z
2022Q1,,S08000019,,S08000019,d,Transfers,,5,,1309,5779,4.414820473644,,0,0,,z
2022Q2,,S08000019,,S08000019,d,Transfers,,5,,1591,7247,4.55499685732244,,0,0,,z
2022Q3,,S08000019,,S08000019,d,Transfers,,5,,1541,6775,4.39649578195977,,0,0,,z
2022Q4,p,S08000019,,S08000019,d,Transfers,,5,,1726,6043,3.50115874855156,,0,0,,z
2017Q4,,S08000019,,S12000030,,Transfers,,1,,200,1569,7.845,,0,0,,z
2018Q1,,S08000019,,S12000030,,Transfers,,1,,225,2090,9.28888888888889,,0,0,,z
2018Q2,,S08000019,,S12000030,,Transfers,,1,,204,1743,8.54411764705882,,0,0,,z
2018Q3,,S08000019,,S12000030,,Transfers,,1,,182,1245,6.84065934065934,,0,0,,z
2018Q4,,S08000019,,S12000030,,Transfers,,1,,214,1724,8.05607476635514,,0,0,,z
2019Q1,,S08000019,,S12000030,,Transfers,,1,,193,1720,8.9119170984456,,0,0,,z
2019Q2,,S08000019,,S12000030,,Transfers,,1,,442,2709,6.1289592760181,,0,0,,z
2019Q3,,S08000019,,S12000030,,Transfers,,1,,512,2268,4.4296875,,0,0,,z
2019Q4,,S08000019,,S12000030,,Transfers,,1,,547,2096,3.83180987202925,,0,0,,z
2020Q1,,S08000019,,S12000030,,Transfers,,1,,409,1980,4.84107579462103,,0,0,,z
2020Q2,,S08000019,,S12000030,,Transfers,,1,,327,1191,3.64220183486239,,0,0,,z
2020Q3,,S08000019,,S12000030,,Transfers,,1,,361,1047,2.90027700831025,,0,0,,z
2020Q4,,S08000019,,S12000030,,Transfers,,1,,466,1641,3.52145922746781,,0,0,,z
2021Q1,,S08000019,,S12000030,,Transfers,,1,,460,1976,4.29565217391304,,0,0,,z
2021Q2,,S08000019,,S12000030,,Transfers,,1,,495,1550,3.13131313131313,,0,0,,z
2021Q3,,S08000019,,S12000030,,Transfers,,1,,487,2558,5.25256673511294,,0,0,,z
2021Q4,,S08000019,,S12000030,,Transfers,,1,,406,1677,4.13054187192118,,0,0,,z
2022Q1,,S08000019,,S12000030,,Transfers,,1,,469,1711,3.64818763326226,,0,0,,z
2022Q2,,S08000019,,S12000030,,Transfers,,1,,509,1802,3.54027504911591,,0,0,,z
2022Q3,,S08000019,,S12000030,,Transfers,,1,,462,1787,3.86796536796537,,0,0,,z
2022Q4,p,S08000019,,S12000030,,Transfers,,1,,472,1915,4.05720338983051,,0,0,,z
2017Q4,,S08000019,,S12000030,,Transfers,,2,,233,2218,9.51931330472103,,0,0,,z
2018Q1,,S08000019,,S12000030,,Transfers,,2,,216,1942,8.99074074074074,,0,0,,z
2018Q2,,S08000019,,S12000030,,Transfers,,2,,253,2016,7.96837944664032,,0,0,,z
2018Q3,,S08000019,,S12000030,,Transfers,,2,,208,1531,7.36057692307692,,0,0,,z
2018Q4,,S08000019,,S12000030,,Transfers,,2,,249,2284,9.17269076305221,,0,0,,z
2019Q1,,S08000019,,S12000030,,Transfers,,2,,235,2111,8.98297872340425,,0,0,,z
2019Q2,,S08000019,,S12000030,,Transfers,,2,,427,1757,4.11475409836066,,0,0,,z
2019Q3,,S08000019,,S12000030,,Transfers,,2,,497,2068,4.16096579476861,,0,0,,z
2019Q4,,S08000019,,S12000030,,Transfers,,2,,502,2269,4.5199203187251,,0,0,,z
2020Q1,,S08000019,,S12000030,,Transfers,,2,,401,2005,5,,0,0,,z
2020Q2,,S08000019,,S12000030,,Transfers,,2,,337,1329,3.94362017804154,,0,0,,z
2020Q3,,S08000019,,S12000030,,Transfers,,2,,437,1708,3.90846681922197,,0,0,,z
2020Q4,,S08000019,,S12000030,,Transfers,,2,,483,1790,3.70600414078675,,0,0,,z
2021Q1,,S08000019,,S12000030,,Transfers,,2,,626,2099,3.35303514376997,,0,0,,z
2021Q2,,S08000019,,S12000030,,Transfers,,2,,507,2087,4.1163708086785,,0,0,,z
2021Q3,,S08000019,,S12000030,,Transfers,,2,,507,2049,4.0414201183432,,0,0,,z
2021Q4,,S08000019,,S12000030,,Transfers,,2,,455,3081,6.77142857142857,,0,0,,z
2022Q1,,S08000019,,S12000030,,Transfers,,2,,484,2301,4.75413223140496,,0,0,,z
2022Q2,,S08000019,,S12000030,,Transfers,,2,,518,3012,5.81467181467182,,0,0,,z
2022Q3,,S08000019,,S12000030,,Transfers,,2,,502,2509,4.99800796812749,,0,0,,z
2022Q4,p,S08000019,,S12000030,,Transfers,,2,,523,2011,3.84512428298279,,0,0,,z
2017Q4,,S08000019,,S12000030,,Transfers,,3,,193,2025,10.4922279792746,,0,0,,z
2018Q1,,S08000019,,S12000030,,Transfers,,3,,196,1501,7.65816326530612,,0,0,,z
2018Q2,,S08000019,,S12000030,,Transfers,,3,,193,1719,8.90673575129534,,0,0,,z
2018Q3,,S08000019,,S12000030,,Transfers,,3,,211,2157,10.2227488151659,,0,0,,z
2018Q4,,S08000019,,S12000030,,Transfers,,3,,206,2117,10.2766990291262,,0,0,,z
2019Q1,,S08000019,,S12000030,,Transfers,,3,,207,2501,12.0821256038647,,0,0,,z
2019Q2,,S08000019,,S12000030,,Transfers,,3,,362,2053,5.67127071823204,,0,0,,z
2019Q3,,S08000019,,S12000030,,Transfers,,3,,467,2244,4.8051391862955,,0,0,,z
2019Q4,,S08000019,,S12000030,,Transfers,,3,,453,2019,4.45695364238411,,0,0,,z
2020Q1,,S08000019,,S12000030,,Transfers,,3,,458,2500,5.4585152838428,,0,0,,z
2020Q2,,S08000019,,S12000030,,Transfers,,3,,357,1431,4.00840336134454,,0,0,,z
2020Q3,,S08000019,,S12000030,,Transfers,,3,,378,1620,4.28571428571429,,0,0,,z
2020Q4,,S08000019,,S12000030,,Transfers,,3,,416,1558,3.74519230769231,,0,0,,z
2021Q1,,S08000019,,S12000030,,Transfers,,3,,554,1474,2.66064981949458,,0,0,,z
2021Q2,,S08000019,,S12000030,,Transfers,,3,,539,1923,3.56771799628942,,0,0,,z
2021Q3,,S08000019,,S12000030,,Transfers,,3,,406,1820,4.48275862068965,,0,0,,z
2021Q4,,S08000019,,S12000030,,Transfers,,3,,410,1872,4.56585365853658,,0,0,,z
2022Q1,,S08000019,,S12000030,,Transfers,,3,,404,2007,4.96782178217822,,0,0,,z
2022Q2,,S08000019,,S12000030,,Transfers,,3,,454,1845,4.06387665198238,,0,0,,z
2022Q3,,S08000019,,S12000030,,Transfers,,3,,487,2150,4.41478439425051,,0,0,,z
2022Q4,p,S08000019,,S12000030,,Transfers,,3,,483,2067,4.27950310559006,,0,0,,z
2017Q4,,S08000019,,S12000030,,Transfers,,4,,324,3004,9.2716049382716,,0,0,,z
2018Q1,,S08000019,,S12000030,,Transfers,,4,,355,2758,7.76901408450704,,0,0,,z
2018Q2,,S08000019,,S12000030,,Transfers,,4,,346,3085,8.91618497109827,,0,0,,z
2018Q3,,S08000019,,S12000030,,Transfers,,4,,354,3320,9.37853107344633,,0,0,,z
2018Q4,,S08000019,,S12000030,,Transfers,,4,,400,3313,8.2825,,0,0,,z
2019Q1,,S08000019,,S12000030,,Transfers,,4,,416,3786,9.10096153846154,,0,0,,z
2019Q2,,S08000019,,S12000030,,Transfers,,4,,679,3661,5.39175257731959,,0,0,,z
2019Q3,,S08000019,,S12000030,,Transfers,,4,,703,3356,4.77382645803698,,0,0,,z
2019Q4,,S08000019,,S12000030,,Transfers,,4,,755,3909,5.17748344370861,,0,0,,z
2020Q1,,S08000019,,S12000030,,Transfers,,4,,600,3309,5.515,,0,0,,z
2020Q2,,S08000019,,S12000030,,Transfers,,4,,503,2797,5.56063618290258,,0,0,,z
2020Q3,,S08000019,,S12000030,,Transfers,,4,,605,2348,3.88099173553719,,0,0,,z
2020Q4,,S08000019,,S12000030,,Transfers,,4,,611,1997,3.2684124386252,,0,0,,z
2021Q1,,S08000019,,S12000030,,Transfers,,4,,753,3088,4.10092961487384,,0,0,,z
2021Q2,,S08000019,,S12000030,,Transfers,,4,,923,3148,3.41061755146262,,0,0,,z
2021Q3,,S08000019,,S12000030,,Transfers,,4,,663,2969,4.47812971342383,,0,0,,z
2021Q4,,S08000019,,S12000030,,Transfers,,4,,627,3397,5.41786283891547,,0,0,,z
2022Q1,,S08000019,,S12000030,,Transfers,,4,,618,3596,5.81877022653722,,0,0,,z
2022Q2,,S08000019,,S12000030,,Transfers,,4,,640,2650,4.140625,,0,0,,z
2022Q3,,S08000019,,S12000030,,Transfers,,4,,713,3088,4.33099579242637,,0,0,,z
2022Q4,p,S08000019,,S12000030,,Transfers,,4,,794,3527,4.44206549118388,,0,0,,z
2017Q4,,S08000019,,S12000030,,Transfers,,5,,250,1952,7.808,,0,0,,z
2018Q1,,S08000019,,S12000030,,Transfers,,5,,251,2081,8.29083665338645,,0,0,,z
2018Q2,,S08000019,,S12000030,,Transfers,,5,,264,2250,8.52272727272727,,0,0,,z
2018Q3,,S08000019,,S12000030,,Transfers,,5,,244,1983,8.12704918032787,,0,0,,z
2018Q4,,S08000019,,S12000030,,Transfers,,5,,240,2044,8.51666666666667,,0,0,,z
2019Q1,,S08000019,,S12000030,,Transfers,,5,,240,1985,8.27083333333333,,0,0,,z
2019Q2,,S08000019,,S12000030,,Transfers,,5,,427,2201,5.15456674473068,,0,0,,z
2019Q3,,S08000019,,S12000030,,Transfers,,5,,647,2618,4.04636785162287,,0,0,,z
2019Q4,,S08000019,,S12000030,,Transfers,,5,,662,3671,5.54531722054381,,0,0,,z
2020Q1,,S08000019,,S12000030,,Transfers,,5,,586,3586,6.11945392491468,,0,0,,z
2020Q2,,S08000019,,S12000030,,Transfers,,5,,449,2159,4.80846325167038,,0,0,,z
2020Q3,,S08000019,,S12000030,,Transfers,,5,,523,2602,4.97514340344168,,0,0,,z
2020Q4,,S08000019,,S12000030,,Transfers,,5,,613,2568,4.18923327895595,,0,0,,z
2021Q1,,S08000019,,S12000030,,Transfers,,5,,561,2531,4.51158645276292,,0,0,,z
2021Q2,,S08000019,,S12000030,,Transfers,,5,,646,2521,3.90247678018576,,0,0,,z
2021Q3,,S08000019,,S12000030,,Transfers,,5,,527,2806,5.32447817836812,,0,0,,z
2021Q4,,S08000019,,S12000030,,Transfers,,5,,545,2625,4.81651376146789,,0,0,,z
2022Q1,,S08000019,,S12000030,,Transfers,,5,,471,2181,4.63057324840764,,0,0,,z
2022Q2,,S08000019,,S12000030,,Transfers,,5,,655,2737,4.17862595419847,,0,0,,z
2022Q3,,S08000019,,S12000030,,Transfers,,5,,600,2994,4.99,,0,0,,z
2022Q4,p,S08000019,,S12000030,,Transfers,,5,,727,3009,4.13892709766162,,0,0,,z
2017Q4,,S08000020,,S12000033,,Transfers,,1,,283,3172,11.208480565371,,0,0,,z
2018Q1,,S08000020,,S12000033,,Transfers,,1,,257,2480,9.64980544747082,,0,0,,z
2018Q2,,S08000020,,S12000033,,Transfers,,1,,246,2553,10.3780487804878,,0,0,,z
2018Q3,,S08000020,,S12000033,,Transfers,,1,,274,2723,9.93795620437956,,0,0,,z
2018Q4,,S08000020,,S12000033,,Transfers,,1,,225,2086,9.27111111111111,,0,0,,z
2019Q1,,S08000020,,S12000033,,Transfers,,1,,263,3064,11.6501901140684,,0,0,,z
2019Q2,,S08000020,,S12000033,,Transfers,,1,,170,2385,14.0294117647059,,0,0,,z
2019Q3,,S08000020,,S12000033,,Transfers,,1,,222,3031,13.6531531531532,,0,0,,z
2019Q4,,S08000020,,S12000033,,Transfers,,1,,199,2758,13.8592964824121,,0,0,,z
2020Q1,,S08000020,,S12000033,,Transfers,,1,,216,2868,13.2777777777778,,0,0,,z
2020Q2,,S08000020,,S12000033,,Transfers,,1,,327,2188,6.69113149847095,,0,0,,z
2020Q3,,S08000020,,S12000033,,Transfers,,1,,257,2110,8.21011673151751,,0,0,,z
2020Q4,,S08000020,,S12000033,,Transfers,,1,,217,2098,9.66820276497696,,0,0,,z
2021Q1,,S08000020,,S12000033,,Transfers,,1,,190,1839,9.67894736842105,,0,0,,z
2021Q2,,S08000020,,S12000033,,Transfers,,1,,174,1577,9.0632183908046,,0,0,,z
2021Q3,,S08000020,,S12000033,,Transfers,,1,,237,2545,10.7383966244726,,0,0,,z
2021Q4,,S08000020,,S12000033,,Transfers,,1,,233,2333,10.0128755364807,,0,0,,z
2022Q1,,S08000020,,S12000033,,Transfers,,1,,248,2357,9.50403225806452,,0,0,,z
2022Q2,,S08000020,,S12000033,,Transfers,,1,,167,2160,12.9341317365269,,0,0,,z
2022Q3,,S08000020,,S12000033,,Transfers,,1,,172,1725,10.0290697674419,,0,0,,z
2022Q4,p,S08000020,,S12000033,,Transfers,,1,,147,1970,13.4013605442177,,0,0,,z
2017Q4,,S08000020,,S12000033,,Transfers,,2,,552,5247,9.5054347826087,,0,0,,z
2018Q1,,S08000020,,S12000033,,Transfers,,2,,482,5652,11.7261410788382,,0,0,,z
2018Q2,,S08000020,,S12000033,,Transfers,,2,,468,5531,11.8183760683761,,0,0,,z
2018Q3,,S08000020,,S12000033,,Transfers,,2,,464,5032,10.8448275862069,,0,0,,z
2018Q4,,S08000020,,S12000033,,Transfers,,2,,466,5670,12.167381974248899,,0,0,,z
2019Q1,,S08000020,,S12000033,,Transfers,,2,,418,5084,12.1626794258373,,0,0,,z
2019Q2,,S08000020,,S12000033,,Transfers,,2,,401,4584,11.431421446384,,0,0,,z
2019Q3,,S08000020,,S12000033,,Transfers,,2,,433,5099,11.7759815242494,,0,0,,z
2019Q4,,S08000020,,S12000033,,Transfers,,2,,401,4619,11.5187032418953,,0,0,,z
2020Q1,,S08000020,,S12000033,,Transfers,,2,,434,5598,12.8986175115207,,0,0,,z
2020Q2,,S08000020,,S12000033,,Transfers,,2,,624,4357,6.9823717948718,,0,0,,z
2020Q3,,S08000020,,S12000033,,Transfers,,2,,380,3618,9.52105263157895,,0,0,,z
2020Q4,,S08000020,,S12000033,,Transfers,,2,,330,3072,9.30909090909091,,0,0,,z
2021Q1,,S08000020,,S12000033,,Transfers,,2,,366,4051,11.068306010929,,0,0,,z
2021Q2,,S08000020,,S12000033,,Transfers,,2,,368,3551,9.64945652173913,,0,0,,z
2021Q3,,S08000020,,S12000033,,Transfers,,2,,377,3666,9.72413793103448,,0,0,,z
2021Q4,,S08000020,,S12000033,,Transfers,,2,,404,3800,9.4059405940594,,0,0,,z
2022Q1,,S08000020,,S12000033,,Transfers,,2,,360,3593,9.98055555555556,,0,0,,z
2022Q2,,S08000020,,S12000033,,Transfers,,2,,347,4148,11.9538904899135,,0,0,,z
2022Q3,,S08000020,,S12000033,,Transfers,,2,,323,2795,8.65325077399381,,0,0,,z
2022Q4,p,S08000020,,S12000033,,Transfers,,2,,303,3092,10.2046204620462,,0,0,,z
2017Q4,,S08000020,,S12000033,,Transfers,,3,,309,3406,11.0226537216828,,0,0,,z
2018Q1,,S08000020,,S12000033,,Transfers,,3,,319,3908,12.2507836990596,,0,0,,z
2018Q2,,S08000020,,S12000033,,Transfers,,3,,290,3423,11.8034482758621,,0,0,,z
2018Q3,,S08000020,,S12000033,,Transfers,,3,,290,2591,8.93448275862069,,0,0,,z
2018Q4,,S08000020,,S12000033,,Transfers,,3,,262,2822,10.7709923664122,,0,0,,z
2019Q1,,S08000020,,S12000033,,Transfers,,3,,236,2752,11.6610169491525,,0,0,,z
2019Q2,,S08000020,,S12000033,,Transfers,,3,,266,3347,12.5827067669173,,0,0,,z
2019Q3,,S08000020,,S12000033,,Transfers,,3,,261,3696,14.1609195402299,,0,0,,z
2019Q4,,S08000020,,S12000033,,Transfers,,3,,301,2971,9.87043189368771,,0,0,,z
2020Q1,,S08000020,,S12000033,,Transfers,,3,,235,3532,15.0297872340426,,0,0,,z
2020Q2,,S08000020,,S12000033,,Transfers,,3,,364,2365,6.49725274725275,,0,0,,z
2020Q3,,S08000020,,S12000033,,Transfers,,3,,270,2575,9.53703703703704,,0,0,,z
2020Q4,,S08000020,,S12000033,,Transfers,,3,,258,2352,9.11627906976744,,0,0,,z
2021Q1,,S08000020,,S12000033,,Transfers,,3,,214,2122,9.91588785046729,,0,0,,z
2021Q2,,S08000020,,S12000033,,Transfers,,3,,192,2189,11.4010416666667,,0,0,,z
2021Q3,,S08000020,,S12000033,,Transfers,,3,,199,2005,10.0753768844221,,0,0,,z
2021Q4,,S08000020,,S12000033,,Transfers,,3,,196,2075,10.5867346938776,,0,0,,z
2022Q1,,S08000020,,S12000033,,Transfers,,3,,223,2477,11.1076233183857,,0,0,,z
2022Q2,,S08000020,,S12000033,,Transfers,,3,,211,2192,10.3886255924171,,0,0,,z
2022Q3,,S08000020,,S12000033,,Transfers,,3,,199,2502,12.572864321608,,0,0,,z
2022Q4,p,S08000020,,S12000033,,Transfers,,3,,195,1864,9.55897435897436,,0,0,,z
2017Q4,,S08000020,,S12000033,,Transfers,,4,,244,2714,11.1229508196721,,0,0,,z
2018Q1,,S08000020,,S12000033,,Transfers,,4,,224,2328,10.3928571428571,,0,0,,z
2018Q2,,S08000020,,S12000033,,Transfers,,4,,239,2086,8.72803347280335,,0,0,,z
2018Q3,,S08000020,,S12000033,,Transfers,,4,,260,2655,10.2115384615385,,0,0,,z
2018Q4,,S08000020,,S12000033,,Transfers,,4,,224,3021,13.4866071428571,,0,0,,z
2019Q1,,S08000020,,S12000033,,Transfers,,4,,258,3195,12.3837209302326,,0,0,,z
2019Q2,,S08000020,,S12000033,,Transfers,,4,,199,1585,7.96482412060301,,0,0,,z
2019Q3,,S08000020,,S12000033,,Transfers,,4,,202,2305,11.4108910891089,,0,0,,z
2019Q4,,S08000020,,S12000033,,Transfers,,4,,241,3231,13.4066390041494,,0,0,,z
2020Q1,,S08000020,,S12000033,,Transfers,,4,,207,2722,13.1497584541063,,0,0,,z
2020Q2,,S08000020,,S12000033,,Transfers,,4,,255,2140,8.3921568627451,,0,0,,z
2020Q3,,S08000020,,S12000033,,Transfers,,4,,221,1961,8.87330316742081,,0,0,,z
2020Q4,,S08000020,,S12000033,,Transfers,,4,,188,1909,10.1542553191489,,0,0,,z
2021Q1,,S08000020,,S12000033,,Transfers,,4,,187,1563,8.35828877005348,,0,0,,z
2021Q2,,S08000020,,S12000033,,Transfers,,4,,190,2179,11.4684210526316,,0,0,,z
2021Q3,,S08000020,,S12000033,,Transfers,,4,,176,1792,10.1818181818182,,0,0,,z
2021Q4,,S08000020,,S12000033,,Transfers,,4,,219,1823,8.32420091324201,,0,0,,z
2022Q1,,S08000020,,S12000033,,Transfers,,4,,214,2111,9.86448598130841,,0,0,,z
2022Q2,,S08000020,,S12000033,,Transfers,,4,,208,2307,11.0913461538462,,0,0,,z
2022Q3,,S08000020,,S12000033,,Transfers,,4,,202,1959,9.6980198019802,,0,0,,z
2022Q4,p,S08000020,,S12000033,,Transfers,,4,,164,1510,9.20731707317073,,0,0,,z
2017Q4,,S08000020,,S12000033,,Transfers,,5,,533,5995,11.2476547842402,,0,0,,z
2018Q1,,S08000020,,S12000033,,Transfers,,5,,489,6717,13.7361963190184,,0,0,,z
2018Q2,,S08000020,,S12000033,,Transfers,,5,,543,7046,12.97605893186,,0,0,,z
2018Q3,,S08000020,,S12000033,,Transfers,,5,,483,5692,11.7846790890269,,0,0,,z
2018Q4,,S08000020,,S12000033,,Transfers,,5,,489,4687,9.58486707566462,,0,0,,z
2019Q1,,S08000020,,S12000033,,Transfers,,5,,424,4468,10.5377358490566,,0,0,,z
2019Q2,,S08000020,,S12000033,,Transfers,,5,,457,5665,12.3960612691466,,0,0,,z
2019Q3,,S08000020,,S12000033,,Transfers,,5,,488,5376,11.016393442623,,0,0,,z
2019Q4,,S08000020,,S12000033,,Transfers,,5,,463,7366,15.9092872570194,,0,0,,z
2020Q1,,S08000020,,S12000033,,Transfers,,5,,522,6549,12.5459770114943,,0,0,,z
2020Q2,,S08000020,,S12000033,,Transfers,,5,,579,4370,7.54749568221071,,0,0,,z
2020Q3,,S08000020,,S12000033,,Transfers,,5,,430,3808,8.85581395348837,,0,0,,z
2020Q4,,S08000020,,S12000033,,Transfers,,5,,418,4849,11.6004784688995,,0,0,,z
2021Q1,,S08000020,,S12000033,,Transfers,,5,,404,4562,11.2920792079208,,0,0,,z
2021Q2,,S08000020,,S12000033,,Transfers,,5,,446,4108,9.21076233183856,,0,0,,z
2021Q3,,S08000020,,S12000033,,Transfers,,5,,407,4431,10.8869778869779,,0,0,,z
2021Q4,,S08000020,,S12000033,,Transfers,,5,,452,4804,10.6283185840708,,0,0,,z
2022Q1,,S08000020,,S12000033,,Transfers,,5,,482,5202,10.792531120332,,0,0,,z
2022Q2,,S08000020,,S12000033,,Transfers,,5,,433,4778,11.0346420323326,,0,0,,z
2022Q3,,S08000020,,S12000033,,Transfers,,5,,411,4268,10.3844282238443,,0,0,,z
2022Q4,p,S08000020,,S12000033,,Transfers,,5,,425,4571,10.7552941176471,,0,0,,z
2022Q4,p,S08000020,,S12000033,,Transfers,,,:,0,79,,z,0,0,,z
2017Q4,,S08000020,,S12000034,,Transfers,,1,,68,659,9.69117647058824,,0,0,,z
2018Q1,,S08000020,,S12000034,,Transfers,,1,,58,460,7.93103448275862,,0,0,,z
2018Q2,,S08000020,,S12000034,,Transfers,,1,,76,573,7.53947368421053,,0,0,,z
2018Q3,,S08000020,,S12000034,,Transfers,,1,,68,422,6.20588235294118,,0,0,,z
2018Q4,,S08000020,,S12000034,,Transfers,,1,,65,533,8.2,,0,0,,z
2019Q1,,S08000020,,S12000034,,Transfers,,1,,55,369,6.70909090909091,,0,0,,z
2019Q2,,S08000020,,S12000034,,Transfers,,1,,62,937,15.1129032258065,,0,0,,z
2019Q3,,S08000020,,S12000034,,Transfers,,1,,51,505,9.90196078431373,,0,0,,z
2019Q4,,S08000020,,S12000034,,Transfers,,1,,69,385,5.57971014492754,,0,0,,z
2020Q1,,S08000020,,S12000034,,Transfers,,1,,64,456,7.125,,0,0,,z
2020Q2,,S08000020,,S12000034,,Transfers,,1,,80,420,5.25,,0,0,,z
2020Q3,,S08000020,,S12000034,,Transfers,,1,,64,622,9.71875,,0,0,,z
2020Q4,,S08000020,,S12000034,,Transfers,,1,,50,757,15.14,,0,0,,z
2021Q1,,S08000020,,S12000034,,Transfers,,1,,60,395,6.58333333333333,,0,0,,z
2021Q2,,S08000020,,S12000034,,Transfers,,1,,45,217,4.82222222222222,,0,0,,z
2021Q3,,S08000020,,S12000034,,Transfers,,1,,61,501,8.21311475409836,,0,0,,z
2021Q4,,S08000020,,S12000034,,Transfers,,1,,85,719,8.45882352941176,,0,0,,z
2022Q1,,S08000020,,S12000034,,Transfers,,1,,75,685,9.13333333333333,,0,0,,z
2022Q2,,S08000020,,S12000034,,Transfers,,1,,80,895,11.1875,,0,0,,z
2022Q3,,S08000020,,S12000034,,Transfers,,1,,50,335,6.7,,0,0,,z
2022Q4,p,S08000020,,S12000034,,Transfers,,1,,50,530,10.6,,0,0,,z
2017Q4,,S08000020,,S12000034,,Transfers,,2,,221,1591,7.19909502262443,,0,0,,z
2018Q1,,S08000020,,S12000034,,Transfers,,2,,185,1513,8.17837837837838,,0,0,,z
2018Q2,,S08000020,,S12000034,,Transfers,,2,,221,1557,7.04524886877828,,0,0,,z
2018Q3,,S08000020,,S12000034,,Transfers,,2,,239,1727,7.22594142259414,,0,0,,z
2018Q4,,S08000020,,S12000034,,Transfers,,2,,194,1300,6.70103092783505,,0,0,,z
2019Q1,,S08000020,,S12000034,,Transfers,,2,,241,1772,7.35269709543568,,0,0,,z
2019Q2,,S08000020,,S12000034,,Transfers,,2,,197,1419,7.20304568527919,,0,0,,z
2019Q3,,S08000020,,S12000034,,Transfers,,2,,168,1057,6.29166666666667,,0,0,,z
2019Q4,,S08000020,,S12000034,,Transfers,,2,,181,1368,7.55801104972376,,0,0,,z
2020Q1,,S08000020,,S12000034,,Transfers,,2,,183,1515,8.27868852459016,,0,0,,z
2020Q2,,S08000020,,S12000034,,Transfers,,2,,225,1176,5.22666666666667,,0,0,,z
2020Q3,,S08000020,,S12000034,,Transfers,,2,,188,1338,7.11702127659574,,0,0,,z
2020Q4,,S08000020,,S12000034,,Transfers,,2,,169,1278,7.56213017751479,,0,0,,z
2021Q1,,S08000020,,S12000034,,Transfers,,2,,196,1577,8.04591836734694,,0,0,,z
2021Q2,,S08000020,,S12000034,,Transfers,,2,,166,1169,7.0421686746988,,0,0,,z
2021Q3,,S08000020,,S12000034,,Transfers,,2,,184,1372,7.45652173913043,,0,0,,z
2021Q4,,S08000020,,S12000034,,Transfers,,2,,193,1389,7.19689119170984,,0,0,,z
2022Q1,,S08000020,,S12000034,,Transfers,,2,,183,1243,6.79234972677596,,0,0,,z
2022Q2,,S08000020,,S12000034,,Transfers,,2,,189,1604,8.48677248677249,,0,0,,z
2022Q3,,S08000020,,S12000034,,Transfers,,2,,150,915,6.1,,0,0,,z
2022Q4,p,S08000020,,S12000034,,Transfers,,2,,156,982,6.2948717948718,,0,0,,z
2017Q4,,S08000020,,S12000034,,Transfers,,3,,418,2820,6.74641148325359,,0,0,,z
2018Q1,,S08000020,,S12000034,,Transfers,,3,,439,3633,8.2756264236902,,0,0,,z
2018Q2,,S08000020,,S12000034,,Transfers,,3,,423,2994,7.07801418439716,,0,0,,z
2018Q3,,S08000020,,S12000034,,Transfers,,3,,415,2517,6.06506024096385,,0,0,,z
2018Q4,,S08000020,,S12000034,,Transfers,,3,,377,2557,6.78249336870027,,0,0,,z
2019Q1,,S08000020,,S12000034,,Transfers,,3,,322,2483,7.7111801242236,,0,0,,z
2019Q2,,S08000020,,S12000034,,Transfers,,3,,329,2708,8.23100303951368,,0,0,,z
2019Q3,,S08000020,,S12000034,,Transfers,,3,,337,2173,6.44807121661721,,0,0,,z
2019Q4,,S08000020,,S12000034,,Transfers,,3,,386,3075,7.96632124352332,,0,0,,z
2020Q1,,S08000020,,S12000034,,Transfers,,3,,407,3522,8.65356265356265,,0,0,,z
2020Q2,,S08000020,,S12000034,,Transfers,,3,,448,2778,6.20089285714286,,0,0,,z
2020Q3,,S08000020,,S12000034,,Transfers,,3,,346,2320,6.70520231213873,,0,0,,z
2020Q4,,S08000020,,S12000034,,Transfers,,3,,342,2518,7.3625730994152,,0,0,,z
2021Q1,,S08000020,,S12000034,,Transfers,,3,,341,2589,7.59237536656892,,0,0,,z
2021Q2,,S08000020,,S12000034,,Transfers,,3,,342,2366,6.91812865497076,,0,0,,z
2021Q3,,S08000020,,S12000034,,Transfers,,3,,322,2189,6.79813664596273,,0,0,,z
2021Q4,,S08000020,,S12000034,,Transfers,,3,,408,2763,6.77205882352941,,0,0,,z
2022Q1,,S08000020,,S12000034,,Transfers,,3,,346,3103,8.96820809248555,,0,0,,z
2022Q2,,S08000020,,S12000034,,Transfers,,3,,359,2317,6.45403899721448,,0,0,,z
2022Q3,,S08000020,,S12000034,,Transfers,,3,,391,3278,8.38363171355499,,0,0,,z
2022Q4,p,S08000020,,S12000034,,Transfers,,3,,305,2380,7.80327868852459,,0,0,,z
2017Q4,,S08000020,,S12000034,,Transfers,,4,,573,4273,7.45724258289703,,0,0,,z
2018Q1,,S08000020,,S12000034,,Transfers,,4,,625,4699,7.5184,,0,0,,z
2018Q2,,S08000020,,S12000034,,Transfers,,4,,605,4403,7.27768595041322,,0,0,,z
2018Q3,,S08000020,,S12000034,,Transfers,,4,,640,4543,7.0984375,,0,0,,z
2018Q4,,S08000020,,S12000034,,Transfers,,4,,650,4776,7.34769230769231,,0,0,,z
2019Q1,,S08000020,,S12000034,,Transfers,,4,,568,4261,7.50176056338028,,0,0,,z
2019Q2,,S08000020,,S12000034,,Transfers,,4,,507,4326,8.53254437869822,,0,0,,z
2019Q3,,S08000020,,S12000034,,Transfers,,4,,555,4399,7.92612612612613,,0,0,,z
2019Q4,,S08000020,,S12000034,,Transfers,,4,,499,3833,7.6813627254509,,0,0,,z
2020Q1,,S08000020,,S12000034,,Transfers,,4,,573,5468,9.54275741710297,,0,0,,z
2020Q2,,S08000020,,S12000034,,Transfers,,4,,671,4394,6.54843517138599,,0,0,,z
2020Q3,,S08000020,,S12000034,,Transfers,,4,,547,3904,7.13711151736746,,0,0,,z
2020Q4,,S08000020,,S12000034,,Transfers,,4,,523,3831,7.32504780114723,,0,0,,z
2021Q1,,S08000020,,S12000034,,Transfers,,4,,516,4099,7.9437984496124,,0,0,,z
2021Q2,,S08000020,,S12000034,,Transfers,,4,,483,3648,7.5527950310559,,0,0,,z
2021Q3,,S08000020,,S12000034,,Transfers,,4,,515,3758,7.29708737864078,,0,0,,z
2021Q4,,S08000020,,S12000034,,Transfers,,4,,587,4859,8.27768313458262,,0,0,,z
2022Q1,,S08000020,,S12000034,,Transfers,,4,,530,4013,7.57169811320755,,0,0,,z
2022Q2,,S08000020,,S12000034,,Transfers,,4,,559,4153,7.42933810375671,,0,0,,z
2022Q3,,S08000020,,S12000034,,Transfers,,4,,521,4095,7.85988483685221,,0,0,,z
2022Q4,p,S08000020,,S12000034,,Transfers,,4,,460,3467,7.53695652173913,,0,0,,z
2017Q4,,S08000020,,S12000034,,Transfers,,5,,328,2914,8.88414634146342,,0,0,,z
2018Q1,,S08000020,,S12000034,,Transfers,,5,,370,2942,7.95135135135135,,0,0,,z
2018Q2,,S08000020,,S12000034,,Transfers,,5,,368,3017,8.19836956521739,,0,0,,z
2018Q3,,S08000020,,S12000034,,Transfers,,5,,353,2381,6.74504249291785,,0,0,,z
2018Q4,,S08000020,,S12000034,,Transfers,,5,,350,2823,8.06571428571429,,0,0,,z
2019Q1,,S08000020,,S12000034,,Transfers,,5,,331,2395,7.23564954682779,,0,0,,z
2019Q2,,S08000020,,S12000034,,Transfers,,5,,325,2749,8.45846153846154,,0,0,,z
2019Q3,,S08000020,,S12000034,,Transfers,,5,,327,2190,6.69724770642202,,0,0,,z
2019Q4,,S08000020,,S12000034,,Transfers,,5,,365,3260,8.93150684931507,,0,0,,z
2020Q1,,S08000020,,S12000034,,Transfers,,5,,345,3064,8.88115942028985,,0,0,,z
2020Q2,,S08000020,,S12000034,,Transfers,,5,,414,2423,5.85265700483092,,0,0,,z
2020Q3,,S08000020,,S12000034,,Transfers,,5,,294,2169,7.37755102040816,,0,0,,z
2020Q4,,S08000020,,S12000034,,Transfers,,5,,301,2229,7.40531561461794,,0,0,,z
2021Q1,,S08000020,,S12000034,,Transfers,,5,,321,2535,7.89719626168224,,0,0,,z
2021Q2,,S08000020,,S12000034,,Transfers,,5,,378,2886,7.63492063492064,,0,0,,z
2021Q3,,S08000020,,S12000034,,Transfers,,5,,330,2509,7.6030303030303,,0,0,,z
2021Q4,,S08000020,,S12000034,,Transfers,,5,,375,3439,9.17066666666667,,0,0,,z
2022Q1,,S08000020,,S12000034,,Transfers,,5,,299,2256,7.54515050167224,,0,0,,z
2022Q2,,S08000020,,S12000034,,Transfers,,5,,308,2605,8.45779220779221,,0,0,,z
2022Q3,,S08000020,,S12000034,,Transfers,,5,,337,2760,8.18991097922849,,0,0,,z
2022Q4,p,S08000020,,S12000034,,Transfers,,5,,282,2100,7.4468085106383,,0,0,,z
2017Q4,,S08000020,,S12000020,,Transfers,,1,,50,352,7.04,,0,0,,z
2018Q1,,S08000020,,S12000020,,Transfers,,1,,43,817,19,,0,0,,z
2018Q2,,S08000020,,S12000020,,Transfers,,1,,33,220,6.66666666666667,,0,0,,z
2018Q3,,S08000020,,S12000020,,Transfers,,1,,30,128,4.26666666666667,,0,0,,z
2018Q4,,S08000020,,S12000020,,Transfers,,1,,30,96,3.2,,0,0,,z
2019Q1,,S08000020,,S12000020,,Transfers,,1,,30,130,4.33333333333333,,0,0,,z
2019Q2,,S08000020,,S12000020,,Transfers,,1,,24,134,5.58333333333333,,0,0,,z
2019Q3,,S08000020,,S12000020,,Transfers,,1,,33,216,6.54545454545455,,0,0,,z
2019Q4,,S08000020,,S12000020,,Transfers,,1,,38,217,5.71052631578947,,0,0,,z
2020Q1,,S08000020,,S12000020,,Transfers,,1,,32,215,6.71875,,0,0,,z
2020Q2,,S08000020,,S12000020,,Transfers,,1,,35,181,5.17142857142857,,0,0,,z
2020Q3,,S08000020,,S12000020,,Transfers,,1,,27,251,9.2962962962963,,0,0,,z
2020Q4,,S08000020,,S12000020,,Transfers,,1,,31,230,7.41935483870968,,0,0,,z
2021Q1,,S08000020,,S12000020,,Transfers,,1,,30,173,5.76666666666667,,0,0,,z
2021Q2,,S08000020,,S12000020,,Transfers,,1,,30,151,5.03333333333333,,0,0,,z
2021Q3,,S08000020,,S12000020,,Transfers,,1,,22,244,11.0909090909091,,0,0,,z
2021Q4,,S08000020,,S12000020,,Transfers,,1,,45,481,10.6888888888889,,0,0,,z
2022Q1,,S08000020,,S12000020,,Transfers,,1,,35,268,7.65714285714286,,0,0,,z
2022Q2,,S08000020,,S12000020,,Transfers,,1,,35,251,7.17142857142857,,0,0,,z
2022Q3,,S08000020,,S12000020,,Transfers,,1,,25,223,8.92,,0,0,,z
2022Q4,p,S08000020,,S12000020,,Transfers,,1,,20,300,15,,0,0,,z
2017Q4,,S08000020,,S12000020,,Transfers,,2,,187,1212,6.48128342245989,,0,0,,z
2018Q1,,S08000020,,S12000020,,Transfers,,2,,154,851,5.52597402597403,,0,0,,z
2018Q2,,S08000020,,S12000020,,Transfers,,2,,181,927,5.12154696132597,,0,0,,z
2018Q3,,S08000020,,S12000020,,Transfers,,2,,205,1044,5.09268292682927,,0,0,,z
2018Q4,,S08000020,,S12000020,,Transfers,,2,,170,880,5.17647058823529,,0,0,,z
2019Q1,,S08000020,,S12000020,,Transfers,,2,,178,866,4.86516853932584,,0,0,,z
2019Q2,,S08000020,,S12000020,,Transfers,,2,,193,994,5.15025906735751,,0,0,,z
2019Q3,,S08000020,,S12000020,,Transfers,,2,,180,849,4.71666666666667,,0,0,,z
2019Q4,,S08000020,,S12000020,,Transfers,,2,,167,973,5.82634730538922,,0,0,,z
2020Q1,,S08000020,,S12000020,,Transfers,,2,,146,976,6.68493150684932,,0,0,,z
2020Q2,,S08000020,,S12000020,,Transfers,,2,,167,701,4.19760479041916,,0,0,,z
2020Q3,,S08000020,,S12000020,,Transfers,,2,,143,776,5.42657342657343,,0,0,,z
2020Q4,,S08000020,,S12000020,,Transfers,,2,,164,860,5.24390243902439,,0,0,,z
2021Q1,,S08000020,,S12000020,,Transfers,,2,,170,1058,6.22352941176471,,0,0,,z
2021Q2,,S08000020,,S12000020,,Transfers,,2,,210,1265,6.02380952380952,,0,0,,z
2021Q3,,S08000020,,S12000020,,Transfers,,2,,131,840,6.41221374045802,,0,0,,z
2021Q4,,S08000020,,S12000020,,Transfers,,2,,141,877,6.21985815602837,,0,0,,z
2022Q1,,S08000020,,S12000020,,Transfers,,2,,149,983,6.59731543624161,,0,0,,z
2022Q2,,S08000020,,S12000020,,Transfers,,2,,95,736,7.74736842105263,,0,0,,z
2022Q3,,S08000020,,S12000020,,Transfers,,2,,120,825,6.875,,0,0,,z
2022Q4,p,S08000020,,S12000020,,Transfers,,2,,101,682,6.75247524752475,,0,0,,z
2017Q4,,S08000020,,S12000020,,Transfers,,3,,360,2018,5.60555555555556,,0,0,,z
2018Q1,,S08000020,,S12000020,,Transfers,,3,,292,1766,6.04794520547945,,0,0,,z
2018Q2,,S08000020,,S12000020,,Transfers,,3,,384,2144,5.58333333333333,,0,0,,z
2018Q3,,S08000020,,S12000020,,Transfers,,3,,321,1869,5.82242990654206,,0,0,,z
2018Q4,,S08000020,,S12000020,,Transfers,,3,,347,1904,5.48703170028818,,0,0,,z
2019Q1,,S08000020,,S12000020,,Transfers,,3,,301,1392,4.62458471760797,,0,0,,z
2019Q2,,S08000020,,S12000020,,Transfers,,3,,372,1725,4.63709677419355,,0,0,,z
2019Q3,,S08000020,,S12000020,,Transfers,,3,,345,2028,5.87826086956522,,0,0,,z
2019Q4,,S08000020,,S12000020,,Transfers,,3,,335,1874,5.59402985074627,,0,0,,z
2020Q1,,S08000020,,S12000020,,Transfers,,3,,392,2310,5.89285714285714,,0,0,,z
2020Q2,,S08000020,,S12000020,,Transfers,,3,,274,1578,5.75912408759124,,0,0,,z
2020Q3,,S08000020,,S12000020,,Transfers,,3,,300,1625,5.41666666666667,,0,0,,z
2020Q4,,S08000020,,S12000020,,Transfers,,3,,323,1621,5.01857585139319,,0,0,,z
2021Q1,,S08000020,,S12000020,,Transfers,,3,,317,1637,5.16403785488959,,0,0,,z
2021Q2,,S08000020,,S12000020,,Transfers,,3,,327,1674,5.11926605504587,,0,0,,z
2021Q3,,S08000020,,S12000020,,Transfers,,3,,336,1969,5.86011904761905,,0,0,,z
2021Q4,,S08000020,,S12000020,,Transfers,,3,,281,1994,7.09608540925267,,0,0,,z
2022Q1,,S08000020,,S12000020,,Transfers,,3,,254,1475,5.80708661417323,,0,0,,z
2022Q2,,S08000020,,S12000020,,Transfers,,3,,267,1842,6.89887640449438,,0,0,,z
2022Q3,,S08000020,,S12000020,,Transfers,,3,,301,2546,8.45847176079734,,0,0,,z
2022Q4,p,S08000020,,S12000020,,Transfers,,3,,307,2115,6.88925081433225,,0,0,,z
2017Q4,,S08000020,,S12000020,,Transfers,,4,,348,1626,4.67241379310345,,0,0,,z
2018Q1,,S08000020,,S12000020,,Transfers,,4,,321,2114,6.58566978193146,,0,0,,z
2018Q2,,S08000020,,S12000020,,Transfers,,4,,359,1930,5.37604456824512,,0,0,,z
2018Q3,,S08000020,,S12000020,,Transfers,,4,,361,1951,5.40443213296399,,0,0,,z
2018Q4,,S08000020,,S12000020,,Transfers,,4,,374,2087,5.58021390374332,,0,0,,z
2019Q1,,S08000020,,S12000020,,Transfers,,4,,358,1730,4.83240223463687,,0,0,,z
2019Q2,,S08000020,,S12000020,,Transfers,,4,,326,1735,5.32208588957055,,0,0,,z
2019Q3,,S08000020,,S12000020,,Transfers,,4,,361,1703,4.71745152354571,,0,0,,z
2019Q4,,S08000020,,S12000020,,Transfers,,4,,356,1759,4.94101123595506,,0,0,,z
2020Q1,,S08000020,,S12000020,,Transfers,,4,,288,2137,7.42013888888889,,0,0,,z
2020Q2,,S08000020,,S12000020,,Transfers,,4,,270,1377,5.1,,0,0,,z
2020Q3,,S08000020,,S12000020,,Transfers,,4,,305,1584,5.19344262295082,,0,0,,z
2020Q4,,S08000020,,S12000020,,Transfers,,4,,296,1886,6.37162162162162,,0,0,,z
2021Q1,,S08000020,,S12000020,,Transfers,,4,,295,1503,5.09491525423729,,0,0,,z
2021Q2,,S08000020,,S12000020,,Transfers,,4,,326,1917,5.88036809815951,,0,0,,z
2021Q3,,S08000020,,S12000020,,Transfers,,4,,299,1732,5.79264214046823,,0,0,,z
2021Q4,,S08000020,,S12000020,,Transfers,,4,,319,1961,6.14733542319749,,0,0,,z
2022Q1,,S08000020,,S12000020,,Transfers,,4,,264,1823,6.90530303030303,,0,0,,z
2022Q2,,S08000020,,S12000020,,Transfers,,4,,303,2534,8.36303630363036,,0,0,,z
2022Q3,,S08000020,,S12000020,,Transfers,,4,,193,1787,9.25906735751295,,0,0,,z
2022Q4,p,S08000020,,S12000020,,Transfers,,4,,336,2096,6.23809523809524,,0,0,,z
2017Q4,,S08000020,,S12000020,,Transfers,,5,,96,530,5.52083333333333,,0,0,,z
2018Q1,,S08000020,,S12000020,,Transfers,,5,,103,681,6.61165048543689,,0,0,,z
2018Q2,,S08000020,,S12000020,,Transfers,,5,,96,611,6.36458333333333,,0,0,,z
2018Q3,,S08000020,,S12000020,,Transfers,,5,,113,746,6.60176991150442,,0,0,,z
2018Q4,,S08000020,,S12000020,,Transfers,,5,,110,659,5.99090909090909,,0,0,,z
2019Q1,,S08000020,,S12000020,,Transfers,,5,,138,715,5.18115942028986,,0,0,,z
2019Q2,,S08000020,,S12000020,,Transfers,,5,,117,687,5.87179487179487,,0,0,,z
2019Q3,,S08000020,,S12000020,,Transfers,,5,,104,478,4.59615384615385,,0,0,,z
2019Q4,,S08000020,,S12000020,,Transfers,,5,,97,465,4.79381443298969,,0,0,,z
2020Q1,,S08000020,,S12000020,,Transfers,,5,,105,647,6.16190476190476,,0,0,,z
2020Q2,,S08000020,,S12000020,,Transfers,,5,,65,196,3.01538461538462,,0,0,,z
2020Q3,,S08000020,,S12000020,,Transfers,,5,,79,372,4.70886075949367,,0,0,,z
2020Q4,,S08000020,,S12000020,,Transfers,,5,,75,522,6.96,,0,0,,z
2021Q1,,S08000020,,S12000020,,Transfers,,5,,82,380,4.63414634146341,,0,0,,z
2021Q2,,S08000020,,S12000020,,Transfers,,5,,98,466,4.75510204081633,,0,0,,z
2021Q3,,S08000020,,S12000020,,Transfers,,5,,76,558,7.3421052631579,,0,0,,z
2021Q4,,S08000020,,S12000020,,Transfers,,5,,93,570,6.12903225806452,,0,0,,z
2022Q1,,S08000020,,S12000020,,Transfers,,5,,81,558,6.88888888888889,,0,0,,z
2022Q2,,S08000020,,S12000020,,Transfers,,5,,99,704,7.11111111111111,,0,0,,z
2022Q3,,S08000020,,S12000020,,Transfers,,5,,50,513,10.26,,0,0,,z
2022Q4,p,S08000020,,S12000020,,Transfers,,5,,91,545,5.98901098901099,,0,0,,z
2017Q4,,S08000020,,S08000020,d,Transfers,,1,,401,4183,10.431421446384,,0,0,,z
2018Q1,,S08000020,,S08000020,d,Transfers,,1,,358,3757,10.4944134078212,,0,0,,z
2018Q2,,S08000020,,S08000020,d,Transfers,,1,,355,3346,9.42535211267606,,0,0,,z
2018Q3,,S08000020,,S08000020,d,Transfers,,1,,372,3273,8.79838709677419,,0,0,,z
2018Q4,,S08000020,,S08000020,d,Transfers,,1,,323,2715,8.40557275541796,,0,0,,z
2019Q1,,S08000020,,S08000020,d,Transfers,,1,,349,3563,10.2091690544413,,0,0,,z
2019Q2,,S08000020,,S08000020,d,Transfers,,1,,256,3456,13.5,,0,0,,z
2019Q3,,S08000020,,S08000020,d,Transfers,,1,,306,3752,12.2614379084967,,0,0,,z
2019Q4,,S08000020,,S08000020,d,Transfers,,1,,306,3360,10.9803921568627,,0,0,,z
2020Q1,,S08000020,,S08000020,d,Transfers,,1,,312,3539,11.3429487179487,,0,0,,z
2020Q2,,S08000020,,S08000020,d,Transfers,,1,,442,2789,6.30995475113122,,0,0,,z
2020Q3,,S08000020,,S08000020,d,Transfers,,1,,348,2983,8.57183908045977,,0,0,,z
2020Q4,,S08000020,,S08000020,d,Transfers,,1,,298,3085,10.3523489932886,,0,0,,z
2021Q1,,S08000020,,S08000020,d,Transfers,,1,,278,2407,8.65827338129496,,0,0,,z
2021Q2,,S08000020,,S08000020,d,Transfers,,1,,249,1945,7.81124497991968,,0,0,,z
2021Q3,,S08000020,,S08000020,d,Transfers,,1,,320,3290,10.28125,,0,0,,z
2021Q4,,S08000020,,S08000020,d,Transfers,,1,,364,3533,9.70604395604396,,0,0,,z
2022Q1,,S08000020,,S08000020,d,Transfers,,1,,354,3310,9.35028248587571,,0,0,,z
2022Q2,,S08000020,,S08000020,d,Transfers,,1,,282,3306,11.7234042553191,,0,0,,z
2022Q3,,S08000020,,S08000020,d,Transfers,,1,,250,2283,9.132,,0,0,,z
2022Q4,p,S08000020,,S08000020,d,Transfers,,1,,218,2800,12.8440366972477,,0,0,,z
2017Q4,,S08000020,,S08000020,d,Transfers,,2,,960,8050,8.38541666666667,,0,0,,z
2018Q1,,S08000020,,S08000020,d,Transfers,,2,,821,8016,9.76370280146163,,0,0,,z
2018Q2,,S08000020,,S08000020,d,Transfers,,2,,870,8015,9.21264367816092,,0,0,,z
2018Q3,,S08000020,,S08000020,d,Transfers,,2,,908,7803,8.59361233480176,,0,0,,z
2018Q4,,S08000020,,S08000020,d,Transfers,,2,,830,7850,9.4578313253012,,0,0,,z
2019Q1,,S08000020,,S08000020,d,Transfers,,2,,837,7722,9.2258064516129,,0,0,,z
2019Q2,,S08000020,,S08000020,d,Transfers,,2,,791,6997,8.84576485461441,,0,0,,z
2019Q3,,S08000020,,S08000020,d,Transfers,,2,,781,7005,8.96927016645327,,0,0,,z
2019Q4,,S08000020,,S08000020,d,Transfers,,2,,749,6960,9.29238985313752,,0,0,,z
2020Q1,,S08000020,,S08000020,d,Transfers,,2,,763,8089,10.6015727391874,,0,0,,z
2020Q2,,S08000020,,S08000020,d,Transfers,,2,,1016,6234,6.13582677165354,,0,0,,z
2020Q3,,S08000020,,S08000020,d,Transfers,,2,,711,5732,8.06188466947961,,0,0,,z
2020Q4,,S08000020,,S08000020,d,Transfers,,2,,663,5210,7.85822021116139,,0,0,,z
2021Q1,,S08000020,,S08000020,d,Transfers,,2,,732,6686,9.13387978142076,,0,0,,z
2021Q2,,S08000020,,S08000020,d,Transfers,,2,,744,5985,8.04435483870968,,0,0,,z
2021Q3,,S08000020,,S08000020,d,Transfers,,2,,692,5878,8.49421965317919,,0,0,,z
2021Q4,,S08000020,,S08000020,d,Transfers,,2,,738,6066,8.21951219512195,,0,0,,z
2022Q1,,S08000020,,S08000020,d,Transfers,,2,,692,5819,8.40895953757225,,0,0,,z
2022Q2,,S08000020,,S08000020,d,Transfers,,2,,631,6488,10.2820919175911,,0,0,,z
2022Q3,,S08000020,,S08000020,d,Transfers,,2,,593,4535,7.64755480607083,,0,0,,z
2022Q4,p,S08000020,,S08000020,d,Transfers,,2,,560,4756,8.49285714285714,,0,0,,z
2017Q4,,S08000020,,S08000020,d,Transfers,,3,,1087,8244,7.58417663293468,,0,0,,z
2018Q1,,S08000020,,S08000020,d,Transfers,,3,,1050,9307,8.86380952380952,,0,0,,z
2018Q2,,S08000020,,S08000020,d,Transfers,,3,,1097,8561,7.80401093892434,,0,0,,z
2018Q3,,S08000020,,S08000020,d,Transfers,,3,,1026,6977,6.80019493177388,,0,0,,z
2018Q4,,S08000020,,S08000020,d,Transfers,,3,,986,7283,7.38640973630832,,0,0,,z
2019Q1,,S08000020,,S08000020,d,Transfers,,3,,859,6627,7.71478463329453,,0,0,,z
2019Q2,,S08000020,,S08000020,d,Transfers,,3,,967,7780,8.04550155118925,,0,0,,z
2019Q3,,S08000020,,S08000020,d,Transfers,,3,,943,7897,8.37433722163309,,0,0,,z
2019Q4,,S08000020,,S08000020,d,Transfers,,3,,1022,7920,7.74951076320939,,0,0,,z
2020Q1,,S08000020,,S08000020,d,Transfers,,3,,1034,9364,9.05609284332689,,0,0,,z
2020Q2,,S08000020,,S08000020,d,Transfers,,3,,1086,6721,6.18876611418048,,0,0,,z
2020Q3,,S08000020,,S08000020,d,Transfers,,3,,916,6520,7.117903930131,,0,0,,z
2020Q4,,S08000020,,S08000020,d,Transfers,,3,,923,6491,7.03250270855905,,0,0,,z
2021Q1,,S08000020,,S08000020,d,Transfers,,3,,872,6348,7.27981651376147,,0,0,,z
2021Q2,,S08000020,,S08000020,d,Transfers,,3,,861,6229,7.23461091753775,,0,0,,z
2021Q3,,S08000020,,S08000020,d,Transfers,,3,,857,6163,7.19136522753792,,0,0,,z
2021Q4,,S08000020,,S08000020,d,Transfers,,3,,885,6832,7.71977401129944,,0,0,,z
2022Q1,,S08000020,,S08000020,d,Transfers,,3,,823,7055,8.5722964763062,,0,0,,z
2022Q2,,S08000020,,S08000020,d,Transfers,,3,,837,6351,7.58781362007168,,0,0,,z
2022Q3,,S08000020,,S08000020,d,Transfers,,3,,891,8326,9.34455667789001,,0,0,,z
2022Q4,p,S08000020,,S08000020,d,Transfers,,3,,807,6359,7.87980173482032,,0,0,,z
2017Q4,,S08000020,,S08000020,d,Transfers,,4,,1165,8613,7.3931330472103,,0,0,,z
2018Q1,,S08000020,,S08000020,d,Transfers,,4,,1170,9141,7.81282051282051,,0,0,,z
2018Q2,,S08000020,,S08000020,d,Transfers,,4,,1203,8419,6.99833748960931,,0,0,,z
2018Q3,,S08000020,,S08000020,d,Transfers,,4,,1261,9149,7.25535289452815,,0,0,,z
2018Q4,,S08000020,,S08000020,d,Transfers,,4,,1248,9884,7.9198717948718,,0,0,,z
2019Q1,,S08000020,,S08000020,d,Transfers,,4,,1184,9186,7.75844594594595,,0,0,,z
2019Q2,,S08000020,,S08000020,d,Transfers,,4,,1032,7646,7.40891472868217,,0,0,,z
2019Q3,,S08000020,,S08000020,d,Transfers,,4,,1118,8407,7.51967799642218,,0,0,,z
2019Q4,,S08000020,,S08000020,d,Transfers,,4,,1096,8823,8.05018248175183,,0,0,,z
2020Q1,,S08000020,,S08000020,d,Transfers,,4,,1068,10327,9.66947565543071,,0,0,,z
2020Q2,,S08000020,,S08000020,d,Transfers,,4,,1196,7911,6.61454849498328,,0,0,,z
2020Q3,,S08000020,,S08000020,d,Transfers,,4,,1073,7449,6.94221808014911,,0,0,,z
2020Q4,,S08000020,,S08000020,d,Transfers,,4,,1007,7626,7.57298907646475,,0,0,,z
2021Q1,,S08000020,,S08000020,d,Transfers,,4,,998,7165,7.17935871743487,,0,0,,z
2021Q2,,S08000020,,S08000020,d,Transfers,,4,,999,7744,7.75175175175175,,0,0,,z
2021Q3,,S08000020,,S08000020,d,Transfers,,4,,990,7282,7.35555555555556,,0,0,,z
2021Q4,,S08000020,,S08000020,d,Transfers,,4,,1125,8643,7.68266666666667,,0,0,,z
2022Q1,,S08000020,,S08000020,d,Transfers,,4,,1008,7947,7.88392857142857,,0,0,,z
2022Q2,,S08000020,,S08000020,d,Transfers,,4,,1070,8994,8.40560747663551,,0,0,,z
2022Q3,,S08000020,,S08000020,d,Transfers,,4,,916,7841,8.56004366812227,,0,0,,z
2022Q4,p,S08000020,,S08000020,d,Transfers,,4,,960,7073,7.36770833333333,,0,0,,z
2017Q4,,S08000020,,S08000020,d,Transfers,,5,,957,9439,9.86311389759666,,0,0,,z
2018Q1,,S08000020,,S08000020,d,Transfers,,5,,962,10340,10.7484407484407,,0,0,,z
2018Q2,,S08000020,,S08000020,d,Transfers,,5,,1007,10674,10.5998013902681,,0,0,,z
2018Q3,,S08000020,,S08000020,d,Transfers,,5,,949,8819,9.29293993677555,,0,0,,z
2018Q4,,S08000020,,S08000020,d,Transfers,,5,,949,8169,8.60800842992624,,0,0,,z
2019Q1,,S08000020,,S08000020,d,Transfers,,5,,893,7578,8.48600223964166,,0,0,,z
2019Q2,,S08000020,,S08000020,d,Transfers,,5,,899,9101,10.1234705228031,,0,0,,z
2019Q3,,S08000020,,S08000020,d,Transfers,,5,,919,8044,8.75299238302503,,0,0,,z
2019Q4,,S08000020,,S08000020,d,Transfers,,5,,925,11091,11.9902702702703,,0,0,,z
2020Q1,,S08000020,,S08000020,d,Transfers,,5,,972,10260,10.5555555555556,,0,0,,z
2020Q2,,S08000020,,S08000020,d,Transfers,,5,,1058,6989,6.60586011342155,,0,0,,z
2020Q3,,S08000020,,S08000020,d,Transfers,,5,,803,6349,7.906600249066,,0,0,,z
2020Q4,,S08000020,,S08000020,d,Transfers,,5,,794,7600,9.57178841309824,,0,0,,z
2021Q1,,S08000020,,S08000020,d,Transfers,,5,,807,7477,9.26517967781908,,0,0,,z
2021Q2,,S08000020,,S08000020,d,Transfers,,5,,922,7460,8.09110629067245,,0,0,,z
2021Q3,,S08000020,,S08000020,d,Transfers,,5,,813,7498,9.22263222632226,,0,0,,z
2021Q4,,S08000020,,S08000020,d,Transfers,,5,,920,8813,9.57934782608696,,0,0,,z
2022Q1,,S08000020,,S08000020,d,Transfers,,5,,862,8016,9.29930394431554,,0,0,,z
2022Q2,,S08000020,,S08000020,d,Transfers,,5,,840,8087,9.62738095238095,,0,0,,z
2022Q3,,S08000020,,S08000020,d,Transfers,,5,,798,7541,9.44987468671679,,0,0,,z
2022Q4,p,S08000020,,S08000020,d,Transfers,,5,,798,7216,9.04260651629073,,0,0,,z
2022Q4,p,S08000020,,S08000020,d,Transfers,,,:,0,79,,z,0,0,,z
2017Q4,,S08000031,,S12000045,,Transfers,,1,,105,645,6.14285714285714,,0,0,,z
2018Q1,,S08000031,,S12000045,,Transfers,,1,,97,719,7.41237113402062,,0,0,,z
2018Q2,,S08000031,,S12000045,,Transfers,,1,,125,571,4.568,,0,0,,z
2018Q3,,S08000031,,S12000045,,Transfers,,1,,124,827,6.66935483870968,,0,0,,z
2018Q4,,S08000031,,S12000045,,Transfers,,1,,124,706,5.69354838709677,,0,0,,z
2019Q1,,S08000031,,S12000045,,Transfers,,1,,97,538,5.54639175257732,,0,0,,z
2019Q2,,S08000031,,S12000045,,Transfers,,1,,125,963,7.704,,0,0,,z
2019Q3,,S08000031,,S12000045,,Transfers,,1,,168,775,4.61309523809524,,0,0,,z
2019Q4,,S08000031,,S12000045,,Transfers,,1,,116,633,5.45689655172414,,0,0,,z
2020Q1,,S08000031,,S12000045,,Transfers,,1,,132,736,5.57575757575758,,0,0,,z
2020Q2,,S08000031,,S12000045,,Transfers,,1,,116,561,4.83620689655172,,0,0,,z
2020Q3,,S08000031,,S12000045,,Transfers,,1,,119,690,5.79831932773109,,0,0,,z
2020Q4,,S08000031,,S12000045,,Transfers,,1,,161,742,4.60869565217391,,0,0,,z
2021Q1,,S08000031,,S12000045,,Transfers,,1,,108,576,5.33333333333333,,0,0,,z
2021Q2,,S08000031,,S12000045,,Transfers,,1,,134,547,4.08208955223881,,0,0,,z
2021Q3,,S08000031,,S12000045,,Transfers,,1,,104,488,4.69230769230769,,0,0,,z
2021Q4,,S08000031,,S12000045,,Transfers,,1,,99,674,6.80808080808081,,0,0,,z
2022Q1,,S08000031,,S12000045,,Transfers,,1,,113,690,6.1061946902654904,,0,0,,z
2022Q2,,S08000031,,S12000045,,Transfers,,1,,126,987,7.83333333333333,,0,0,,z
2022Q3,,S08000031,,S12000045,,Transfers,,1,,153,726,4.74509803921569,,0,0,,z
2022Q4,p,S08000031,,S12000045,,Transfers,,1,,127,1055,8.30708661417323,,0,0,,z
2017Q4,,S08000031,,S12000045,,Transfers,,2,,537,3284,6.11545623836127,,0,0,,z
2018Q1,,S08000031,,S12000045,,Transfers,,2,,649,4061,6.25731895223421,,0,0,,z
2018Q2,,S08000031,,S12000045,,Transfers,,2,,636,3561,5.59905660377358,,0,0,,z
2018Q3,,S08000031,,S12000045,,Transfers,,2,,539,3355,6.22448979591837,,0,0,,z
2018Q4,,S08000031,,S12000045,,Transfers,,2,,631,3646,5.77812995245642,,0,0,,z
2019Q1,,S08000031,,S12000045,,Transfers,,2,,677,4150,6.12998522895126,,0,0,,z
2019Q2,,S08000031,,S12000045,,Transfers,,2,,619,3556,5.74474959612278,,0,0,,z
2019Q3,,S08000031,,S12000045,,Transfers,,2,,565,3302,5.84424778761062,,0,0,,z
2019Q4,,S08000031,,S12000045,,Transfers,,2,,640,3734,5.834375,,0,0,,z
2020Q1,,S08000031,,S12000045,,Transfers,,2,,641,4311,6.72542901716069,,0,0,,z
2020Q2,,S08000031,,S12000045,,Transfers,,2,,489,2368,4.84253578732106,,0,0,,z
2020Q3,,S08000031,,S12000045,,Transfers,,2,,537,2948,5.48975791433892,,0,0,,z
2020Q4,,S08000031,,S12000045,,Transfers,,2,,654,3663,5.60091743119266,,0,0,,z
2021Q1,,S08000031,,S12000045,,Transfers,,2,,642,3936,6.13084112149533,,0,0,,z
2021Q2,,S08000031,,S12000045,,Transfers,,2,,735,4190,5.70068027210884,,0,0,,z
2021Q3,,S08000031,,S12000045,,Transfers,,2,,657,4088,6.22222222222222,,0,0,,z
2021Q4,,S08000031,,S12000045,,Transfers,,2,,590,4161,7.05254237288136,,0,0,,z
2022Q1,,S08000031,,S12000045,,Transfers,,2,,561,3532,6.29590017825312,,0,0,,z
2022Q2,,S08000031,,S12000045,,Transfers,,2,,630,3897,6.18571428571429,,0,0,,z
2022Q3,,S08000031,,S12000045,,Transfers,,2,,637,4304,6.75667189952904,,0,0,,z
2022Q4,p,S08000031,,S12000045,,Transfers,,2,,693,3934,5.67676767676768,,0,0,,z
2017Q4,,S08000031,,S12000045,,Transfers,,3,,192,1051,5.47395833333333,,0,0,,z
2018Q1,,S08000031,,S12000045,,Transfers,,3,,201,1269,6.3134328358209,,0,0,,z
2018Q2,,S08000031,,S12000045,,Transfers,,3,,202,1340,6.63366336633663,,0,0,,z
2018Q3,,S08000031,,S12000045,,Transfers,,3,,214,1403,6.55607476635514,,0,0,,z
2018Q4,,S08000031,,S12000045,,Transfers,,3,,177,744,4.20338983050847,,0,0,,z
2019Q1,,S08000031,,S12000045,,Transfers,,3,,246,1222,4.96747967479675,,0,0,,z
2019Q2,,S08000031,,S12000045,,Transfers,,3,,197,839,4.25888324873096,,0,0,,z
2019Q3,,S08000031,,S12000045,,Transfers,,3,,245,1004,4.09795918367347,,0,0,,z
2019Q4,,S08000031,,S12000045,,Transfers,,3,,244,1164,4.77049180327869,,0,0,,z
2020Q1,,S08000031,,S12000045,,Transfers,,3,,319,1676,5.25391849529781,,0,0,,z
2020Q2,,S08000031,,S12000045,,Transfers,,3,,231,1489,6.44588744588745,,0,0,,z
2020Q3,,S08000031,,S12000045,,Transfers,,3,,202,954,4.72277227722772,,0,0,,z
2020Q4,,S08000031,,S12000045,,Transfers,,3,,212,1233,5.81603773584906,,0,0,,z
2021Q1,,S08000031,,S12000045,,Transfers,,3,,259,1727,6.66795366795367,,0,0,,z
2021Q2,,S08000031,,S12000045,,Transfers,,3,,245,1231,5.02448979591837,,0,0,,z
2021Q3,,S08000031,,S12000045,,Transfers,,3,,244,1511,6.19262295081967,,0,0,,z
2021Q4,,S08000031,,S12000045,,Transfers,,3,,185,1313,7.0972972972973,,0,0,,z
2022Q1,,S08000031,,S12000045,,Transfers,,3,,235,1387,5.90212765957447,,0,0,,z
2022Q2,,S08000031,,S12000045,,Transfers,,3,,178,1257,7.06179775280899,,0,0,,z
2022Q3,,S08000031,,S12000045,,Transfers,,3,,191,1122,5.87434554973822,,0,0,,z
2022Q4,p,S08000031,,S12000045,,Transfers,,3,,221,1190,5.38461538461539,,0,0,,z
2017Q4,,S08000031,,S12000045,,Transfers,,4,,583,3775,6.47512864493997,,0,0,,z
2018Q1,,S08000031,,S12000045,,Transfers,,4,,594,3301,5.55723905723906,,0,0,,z
2018Q2,,S08000031,,S12000045,,Transfers,,4,,557,2864,5.14183123877917,,0,0,,z
2018Q3,,S08000031,,S12000045,,Transfers,,4,,580,3446,5.94137931034483,,0,0,,z
2018Q4,,S08000031,,S12000045,,Transfers,,4,,605,4117,6.80495867768595,,0,0,,z
2019Q1,,S08000031,,S12000045,,Transfers,,4,,607,3485,5.74135090609555,,0,0,,z
2019Q2,,S08000031,,S12000045,,Transfers,,4,,630,3661,5.81111111111111,,0,0,,z
2019Q3,,S08000031,,S12000045,,Transfers,,4,,638,3857,6.04545454545455,,0,0,,z
2019Q4,,S08000031,,S12000045,,Transfers,,4,,568,3343,5.88556338028169,,0,0,,z
2020Q1,,S08000031,,S12000045,,Transfers,,4,,697,4518,6.48206599713056,,0,0,,z
2020Q2,,S08000031,,S12000045,,Transfers,,4,,481,2324,4.83160083160083,,0,0,,z
2020Q3,,S08000031,,S12000045,,Transfers,,4,,609,3337,5.47947454844007,,0,0,,z
2020Q4,,S08000031,,S12000045,,Transfers,,4,,555,3516,6.33513513513514,,0,0,,z
2021Q1,,S08000031,,S12000045,,Transfers,,4,,515,2999,5.82330097087379,,0,0,,z
2021Q2,,S08000031,,S12000045,,Transfers,,4,,558,3111,5.5752688172043,,0,0,,z
2021Q3,,S08000031,,S12000045,,Transfers,,4,,569,3362,5.90861159929701,,0,0,,z
2021Q4,,S08000031,,S12000045,,Transfers,,4,,596,3652,6.12751677852349,,0,0,,z
2022Q1,,S08000031,,S12000045,,Transfers,,4,,574,3375,5.87979094076655,,0,0,,z
2022Q2,,S08000031,,S12000045,,Transfers,,4,,613,3599,5.87112561174551,,0,0,,z
2022Q3,,S08000031,,S12000045,,Transfers,,4,,650,4439,6.82923076923077,,0,0,,z
2022Q4,p,S08000031,,S12000045,,Transfers,,4,,582,4128,7.09278350515464,,0,0,,z
2017Q4,,S08000031,,S12000045,,Transfers,,5,,1275,7329,5.74823529411765,,0,0,,z
2018Q1,,S08000031,,S12000045,,Transfers,,5,,1260,7124,5.65396825396825,,0,0,,z
2018Q2,,S08000031,,S12000045,,Transfers,,5,,1298,7229,5.5693374422188,,0,0,,z
2018Q3,,S08000031,,S12000045,,Transfers,,5,,1295,7334,5.66332046332046,,0,0,,z
2018Q4,,S08000031,,S12000045,,Transfers,,5,,1343,7171,5.33953834698436,,0,0,,z
2019Q1,,S08000031,,S12000045,,Transfers,,5,,1351,7963,5.89415247964471,,0,0,,z
2019Q2,,S08000031,,S12000045,,Transfers,,5,,1473,7253,4.92396469789545,,0,0,,z
2019Q3,,S08000031,,S12000045,,Transfers,,5,,1235,7503,6.0753036437247,,0,0,,z
2019Q4,,S08000031,,S12000045,,Transfers,,5,,1308,7808,5.96941896024465,,0,0,,z
2020Q1,,S08000031,,S12000045,,Transfers,,5,,1376,7730,5.61773255813953,,0,0,,z
2020Q2,,S08000031,,S12000045,,Transfers,,5,,1165,5033,4.32017167381974,,0,0,,z
2020Q3,,S08000031,,S12000045,,Transfers,,5,,1444,7179,4.97160664819945,,0,0,,z
2020Q4,,S08000031,,S12000045,,Transfers,,5,,1245,6687,5.3710843373494,,0,0,,z
2021Q1,,S08000031,,S12000045,,Transfers,,5,,1450,7669,5.28896551724138,,0,0,,z
2021Q2,,S08000031,,S12000045,,Transfers,,5,,1429,7101,4.96920923722883,,0,0,,z
2021Q3,,S08000031,,S12000045,,Transfers,,5,,1292,6829,5.28560371517028,,0,0,,z
2021Q4,,S08000031,,S12000045,,Transfers,,5,,1259,7111,5.64813343923749,,0,0,,z
2022Q1,,S08000031,,S12000045,,Transfers,,5,,1433,7608,5.30914166085136,,0,0,,z
2022Q2,,S08000031,,S12000045,,Transfers,,5,,1520,7725,5.08223684210526,,0,0,,z
2022Q3,,S08000031,,S12000045,,Transfers,,5,,1522,8263,5.42904073587385,,0,0,,z
2022Q4,p,S08000031,,S12000045,,Transfers,,5,,1474,9285,6.29918588873813,,0,0,,z
2017Q4,,S08000031,,S12000011,,Transfers,,1,,129,510,3.95348837209302,,0,0,,z
2018Q1,,S08000031,,S12000011,,Transfers,,1,,130,750,5.76923076923077,,0,0,,z
2018Q2,,S08000031,,S12000011,,Transfers,,1,,131,629,4.80152671755725,,0,0,,z
2018Q3,,S08000031,,S12000011,,Transfers,,1,,158,918,5.81012658227848,,0,0,,z
2018Q4,,S08000031,,S12000011,,Transfers,,1,,155,835,5.38709677419355,,0,0,,z
2019Q1,,S08000031,,S12000011,,Transfers,,1,,130,782,6.01538461538462,,0,0,,z
2019Q2,,S08000031,,S12000011,,Transfers,,1,,125,457,3.656,,0,0,,z
2019Q3,,S08000031,,S12000011,,Transfers,,1,,175,1039,5.93714285714286,,0,0,,z
2019Q4,,S08000031,,S12000011,,Transfers,,1,,171,848,4.95906432748538,,0,0,,z
2020Q1,,S08000031,,S12000011,,Transfers,,1,,195,946,4.85128205128205,,0,0,,z
2020Q2,,S08000031,,S12000011,,Transfers,,1,,123,797,6.47967479674797,,0,0,,z
2020Q3,,S08000031,,S12000011,,Transfers,,1,,155,793,5.11612903225806,,0,0,,z
2020Q4,,S08000031,,S12000011,,Transfers,,1,,215,881,4.09767441860465,,0,0,,z
2021Q1,,S08000031,,S12000011,,Transfers,,1,,157,829,5.28025477707006,,0,0,,z
2021Q2,,S08000031,,S12000011,,Transfers,,1,,201,889,4.4228855721393,,0,0,,z
2021Q3,,S08000031,,S12000011,,Transfers,,1,,150,683,4.55333333333333,,0,0,,z
2021Q4,,S08000031,,S12000011,,Transfers,,1,,180,984,5.46666666666667,,0,0,,z
2022Q1,,S08000031,,S12000011,,Transfers,,1,,135,739,5.47407407407407,,0,0,,z
2022Q2,,S08000031,,S12000011,,Transfers,,1,,169,697,4.12426035502959,,0,0,,z
2022Q3,,S08000031,,S12000011,,Transfers,,1,,229,1180,5.1528384279476,,0,0,,z
2022Q4,p,S08000031,,S12000011,,Transfers,,1,,203,847,4.17241379310345,,0,0,,z
2017Q4,,S08000031,,S12000011,,Transfers,,2,,274,1564,5.70802919708029,,0,0,,z
2018Q1,,S08000031,,S12000011,,Transfers,,2,,278,1659,5.96762589928058,,0,0,,z
2018Q2,,S08000031,,S12000011,,Transfers,,2,,222,1191,5.36486486486486,,0,0,,z
2018Q3,,S08000031,,S12000011,,Transfers,,2,,245,1324,5.40408163265306,,0,0,,z
2018Q4,,S08000031,,S12000011,,Transfers,,2,,314,1670,5.31847133757962,,0,0,,z
2019Q1,,S08000031,,S12000011,,Transfers,,2,,237,1405,5.92827004219409,,0,0,,z
2019Q2,,S08000031,,S12000011,,Transfers,,2,,254,1327,5.2244094488189,,0,0,,z
2019Q3,,S08000031,,S12000011,,Transfers,,2,,290,1143,3.94137931034483,,0,0,,z
2019Q4,,S08000031,,S12000011,,Transfers,,2,,284,1557,5.48239436619718,,0,0,,z
2020Q1,,S08000031,,S12000011,,Transfers,,2,,321,1336,4.1619937694704,,0,0,,z
2020Q2,,S08000031,,S12000011,,Transfers,,2,,226,930,4.11504424778761,,0,0,,z
2020Q3,,S08000031,,S12000011,,Transfers,,2,,275,1207,4.38909090909091,,0,0,,z
2020Q4,,S08000031,,S12000011,,Transfers,,2,,338,1809,5.35207100591716,,0,0,,z
2021Q1,,S08000031,,S12000011,,Transfers,,2,,343,1722,5.02040816326531,,0,0,,z
2021Q2,,S08000031,,S12000011,,Transfers,,2,,299,1885,6.30434782608696,,0,0,,z
2021Q3,,S08000031,,S12000011,,Transfers,,2,,301,1708,5.67441860465116,,0,0,,z
2021Q4,,S08000031,,S12000011,,Transfers,,2,,301,1349,4.48172757475083,,0,0,,z
2022Q1,,S08000031,,S12000011,,Transfers,,2,,347,1814,5.22766570605187,,0,0,,z
2022Q2,,S08000031,,S12000011,,Transfers,,2,,376,2359,6.27393617021277,,0,0,,z
2022Q3,,S08000031,,S12000011,,Transfers,,2,,307,1816,5.91530944625407,,0,0,,z
2022Q4,p,S08000031,,S12000011,,Transfers,,2,,333,1757,5.27627627627628,,0,0,,z
2017Q4,,S08000031,,S12000011,,Transfers,,3,,260,1591,6.11923076923077,,0,0,,z
2018Q1,,S08000031,,S12000011,,Transfers,,3,,263,1619,6.15589353612167,,0,0,,z
2018Q2,,S08000031,,S12000011,,Transfers,,3,,263,1306,4.96577946768061,,0,0,,z
2018Q3,,S08000031,,S12000011,,Transfers,,3,,221,1278,5.78280542986425,,0,0,,z
2018Q4,,S08000031,,S12000011,,Transfers,,3,,283,1517,5.36042402826855,,0,0,,z
2019Q1,,S08000031,,S12000011,,Transfers,,3,,213,1049,4.92488262910798,,0,0,,z
2019Q2,,S08000031,,S12000011,,Transfers,,3,,232,1695,7.30603448275862,,0,0,,z
2019Q3,,S08000031,,S12000011,,Transfers,,3,,199,803,4.03517587939699,,0,0,,z
2019Q4,,S08000031,,S12000011,,Transfers,,3,,269,1434,5.33085501858736,,0,0,,z
2020Q1,,S08000031,,S12000011,,Transfers,,3,,309,1778,5.75404530744337,,0,0,,z
2020Q2,,S08000031,,S12000011,,Transfers,,3,,224,997,4.45089285714286,,0,0,,z
2020Q3,,S08000031,,S12000011,,Transfers,,3,,280,1274,4.55,,0,0,,z
2020Q4,,S08000031,,S12000011,,Transfers,,3,,307,1561,5.08469055374593,,0,0,,z
2021Q1,,S08000031,,S12000011,,Transfers,,3,,279,1331,4.77060931899642,,0,0,,z
2021Q2,,S08000031,,S12000011,,Transfers,,3,,286,1617,5.65384615384615,,0,0,,z
2021Q3,,S08000031,,S12000011,,Transfers,,3,,293,1689,5.76450511945392,,0,0,,z
2021Q4,,S08000031,,S12000011,,Transfers,,3,,280,1282,4.57857142857143,,0,0,,z
2022Q1,,S08000031,,S12000011,,Transfers,,3,,244,1392,5.70491803278689,,0,0,,z
2022Q2,,S08000031,,S12000011,,Transfers,,3,,324,1348,4.16049382716049,,0,0,,z
2022Q3,,S08000031,,S12000011,,Transfers,,3,,294,1323,4.5,,0,0,,z
2022Q4,p,S08000031,,S12000011,,Transfers,,3,,259,1415,5.46332046332046,,0,0,,z
2017Q4,,S08000031,,S12000011,,Transfers,,4,,484,2720,5.6198347107438,,0,0,,z
2018Q1,,S08000031,,S12000011,,Transfers,,4,,523,3194,6.10707456978967,,0,0,,z
2018Q2,,S08000031,,S12000011,,Transfers,,4,,421,2099,4.98574821852732,,0,0,,z
2018Q3,,S08000031,,S12000011,,Transfers,,4,,462,2627,5.68614718614719,,0,0,,z
2018Q4,,S08000031,,S12000011,,Transfers,,4,,510,2773,5.43725490196078,,0,0,,z
2019Q1,,S08000031,,S12000011,,Transfers,,4,,501,2771,5.5309381237525,,0,0,,z
2019Q2,,S08000031,,S12000011,,Transfers,,4,,460,2785,6.05434782608696,,0,0,,z
2019Q3,,S08000031,,S12000011,,Transfers,,4,,456,2338,5.12719298245614,,0,0,,z
2019Q4,,S08000031,,S12000011,,Transfers,,4,,485,2651,5.4659793814433,,0,0,,z
2020Q1,,S08000031,,S12000011,,Transfers,,4,,569,3041,5.34446397188049,,0,0,,z
2020Q2,,S08000031,,S12000011,,Transfers,,4,,466,2730,5.85836909871245,,0,0,,z
2020Q3,,S08000031,,S12000011,,Transfers,,4,,543,2248,4.13996316758748,,0,0,,z
2020Q4,,S08000031,,S12000011,,Transfers,,4,,516,2037,3.94767441860465,,0,0,,z
2021Q1,,S08000031,,S12000011,,Transfers,,4,,612,2846,4.65032679738562,,0,0,,z
2021Q2,,S08000031,,S12000011,,Transfers,,4,,524,2760,5.26717557251908,,0,0,,z
2021Q3,,S08000031,,S12000011,,Transfers,,4,,478,2721,5.69246861924686,,0,0,,z
2021Q4,,S08000031,,S12000011,,Transfers,,4,,453,2872,6.33995584988963,,0,0,,z
2022Q1,,S08000031,,S12000011,,Transfers,,4,,547,2512,4.59232175502742,,0,0,,z
2022Q2,,S08000031,,S12000011,,Transfers,,4,,593,3014,5.08263069139966,,0,0,,z
2022Q3,,S08000031,,S12000011,,Transfers,,4,,508,2388,4.7007874015748,,0,0,,z
2022Q4,p,S08000031,,S12000011,,Transfers,,4,,578,2884,4.98961937716263,,0,0,,z
2017Q4,,S08000031,,S12000011,,Transfers,,5,,1207,6131,5.07953603976802,,0,0,,z
2018Q1,,S08000031,,S12000011,,Transfers,,5,,1109,6413,5.78268710550045,,0,0,,z
2018Q2,,S08000031,,S12000011,,Transfers,,5,,1131,5849,5.17152961980548,,0,0,,z
2018Q3,,S08000031,,S12000011,,Transfers,,5,,1100,6018,5.47090909090909,,0,0,,z
2018Q4,,S08000031,,S12000011,,Transfers,,5,,1303,6366,4.88564850345357,,0,0,,z
2019Q1,,S08000031,,S12000011,,Transfers,,5,,1078,5560,5.15769944341373,,0,0,,z
2019Q2,,S08000031,,S12000011,,Transfers,,5,,1250,6004,4.8032,,0,0,,z
2019Q3,,S08000031,,S12000011,,Transfers,,5,,1201,5805,4.83347210657785,,0,0,,z
2019Q4,,S08000031,,S12000011,,Transfers,,5,,1282,6326,4.93447737909516,,0,0,,z
2020Q1,,S08000031,,S12000011,,Transfers,,5,,1181,6336,5.3649449618967,,0,0,,z
2020Q2,,S08000031,,S12000011,,Transfers,,5,,969,4731,4.88235294117647,,0,0,,z
2020Q3,,S08000031,,S12000011,,Transfers,,5,,1304,5441,4.17254601226994,,0,0,,z
2020Q4,,S08000031,,S12000011,,Transfers,,5,,1363,6351,4.65957446808511,,0,0,,z
2021Q1,,S08000031,,S12000011,,Transfers,,5,,1370,6145,4.48540145985401,,0,0,,z
2021Q2,,S08000031,,S12000011,,Transfers,,5,,1425,6846,4.80421052631579,,0,0,,z
2021Q3,,S08000031,,S12000011,,Transfers,,5,,1467,6717,4.57873210633947,,0,0,,z
2021Q4,,S08000031,,S12000011,,Transfers,,5,,1332,6426,4.82432432432432,,0,0,,z
2022Q1,,S08000031,,S12000011,,Transfers,,5,,1492,8123,5.44436997319035,,0,0,,z
2022Q2,,S08000031,,S12000011,,Transfers,,5,,1332,7647,5.74099099099099,,0,0,,z
2022Q3,,S08000031,,S12000011,,Transfers,,5,,1353,6585,4.8669623059867,,0,0,,z
2022Q4,p,S08000031,,S12000011,,Transfers,,5,,1296,7124,5.49691358024691,,0,0,,z
2017Q4,,S08000031,,S12000049,,Transfers,,1,,10374,58366,5.62618083670715,,0,0,,z
2018Q1,,S08000031,,S12000049,,Transfers,,1,,10540,59891,5.68225806451613,,0,0,,z
2018Q2,,S08000031,,S12000049,,Transfers,,1,,10339,57184,5.53090240835671,,0,0,,z
2018Q3,,S08000031,,S12000049,,Transfers,,1,,9953,53297,5.35486787903145,,0,0,,z
2018Q4,,S08000031,,S12000049,,Transfers,,1,,10697,54941,5.13611292885856,,0,0,,z
2019Q1,,S08000031,,S12000049,,Transfers,,1,,10830,57016,5.2646352723915,,0,0,,z
2019Q2,,S08000031,,S12000049,,Transfers,,1,,10865,57843,5.32379199263691,,0,0,,z
2019Q3,,S08000031,,S12000049,,Transfers,,1,,11053,55243,4.99800959015652,,0,0,,z
2019Q4,,S08000031,,S12000049,,Transfers,,1,,10989,58958,5.36518336518337,,0,0,,z
2020Q1,,S08000031,,S12000049,,Transfers,,1,,10722,58098,5.41857862339116,,0,0,,z
2020Q2,,S08000031,,S12000049,,Transfers,,1,,9263,42160,4.55144121774803,,0,0,,z
2020Q3,,S08000031,,S12000049,,Transfers,,1,,10831,51891,4.79097036284738,,0,0,,z
2020Q4,,S08000031,,S12000049,,Transfers,,1,,11167,57287,5.13002596937405,,0,0,,z
2021Q1,,S08000031,,S12000049,,Transfers,,1,,10823,53452,4.93874156888109,,0,0,,z
2021Q2,,S08000031,,S12000049,,Transfers,,1,,11069,54599,4.93260457132532,,0,0,,z
2021Q3,,S08000031,,S12000049,,Transfers,,1,,10848,57272,5.27949852507375,,0,0,,z
2021Q4,,S08000031,,S12000049,,Transfers,,1,,10362,59430,5.73537927041112,,0,0,,z
2022Q1,,S08000031,,S12000049,,Transfers,,1,,10075,58321,5.78868486352357,,0,0,,z
2022Q2,,S08000031,,S12000049,,Transfers,,1,,10124,58840,5.81193204267088,,0,0,,z
2022Q3,,S08000031,,S12000049,,Transfers,,1,,10248,58986,5.75585480093677,,0,0,,z
2022Q4,p,S08000031,,S12000049,,Transfers,,1,,10018,58060,5.79556797764025,,0,0,,z
2017Q4,,S08000031,,S12000049,,Transfers,,2,,3265,21443,6.56753445635528,,0,0,,z
2018Q1,,S08000031,,S12000049,,Transfers,,2,,3447,19694,5.71337394836089,,0,0,,z
2018Q2,,S08000031,,S12000049,,Transfers,,2,,3341,18903,5.65788686022149,,0,0,,z
2018Q3,,S08000031,,S12000049,,Transfers,,2,,3254,17432,5.35709895513214,,0,0,,z
2018Q4,,S08000031,,S12000049,,Transfers,,2,,3493,19048,5.45319209848268,,0,0,,z
2019Q1,,S08000031,,S12000049,,Transfers,,2,,3359,18460,5.49568323905924,,0,0,,z
2019Q2,,S08000031,,S12000049,,Transfers,,2,,3487,19115,5.48178950387152,,0,0,,z
2019Q3,,S08000031,,S12000049,,Transfers,,2,,3464,18235,5.2641454965358,,0,0,,z
2019Q4,,S08000031,,S12000049,,Transfers,,2,,3563,18499,5.19197305641313,,0,0,,z
2020Q1,,S08000031,,S12000049,,Transfers,,2,,3342,19486,5.83064033512867,,0,0,,z
2020Q2,,S08000031,,S12000049,,Transfers,,2,,2947,12133,4.11706820495419,,0,0,,z
2020Q3,,S08000031,,S12000049,,Transfers,,2,,3415,15767,4.61698389458272,,0,0,,z
2020Q4,,S08000031,,S12000049,,Transfers,,2,,3562,16465,4.62240314430095,,0,0,,z
2021Q1,,S08000031,,S12000049,,Transfers,,2,,3609,18048,5.00083125519534,,0,0,,z
2021Q2,,S08000031,,S12000049,,Transfers,,2,,3829,17257,4.50692086706712,,0,0,,z
2021Q3,,S08000031,,S12000049,,Transfers,,2,,3443,16821,4.88556491431891,,0,0,,z
2021Q4,,S08000031,,S12000049,,Transfers,,2,,3694,20666,5.59447753113156,,0,0,,z
2022Q1,,S08000031,,S12000049,,Transfers,,2,,3462,18862,5.44829578278452,,0,0,,z
2022Q2,,S08000031,,S12000049,,Transfers,,2,,3648,19780,5.42214912280702,,0,0,,z
2022Q3,,S08000031,,S12000049,,Transfers,,2,,3600,19081,5.30027777777778,,0,0,,z
2022Q4,p,S08000031,,S12000049,,Transfers,,2,,3533,20094,5.68751769034815,,0,0,,z
2017Q4,,S08000031,,S12000049,,Transfers,,3,,1962,10759,5.48369011213048,,0,0,,z
2018Q1,,S08000031,,S12000049,,Transfers,,3,,2023,10571,5.2254078101829,,0,0,,z
2018Q2,,S08000031,,S12000049,,Transfers,,3,,1915,10705,5.59007832898172,,0,0,,z
2018Q3,,S08000031,,S12000049,,Transfers,,3,,1861,10095,5.42450295540032,,0,0,,z
2018Q4,,S08000031,,S12000049,,Transfers,,3,,1824,9496,5.20614035087719,,0,0,,z
2019Q1,,S08000031,,S12000049,,Transfers,,3,,1891,9774,5.16869381279746,,0,0,,z
2019Q2,,S08000031,,S12000049,,Transfers,,3,,2037,11930,5.85665193912617,,0,0,,z
2019Q3,,S08000031,,S12000049,,Transfers,,3,,2116,10427,4.92769376181475,,0,0,,z
2019Q4,,S08000031,,S12000049,,Transfers,,3,,2097,11560,5.51263710061993,,0,0,,z
2020Q1,,S08000031,,S12000049,,Transfers,,3,,1922,12307,6.40322580645161,,0,0,,z
2020Q2,,S08000031,,S12000049,,Transfers,,3,,1746,7966,4.56242840778923,,0,0,,z
2020Q3,,S08000031,,S12000049,,Transfers,,3,,1887,9184,4.86698463169051,,0,0,,z
2020Q4,,S08000031,,S12000049,,Transfers,,3,,2014,10438,5.18272095332671,,0,0,,z
2021Q1,,S08000031,,S12000049,,Transfers,,3,,2049,11033,5.38457784285017,,0,0,,z
2021Q2,,S08000031,,S12000049,,Transfers,,3,,2056,9735,4.73492217898833,,0,0,,z
2021Q3,,S08000031,,S12000049,,Transfers,,3,,2083,10812,5.19059049447912,,0,0,,z
2021Q4,,S08000031,,S12000049,,Transfers,,3,,1970,10680,5.42131979695431,,0,0,,z
2022Q1,,S08000031,,S12000049,,Transfers,,3,,1914,10724,5.60292580982236,,0,0,,z
2022Q2,,S08000031,,S12000049,,Transfers,,3,,1949,10553,5.41457157516675,,0,0,,z
2022Q3,,S08000031,,S12000049,,Transfers,,3,,1978,11070,5.59656218402427,,0,0,,z
2022Q4,p,S08000031,,S12000049,,Transfers,,3,,1738,10207,5.87284234752589,,0,0,,z
2017Q4,,S08000031,,S12000049,,Transfers,,4,,1516,8062,5.3179419525066,,0,0,,z
2018Q1,,S08000031,,S12000049,,Transfers,,4,,1440,7943,5.51597222222222,,0,0,,z
2018Q2,,S08000031,,S12000049,,Transfers,,4,,1448,7531,5.20096685082873,,0,0,,z
2018Q3,,S08000031,,S12000049,,Transfers,,4,,1273,6864,5.39198743126473,,0,0,,z
2018Q4,,S08000031,,S12000049,,Transfers,,4,,1437,7395,5.14613778705637,,0,0,,z
2019Q1,,S08000031,,S12000049,,Transfers,,4,,1547,8464,5.47123464770524,,0,0,,z
2019Q2,,S08000031,,S12000049,,Transfers,,4,,1511,7034,4.65519523494375,,0,0,,z
2019Q3,,S08000031,,S12000049,,Transfers,,4,,1544,7045,4.56282383419689,,0,0,,z
2019Q4,,S08000031,,S12000049,,Transfers,,4,,1657,7891,4.76222088111044,,0,0,,z
2020Q1,,S08000031,,S12000049,,Transfers,,4,,1482,8073,5.44736842105263,,0,0,,z
2020Q2,,S08000031,,S12000049,,Transfers,,4,,1474,6854,4.64993215739484,,0,0,,z
2020Q3,,S08000031,,S12000049,,Transfers,,4,,1490,6841,4.59127516778524,,0,0,,z
2020Q4,,S08000031,,S12000049,,Transfers,,4,,1616,6571,4.06621287128713,,0,0,,z
2021Q1,,S08000031,,S12000049,,Transfers,,4,,1530,6922,4.52418300653595,,0,0,,z
2021Q2,,S08000031,,S12000049,,Transfers,,4,,1697,7951,4.68532704773129,,0,0,,z
2021Q3,,S08000031,,S12000049,,Transfers,,4,,1644,8369,5.09063260340633,,0,0,,z
2021Q4,,S08000031,,S12000049,,Transfers,,4,,1747,8876,5.08070978820836,,0,0,,z
2022Q1,,S08000031,,S12000049,,Transfers,,4,,1646,8817,5.35662211421628,,0,0,,z
2022Q2,,S08000031,,S12000049,,Transfers,,4,,1803,9180,5.09151414309484,,0,0,,z
2022Q3,,S08000031,,S12000049,,Transfers,,4,,1740,9526,5.47471264367816,,0,0,,z
2022Q4,p,S08000031,,S12000049,,Transfers,,4,,1562,8311,5.32074263764405,,0,0,,z
2017Q4,,S08000031,,S12000049,,Transfers,,5,,1212,6167,5.08828382838284,,0,0,,z
2018Q1,,S08000031,,S12000049,,Transfers,,5,,1182,6370,5.38917089678511,,0,0,,z
2018Q2,,S08000031,,S12000049,,Transfers,,5,,1246,6673,5.35553772070626,,0,0,,z
2018Q3,,S08000031,,S12000049,,Transfers,,5,,1103,6219,5.63825929283772,,0,0,,z
2018Q4,,S08000031,,S12000049,,Transfers,,5,,1274,6635,5.20800627943485,,0,0,,z
2019Q1,,S08000031,,S12000049,,Transfers,,5,,1295,6839,5.28108108108108,,0,0,,z
2019Q2,,S08000031,,S12000049,,Transfers,,5,,1234,6829,5.53403565640194,,0,0,,z
2019Q3,,S08000031,,S12000049,,Transfers,,5,,1288,6417,4.98214285714286,,0,0,,z
2019Q4,,S08000031,,S12000049,,Transfers,,5,,1300,7246,5.57384615384615,,0,0,,z
2020Q1,,S08000031,,S12000049,,Transfers,,5,,1161,5916,5.09560723514212,,0,0,,z
2020Q2,,S08000031,,S12000049,,Transfers,,5,,1000,4434,4.434,,0,0,,z
2020Q3,,S08000031,,S12000049,,Transfers,,5,,1249,5739,4.59487590072058,,0,0,,z
2020Q4,,S08000031,,S12000049,,Transfers,,5,,1293,6084,4.70533642691415,,0,0,,z
2021Q1,,S08000031,,S12000049,,Transfers,,5,,1281,6262,4.88836846213895,,0,0,,z
2021Q2,,S08000031,,S12000049,,Transfers,,5,,1363,6497,4.76669112252384,,0,0,,z
2021Q3,,S08000031,,S12000049,,Transfers,,5,,1256,6326,5.03662420382166,,0,0,,z
2021Q4,,S08000031,,S12000049,,Transfers,,5,,1389,6778,4.87976961843053,,0,0,,z
2022Q1,,S08000031,,S12000049,,Transfers,,5,,1292,6804,5.26625386996904,,0,0,,z
2022Q2,,S08000031,,S12000049,,Transfers,,5,,1342,7501,5.58941877794337,,0,0,,z
2022Q3,,S08000031,,S12000049,,Transfers,,5,,1397,6660,4.76735862562634,,0,0,,z
2022Q4,p,S08000031,,S12000049,,Transfers,,5,,1239,6030,4.86682808716707,,0,0,,z
2022Q3,,S08000031,,S12000049,,Transfers,,,:,5,22,4.4,,0,0,,z
2022Q4,p,S08000031,,S12000049,,Transfers,,,:,0,0,,z,0,0,,z
2017Q4,,S08000031,,S12000018,,Transfers,,1,,1111,6245,5.62106210621062,,0,0,,z
2018Q1,,S08000031,,S12000018,,Transfers,,1,,1050,6416,6.11047619047619,,0,0,,z
2018Q2,,S08000031,,S12000018,,Transfers,,1,,918,6072,6.61437908496732,,0,0,,z
2018Q3,,S08000031,,S12000018,,Transfers,,1,,941,5695,6.05207226354942,,0,0,,z
2018Q4,,S08000031,,S12000018,,Transfers,,1,,995,6060,6.09045226130653,,0,0,,z
2019Q1,,S08000031,,S12000018,,Transfers,,1,,975,6743,6.91589743589744,,0,0,,z
2019Q2,,S08000031,,S12000018,,Transfers,,1,,934,6706,7.17987152034261,,0,0,,z
2019Q3,,S08000031,,S12000018,,Transfers,,1,,919,5892,6.41131664853101,,0,0,,z
2019Q4,,S08000031,,S12000018,,Transfers,,1,,1117,6422,5.74932855863921,,0,0,,z
2020Q1,,S08000031,,S12000018,,Transfers,,1,,1051,6695,6.37012369172217,,0,0,,z
2020Q2,,S08000031,,S12000018,,Transfers,,1,,813,5030,6.1869618696187,,0,0,,z
2020Q3,,S08000031,,S12000018,,Transfers,,1,,984,6135,6.23475609756098,,0,0,,z
2020Q4,,S08000031,,S12000018,,Transfers,,1,,907,5469,6.02976846747519,,0,0,,z
2021Q1,,S08000031,,S12000018,,Transfers,,1,,867,5228,6.02998846597463,,0,0,,z
2021Q2,,S08000031,,S12000018,,Transfers,,1,,966,6360,6.58385093167702,,0,0,,z
2021Q3,,S08000031,,S12000018,,Transfers,,1,,923,6105,6.61430119176598,,0,0,,z
2021Q4,,S08000031,,S12000018,,Transfers,,1,,989,6549,6.62184024266936,,0,0,,z
2022Q1,,S08000031,,S12000018,,Transfers,,1,,870,5633,6.47471264367816,,0,0,,z
2022Q2,,S08000031,,S12000018,,Transfers,,1,,977,6760,6.91914022517912,,0,0,,z
2022Q3,,S08000031,,S12000018,,Transfers,,1,,885,7091,8.01242937853107,,0,0,,z
2022Q4,p,S08000031,,S12000018,,Transfers,,1,,914,6492,7.10284463894967,,0,0,,z
2017Q4,,S08000031,,S12000018,,Transfers,,2,,255,1415,5.54901960784314,,0,0,,z
2018Q1,,S08000031,,S12000018,,Transfers,,2,,250,1549,6.196,,0,0,,z
2018Q2,,S08000031,,S12000018,,Transfers,,2,,245,1341,5.4734693877551,,0,0,,z
2018Q3,,S08000031,,S12000018,,Transfers,,2,,226,1377,6.0929203539823,,0,0,,z
2018Q4,,S08000031,,S12000018,,Transfers,,2,,213,1302,6.11267605633803,,0,0,,z
2019Q1,,S08000031,,S12000018,,Transfers,,2,,222,1191,5.36486486486486,,0,0,,z
2019Q2,,S08000031,,S12000018,,Transfers,,2,,232,1562,6.73275862068965,,0,0,,z
2019Q3,,S08000031,,S12000018,,Transfers,,2,,219,1127,5.14611872146119,,0,0,,z
2019Q4,,S08000031,,S12000018,,Transfers,,2,,290,1780,6.13793103448276,,0,0,,z
2020Q1,,S08000031,,S12000018,,Transfers,,2,,297,2062,6.94276094276094,,0,0,,z
2020Q2,,S08000031,,S12000018,,Transfers,,2,,190,885,4.6578947368421,,0,0,,z
2020Q3,,S08000031,,S12000018,,Transfers,,2,,205,1193,5.81951219512195,,0,0,,z
2020Q4,,S08000031,,S12000018,,Transfers,,2,,191,1012,5.29842931937173,,0,0,,z
2021Q1,,S08000031,,S12000018,,Transfers,,2,,156,739,4.73717948717949,,0,0,,z
2021Q2,,S08000031,,S12000018,,Transfers,,2,,185,1532,8.28108108108108,,0,0,,z
2021Q3,,S08000031,,S12000018,,Transfers,,2,,211,1313,6.22274881516588,,0,0,,z
2021Q4,,S08000031,,S12000018,,Transfers,,2,,259,1613,6.22779922779923,,0,0,,z
2022Q1,,S08000031,,S12000018,,Transfers,,2,,268,1887,7.0410447761194,,0,0,,z
2022Q2,,S08000031,,S12000018,,Transfers,,2,,223,1913,8.57847533632287,,0,0,,z
2022Q3,,S08000031,,S12000018,,Transfers,,2,,218,2008,9.21100917431193,,0,0,,z
2022Q4,p,S08000031,,S12000018,,Transfers,,2,,200,1232,6.16,,0,0,,z
2017Q4,,S08000031,,S12000018,,Transfers,,3,,271,1853,6.83763837638376,,0,0,,z
2018Q1,,S08000031,,S12000018,,Transfers,,3,,278,1846,6.64028776978417,,0,0,,z
2018Q2,,S08000031,,S12000018,,Transfers,,3,,280,1887,6.73928571428571,,0,0,,z
2018Q3,,S08000031,,S12000018,,Transfers,,3,,237,1558,6.57383966244726,,0,0,,z
2018Q4,,S08000031,,S12000018,,Transfers,,3,,256,1534,5.9921875,,0,0,,z
2019Q1,,S08000031,,S12000018,,Transfers,,3,,226,1728,7.64601769911504,,0,0,,z
2019Q2,,S08000031,,S12000018,,Transfers,,3,,225,1594,7.08444444444444,,0,0,,z
2019Q3,,S08000031,,S12000018,,Transfers,,3,,246,1554,6.31707317073171,,0,0,,z
2019Q4,,S08000031,,S12000018,,Transfers,,3,,290,1770,6.10344827586207,,0,0,,z
2020Q1,,S08000031,,S12000018,,Transfers,,3,,357,2707,7.58263305322129,,0,0,,z
2020Q2,,S08000031,,S12000018,,Transfers,,3,,219,1256,5.7351598173516,,0,0,,z
2020Q3,,S08000031,,S12000018,,Transfers,,3,,289,1378,4.7681660899654,,0,0,,z
2020Q4,,S08000031,,S12000018,,Transfers,,3,,280,1478,5.27857142857143,,0,0,,z
2021Q1,,S08000031,,S12000018,,Transfers,,3,,207,1914,9.2463768115942,,0,0,,z
2021Q2,,S08000031,,S12000018,,Transfers,,3,,189,1221,6.46031746031746,,0,0,,z
2021Q3,,S08000031,,S12000018,,Transfers,,3,,205,1518,7.40487804878049,,0,0,,z
2021Q4,,S08000031,,S12000018,,Transfers,,3,,264,1860,7.04545454545455,,0,0,,z
2022Q1,,S08000031,,S12000018,,Transfers,,3,,244,2094,8.58196721311475,,0,0,,z
2022Q2,,S08000031,,S12000018,,Transfers,,3,,251,2043,8.1394422310757,,0,0,,z
2022Q3,,S08000031,,S12000018,,Transfers,,3,,211,1837,8.70616113744076,,0,0,,z
2022Q4,p,S08000031,,S12000018,,Transfers,,3,,297,1971,6.63636363636364,,0,0,,z
2017Q4,,S08000031,,S12000018,,Transfers,,4,,225,1347,5.98666666666667,,0,0,,z
2018Q1,,S08000031,,S12000018,,Transfers,,4,,239,1305,5.4602510460251,,0,0,,z
2018Q2,,S08000031,,S12000018,,Transfers,,4,,261,1549,5.93486590038314,,0,0,,z
2018Q3,,S08000031,,S12000018,,Transfers,,4,,216,1485,6.875,,0,0,,z
2018Q4,,S08000031,,S12000018,,Transfers,,4,,174,1468,8.4367816091954,,0,0,,z
2019Q1,,S08000031,,S12000018,,Transfers,,4,,207,1147,5.54106280193237,,0,0,,z
2019Q2,,S08000031,,S12000018,,Transfers,,4,,171,1209,7.07017543859649,,0,0,,z
2019Q3,,S08000031,,S12000018,,Transfers,,4,,164,1244,7.58536585365854,,0,0,,z
2019Q4,,S08000031,,S12000018,,Transfers,,4,,205,1043,5.08780487804878,,0,0,,z
2020Q1,,S08000031,,S12000018,,Transfers,,4,,200,1391,6.955,,0,0,,z
2020Q2,,S08000031,,S12000018,,Transfers,,4,,206,1210,5.87378640776699,,0,0,,z
2020Q3,,S08000031,,S12000018,,Transfers,,4,,257,1419,5.52140077821012,,0,0,,z
2020Q4,,S08000031,,S12000018,,Transfers,,4,,177,862,4.87005649717514,,0,0,,z
2021Q1,,S08000031,,S12000018,,Transfers,,4,,146,1188,8.13698630136986,,0,0,,z
2021Q2,,S08000031,,S12000018,,Transfers,,4,,230,1603,6.9695652173913,,0,0,,z
2021Q3,,S08000031,,S12000018,,Transfers,,4,,206,1563,7.5873786407767,,0,0,,z
2021Q4,,S08000031,,S12000018,,Transfers,,4,,258,2091,8.1046511627907,,0,0,,z
2022Q1,,S08000031,,S12000018,,Transfers,,4,,223,1776,7.96412556053812,,0,0,,z
2022Q2,,S08000031,,S12000018,,Transfers,,4,,189,1728,9.14285714285714,,0,0,,z
2022Q3,,S08000031,,S12000018,,Transfers,,4,,184,1521,8.26630434782609,,0,0,,z
2022Q4,p,S08000031,,S12000018,,Transfers,,4,,262,1801,6.87404580152672,,0,0,,z
2017Q4,,S08000031,,S12000018,,Transfers,,5,,209,1383,6.61722488038277,,0,0,,z
2018Q1,,S08000031,,S12000018,,Transfers,,5,,188,1091,5.8031914893617,,0,0,,z
2018Q2,,S08000031,,S12000018,,Transfers,,5,,206,1564,7.59223300970874,,0,0,,z
2018Q3,,S08000031,,S12000018,,Transfers,,5,,178,935,5.25280898876404,,0,0,,z
2018Q4,,S08000031,,S12000018,,Transfers,,5,,203,1272,6.26600985221675,,0,0,,z
2019Q1,,S08000031,,S12000018,,Transfers,,5,,184,1587,8.625,,0,0,,z
2019Q2,,S08000031,,S12000018,,Transfers,,5,,187,1271,6.79679144385027,,0,0,,z
2019Q3,,S08000031,,S12000018,,Transfers,,5,,251,1678,6.68525896414343,,0,0,,z
2019Q4,,S08000031,,S12000018,,Transfers,,5,,265,1837,6.93207547169811,,0,0,,z
2020Q1,,S08000031,,S12000018,,Transfers,,5,,246,1698,6.90243902439024,,0,0,,z
2020Q2,,S08000031,,S12000018,,Transfers,,5,,169,874,5.1715976331361,,0,0,,z
2020Q3,,S08000031,,S12000018,,Transfers,,5,,211,964,4.56872037914692,,0,0,,z
2020Q4,,S08000031,,S12000018,,Transfers,,5,,175,881,5.03428571428571,,0,0,,z
2021Q1,,S08000031,,S12000018,,Transfers,,5,,169,889,5.2603550295858,,0,0,,z
2021Q2,,S08000031,,S12000018,,Transfers,,5,,175,1052,6.01142857142857,,0,0,,z
2021Q3,,S08000031,,S12000018,,Transfers,,5,,200,1210,6.05,,0,0,,z
2021Q4,,S08000031,,S12000018,,Transfers,,5,,184,1228,6.67391304347826,,0,0,,z
2022Q1,,S08000031,,S12000018,,Transfers,,5,,200,1556,7.78,,0,0,,z
2022Q2,,S08000031,,S12000018,,Transfers,,5,,193,1583,8.2020725388601,,0,0,,z
2022Q3,,S08000031,,S12000018,,Transfers,,5,,193,1228,6.3626943005181396,,0,0,,z
2022Q4,p,S08000031,,S12000018,,Transfers,,5,,243,1487,6.11934156378601,,0,0,,z
2022Q3,,S08000031,,S12000018,,Transfers,,,:,5,17,3.4,,0,0,,z
2022Q4,p,S08000031,,S12000018,,Transfers,,,:,5,9,1.8,,0,0,,z
2017Q4,,S08000031,,S08000031,d,Transfers,,1,,14236,78480,5.51278449002529,,0,0,,z
2018Q1,,S08000031,,S08000031,d,Transfers,,1,,14200,80635,5.67852112676056,,0,0,,z
2018Q2,,S08000031,,S08000031,d,Transfers,,1,,13924,77613,5.57404481470842,,0,0,,z
2018Q3,,S08000031,,S08000031,d,Transfers,,1,,13515,72155,5.33888272290048,,0,0,,z
2018Q4,,S08000031,,S08000031,d,Transfers,,1,,14373,74242,5.16537953106519,,0,0,,z
2019Q1,,S08000031,,S08000031,d,Transfers,,1,,14491,77127,5.32240701124836,,0,0,,z
2019Q2,,S08000031,,S08000031,d,Transfers,,1,,14478,78382,5.41386931896671,,0,0,,z
2019Q3,,S08000031,,S08000031,d,Transfers,,1,,14762,75265,5.09856388023303,,0,0,,z
2019Q4,,S08000031,,S08000031,d,Transfers,,1,,15364,80695,5.2522129653736,,0,0,,z
2020Q1,,S08000031,,S08000031,d,Transfers,,1,,14931,80869,5.4161810997254,,0,0,,z
2020Q2,,S08000031,,S08000031,d,Transfers,,1,,12432,59173,4.75973294723295,,0,0,,z
2020Q3,,S08000031,,S08000031,d,Transfers,,1,,14616,71643,4.90168308702791,,0,0,,z
2020Q4,,S08000031,,S08000031,d,Transfers,,1,,15192,77665,5.11223012111638,,0,0,,z
2021Q1,,S08000031,,S08000031,d,Transfers,,1,,14684,73055,4.97514301280305,,0,0,,z
2021Q2,,S08000031,,S08000031,d,Transfers,,1,,15367,76614,4.98561853322054,,0,0,,z
2021Q3,,S08000031,,S08000031,d,Transfers,,1,,14883,78751,5.29133911173822,,0,0,,z
2021Q4,,S08000031,,S08000031,d,Transfers,,1,,14464,81775,5.65369192477876,,0,0,,z
2022Q1,,S08000031,,S08000031,d,Transfers,,1,,14093,79244,5.62293337117718,,0,0,,z
2022Q2,,S08000031,,S08000031,d,Transfers,,1,,14212,81112,5.70728961441036,,0,0,,z
2022Q3,,S08000031,,S08000031,d,Transfers,,1,,14534,83311,5.73214531443512,,0,0,,z
2022Q4,p,S08000031,,S08000031,d,Transfers,,1,,14341,81419,5.67735862213235,,0,0,,z
2017Q4,,S08000031,,S08000031,d,Transfers,,2,,6179,37900,6.13367858876841,,0,0,,z
2018Q1,,S08000031,,S08000031,d,Transfers,,2,,6448,37613,5.83328163771712,,0,0,,z
2018Q2,,S08000031,,S08000031,d,Transfers,,2,,6262,35597,5.68460555732993,,0,0,,z
2018Q3,,S08000031,,S08000031,d,Transfers,,2,,6099,33758,5.53500573864568,,0,0,,z
2018Q4,,S08000031,,S08000031,d,Transfers,,2,,6657,36438,5.47363677332132,,0,0,,z
2019Q1,,S08000031,,S08000031,d,Transfers,,2,,6256,35069,5.60565856777494,,0,0,,z
2019Q2,,S08000031,,S08000031,d,Transfers,,2,,6317,34500,5.46145322146589,,0,0,,z
2019Q3,,S08000031,,S08000031,d,Transfers,,2,,6277,32822,5.22893101800223,,0,0,,z
2019Q4,,S08000031,,S08000031,d,Transfers,,2,,6845,35537,5.19167275383492,,0,0,,z
2020Q1,,S08000031,,S08000031,d,Transfers,,2,,6775,38398,5.66760147601476,,0,0,,z
2020Q2,,S08000031,,S08000031,d,Transfers,,2,,5378,23880,4.44031238378579,,0,0,,z
2020Q3,,S08000031,,S08000031,d,Transfers,,2,,6416,31147,4.85458229426434,,0,0,,z
2020Q4,,S08000031,,S08000031,d,Transfers,,2,,6829,32865,4.81256406501684,,0,0,,z
2021Q1,,S08000031,,S08000031,d,Transfers,,2,,6877,35011,5.09102806456304,,0,0,,z
2021Q2,,S08000031,,S08000031,d,Transfers,,2,,7356,36224,4.92441544317564,,0,0,,z
2021Q3,,S08000031,,S08000031,d,Transfers,,2,,6638,34088,5.13528171135884,,0,0,,z
2021Q4,,S08000031,,S08000031,d,Transfers,,2,,7022,38472,5.47878097408146,,0,0,,z
2022Q1,,S08000031,,S08000031,d,Transfers,,2,,6579,35835,5.4468764249886,,0,0,,z
2022Q2,,S08000031,,S08000031,d,Transfers,,2,,7085,39616,5.59153140437544,,0,0,,z
2022Q3,,S08000031,,S08000031,d,Transfers,,2,,7039,39027,5.54439551072596,,0,0,,z
2022Q4,p,S08000031,,S08000031,d,Transfers,,2,,7056,38807,5.49985827664399,,0,0,,z
2017Q4,,S08000031,,S08000031,d,Transfers,,3,,3853,21471,5.57254087723852,,0,0,,z
2018Q1,,S08000031,,S08000031,d,Transfers,,3,,3850,20857,5.4174025974026,,0,0,,z
2018Q2,,S08000031,,S08000031,d,Transfers,,3,,3728,21903,5.87526824034335,,0,0,,z
2018Q3,,S08000031,,S08000031,d,Transfers,,3,,3575,20176,5.64363636363636,,0,0,,z
2018Q4,,S08000031,,S08000031,d,Transfers,,3,,3642,18897,5.18863261943987,,0,0,,z
2019Q1,,S08000031,,S08000031,d,Transfers,,3,,3602,18764,5.20932815102721,,0,0,,z
2019Q2,,S08000031,,S08000031,d,Transfers,,3,,3768,21404,5.68046709129512,,0,0,,z
2019Q3,,S08000031,,S08000031,d,Transfers,,3,,4006,19429,4.84997503744383,,0,0,,z
2019Q4,,S08000031,,S08000031,d,Transfers,,3,,4250,22112,5.20282352941176,,0,0,,z
2020Q1,,S08000031,,S08000031,d,Transfers,,3,,4151,25006,6.02409058058299,,0,0,,z
2020Q2,,S08000031,,S08000031,d,Transfers,,3,,3319,16429,4.94998493522145,,0,0,,z
2020Q3,,S08000031,,S08000031,d,Transfers,,3,,3844,18349,4.77341311134235,,0,0,,z
2020Q4,,S08000031,,S08000031,d,Transfers,,3,,4055,20936,5.16300863131936,,0,0,,z
2021Q1,,S08000031,,S08000031,d,Transfers,,3,,4136,22463,5.43109284332689,,0,0,,z
2021Q2,,S08000031,,S08000031,d,Transfers,,3,,4210,20641,4.90285035629454,,0,0,,z
2021Q3,,S08000031,,S08000031,d,Transfers,,3,,4059,21904,5.39640305493964,,0,0,,z
2021Q4,,S08000031,,S08000031,d,Transfers,,3,,4059,21874,5.3890120719389,,0,0,,z
2022Q1,,S08000031,,S08000031,d,Transfers,,3,,3903,22979,5.88752241865232,,0,0,,z
2022Q2,,S08000031,,S08000031,d,Transfers,,3,,4099,22895,5.58550866064894,,0,0,,z
2022Q3,,S08000031,,S08000031,d,Transfers,,3,,4041,22544,5.57881712447414,,0,0,,z
2022Q4,p,S08000031,,S08000031,d,Transfers,,3,,3829,22017,5.75006529119875,,0,0,,z
2017Q4,,S08000031,,S08000031,d,Transfers,,4,,3496,20045,5.73369565217391,,0,0,,z
2018Q1,,S08000031,,S08000031,d,Transfers,,4,,3474,19930,5.73690270581462,,0,0,,z
2018Q2,,S08000031,,S08000031,d,Transfers,,4,,3362,17817,5.2995240928019,,0,0,,z
2018Q3,,S08000031,,S08000031,d,Transfers,,4,,3240,18641,5.7533950617284,,0,0,,z
2018Q4,,S08000031,,S08000031,d,Transfers,,4,,3335,19242,5.76971514242879,,0,0,,z
2019Q1,,S08000031,,S08000031,d,Transfers,,4,,3436,18769,5.46245634458673,,0,0,,z
2019Q2,,S08000031,,S08000031,d,Transfers,,4,,3323,17300,5.20613903099609,,0,0,,z
2019Q3,,S08000031,,S08000031,d,Transfers,,4,,3484,18316,5.25717566016074,,0,0,,z
2019Q4,,S08000031,,S08000031,d,Transfers,,4,,3703,19084,5.1536591952471,,0,0,,z
2020Q1,,S08000031,,S08000031,d,Transfers,,4,,3675,21160,5.7578231292517,,0,0,,z
2020Q2,,S08000031,,S08000031,d,Transfers,,4,,3155,15641,4.95752773375594,,0,0,,z
2020Q3,,S08000031,,S08000031,d,Transfers,,4,,3562,17877,5.01880965749579,,0,0,,z
2020Q4,,S08000031,,S08000031,d,Transfers,,4,,3634,16811,4.62603192074849,,0,0,,z
2021Q1,,S08000031,,S08000031,d,Transfers,,4,,3521,17077,4.85004260153366,,0,0,,z
2021Q2,,S08000031,,S08000031,d,Transfers,,4,,3741,18605,4.97326917936381,,0,0,,z
2021Q3,,S08000031,,S08000031,d,Transfers,,4,,3744,20346,5.43429487179487,,0,0,,z
2021Q4,,S08000031,,S08000031,d,Transfers,,4,,3880,21225,5.47036082474227,,0,0,,z
2022Q1,,S08000031,,S08000031,d,Transfers,,4,,3759,20320,5.40569300345837,,0,0,,z
2022Q2,,S08000031,,S08000031,d,Transfers,,4,,3910,21164,5.41278772378517,,0,0,,z
2022Q3,,S08000031,,S08000031,d,Transfers,,4,,3953,22303,5.64204401720213,,0,0,,z
2022Q4,p,S08000031,,S08000031,d,Transfers,,4,,3875,21161,5.46090322580645,,0,0,,z
2017Q4,,S08000031,,S08000031,d,Transfers,,5,,4492,23859,5.31144256455922,,0,0,,z
2018Q1,,S08000031,,S08000031,d,Transfers,,5,,4326,24350,5.6287563569117,,0,0,,z
2018Q2,,S08000031,,S08000031,d,Transfers,,5,,4450,23781,5.34404494382022,,0,0,,z
2018Q3,,S08000031,,S08000031,d,Transfers,,5,,4243,23772,5.6026396417629,,0,0,,z
2018Q4,,S08000031,,S08000031,d,Transfers,,5,,4767,24449,5.12880218166562,,0,0,,z
2019Q1,,S08000031,,S08000031,d,Transfers,,5,,4469,24746,5.53725665697024,,0,0,,z
2019Q2,,S08000031,,S08000031,d,Transfers,,5,,4692,24268,5.17220801364024,,0,0,,z
2019Q3,,S08000031,,S08000031,d,Transfers,,5,,4562,24235,5.31236299868479,,0,0,,z
2019Q4,,S08000031,,S08000031,d,Transfers,,5,,4924,26976,5.47847278635256,,0,0,,z
2020Q1,,S08000031,,S08000031,d,Transfers,,5,,4710,25239,5.35859872611465,,0,0,,z
2020Q2,,S08000031,,S08000031,d,Transfers,,5,,3865,17788,4.60232858990944,,0,0,,z
2020Q3,,S08000031,,S08000031,d,Transfers,,5,,4909,22273,4.53717661438175,,0,0,,z
2020Q4,,S08000031,,S08000031,d,Transfers,,5,,4781,23288,4.8709475005229,,0,0,,z
2021Q1,,S08000031,,S08000031,d,Transfers,,5,,5005,24534,4.9018981018981,,0,0,,z
2021Q2,,S08000031,,S08000031,d,Transfers,,5,,5170,24947,4.82533849129594,,0,0,,z
2021Q3,,S08000031,,S08000031,d,Transfers,,5,,5005,24800,4.95504495504496,,0,0,,z
2021Q4,,S08000031,,S08000031,d,Transfers,,5,,4918,25037,5.09089060593737,,0,0,,z
2022Q1,,S08000031,,S08000031,d,Transfers,,5,,5219,27709,5.309254646484,,0,0,,z
2022Q2,,S08000031,,S08000031,d,Transfers,,5,,5210,28759,5.51996161228407,,0,0,,z
2022Q3,,S08000031,,S08000031,d,Transfers,,5,,5312,27325,5.14401355421687,,0,0,,z
2022Q4,p,S08000031,,S08000031,d,Transfers,,5,,5145,28117,5.46491739552964,,0,0,,z
2022Q3,,S08000031,,S08000031,d,Transfers,,,:,12,39,3.25,,0,0,,z
2022Q4,p,S08000031,,S08000031,d,Transfers,,,:,5,11,2.2,,0,0,,z
2017Q4,,S08000031,,S12000038,,Transfers,,1,,1155,6432,5.56883116883117,,0,0,,z
2018Q1,,S08000031,,S12000038,,Transfers,,1,,1059,6264,5.91501416430595,,0,0,,z
2018Q2,,S08000031,,S12000038,,Transfers,,1,,1035,6323,6.10917874396135,,0,0,,z
2018Q3,,S08000031,,S12000038,,Transfers,,1,,1031,5614,5.44519883608147,,0,0,,z
2018Q4,,S08000031,,S12000038,,Transfers,,1,,974,5398,5.54209445585216,,0,0,,z
2019Q1,,S08000031,,S12000038,,Transfers,,1,,1119,5715,5.10723860589812,,0,0,,z
2019Q2,,S08000031,,S12000038,,Transfers,,1,,971,5645,5.81359423274974,,0,0,,z
2019Q3,,S08000031,,S12000038,,Transfers,,1,,1093,6160,5.63586459286368,,0,0,,z
2019Q4,,S08000031,,S12000038,,Transfers,,1,,1444,6959,4.81925207756233,,0,0,,z
2020Q1,,S08000031,,S12000038,,Transfers,,1,,1396,7690,5.50859598853868,,0,0,,z
2020Q2,,S08000031,,S12000038,,Transfers,,1,,944,5040,5.33898305084746,,0,0,,z
2020Q3,,S08000031,,S12000038,,Transfers,,1,,1157,5763,4.980985306828,,0,0,,z
2020Q4,,S08000031,,S12000038,,Transfers,,1,,1257,6649,5.28957836117741,,0,0,,z
2021Q1,,S08000031,,S12000038,,Transfers,,1,,1179,6118,5.1891433418151,,0,0,,z
2021Q2,,S08000031,,S12000038,,Transfers,,1,,1434,6925,4.82914923291492,,0,0,,z
2021Q3,,S08000031,,S12000038,,Transfers,,1,,1286,6678,5.19284603421462,,0,0,,z
2021Q4,,S08000031,,S12000038,,Transfers,,1,,1309,7014,5.35828877005348,,0,0,,z
2022Q1,,S08000031,,S12000038,,Transfers,,1,,1319,6975,5.28809704321456,,0,0,,z
2022Q2,,S08000031,,S12000038,,Transfers,,1,,1279,6535,5.10946051602815,,0,0,,z
2022Q3,,S08000031,,S12000038,,Transfers,,1,,1422,7591,5.33825597749648,,0,0,,z
2022Q4,p,S08000031,,S12000038,,Transfers,,1,,1548,7855,5.07428940568475,,0,0,,z
2017Q4,,S08000031,,S12000038,,Transfers,,2,,1019,5920,5.80961727183513,,0,0,,z
2018Q1,,S08000031,,S12000038,,Transfers,,2,,941,6427,6.82996811902232,,0,0,,z
2018Q2,,S08000031,,S12000038,,Transfers,,2,,952,6245,6.55987394957983,,0,0,,z
2018Q3,,S08000031,,S12000038,,Transfers,,2,,975,6526,6.69333333333333,,0,0,,z
2018Q4,,S08000031,,S12000038,,Transfers,,2,,1059,5965,5.63267233238905,,0,0,,z
2019Q1,,S08000031,,S12000038,,Transfers,,2,,894,5756,6.43847874720358,,0,0,,z
2019Q2,,S08000031,,S12000038,,Transfers,,2,,889,5089,5.7244094488189,,0,0,,z
2019Q3,,S08000031,,S12000038,,Transfers,,2,,862,4782,5.54756380510441,,0,0,,z
2019Q4,,S08000031,,S12000038,,Transfers,,2,,1166,5576,4.78216123499142,,0,0,,z
2020Q1,,S08000031,,S12000038,,Transfers,,2,,1265,6768,5.3501976284585,,0,0,,z
2020Q2,,S08000031,,S12000038,,Transfers,,2,,771,4432,5.74837872892348,,0,0,,z
2020Q3,,S08000031,,S12000038,,Transfers,,2,,1039,5408,5.20500481231954,,0,0,,z
2020Q4,,S08000031,,S12000038,,Transfers,,2,,1143,5919,5.17847769028871,,0,0,,z
2021Q1,,S08000031,,S12000038,,Transfers,,2,,1112,5777,5.19514388489209,,0,0,,z
2021Q2,,S08000031,,S12000038,,Transfers,,2,,1166,5671,4.86363636363636,,0,0,,z
2021Q3,,S08000031,,S12000038,,Transfers,,2,,1088,6063,5.57261029411765,,0,0,,z
2021Q4,,S08000031,,S12000038,,Transfers,,2,,1117,6298,5.63831692032229,,0,0,,z
2022Q1,,S08000031,,S12000038,,Transfers,,2,,992,5174,5.21572580645161,,0,0,,z
2022Q2,,S08000031,,S12000038,,Transfers,,2,,1221,6072,4.97297297297297,,0,0,,z
2022Q3,,S08000031,,S12000038,,Transfers,,2,,1171,6341,5.41502988898377,,0,0,,z
2022Q4,p,S08000031,,S12000038,,Transfers,,2,,1311,6560,5.00381388253242,,0,0,,z
2017Q4,,S08000031,,S12000038,,Transfers,,3,,657,4037,6.14459665144597,,0,0,,z
2018Q1,,S08000031,,S12000038,,Transfers,,3,,609,3209,5.26929392446634,,0,0,,z
2018Q2,,S08000031,,S12000038,,Transfers,,3,,610,4173,6.84098360655738,,0,0,,z
2018Q3,,S08000031,,S12000038,,Transfers,,3,,621,3706,5.96779388083736,,0,0,,z
2018Q4,,S08000031,,S12000038,,Transfers,,3,,582,2982,5.12371134020619,,0,0,,z
2019Q1,,S08000031,,S12000038,,Transfers,,3,,538,2833,5.26579925650558,,0,0,,z
2019Q2,,S08000031,,S12000038,,Transfers,,3,,568,2976,5.23943661971831,,0,0,,z
2019Q3,,S08000031,,S12000038,,Transfers,,3,,685,3606,5.26423357664234,,0,0,,z
2019Q4,,S08000031,,S12000038,,Transfers,,3,,875,4193,4.792,,0,0,,z
2020Q1,,S08000031,,S12000038,,Transfers,,3,,804,4309,5.35945273631841,,0,0,,z
2020Q2,,S08000031,,S12000038,,Transfers,,3,,525,2911,5.5447619047619,,0,0,,z
2020Q3,,S08000031,,S12000038,,Transfers,,3,,722,3775,5.22853185595568,,0,0,,z
2020Q4,,S08000031,,S12000038,,Transfers,,3,,706,3535,5.0070821529745,,0,0,,z
2021Q1,,S08000031,,S12000038,,Transfers,,3,,772,4172,5.40414507772021,,0,0,,z
2021Q2,,S08000031,,S12000038,,Transfers,,3,,900,4566,5.07333333333333,,0,0,,z
2021Q3,,S08000031,,S12000038,,Transfers,,3,,733,4128,5.63165075034106,,0,0,,z
2021Q4,,S08000031,,S12000038,,Transfers,,3,,798,4541,5.69047619047619,,0,0,,z
2022Q1,,S08000031,,S12000038,,Transfers,,3,,745,4326,5.80671140939597,,0,0,,z
2022Q2,,S08000031,,S12000038,,Transfers,,3,,810,4186,5.1679012345679,,0,0,,z
2022Q3,,S08000031,,S12000038,,Transfers,,3,,828,4273,5.16062801932367,,0,0,,z
2022Q4,p,S08000031,,S12000038,,Transfers,,3,,790,3916,4.95696202531646,,0,0,,z
2017Q4,,S08000031,,S12000038,,Transfers,,4,,464,2626,5.65948275862069,,0,0,,z
2018Q1,,S08000031,,S12000038,,Transfers,,4,,420,2804,6.67619047619048,,0,0,,z
2018Q2,,S08000031,,S12000038,,Transfers,,4,,454,2628,5.78854625550661,,0,0,,z
2018Q3,,S08000031,,S12000038,,Transfers,,4,,515,3105,6.02912621359223,,0,0,,z
2018Q4,,S08000031,,S12000038,,Transfers,,4,,444,2679,6.03378378378378,,0,0,,z
2019Q1,,S08000031,,S12000038,,Transfers,,4,,390,2198,5.63589743589744,,0,0,,z
2019Q2,,S08000031,,S12000038,,Transfers,,4,,395,1983,5.02025316455696,,0,0,,z
2019Q3,,S08000031,,S12000038,,Transfers,,4,,481,2556,5.31392931392931,,0,0,,z
2019Q4,,S08000031,,S12000038,,Transfers,,4,,558,3229,5.78673835125448,,0,0,,z
2020Q1,,S08000031,,S12000038,,Transfers,,4,,473,2672,5.64904862579281,,0,0,,z
2020Q2,,S08000031,,S12000038,,Transfers,,4,,361,1630,4.51523545706371,,0,0,,z
2020Q3,,S08000031,,S12000038,,Transfers,,4,,425,2975,7,,0,0,,z
2020Q4,,S08000031,,S12000038,,Transfers,,4,,512,2538,4.95703125,,0,0,,z
2021Q1,,S08000031,,S12000038,,Transfers,,4,,467,2032,4.35117773019272,,0,0,,z
2021Q2,,S08000031,,S12000038,,Transfers,,4,,511,2009,3.93150684931507,,0,0,,z
2021Q3,,S08000031,,S12000038,,Transfers,,4,,597,3164,5.2998324958124,,0,0,,z
2021Q4,,S08000031,,S12000038,,Transfers,,4,,572,2574,4.5,,0,0,,z
2022Q1,,S08000031,,S12000038,,Transfers,,4,,504,2734,5.42460317460317,,0,0,,z
2022Q2,,S08000031,,S12000038,,Transfers,,4,,478,2419,5.06066945606695,,0,0,,z
2022Q3,,S08000031,,S12000038,,Transfers,,4,,596,3040,5.1006711409396,,0,0,,z
2022Q4,p,S08000031,,S12000038,,Transfers,,4,,631,2524,4,,0,0,,z
2017Q4,,S08000031,,S12000038,,Transfers,,5,,539,2511,4.65862708719852,,0,0,,z
2018Q1,,S08000031,,S12000038,,Transfers,,5,,513,2864,5.58284600389864,,0,0,,z
2018Q2,,S08000031,,S12000038,,Transfers,,5,,492,2257,4.58739837398374,,0,0,,z
2018Q3,,S08000031,,S12000038,,Transfers,,5,,495,3034,6.12929292929293,,0,0,,z
2018Q4,,S08000031,,S12000038,,Transfers,,5,,553,2719,4.91681735985533,,0,0,,z
2019Q1,,S08000031,,S12000038,,Transfers,,5,,480,2538,5.2875,,0,0,,z
2019Q2,,S08000031,,S12000038,,Transfers,,5,,503,2607,5.18290258449304,,0,0,,z
2019Q3,,S08000031,,S12000038,,Transfers,,5,,509,2556,5.02161100196464,,0,0,,z
2019Q4,,S08000031,,S12000038,,Transfers,,5,,675,3352,4.96592592592593,,0,0,,z
2020Q1,,S08000031,,S12000038,,Transfers,,5,,667,3268,4.89955022488756,,0,0,,z
2020Q2,,S08000031,,S12000038,,Transfers,,5,,495,2374,4.7959595959596,,0,0,,z
2020Q3,,S08000031,,S12000038,,Transfers,,5,,613,2590,4.22512234910277,,0,0,,z
2020Q4,,S08000031,,S12000038,,Transfers,,5,,623,2976,4.776886035313,,0,0,,z
2021Q1,,S08000031,,S12000038,,Transfers,,5,,647,2977,4.60123647604328,,0,0,,z
2021Q2,,S08000031,,S12000038,,Transfers,,5,,654,2944,4.50152905198777,,0,0,,z
2021Q3,,S08000031,,S12000038,,Transfers,,5,,690,3219,4.66521739130435,,0,0,,z
2021Q4,,S08000031,,S12000038,,Transfers,,5,,674,3145,4.66617210682493,,0,0,,z
2022Q1,,S08000031,,S12000038,,Transfers,,5,,712,3258,4.57584269662921,,0,0,,z
2022Q2,,S08000031,,S12000038,,Transfers,,5,,708,3886,5.48870056497175,,0,0,,z
2022Q3,,S08000031,,S12000038,,Transfers,,5,,735,3846,5.23265306122449,,0,0,,z
2022Q4,p,S08000031,,S12000038,,Transfers,,5,,819,3876,4.73260073260073,,0,0,,z
2017Q4,,S08000031,,S12000039,,Transfers,,1,,1362,6282,4.61233480176211,,0,0,,z
2018Q1,,S08000031,,S12000039,,Transfers,,1,,1324,6595,4.98111782477341,,0,0,,z
2018Q2,,S08000031,,S12000039,,Transfers,,1,,1376,6834,4.96656976744186,,0,0,,z
2018Q3,,S08000031,,S12000039,,Transfers,,1,,1308,5804,4.43730886850153,,0,0,,z
2018Q4,,S08000031,,S12000039,,Transfers,,1,,1428,6302,4.41316526610644,,0,0,,z
2019Q1,,S08000031,,S12000039,,Transfers,,1,,1340,6333,4.72611940298507,,0,0,,z
2019Q2,,S08000031,,S12000039,,Transfers,,1,,1458,6768,4.64197530864198,,0,0,,z
2019Q3,,S08000031,,S12000039,,Transfers,,1,,1354,6156,4.54652880354505,,0,0,,z
2019Q4,,S08000031,,S12000039,,Transfers,,1,,1527,6875,4.50229207596595,,0,0,,z
2020Q1,,S08000031,,S12000039,,Transfers,,1,,1435,6704,4.67177700348432,,0,0,,z
2020Q2,,S08000031,,S12000039,,Transfers,,1,,1173,5585,4.7612958226769,,0,0,,z
2020Q3,,S08000031,,S12000039,,Transfers,,1,,1370,6371,4.65036496350365,,0,0,,z
2020Q4,,S08000031,,S12000039,,Transfers,,1,,1485,6637,4.46936026936027,,0,0,,z
2021Q1,,S08000031,,S12000039,,Transfers,,1,,1550,6852,4.42064516129032,,0,0,,z
2021Q2,,S08000031,,S12000039,,Transfers,,1,,1563,7294,4.66666666666667,,0,0,,z
2021Q3,,S08000031,,S12000039,,Transfers,,1,,1572,7525,4.78689567430025,,0,0,,z
2021Q4,,S08000031,,S12000039,,Transfers,,1,,1525,7124,4.67147540983607,,0,0,,z
2022Q1,,S08000031,,S12000039,,Transfers,,1,,1581,6886,4.35547122074636,,0,0,,z
2022Q2,,S08000031,,S12000039,,Transfers,,1,,1537,7293,4.74495770982433,,0,0,,z
2022Q3,,S08000031,,S12000039,,Transfers,,1,,1597,7737,4.84470882905448,,0,0,,z
2022Q4,p,S08000031,,S12000039,,Transfers,,1,,1531,7110,4.64402351404311,,0,0,,z
2017Q4,,S08000031,,S12000039,,Transfers,,2,,829,4274,5.15560916767189,,0,0,,z
2018Q1,,S08000031,,S12000039,,Transfers,,2,,883,4223,4.78255945639864,,0,0,,z
2018Q2,,S08000031,,S12000039,,Transfers,,2,,866,4356,5.03002309468822,,0,0,,z
2018Q3,,S08000031,,S12000039,,Transfers,,2,,860,3744,4.35348837209302,,0,0,,z
2018Q4,,S08000031,,S12000039,,Transfers,,2,,947,4807,5.07602956705385,,0,0,,z
2019Q1,,S08000031,,S12000039,,Transfers,,2,,867,4107,4.73702422145329,,0,0,,z
2019Q2,,S08000031,,S12000039,,Transfers,,2,,836,3851,4.60645933014354,,0,0,,z
2019Q3,,S08000031,,S12000039,,Transfers,,2,,877,4233,4.8266818700114,,0,0,,z
2019Q4,,S08000031,,S12000039,,Transfers,,2,,902,4391,4.86807095343681,,0,0,,z
2020Q1,,S08000031,,S12000039,,Transfers,,2,,909,4435,4.87898789878988,,0,0,,z
2020Q2,,S08000031,,S12000039,,Transfers,,2,,755,3132,4.14834437086093,,0,0,,z
2020Q3,,S08000031,,S12000039,,Transfers,,2,,945,4624,4.89312169312169,,0,0,,z
2020Q4,,S08000031,,S12000039,,Transfers,,2,,941,3997,4.24760892667375,,0,0,,z
2021Q1,,S08000031,,S12000039,,Transfers,,2,,1015,4789,4.71822660098522,,0,0,,z
2021Q2,,S08000031,,S12000039,,Transfers,,2,,1142,5689,4.9816112084063,,0,0,,z
2021Q3,,S08000031,,S12000039,,Transfers,,2,,938,4095,4.36567164179105,,0,0,,z
2021Q4,,S08000031,,S12000039,,Transfers,,2,,1061,4385,4.13289349670123,,0,0,,z
2022Q1,,S08000031,,S12000039,,Transfers,,2,,949,4566,4.8113804004215,,0,0,,z
2022Q2,,S08000031,,S12000039,,Transfers,,2,,987,5595,5.66869300911854,,0,0,,z
2022Q3,,S08000031,,S12000039,,Transfers,,2,,1106,5477,4.95207956600362,,0,0,,z
2022Q4,p,S08000031,,S12000039,,Transfers,,2,,986,5230,5.30425963488844,,0,0,,z
2017Q4,,S08000031,,S12000039,,Transfers,,3,,511,2180,4.26614481409002,,0,0,,z
2018Q1,,S08000031,,S12000039,,Transfers,,3,,476,2343,4.92226890756303,,0,0,,z
2018Q2,,S08000031,,S12000039,,Transfers,,3,,458,2492,5.4410480349345,,0,0,,z
2018Q3,,S08000031,,S12000039,,Transfers,,3,,421,2136,5.07363420427553,,0,0,,z
2018Q4,,S08000031,,S12000039,,Transfers,,3,,520,2624,5.04615384615385,,0,0,,z
2019Q1,,S08000031,,S12000039,,Transfers,,3,,488,2158,4.42213114754098,,0,0,,z
2019Q2,,S08000031,,S12000039,,Transfers,,3,,509,2370,4.65618860510806,,0,0,,z
2019Q3,,S08000031,,S12000039,,Transfers,,3,,515,2035,3.95145631067961,,0,0,,z
2019Q4,,S08000031,,S12000039,,Transfers,,3,,475,1991,4.19157894736842,,0,0,,z
2020Q1,,S08000031,,S12000039,,Transfers,,3,,440,2229,5.06590909090909,,0,0,,z
2020Q2,,S08000031,,S12000039,,Transfers,,3,,374,1810,4.83957219251337,,0,0,,z
2020Q3,,S08000031,,S12000039,,Transfers,,3,,464,1784,3.8448275862069,,0,0,,z
2020Q4,,S08000031,,S12000039,,Transfers,,3,,536,2691,5.0205223880597,,0,0,,z
2021Q1,,S08000031,,S12000039,,Transfers,,3,,570,2286,4.01052631578947,,0,0,,z
2021Q2,,S08000031,,S12000039,,Transfers,,3,,534,2271,4.25280898876404,,0,0,,z
2021Q3,,S08000031,,S12000039,,Transfers,,3,,501,2246,4.48303393213573,,0,0,,z
2021Q4,,S08000031,,S12000039,,Transfers,,3,,562,2198,3.91103202846975,,0,0,,z
2022Q1,,S08000031,,S12000039,,Transfers,,3,,521,3056,5.86564299424184,,0,0,,z
2022Q2,,S08000031,,S12000039,,Transfers,,3,,587,3508,5.97614991482112,,0,0,,z
2022Q3,,S08000031,,S12000039,,Transfers,,3,,539,2919,5.41558441558442,,0,0,,z
2022Q4,p,S08000031,,S12000039,,Transfers,,3,,524,3318,6.33206106870229,,0,0,,z
2017Q4,,S08000031,,S12000039,,Transfers,,4,,224,1515,6.76339285714286,,0,0,,z
2018Q1,,S08000031,,S12000039,,Transfers,,4,,258,1383,5.36046511627907,,0,0,,z
2018Q2,,S08000031,,S12000039,,Transfers,,4,,221,1146,5.18552036199095,,0,0,,z
2018Q3,,S08000031,,S12000039,,Transfers,,4,,194,1114,5.74226804123711,,0,0,,z
2018Q4,,S08000031,,S12000039,,Transfers,,4,,165,810,4.90909090909091,,0,0,,z
2019Q1,,S08000031,,S12000039,,Transfers,,4,,184,704,3.82608695652174,,0,0,,z
2019Q2,,S08000031,,S12000039,,Transfers,,4,,156,628,4.02564102564103,,0,0,,z
2019Q3,,S08000031,,S12000039,,Transfers,,4,,201,1276,6.34825870646766,,0,0,,z
2019Q4,,S08000031,,S12000039,,Transfers,,4,,230,927,4.0304347826087,,0,0,,z
2020Q1,,S08000031,,S12000039,,Transfers,,4,,254,1465,5.76771653543307,,0,0,,z
2020Q2,,S08000031,,S12000039,,Transfers,,4,,167,893,5.34730538922156,,0,0,,z
2020Q3,,S08000031,,S12000039,,Transfers,,4,,238,1057,4.44117647058824,,0,0,,z
2020Q4,,S08000031,,S12000039,,Transfers,,4,,258,1287,4.98837209302326,,0,0,,z
2021Q1,,S08000031,,S12000039,,Transfers,,4,,251,1090,4.34262948207171,,0,0,,z
2021Q2,,S08000031,,S12000039,,Transfers,,4,,221,1171,5.29864253393665,,0,0,,z
2021Q3,,S08000031,,S12000039,,Transfers,,4,,250,1167,4.668,,0,0,,z
2021Q4,,S08000031,,S12000039,,Transfers,,4,,254,1160,4.56692913385827,,0,0,,z
2022Q1,,S08000031,,S12000039,,Transfers,,4,,265,1106,4.17358490566038,,0,0,,z
2022Q2,,S08000031,,S12000039,,Transfers,,4,,234,1224,5.23076923076923,,0,0,,z
2022Q3,,S08000031,,S12000039,,Transfers,,4,,275,1389,5.05090909090909,,0,0,,z
2022Q4,p,S08000031,,S12000039,,Transfers,,4,,260,1513,5.81923076923077,,0,0,,z
2017Q4,,S08000031,,S12000039,,Transfers,,5,,50,338,6.76,,0,0,,z
2018Q1,,S08000031,,S12000039,,Transfers,,5,,74,488,6.5945945945946,,0,0,,z
2018Q2,,S08000031,,S12000039,,Transfers,,5,,77,209,2.71428571428571,,0,0,,z
2018Q3,,S08000031,,S12000039,,Transfers,,5,,72,232,3.22222222222222,,0,0,,z
2018Q4,,S08000031,,S12000039,,Transfers,,5,,91,286,3.14285714285714,,0,0,,z
2019Q1,,S08000031,,S12000039,,Transfers,,5,,81,259,3.19753086419753,,0,0,,z
2019Q2,,S08000031,,S12000039,,Transfers,,5,,45,304,6.75555555555556,,0,0,,z
2019Q3,,S08000031,,S12000039,,Transfers,,5,,78,276,3.53846153846154,,0,0,,z
2019Q4,,S08000031,,S12000039,,Transfers,,5,,94,407,4.32978723404255,,0,0,,z
2020Q1,,S08000031,,S12000039,,Transfers,,5,,79,291,3.68354430379747,,0,0,,z
2020Q2,,S08000031,,S12000039,,Transfers,,5,,67,342,5.1044776119403,,0,0,,z
2020Q3,,S08000031,,S12000039,,Transfers,,5,,88,360,4.09090909090909,,0,0,,z
2020Q4,,S08000031,,S12000039,,Transfers,,5,,82,309,3.76829268292683,,0,0,,z
2021Q1,,S08000031,,S12000039,,Transfers,,5,,88,592,6.72727272727273,,0,0,,z
2021Q2,,S08000031,,S12000039,,Transfers,,5,,124,507,4.08870967741935,,0,0,,z
2021Q3,,S08000031,,S12000039,,Transfers,,5,,100,499,4.99,,0,0,,z
2021Q4,,S08000031,,S12000039,,Transfers,,5,,80,349,4.3625,,0,0,,z
2022Q1,,S08000031,,S12000039,,Transfers,,5,,90,360,4,,0,0,,z
2022Q2,,S08000031,,S12000039,,Transfers,,5,,115,417,3.62608695652174,,0,0,,z
2022Q3,,S08000031,,S12000039,,Transfers,,5,,112,743,6.63392857142857,,0,0,,z
2022Q4,p,S08000031,,S12000039,,Transfers,,5,,74,315,4.25675675675676,,0,0,,z
2022Q4,p,S08000031,,S12000039,,Transfers,,,:,0,0,,z,0,0,,z
2017Q4,,S08000022,,S12000035,,Transfers,,1,,169,692,4.09467455621302,,0,0,,z
2018Q1,,S08000022,,S12000035,,Transfers,,1,,180,905,5.02777777777778,,0,0,,z
2018Q2,,S08000022,,S12000035,,Transfers,,1,,175,1231,7.03428571428571,,0,0,,z
2018Q3,,S08000022,,S12000035,,Transfers,,1,,156,852,5.46153846153846,,0,0,,z
2018Q4,,S08000022,,S12000035,,Transfers,,1,,165,693,4.2,,0,0,,z
2019Q1,,S08000022,,S12000035,,Transfers,,1,,164,855,5.21341463414634,,0,0,,z
2019Q2,,S08000022,,S12000035,,Transfers,,1,,126,578,4.58730158730159,,0,0,,z
2019Q3,,S08000022,,S12000035,,Transfers,,1,,167,685,4.10179640718563,,0,0,,z
2019Q4,,S08000022,,S12000035,,Transfers,,1,,177,894,5.05084745762712,,0,0,,z
2020Q1,,S08000022,,S12000035,,Transfers,,1,,187,975,5.21390374331551,,0,0,,z
2020Q2,,S08000022,,S12000035,,Transfers,,1,,168,758,4.51190476190476,,0,0,,z
2020Q3,,S08000022,,S12000035,,Transfers,,1,,185,817,4.41621621621622,,0,0,,z
2020Q4,,S08000022,,S12000035,,Transfers,,1,,168,970,5.77380952380952,,0,0,,z
2021Q1,,S08000022,,S12000035,,Transfers,,1,,170,878,5.16470588235294,,0,0,,z
2021Q2,,S08000022,,S12000035,,Transfers,,1,,151,983,6.50993377483444,,0,0,,z
2021Q3,,S08000022,,S12000035,,Transfers,,1,,173,975,5.63583815028902,,0,0,,z
2021Q4,,S08000022,,S12000035,,Transfers,,1,,193,1063,5.50777202072539,,0,0,,z
2022Q1,,S08000022,,S12000035,,Transfers,,1,,221,1452,6.57013574660633,,0,0,,z
2022Q2,,S08000022,,S12000035,,Transfers,,1,,137,702,5.12408759124088,,0,0,,z
2022Q3,,S08000022,,S12000035,,Transfers,,1,,152,913,6.00657894736842,,0,0,,z
2022Q4,p,S08000022,,S12000035,,Transfers,,1,,184,961,5.22282608695652,,0,0,,z
2017Q4,,S08000022,,S12000035,,Transfers,,2,,183,1220,6.66666666666667,,0,0,,z
2018Q1,,S08000022,,S12000035,,Transfers,,2,,215,919,4.27441860465116,,0,0,,z
2018Q2,,S08000022,,S12000035,,Transfers,,2,,200,1115,5.575,,0,0,,z
2018Q3,,S08000022,,S12000035,,Transfers,,2,,258,1440,5.58139534883721,,0,0,,z
2018Q4,,S08000022,,S12000035,,Transfers,,2,,277,1910,6.89530685920578,,0,0,,z
2019Q1,,S08000022,,S12000035,,Transfers,,2,,208,1123,5.39903846153846,,0,0,,z
2019Q2,,S08000022,,S12000035,,Transfers,,2,,263,1420,5.39923954372624,,0,0,,z
2019Q3,,S08000022,,S12000035,,Transfers,,2,,224,986,4.40178571428571,,0,0,,z
2019Q4,,S08000022,,S12000035,,Transfers,,2,,248,1139,4.59274193548387,,0,0,,z
2020Q1,,S08000022,,S12000035,,Transfers,,2,,268,1376,5.13432835820895,,0,0,,z
2020Q2,,S08000022,,S12000035,,Transfers,,2,,198,733,3.7020202020202,,0,0,,z
2020Q3,,S08000022,,S12000035,,Transfers,,2,,219,1036,4.73059360730594,,0,0,,z
2020Q4,,S08000022,,S12000035,,Transfers,,2,,200,873,4.365,,0,0,,z
2021Q1,,S08000022,,S12000035,,Transfers,,2,,237,1279,5.39662447257384,,0,0,,z
2021Q2,,S08000022,,S12000035,,Transfers,,2,,209,1111,5.31578947368421,,0,0,,z
2021Q3,,S08000022,,S12000035,,Transfers,,2,,278,1415,5.08992805755396,,0,0,,z
2021Q4,,S08000022,,S12000035,,Transfers,,2,,278,1467,5.27697841726619,,0,0,,z
2022Q1,,S08000022,,S12000035,,Transfers,,2,,247,1154,4.67206477732794,,0,0,,z
2022Q2,,S08000022,,S12000035,,Transfers,,2,,284,1483,5.22183098591549,,0,0,,z
2022Q3,,S08000022,,S12000035,,Transfers,,2,,251,1617,6.44223107569721,,0,0,,z
2022Q4,p,S08000022,,S12000035,,Transfers,,2,,250,1677,6.708,,0,0,,z
2017Q4,,S08000022,,S12000035,,Transfers,,3,,494,2715,5.49595141700405,,0,0,,z
2018Q1,,S08000022,,S12000035,,Transfers,,3,,556,3347,6.01978417266187,,0,0,,z
2018Q2,,S08000022,,S12000035,,Transfers,,3,,449,2260,5.03340757238307,,0,0,,z
2018Q3,,S08000022,,S12000035,,Transfers,,3,,518,2429,4.68918918918919,,0,0,,z
2018Q4,,S08000022,,S12000035,,Transfers,,3,,495,2337,4.72121212121212,,0,0,,z
2019Q1,,S08000022,,S12000035,,Transfers,,3,,496,2605,5.25201612903226,,0,0,,z
2019Q2,,S08000022,,S12000035,,Transfers,,3,,479,2600,5.42797494780793,,0,0,,z
2019Q3,,S08000022,,S12000035,,Transfers,,3,,545,2726,5.00183486238532,,0,0,,z
2019Q4,,S08000022,,S12000035,,Transfers,,3,,653,3261,4.99387442572741,,0,0,,z
2020Q1,,S08000022,,S12000035,,Transfers,,3,,641,3611,5.63338533541342,,0,0,,z
2020Q2,,S08000022,,S12000035,,Transfers,,3,,384,1865,4.85677083333333,,0,0,,z
2020Q3,,S08000022,,S12000035,,Transfers,,3,,546,2306,4.22344322344322,,0,0,,z
2020Q4,,S08000022,,S12000035,,Transfers,,3,,525,2461,4.68761904761905,,0,0,,z
2021Q1,,S08000022,,S12000035,,Transfers,,3,,453,2276,5.0242825607064,,0,0,,z
2021Q2,,S08000022,,S12000035,,Transfers,,3,,520,2514,4.83461538461538,,0,0,,z
2021Q3,,S08000022,,S12000035,,Transfers,,3,,545,2842,5.21467889908257,,0,0,,z
2021Q4,,S08000022,,S12000035,,Transfers,,3,,666,3791,5.69219219219219,,0,0,,z
2022Q1,,S08000022,,S12000035,,Transfers,,3,,613,3413,5.56769983686786,,0,0,,z
2022Q2,,S08000022,,S12000035,,Transfers,,3,,675,4712,6.98074074074074,,0,0,,z
2022Q3,,S08000022,,S12000035,,Transfers,,3,,569,3302,5.80316344463972,,0,0,,z
2022Q4,p,S08000022,,S12000035,,Transfers,,3,,612,3663,5.98529411764706,,0,0,,z
2017Q4,,S08000022,,S12000035,,Transfers,,4,,303,1531,5.05280528052805,,0,0,,z
2018Q1,,S08000022,,S12000035,,Transfers,,4,,298,1561,5.23825503355705,,0,0,,z
2018Q2,,S08000022,,S12000035,,Transfers,,4,,305,1806,5.92131147540984,,0,0,,z
2018Q3,,S08000022,,S12000035,,Transfers,,4,,329,1463,4.4468085106383,,0,0,,z
2018Q4,,S08000022,,S12000035,,Transfers,,4,,304,1434,4.7171052631579,,0,0,,z
2019Q1,,S08000022,,S12000035,,Transfers,,4,,292,1315,4.50342465753425,,0,0,,z
2019Q2,,S08000022,,S12000035,,Transfers,,4,,261,1469,5.62835249042146,,0,0,,z
2019Q3,,S08000022,,S12000035,,Transfers,,4,,298,1431,4.80201342281879,,0,0,,z
2019Q4,,S08000022,,S12000035,,Transfers,,4,,311,1481,4.7620578778135,,0,0,,z
2020Q1,,S08000022,,S12000035,,Transfers,,4,,327,1315,4.02140672782875,,0,0,,z
2020Q2,,S08000022,,S12000035,,Transfers,,4,,182,759,4.17032967032967,,0,0,,z
2020Q3,,S08000022,,S12000035,,Transfers,,4,,308,1195,3.87987012987013,,0,0,,z
2020Q4,,S08000022,,S12000035,,Transfers,,4,,363,1623,4.47107438016529,,0,0,,z
2021Q1,,S08000022,,S12000035,,Transfers,,4,,282,1453,5.15248226950355,,0,0,,z
2021Q2,,S08000022,,S12000035,,Transfers,,4,,349,1506,4.31518624641834,,0,0,,z
2021Q3,,S08000022,,S12000035,,Transfers,,4,,310,1438,4.63870967741935,,0,0,,z
2021Q4,,S08000022,,S12000035,,Transfers,,4,,325,1955,6.01538461538462,,0,0,,z
2022Q1,,S08000022,,S12000035,,Transfers,,4,,364,1764,4.84615384615385,,0,0,,z
2022Q2,,S08000022,,S12000035,,Transfers,,4,,405,2004,4.94814814814815,,0,0,,z
2022Q3,,S08000022,,S12000035,,Transfers,,4,,297,1817,6.11784511784512,,0,0,,z
2022Q4,p,S08000022,,S12000035,,Transfers,,4,,396,1886,4.76262626262626,,0,0,,z
2017Q4,,S08000022,,S12000035,,Transfers,,5,,178,590,3.31460674157303,,0,0,,z
2018Q1,,S08000022,,S12000035,,Transfers,,5,,173,955,5.5202312138728296,,0,0,,z
2018Q2,,S08000022,,S12000035,,Transfers,,5,,183,879,4.80327868852459,,0,0,,z
2018Q3,,S08000022,,S12000035,,Transfers,,5,,161,722,4.48447204968944,,0,0,,z
2018Q4,,S08000022,,S12000035,,Transfers,,5,,169,828,4.89940828402367,,0,0,,z
2019Q1,,S08000022,,S12000035,,Transfers,,5,,171,1015,5.93567251461988,,0,0,,z
2019Q2,,S08000022,,S12000035,,Transfers,,5,,152,666,4.38157894736842,,0,0,,z
2019Q3,,S08000022,,S12000035,,Transfers,,5,,234,884,3.77777777777778,,0,0,,z
2019Q4,,S08000022,,S12000035,,Transfers,,5,,173,759,4.38728323699422,,0,0,,z
2020Q1,,S08000022,,S12000035,,Transfers,,5,,177,746,4.21468926553672,,0,0,,z
2020Q2,,S08000022,,S12000035,,Transfers,,5,,117,576,4.92307692307692,,0,0,,z
2020Q3,,S08000022,,S12000035,,Transfers,,5,,138,584,4.23188405797101,,0,0,,z
2020Q4,,S08000022,,S12000035,,Transfers,,5,,153,787,5.1437908496732,,0,0,,z
2021Q1,,S08000022,,S12000035,,Transfers,,5,,174,924,5.31034482758621,,0,0,,z
2021Q2,,S08000022,,S12000035,,Transfers,,5,,181,866,4.78453038674033,,0,0,,z
2021Q3,,S08000022,,S12000035,,Transfers,,5,,197,1150,5.83756345177665,,0,0,,z
2021Q4,,S08000022,,S12000035,,Transfers,,5,,205,864,4.21463414634146,,0,0,,z
2022Q1,,S08000022,,S12000035,,Transfers,,5,,265,1131,4.26792452830189,,0,0,,z
2022Q2,,S08000022,,S12000035,,Transfers,,5,,204,981,4.80882352941176,,0,0,,z
2022Q3,,S08000022,,S12000035,,Transfers,,5,,161,1029,6.39130434782609,,0,0,,z
2022Q4,p,S08000022,,S12000035,,Transfers,,5,,195,1236,6.33846153846154,,0,0,,z
2017Q4,,S08000022,,S12000017,,Transfers,,1,,615,3908,6.35447154471545,,0,0,,z
2018Q1,,S08000022,,S12000017,,Transfers,,1,,623,3524,5.65650080256822,,0,0,,z
2018Q2,,S08000022,,S12000017,,Transfers,,1,,614,3373,5.49348534201954,,0,0,,z
2018Q3,,S08000022,,S12000017,,Transfers,,1,,568,3957,6.96654929577465,,0,0,,z
2018Q4,,S08000022,,S12000017,,Transfers,,1,,568,3500,6.16197183098592,,0,0,,z
2019Q1,,S08000022,,S12000017,,Transfers,,1,,490,2946,6.01224489795918,,0,0,,z
2019Q2,,S08000022,,S12000017,,Transfers,,1,,529,3858,7.2930056710775,,0,0,,z
2019Q3,,S08000022,,S12000017,,Transfers,,1,,601,3761,6.25790349417637,,0,0,,z
2019Q4,,S08000022,,S12000017,,Transfers,,1,,617,4604,7.46191247974068,,0,0,,z
2020Q1,,S08000022,,S12000017,,Transfers,,1,,512,3537,6.908203125,,0,0,,z
2020Q2,,S08000022,,S12000017,,Transfers,,1,,469,2966,6.32409381663113,,0,0,,z
2020Q3,,S08000022,,S12000017,,Transfers,,1,,639,3011,4.71205007824726,,0,0,,z
2020Q4,,S08000022,,S12000017,,Transfers,,1,,635,3701,5.82834645669291,,0,0,,z
2021Q1,,S08000022,,S12000017,,Transfers,,1,,694,4101,5.90922190201729,,0,0,,z
2021Q2,,S08000022,,S12000017,,Transfers,,1,,620,3470,5.59677419354839,,0,0,,z
2021Q3,,S08000022,,S12000017,,Transfers,,1,,627,3884,6.19457735247209,,0,0,,z
2021Q4,,S08000022,,S12000017,,Transfers,,1,,561,4234,7.54723707664884,,0,0,,z
2022Q1,,S08000022,,S12000017,,Transfers,,1,,592,4175,7.05236486486486,,0,0,,z
2022Q2,,S08000022,,S12000017,,Transfers,,1,,597,4263,7.14070351758794,,0,0,,z
2022Q3,,S08000022,,S12000017,,Transfers,,1,,626,5105,8.15495207667732,,0,0,,z
2022Q4,p,S08000022,,S12000017,,Transfers,,1,,592,5783,9.76858108108108,,0,0,,z
2017Q4,,S08000022,,S12000017,,Transfers,,2,,909,7355,8.09130913091309,,0,0,,z
2018Q1,,S08000022,,S12000017,,Transfers,,2,,932,6087,6.53111587982833,,0,0,,z
2018Q2,,S08000022,,S12000017,,Transfers,,2,,823,5170,6.28189550425273,,0,0,,z
2018Q3,,S08000022,,S12000017,,Transfers,,2,,833,5465,6.56062424969988,,0,0,,z
2018Q4,,S08000022,,S12000017,,Transfers,,2,,921,5647,6.1313789359392,,0,0,,z
2019Q1,,S08000022,,S12000017,,Transfers,,2,,885,5543,6.26327683615819,,0,0,,z
2019Q2,,S08000022,,S12000017,,Transfers,,2,,842,5887,6.9916864608076,,0,0,,z
2019Q3,,S08000022,,S12000017,,Transfers,,2,,858,6623,7.71911421911422,,0,0,,z
2019Q4,,S08000022,,S12000017,,Transfers,,2,,823,5821,7.07290400972053,,0,0,,z
2020Q1,,S08000022,,S12000017,,Transfers,,2,,942,7489,7.95010615711253,,0,0,,z
2020Q2,,S08000022,,S12000017,,Transfers,,2,,753,4537,6.02523240371846,,0,0,,z
2020Q3,,S08000022,,S12000017,,Transfers,,2,,989,5173,5.23053589484328,,0,0,,z
2020Q4,,S08000022,,S12000017,,Transfers,,2,,1009,5861,5.80872150644202,,0,0,,z
2021Q1,,S08000022,,S12000017,,Transfers,,2,,984,5899,5.99491869918699,,0,0,,z
2021Q2,,S08000022,,S12000017,,Transfers,,2,,965,6169,6.39274611398964,,0,0,,z
2021Q3,,S08000022,,S12000017,,Transfers,,2,,1003,6213,6.19441674975075,,0,0,,z
2021Q4,,S08000022,,S12000017,,Transfers,,2,,822,5987,7.28345498783455,,0,0,,z
2022Q1,,S08000022,,S12000017,,Transfers,,2,,904,6211,6.87057522123894,,0,0,,z
2022Q2,,S08000022,,S12000017,,Transfers,,2,,919,6507,7.08052230685528,,0,0,,z
2022Q3,,S08000022,,S12000017,,Transfers,,2,,950,5305,5.58421052631579,,0,0,,z
2022Q4,p,S08000022,,S12000017,,Transfers,,2,,857,6509,7.5950991831972,,0,0,,z
2017Q4,,S08000022,,S12000017,,Transfers,,3,,1374,9386,6.8311499272198,,0,0,,z
2018Q1,,S08000022,,S12000017,,Transfers,,3,,1358,8407,6.19072164948454,,0,0,,z
2018Q2,,S08000022,,S12000017,,Transfers,,3,,1368,9099,6.65131578947368,,0,0,,z
2018Q3,,S08000022,,S12000017,,Transfers,,3,,1378,8836,6.4121915820029,,0,0,,z
2018Q4,,S08000022,,S12000017,,Transfers,,3,,1442,9352,6.48543689320388,,0,0,,z
2019Q1,,S08000022,,S12000017,,Transfers,,3,,1418,8760,6.17771509167842,,0,0,,z
2019Q2,,S08000022,,S12000017,,Transfers,,3,,1362,10060,7.38619676945668,,0,0,,z
2019Q3,,S08000022,,S12000017,,Transfers,,3,,1412,10012,7.09065155807365,,0,0,,z
2019Q4,,S08000022,,S12000017,,Transfers,,3,,1469,9081,6.18175629680054,,0,0,,z
2020Q1,,S08000022,,S12000017,,Transfers,,3,,1364,10899,7.99046920821114,,0,0,,z
2020Q2,,S08000022,,S12000017,,Transfers,,3,,1153,5954,5.16392020815265,,0,0,,z
2020Q3,,S08000022,,S12000017,,Transfers,,3,,1484,8093,5.45350404312669,,0,0,,z
2020Q4,,S08000022,,S12000017,,Transfers,,3,,1519,8776,5.77748518762344,,0,0,,z
2021Q1,,S08000022,,S12000017,,Transfers,,3,,1598,9742,6.09637046307885,,0,0,,z
2021Q2,,S08000022,,S12000017,,Transfers,,3,,1647,9099,5.52459016393443,,0,0,,z
2021Q3,,S08000022,,S12000017,,Transfers,,3,,1643,9867,6.00547778454047,,0,0,,z
2021Q4,,S08000022,,S12000017,,Transfers,,3,,1662,10669,6.4193742478941,,0,0,,z
2022Q1,,S08000022,,S12000017,,Transfers,,3,,1490,8773,5.88791946308725,,0,0,,z
2022Q2,,S08000022,,S12000017,,Transfers,,3,,1590,10459,6.57798742138365,,0,0,,z
2022Q3,,S08000022,,S12000017,,Transfers,,3,,1515,9764,6.44488448844884,,0,0,,z
2022Q4,p,S08000022,,S12000017,,Transfers,,3,,1443,9693,6.71725571725572,,0,0,,z
2017Q4,,S08000022,,S12000017,,Transfers,,4,,1035,7363,7.11400966183575,,0,0,,z
2018Q1,,S08000022,,S12000017,,Transfers,,4,,1119,7472,6.67739052725648,,0,0,,z
2018Q2,,S08000022,,S12000017,,Transfers,,4,,1171,6927,5.91545687446627,,0,0,,z
2018Q3,,S08000022,,S12000017,,Transfers,,4,,1100,7218,6.56181818181818,,0,0,,z
2018Q4,,S08000022,,S12000017,,Transfers,,4,,1129,6670,5.90788308237378,,0,0,,z
2019Q1,,S08000022,,S12000017,,Transfers,,4,,1120,8151,7.27767857142857,,0,0,,z
2019Q2,,S08000022,,S12000017,,Transfers,,4,,1181,7049,5.96867061812024,,0,0,,z
2019Q3,,S08000022,,S12000017,,Transfers,,4,,1097,6056,5.52051048313583,,0,0,,z
2019Q4,,S08000022,,S12000017,,Transfers,,4,,1295,7473,5.77065637065637,,0,0,,z
2020Q1,,S08000022,,S12000017,,Transfers,,4,,1138,7918,6.95782073813708,,0,0,,z
2020Q2,,S08000022,,S12000017,,Transfers,,4,,1091,5992,5.49220898258478,,0,0,,z
2020Q3,,S08000022,,S12000017,,Transfers,,4,,1327,6912,5.2087415222306,,0,0,,z
2020Q4,,S08000022,,S12000017,,Transfers,,4,,1340,8101,6.0455223880597,,0,0,,z
2021Q1,,S08000022,,S12000017,,Transfers,,4,,1332,8425,6.32507507507508,,0,0,,z
2021Q2,,S08000022,,S12000017,,Transfers,,4,,1475,7348,4.98169491525424,,0,0,,z
2021Q3,,S08000022,,S12000017,,Transfers,,4,,1312,7170,5.46493902439024,,0,0,,z
2021Q4,,S08000022,,S12000017,,Transfers,,4,,1254,8499,6.77751196172249,,0,0,,z
2022Q1,,S08000022,,S12000017,,Transfers,,4,,1247,7504,6.01764234161989,,0,0,,z
2022Q2,,S08000022,,S12000017,,Transfers,,4,,1306,8783,6.72511485451761,,0,0,,z
2022Q3,,S08000022,,S12000017,,Transfers,,4,,1261,8062,6.39333862014274,,0,0,,z
2022Q4,p,S08000022,,S12000017,,Transfers,,4,,1324,8661,6.54154078549849,,0,0,,z
2017Q4,,S08000022,,S12000017,,Transfers,,5,,269,1665,6.18959107806691,,0,0,,z
2018Q1,,S08000022,,S12000017,,Transfers,,5,,326,2167,6.64723926380368,,0,0,,z
2018Q2,,S08000022,,S12000017,,Transfers,,5,,279,1684,6.03584229390681,,0,0,,z
2018Q3,,S08000022,,S12000017,,Transfers,,5,,297,1982,6.67340067340067,,0,0,,z
2018Q4,,S08000022,,S12000017,,Transfers,,5,,312,2028,6.5,,0,0,,z
2019Q1,,S08000022,,S12000017,,Transfers,,5,,317,1674,5.2807570977918,,0,0,,z
2019Q2,,S08000022,,S12000017,,Transfers,,5,,292,1589,5.44178082191781,,0,0,,z
2019Q3,,S08000022,,S12000017,,Transfers,,5,,258,1736,6.72868217054264,,0,0,,z
2019Q4,,S08000022,,S12000017,,Transfers,,5,,346,2734,7.90173410404624,,0,0,,z
2020Q1,,S08000022,,S12000017,,Transfers,,5,,306,2448,8,,0,0,,z
2020Q2,,S08000022,,S12000017,,Transfers,,5,,228,1481,6.49561403508772,,0,0,,z
2020Q3,,S08000022,,S12000017,,Transfers,,5,,314,1634,5.20382165605096,,0,0,,z
2020Q4,,S08000022,,S12000017,,Transfers,,5,,380,1627,4.28157894736842,,0,0,,z
2021Q1,,S08000022,,S12000017,,Transfers,,5,,306,1498,4.89542483660131,,0,0,,z
2021Q2,,S08000022,,S12000017,,Transfers,,5,,333,1408,4.22822822822823,,0,0,,z
2021Q3,,S08000022,,S12000017,,Transfers,,5,,321,1911,5.95327102803738,,0,0,,z
2021Q4,,S08000022,,S12000017,,Transfers,,5,,249,1552,6.23293172690763,,0,0,,z
2022Q1,,S08000022,,S12000017,,Transfers,,5,,343,2398,6.99125364431487,,0,0,,z
2022Q2,,S08000022,,S12000017,,Transfers,,5,,366,2207,6.03005464480874,,0,0,,z
2022Q3,,S08000022,,S12000017,,Transfers,,5,,362,2703,7.46685082872928,,0,0,,z
2022Q4,p,S08000022,,S12000017,,Transfers,,5,,276,3117,11.2934782608696,,0,0,,z
2017Q4,,S08000022,,S08000022,d,Transfers,,1,,784,4600,5.86734693877551,,0,0,,z
2018Q1,,S08000022,,S08000022,d,Transfers,,1,,803,4429,5.51556662515567,,0,0,,z
2018Q2,,S08000022,,S08000022,d,Transfers,,1,,789,4604,5.83523447401774,,0,0,,z
2018Q3,,S08000022,,S08000022,d,Transfers,,1,,724,4809,6.64226519337017,,0,0,,z
2018Q4,,S08000022,,S08000022,d,Transfers,,1,,733,4193,5.72032742155525,,0,0,,z
2019Q1,,S08000022,,S08000022,d,Transfers,,1,,654,3801,5.81192660550459,,0,0,,z
2019Q2,,S08000022,,S08000022,d,Transfers,,1,,655,4436,6.7725190839694704,,0,0,,z
2019Q3,,S08000022,,S08000022,d,Transfers,,1,,768,4446,5.7890625,,0,0,,z
2019Q4,,S08000022,,S08000022,d,Transfers,,1,,794,5498,6.92443324937028,,0,0,,z
2020Q1,,S08000022,,S08000022,d,Transfers,,1,,699,4512,6.4549356223176,,0,0,,z
2020Q2,,S08000022,,S08000022,d,Transfers,,1,,637,3724,5.84615384615385,,0,0,,z
2020Q3,,S08000022,,S08000022,d,Transfers,,1,,824,3828,4.64563106796117,,0,0,,z
2020Q4,,S08000022,,S08000022,d,Transfers,,1,,803,4671,5.81693648816936,,0,0,,z
2021Q1,,S08000022,,S08000022,d,Transfers,,1,,864,4979,5.76273148148148,,0,0,,z
2021Q2,,S08000022,,S08000022,d,Transfers,,1,,771,4453,5.77561608300908,,0,0,,z
2021Q3,,S08000022,,S08000022,d,Transfers,,1,,800,4859,6.07375,,0,0,,z
2021Q4,,S08000022,,S08000022,d,Transfers,,1,,754,5297,7.02519893899204,,0,0,,z
2022Q1,,S08000022,,S08000022,d,Transfers,,1,,813,5627,6.92127921279213,,0,0,,z
2022Q2,,S08000022,,S08000022,d,Transfers,,1,,734,4965,6.76430517711172,,0,0,,z
2022Q3,,S08000022,,S08000022,d,Transfers,,1,,778,6018,7.73521850899743,,0,0,,z
2022Q4,p,S08000022,,S08000022,d,Transfers,,1,,776,6744,8.69072164948454,,0,0,,z
2017Q4,,S08000022,,S08000022,d,Transfers,,2,,1092,8575,7.8525641025641,,0,0,,z
2018Q1,,S08000022,,S08000022,d,Transfers,,2,,1147,7006,6.10810810810811,,0,0,,z
2018Q2,,S08000022,,S08000022,d,Transfers,,2,,1023,6285,6.14369501466276,,0,0,,z
2018Q3,,S08000022,,S08000022,d,Transfers,,2,,1091,6905,6.32905591200733,,0,0,,z
2018Q4,,S08000022,,S08000022,d,Transfers,,2,,1198,7557,6.30801335559265,,0,0,,z
2019Q1,,S08000022,,S08000022,d,Transfers,,2,,1093,6666,6.09881061299177,,0,0,,z
2019Q2,,S08000022,,S08000022,d,Transfers,,2,,1105,7307,6.61266968325792,,0,0,,z
2019Q3,,S08000022,,S08000022,d,Transfers,,2,,1082,7609,7.03234750462107,,0,0,,z
2019Q4,,S08000022,,S08000022,d,Transfers,,2,,1071,6960,6.49859943977591,,0,0,,z
2020Q1,,S08000022,,S08000022,d,Transfers,,2,,1210,8865,7.32644628099174,,0,0,,z
2020Q2,,S08000022,,S08000022,d,Transfers,,2,,951,5270,5.54153522607781,,0,0,,z
2020Q3,,S08000022,,S08000022,d,Transfers,,2,,1208,6209,5.13990066225166,,0,0,,z
2020Q4,,S08000022,,S08000022,d,Transfers,,2,,1209,6734,5.56989247311828,,0,0,,z
2021Q1,,S08000022,,S08000022,d,Transfers,,2,,1221,7178,5.87878787878788,,0,0,,z
2021Q2,,S08000022,,S08000022,d,Transfers,,2,,1174,7280,6.20102214650767,,0,0,,z
2021Q3,,S08000022,,S08000022,d,Transfers,,2,,1281,7628,5.95472287275566,,0,0,,z
2021Q4,,S08000022,,S08000022,d,Transfers,,2,,1100,7454,6.77636363636364,,0,0,,z
2022Q1,,S08000022,,S08000022,d,Transfers,,2,,1151,7365,6.39878366637706,,0,0,,z
2022Q2,,S08000022,,S08000022,d,Transfers,,2,,1203,7990,6.64172901080632,,0,0,,z
2022Q3,,S08000022,,S08000022,d,Transfers,,2,,1201,6922,5.76353039134055,,0,0,,z
2022Q4,p,S08000022,,S08000022,d,Transfers,,2,,1107,8186,7.39476061427281,,0,0,,z
2017Q4,,S08000022,,S08000022,d,Transfers,,3,,1868,12101,6.47805139186296,,0,0,,z
2018Q1,,S08000022,,S08000022,d,Transfers,,3,,1914,11754,6.141065830721,,0,0,,z
2018Q2,,S08000022,,S08000022,d,Transfers,,3,,1817,11359,6.25151348376445,,0,0,,z
2018Q3,,S08000022,,S08000022,d,Transfers,,3,,1896,11265,5.94145569620253,,0,0,,z
2018Q4,,S08000022,,S08000022,d,Transfers,,3,,1937,11689,6.03458957150232,,0,0,,z
2019Q1,,S08000022,,S08000022,d,Transfers,,3,,1914,11365,5.93782654127482,,0,0,,z
2019Q2,,S08000022,,S08000022,d,Transfers,,3,,1841,12660,6.87669744703965,,0,0,,z
2019Q3,,S08000022,,S08000022,d,Transfers,,3,,1957,12738,6.50894225855902,,0,0,,z
2019Q4,,S08000022,,S08000022,d,Transfers,,3,,2122,12342,5.81621112158341,,0,0,,z
2020Q1,,S08000022,,S08000022,d,Transfers,,3,,2005,14510,7.23690773067332,,0,0,,z
2020Q2,,S08000022,,S08000022,d,Transfers,,3,,1537,7819,5.0871828236825,,0,0,,z
2020Q3,,S08000022,,S08000022,d,Transfers,,3,,2030,10399,5.12266009852217,,0,0,,z
2020Q4,,S08000022,,S08000022,d,Transfers,,3,,2044,11237,5.49755381604697,,0,0,,z
2021Q1,,S08000022,,S08000022,d,Transfers,,3,,2051,12018,5.8595806923452,,0,0,,z
2021Q2,,S08000022,,S08000022,d,Transfers,,3,,2167,11613,5.35902168897093,,0,0,,z
2021Q3,,S08000022,,S08000022,d,Transfers,,3,,2188,12709,5.80850091407678,,0,0,,z
2021Q4,,S08000022,,S08000022,d,Transfers,,3,,2328,14460,6.21134020618557,,0,0,,z
2022Q1,,S08000022,,S08000022,d,Transfers,,3,,2103,12186,5.79457917261056,,0,0,,z
2022Q2,,S08000022,,S08000022,d,Transfers,,3,,2265,15171,6.69801324503311,,0,0,,z
2022Q3,,S08000022,,S08000022,d,Transfers,,3,,2084,13066,6.26967370441459,,0,0,,z
2022Q4,p,S08000022,,S08000022,d,Transfers,,3,,2055,13356,6.4992700729927,,0,0,,z
2017Q4,,S08000022,,S08000022,d,Transfers,,4,,1338,8894,6.64723467862481,,0,0,,z
2018Q1,,S08000022,,S08000022,d,Transfers,,4,,1417,9033,6.37473535638673,,0,0,,z
2018Q2,,S08000022,,S08000022,d,Transfers,,4,,1476,8733,5.91666666666667,,0,0,,z
2018Q3,,S08000022,,S08000022,d,Transfers,,4,,1429,8681,6.07487753673898,,0,0,,z
2018Q4,,S08000022,,S08000022,d,Transfers,,4,,1433,8104,5.65526866713189,,0,0,,z
2019Q1,,S08000022,,S08000022,d,Transfers,,4,,1412,9466,6.70396600566572,,0,0,,z
2019Q2,,S08000022,,S08000022,d,Transfers,,4,,1442,8518,5.90707350901526,,0,0,,z
2019Q3,,S08000022,,S08000022,d,Transfers,,4,,1395,7487,5.36702508960574,,0,0,,z
2019Q4,,S08000022,,S08000022,d,Transfers,,4,,1606,8954,5.57534246575342,,0,0,,z
2020Q1,,S08000022,,S08000022,d,Transfers,,4,,1465,9233,6.30238907849829,,0,0,,z
2020Q2,,S08000022,,S08000022,d,Transfers,,4,,1273,6751,5.3032207384132,,0,0,,z
2020Q3,,S08000022,,S08000022,d,Transfers,,4,,1635,8107,4.95840978593272,,0,0,,z
2020Q4,,S08000022,,S08000022,d,Transfers,,4,,1703,9724,5.70992366412214,,0,0,,z
2021Q1,,S08000022,,S08000022,d,Transfers,,4,,1614,9878,6.12019826517968,,0,0,,z
2021Q2,,S08000022,,S08000022,d,Transfers,,4,,1824,8854,4.85416666666667,,0,0,,z
2021Q3,,S08000022,,S08000022,d,Transfers,,4,,1622,8608,5.30702836004932,,0,0,,z
2021Q4,,S08000022,,S08000022,d,Transfers,,4,,1579,10454,6.62064597846738,,0,0,,z
2022Q1,,S08000022,,S08000022,d,Transfers,,4,,1611,9268,5.75294847920546,,0,0,,z
2022Q2,,S08000022,,S08000022,d,Transfers,,4,,1711,10787,6.30450029222677,,0,0,,z
2022Q3,,S08000022,,S08000022,d,Transfers,,4,,1558,9879,6.3408215661104,,0,0,,z
2022Q4,p,S08000022,,S08000022,d,Transfers,,4,,1720,10547,6.13197674418605,,0,0,,z
2017Q4,,S08000022,,S08000022,d,Transfers,,5,,447,2255,5.04474272930649,,0,0,,z
2018Q1,,S08000022,,S08000022,d,Transfers,,5,,499,3122,6.2565130260521,,0,0,,z
2018Q2,,S08000022,,S08000022,d,Transfers,,5,,462,2563,5.54761904761905,,0,0,,z
2018Q3,,S08000022,,S08000022,d,Transfers,,5,,458,2704,5.90393013100437,,0,0,,z
2018Q4,,S08000022,,S08000022,d,Transfers,,5,,481,2856,5.93762993762994,,0,0,,z
2019Q1,,S08000022,,S08000022,d,Transfers,,5,,488,2689,5.51024590163934,,0,0,,z
2019Q2,,S08000022,,S08000022,d,Transfers,,5,,444,2255,5.07882882882883,,0,0,,z
2019Q3,,S08000022,,S08000022,d,Transfers,,5,,492,2620,5.32520325203252,,0,0,,z
2019Q4,,S08000022,,S08000022,d,Transfers,,5,,519,3493,6.73025048169557,,0,0,,z
2020Q1,,S08000022,,S08000022,d,Transfers,,5,,483,3194,6.6128364389234,,0,0,,z
2020Q2,,S08000022,,S08000022,d,Transfers,,5,,345,2057,5.96231884057971,,0,0,,z
2020Q3,,S08000022,,S08000022,d,Transfers,,5,,452,2218,4.9070796460177,,0,0,,z
2020Q4,,S08000022,,S08000022,d,Transfers,,5,,533,2414,4.52908067542214,,0,0,,z
2021Q1,,S08000022,,S08000022,d,Transfers,,5,,480,2422,5.04583333333333,,0,0,,z
2021Q2,,S08000022,,S08000022,d,Transfers,,5,,514,2274,4.42412451361868,,0,0,,z
2021Q3,,S08000022,,S08000022,d,Transfers,,5,,518,3061,5.90926640926641,,0,0,,z
2021Q4,,S08000022,,S08000022,d,Transfers,,5,,454,2416,5.3215859030837,,0,0,,z
2022Q1,,S08000022,,S08000022,d,Transfers,,5,,608,3529,5.80427631578947,,0,0,,z
2022Q2,,S08000022,,S08000022,d,Transfers,,5,,570,3188,5.59298245614035,,0,0,,z
2022Q3,,S08000022,,S08000022,d,Transfers,,5,,523,3732,7.1357552581262,,0,0,,z
2022Q4,p,S08000022,,S08000022,d,Transfers,,5,,471,4353,9.24203821656051,,0,0,,z
2017Q4,,S08000032,,S08000032,d,Transfers,,1,,6445,27808,4.31466252909232,,0,0,,z
2018Q1,,S08000032,,S08000032,d,Transfers,,1,,6353,28584,4.49929167322525,,0,0,,z
2018Q2,,S08000032,,S08000032,d,Transfers,,1,,6039,27088,4.48551084616658,,0,0,,z
2018Q3,,S08000032,,S08000032,d,Transfers,,1,,6062,26935,4.44325305179809,,0,0,,z
2018Q4,,S08000032,,S08000032,d,Transfers,,1,,6431,27839,4.32887575804696,,0,0,,z
2019Q1,,S08000032,,S08000032,d,Transfers,,1,,7049,28556,4.05107107391119,,0,0,,z
2019Q2,,S08000032,,S08000032,d,Transfers,,1,,6534,28374,4.3425160697888,,0,0,,z
2019Q3,,S08000032,,S08000032,d,Transfers,,1,,6642,29702,4.47184582956941,,0,0,,z
2019Q4,,S08000032,,S08000032,d,Transfers,,1,,6939,30045,4.32987462170342,,0,0,,z
2020Q1,,S08000032,,S08000032,d,Transfers,,1,,6811,32032,4.70298047276465,,0,0,,z
2020Q2,,S08000032,,S08000032,d,Transfers,,1,,4903,20912,4.26514378951662,,0,0,,z
2020Q3,,S08000032,,S08000032,d,Transfers,,1,,5578,23909,4.2863033345285,,0,0,,z
2020Q4,,S08000032,,S08000032,d,Transfers,,1,,5486,26085,4.75483047757929,,0,0,,z
2021Q1,,S08000032,,S08000032,d,Transfers,,1,,5413,25707,4.74912248291151,,0,0,,z
2021Q2,,S08000032,,S08000032,d,Transfers,,1,,5993,27463,4.58251293175371,,0,0,,z
2021Q3,,S08000032,,S08000032,d,Transfers,,1,,6370,29084,4.56577708006279,,0,0,,z
2021Q4,,S08000032,,S08000032,d,Transfers,,1,,6395,31048,4.85504300234558,,0,0,,z
2022Q1,,S08000032,,S08000032,d,Transfers,,1,,6140,29567,4.81547231270358,,0,0,,z
2022Q2,,S08000032,,S08000032,d,Transfers,,1,,6290,30283,4.81446740858506,,0,0,,z
2022Q3,,S08000032,,S08000032,d,Transfers,,1,,6103,30833,5.05210552187449,,0,0,,z
2022Q4,p,S08000032,,S08000032,d,Transfers,,1,,6316,29960,4.74350854971501,,0,0,,z
2017Q4,,S08000032,,S08000032,d,Transfers,,2,,5107,25508,4.99471313882906,,0,0,,z
2018Q1,,S08000032,,S08000032,d,Transfers,,2,,5330,27286,5.11932457786116,,0,0,,z
2018Q2,,S08000032,,S08000032,d,Transfers,,2,,4886,24139,4.94044207941056,,0,0,,z
2018Q3,,S08000032,,S08000032,d,Transfers,,2,,4704,22209,4.72130102040816,,0,0,,z
2018Q4,,S08000032,,S08000032,d,Transfers,,2,,5282,24610,4.65921999242711,,0,0,,z
2019Q1,,S08000032,,S08000032,d,Transfers,,2,,5264,23549,4.47359422492401,,0,0,,z
2019Q2,,S08000032,,S08000032,d,Transfers,,2,,5372,22858,4.25502606105733,,0,0,,z
2019Q3,,S08000032,,S08000032,d,Transfers,,2,,5356,25171,4.69958924570575,,0,0,,z
2019Q4,,S08000032,,S08000032,d,Transfers,,2,,5613,25836,4.60288615713522,,0,0,,z
2020Q1,,S08000032,,S08000032,d,Transfers,,2,,5275,26315,4.98862559241706,,0,0,,z
2020Q2,,S08000032,,S08000032,d,Transfers,,2,,3931,16465,4.18850165352328,,0,0,,z
2020Q3,,S08000032,,S08000032,d,Transfers,,2,,4818,21057,4.37048567870486,,0,0,,z
2020Q4,,S08000032,,S08000032,d,Transfers,,2,,4400,22948,5.21545454545455,,0,0,,z
2021Q1,,S08000032,,S08000032,d,Transfers,,2,,4378,20627,4.71151210598447,,0,0,,z
2021Q2,,S08000032,,S08000032,d,Transfers,,2,,5104,23391,4.58287617554859,,0,0,,z
2021Q3,,S08000032,,S08000032,d,Transfers,,2,,5441,27021,4.96618268700607,,0,0,,z
2021Q4,,S08000032,,S08000032,d,Transfers,,2,,5291,27350,5.16915516915517,,0,0,,z
2022Q1,,S08000032,,S08000032,d,Transfers,,2,,5229,26396,5.04800152992924,,0,0,,z
2022Q2,,S08000032,,S08000032,d,Transfers,,2,,5481,29572,5.39536580915891,,0,0,,z
2022Q3,,S08000032,,S08000032,d,Transfers,,2,,5202,28099,5.40157631680123,,0,0,,z
2022Q4,p,S08000032,,S08000032,d,Transfers,,2,,5303,28084,5.29587026211578,,0,0,,z
2017Q4,,S08000032,,S08000032,d,Transfers,,3,,2995,12442,4.1542570951586,,0,0,,z
2018Q1,,S08000032,,S08000032,d,Transfers,,3,,3242,14077,4.34207279457125,,0,0,,z
2018Q2,,S08000032,,S08000032,d,Transfers,,3,,2848,14054,4.93469101123596,,0,0,,z
2018Q3,,S08000032,,S08000032,d,Transfers,,3,,2894,13133,4.53800967519005,,0,0,,z
2018Q4,,S08000032,,S08000032,d,Transfers,,3,,3269,14592,4.46375038237993,,0,0,,z
2019Q1,,S08000032,,S08000032,d,Transfers,,3,,3303,14594,4.41840750832576,,0,0,,z
2019Q2,,S08000032,,S08000032,d,Transfers,,3,,3172,13826,4.35876418663304,,0,0,,z
2019Q3,,S08000032,,S08000032,d,Transfers,,3,,3201,13906,4.34426741643236,,0,0,,z
2019Q4,,S08000032,,S08000032,d,Transfers,,3,,3520,16159,4.590625,,0,0,,z
2020Q1,,S08000032,,S08000032,d,Transfers,,3,,3303,15990,4.84105358764759,,0,0,,z
2020Q2,,S08000032,,S08000032,d,Transfers,,3,,2511,10977,4.3715651135006,,0,0,,z
2020Q3,,S08000032,,S08000032,d,Transfers,,3,,2878,12356,4.29325920778318,,0,0,,z
2020Q4,,S08000032,,S08000032,d,Transfers,,3,,3003,14304,4.76323676323676,,0,0,,z
2021Q1,,S08000032,,S08000032,d,Transfers,,3,,2719,12879,4.73666789260758,,0,0,,z
2021Q2,,S08000032,,S08000032,d,Transfers,,3,,2806,13364,4.76265146115467,,0,0,,z
2021Q3,,S08000032,,S08000032,d,Transfers,,3,,3034,14676,4.83717864205669,,0,0,,z
2021Q4,,S08000032,,S08000032,d,Transfers,,3,,3196,15709,4.91520650813517,,0,0,,z
2022Q1,,S08000032,,S08000032,d,Transfers,,3,,3000,17675,5.89166666666667,,0,0,,z
2022Q2,,S08000032,,S08000032,d,Transfers,,3,,3103,15458,4.98163067998711,,0,0,,z
2022Q3,,S08000032,,S08000032,d,Transfers,,3,,3085,18051,5.85121555915721,,0,0,,z
2022Q4,p,S08000032,,S08000032,d,Transfers,,3,,2931,15962,5.44592289321051,,0,0,,z
2017Q4,,S08000032,,S08000032,d,Transfers,,4,,2091,9716,4.64658058345289,,0,0,,z
2018Q1,,S08000032,,S08000032,d,Transfers,,4,,2247,10252,4.56252781486426,,0,0,,z
2018Q2,,S08000032,,S08000032,d,Transfers,,4,,2081,10162,4.88322921672273,,0,0,,z
2018Q3,,S08000032,,S08000032,d,Transfers,,4,,2151,11926,5.5443979544398,,0,0,,z
2018Q4,,S08000032,,S08000032,d,Transfers,,4,,2416,11172,4.62417218543046,,0,0,,z
2019Q1,,S08000032,,S08000032,d,Transfers,,4,,2456,10250,4.17345276872964,,0,0,,z
2019Q2,,S08000032,,S08000032,d,Transfers,,4,,2221,9543,4.29671319225574,,0,0,,z
2019Q3,,S08000032,,S08000032,d,Transfers,,4,,2269,10552,4.65050683120317,,0,0,,z
2019Q4,,S08000032,,S08000032,d,Transfers,,4,,2290,9986,4.36069868995633,,0,0,,z
2020Q1,,S08000032,,S08000032,d,Transfers,,4,,2303,10696,4.64437689969605,,0,0,,z
2020Q2,,S08000032,,S08000032,d,Transfers,,4,,1710,7796,4.55906432748538,,0,0,,z
2020Q3,,S08000032,,S08000032,d,Transfers,,4,,2080,9037,4.34471153846154,,0,0,,z
2020Q4,,S08000032,,S08000032,d,Transfers,,4,,2007,10326,5.14499252615845,,0,0,,z
2021Q1,,S08000032,,S08000032,d,Transfers,,4,,1903,10269,5.39621650026274,,0,0,,z
2021Q2,,S08000032,,S08000032,d,Transfers,,4,,2092,9947,4.75478011472275,,0,0,,z
2021Q3,,S08000032,,S08000032,d,Transfers,,4,,2257,10673,4.72884359769606,,0,0,,z
2021Q4,,S08000032,,S08000032,d,Transfers,,4,,2387,11883,4.97821533305404,,0,0,,z
2022Q1,,S08000032,,S08000032,d,Transfers,,4,,2173,10296,4.73815002300966,,0,0,,z
2022Q2,,S08000032,,S08000032,d,Transfers,,4,,2337,11568,4.94993581514762,,0,0,,z
2022Q3,,S08000032,,S08000032,d,Transfers,,4,,2406,11335,4.71113881961762,,0,0,,z
2022Q4,p,S08000032,,S08000032,d,Transfers,,4,,2340,12848,5.49059829059829,,0,0,,z
2017Q4,,S08000032,,S08000032,d,Transfers,,5,,1363,7120,5.22377109317682,,0,0,,z
2018Q1,,S08000032,,S08000032,d,Transfers,,5,,1762,8155,4.62826333711691,,0,0,,z
2018Q2,,S08000032,,S08000032,d,Transfers,,5,,1507,7894,5.23822163238222,,0,0,,z
2018Q3,,S08000032,,S08000032,d,Transfers,,5,,1458,6021,4.12962962962963,,0,0,,z
2018Q4,,S08000032,,S08000032,d,Transfers,,5,,1593,6990,4.3879472693032,,0,0,,z
2019Q1,,S08000032,,S08000032,d,Transfers,,5,,1691,7910,4.67770549970432,,0,0,,z
2019Q2,,S08000032,,S08000032,d,Transfers,,5,,1731,8313,4.80242634315425,,0,0,,z
2019Q3,,S08000032,,S08000032,d,Transfers,,5,,1636,7645,4.67298288508557,,0,0,,z
2019Q4,,S08000032,,S08000032,d,Transfers,,5,,1719,7674,4.46422338568935,,0,0,,z
2020Q1,,S08000032,,S08000032,d,Transfers,,5,,1654,8409,5.0840386940749704,,0,0,,z
2020Q2,,S08000032,,S08000032,d,Transfers,,5,,1219,4613,3.78424938474159,,0,0,,z
2020Q3,,S08000032,,S08000032,d,Transfers,,5,,1443,6464,4.47955647955648,,0,0,,z
2020Q4,,S08000032,,S08000032,d,Transfers,,5,,1483,6647,4.48213081591369,,0,0,,z
2021Q1,,S08000032,,S08000032,d,Transfers,,5,,1466,6615,4.51227830832196,,0,0,,z
2021Q2,,S08000032,,S08000032,d,Transfers,,5,,1477,7564,5.12119160460393,,0,0,,z
2021Q3,,S08000032,,S08000032,d,Transfers,,5,,1657,7979,4.81532890766445,,0,0,,z
2021Q4,,S08000032,,S08000032,d,Transfers,,5,,1729,8925,5.16194331983806,,0,0,,z
2022Q1,,S08000032,,S08000032,d,Transfers,,5,,1688,8847,5.24111374407583,,0,0,,z
2022Q2,,S08000032,,S08000032,d,Transfers,,5,,1623,9916,6.10967344423906,,0,0,,z
2022Q3,,S08000032,,S08000032,d,Transfers,,5,,1588,8719,5.49055415617128,,0,0,,z
2022Q4,p,S08000032,,S08000032,d,Transfers,,5,,1602,10856,6.77652933832709,,0,0,,z
2022Q4,p,S08000032,,S08000032,d,Transfers,,,:,0,0,,z,0,0,,z
2017Q4,,S08000032,,S12000050,,Transfers,,1,,4463,17194,3.8525655388752,,0,0,,z
2018Q1,,S08000032,,S12000050,,Transfers,,1,,4178,17351,4.15294399234083,,0,0,,z
2018Q2,,S08000032,,S12000050,,Transfers,,1,,3956,16656,4.2103134479272,,0,0,,z
2018Q3,,S08000032,,S12000050,,Transfers,,1,,4089,16457,4.02470041574957,,0,0,,z
2018Q4,,S08000032,,S12000050,,Transfers,,1,,4092,16903,4.13074291300098,,0,0,,z
2019Q1,,S08000032,,S12000050,,Transfers,,1,,4663,17092,3.66545142612052,,0,0,,z
2019Q2,,S08000032,,S12000050,,Transfers,,1,,4352,18228,4.18841911764706,,0,0,,z
2019Q3,,S08000032,,S12000050,,Transfers,,1,,4485,18384,4.0989966555184,,0,0,,z
2019Q4,,S08000032,,S12000050,,Transfers,,1,,4405,17053,3.87128263337117,,0,0,,z
2020Q1,,S08000032,,S12000050,,Transfers,,1,,4442,19484,4.38631247185952,,0,0,,z
2020Q2,,S08000032,,S12000050,,Transfers,,1,,3029,12935,4.27038626609442,,0,0,,z
2020Q3,,S08000032,,S12000050,,Transfers,,1,,3398,14057,4.13684520306062,,0,0,,z
2020Q4,,S08000032,,S12000050,,Transfers,,1,,3290,15344,4.66382978723404,,0,0,,z
2021Q1,,S08000032,,S12000050,,Transfers,,1,,3140,15383,4.89904458598726,,0,0,,z
2021Q2,,S08000032,,S12000050,,Transfers,,1,,3693,16907,4.57812076902248,,0,0,,z
2021Q3,,S08000032,,S12000050,,Transfers,,1,,4028,18094,4.49205561072493,,0,0,,z
2021Q4,,S08000032,,S12000050,,Transfers,,1,,3998,18534,4.63581790895448,,0,0,,z
2022Q1,,S08000032,,S12000050,,Transfers,,1,,3869,17385,4.49340914965107,,0,0,,z
2022Q2,,S08000032,,S12000050,,Transfers,,1,,4100,18651,4.5490243902439,,0,0,,z
2022Q3,,S08000032,,S12000050,,Transfers,,1,,4138,19367,4.68028032866119,,0,0,,z
2022Q4,p,S08000032,,S12000050,,Transfers,,1,,4062,18163,4.47144263909404,,0,0,,z
2017Q4,,S08000032,,S12000050,,Transfers,,2,,3111,14893,4.78720668595307,,0,0,,z
2018Q1,,S08000032,,S12000050,,Transfers,,2,,3117,15892,5.09849213987809,,0,0,,z
2018Q2,,S08000032,,S12000050,,Transfers,,2,,2818,12736,4.51951738821859,,0,0,,z
2018Q3,,S08000032,,S12000050,,Transfers,,2,,2758,12222,4.43147208121827,,0,0,,z
2018Q4,,S08000032,,S12000050,,Transfers,,2,,3101,13393,4.31892937762012,,0,0,,z
2019Q1,,S08000032,,S12000050,,Transfers,,2,,2978,13159,4.41873740765615,,0,0,,z
2019Q2,,S08000032,,S12000050,,Transfers,,2,,3167,12923,4.08051784022734,,0,0,,z
2019Q3,,S08000032,,S12000050,,Transfers,,2,,3133,14020,4.47494414299394,,0,0,,z
2019Q4,,S08000032,,S12000050,,Transfers,,2,,3159,13742,4.35011079455524,,0,0,,z
2020Q1,,S08000032,,S12000050,,Transfers,,2,,3128,14152,4.52429667519182,,0,0,,z
2020Q2,,S08000032,,S12000050,,Transfers,,2,,2121,8813,4.15511551155116,,0,0,,z
2020Q3,,S08000032,,S12000050,,Transfers,,2,,2584,11148,4.31424148606811,,0,0,,z
2020Q4,,S08000032,,S12000050,,Transfers,,2,,2404,12519,5.20757071547421,,0,0,,z
2021Q1,,S08000032,,S12000050,,Transfers,,2,,2374,11411,4.80665543386689,,0,0,,z
2021Q2,,S08000032,,S12000050,,Transfers,,2,,2753,12315,4.47330185252452,,0,0,,z
2021Q3,,S08000032,,S12000050,,Transfers,,2,,3064,14851,4.84693211488251,,0,0,,z
2021Q4,,S08000032,,S12000050,,Transfers,,2,,2879,15246,5.29558874609239,,0,0,,z
2022Q1,,S08000032,,S12000050,,Transfers,,2,,2898,14396,4.96756383712905,,0,0,,z
2022Q2,,S08000032,,S12000050,,Transfers,,2,,3140,16305,5.19267515923567,,0,0,,z
2022Q3,,S08000032,,S12000050,,Transfers,,2,,2997,15556,5.19052385719052,,0,0,,z
2022Q4,p,S08000032,,S12000050,,Transfers,,2,,3203,16477,5.14423977521074,,0,0,,z
2017Q4,,S08000032,,S12000050,,Transfers,,3,,1466,5089,3.47135061391542,,0,0,,z
2018Q1,,S08000032,,S12000050,,Transfers,,3,,1513,6013,3.97422339722406,,0,0,,z
2018Q2,,S08000032,,S12000050,,Transfers,,3,,1293,5662,4.37896365042537,,0,0,,z
2018Q3,,S08000032,,S12000050,,Transfers,,3,,1366,5507,4.03147877013177,,0,0,,z
2018Q4,,S08000032,,S12000050,,Transfers,,3,,1646,6820,4.14337788578372,,0,0,,z
2019Q1,,S08000032,,S12000050,,Transfers,,3,,1545,5770,3.73462783171521,,0,0,,z
2019Q2,,S08000032,,S12000050,,Transfers,,3,,1513,5595,3.69795109054858,,0,0,,z
2019Q3,,S08000032,,S12000050,,Transfers,,3,,1488,5729,3.85013440860215,,0,0,,z
2019Q4,,S08000032,,S12000050,,Transfers,,3,,1624,7194,4.42980295566502,,0,0,,z
2020Q1,,S08000032,,S12000050,,Transfers,,3,,1569,6504,4.1453154875717,,0,0,,z
2020Q2,,S08000032,,S12000050,,Transfers,,3,,1068,3933,3.68258426966292,,0,0,,z
2020Q3,,S08000032,,S12000050,,Transfers,,3,,1196,4651,3.88879598662207,,0,0,,z
2020Q4,,S08000032,,S12000050,,Transfers,,3,,1239,5566,4.49233252623083,,0,0,,z
2021Q1,,S08000032,,S12000050,,Transfers,,3,,1109,4926,4.44183949504058,,0,0,,z
2021Q2,,S08000032,,S12000050,,Transfers,,3,,1220,5223,4.28114754098361,,0,0,,z
2021Q3,,S08000032,,S12000050,,Transfers,,3,,1345,5987,4.45130111524164,,0,0,,z
2021Q4,,S08000032,,S12000050,,Transfers,,3,,1413,6626,4.689313517339,,0,0,,z
2022Q1,,S08000032,,S12000050,,Transfers,,3,,1210,6824,5.6396694214876,,0,0,,z
2022Q2,,S08000032,,S12000050,,Transfers,,3,,1321,6110,4.62528387585163,,0,0,,z
2022Q3,,S08000032,,S12000050,,Transfers,,3,,1371,7585,5.53245805981036,,0,0,,z
2022Q4,p,S08000032,,S12000050,,Transfers,,3,,1403,6710,4.78260869565217,,0,0,,z
2017Q4,,S08000032,,S12000050,,Transfers,,4,,1112,4654,4.18525179856115,,0,0,,z
2018Q1,,S08000032,,S12000050,,Transfers,,4,,1118,5135,4.59302325581395,,0,0,,z
2018Q2,,S08000032,,S12000050,,Transfers,,4,,974,4421,4.53901437371663,,0,0,,z
2018Q3,,S08000032,,S12000050,,Transfers,,4,,1074,4364,4.0633147113594,,0,0,,z
2018Q4,,S08000032,,S12000050,,Transfers,,4,,1209,5353,4.42762613730356,,0,0,,z
2019Q1,,S08000032,,S12000050,,Transfers,,4,,1160,4435,3.82327586206897,,0,0,,z
2019Q2,,S08000032,,S12000050,,Transfers,,4,,1127,4532,4.02129547471162,,0,0,,z
2019Q3,,S08000032,,S12000050,,Transfers,,4,,1202,4908,4.08319467554077,,0,0,,z
2019Q4,,S08000032,,S12000050,,Transfers,,4,,1194,4419,3.70100502512563,,0,0,,z
2020Q1,,S08000032,,S12000050,,Transfers,,4,,1159,5209,4.49439171699741,,0,0,,z
2020Q2,,S08000032,,S12000050,,Transfers,,4,,776,3377,4.35180412371134,,0,0,,z
2020Q3,,S08000032,,S12000050,,Transfers,,4,,958,4451,4.64613778705637,,0,0,,z
2020Q4,,S08000032,,S12000050,,Transfers,,4,,905,4618,5.10276243093923,,0,0,,z
2021Q1,,S08000032,,S12000050,,Transfers,,4,,878,4685,5.33599088838269,,0,0,,z
2021Q2,,S08000032,,S12000050,,Transfers,,4,,963,4457,4.6282450674974,,0,0,,z
2021Q3,,S08000032,,S12000050,,Transfers,,4,,982,4724,4.81059063136456,,0,0,,z
2021Q4,,S08000032,,S12000050,,Transfers,,4,,1167,5498,4.71122536418166,,0,0,,z
2022Q1,,S08000032,,S12000050,,Transfers,,4,,1020,4821,4.72647058823529,,0,0,,z
2022Q2,,S08000032,,S12000050,,Transfers,,4,,1048,5075,4.8425572519084,,0,0,,z
2022Q3,,S08000032,,S12000050,,Transfers,,4,,1215,5557,4.57366255144033,,0,0,,z
2022Q4,p,S08000032,,S12000050,,Transfers,,4,,1252,6728,5.37380191693291,,0,0,,z
2017Q4,,S08000032,,S12000050,,Transfers,,5,,571,2689,4.7092819614711,,0,0,,z
2018Q1,,S08000032,,S12000050,,Transfers,,5,,687,2875,4.18486171761281,,0,0,,z
2018Q2,,S08000032,,S12000050,,Transfers,,5,,560,2582,4.61071428571429,,0,0,,z
2018Q3,,S08000032,,S12000050,,Transfers,,5,,557,1916,3.43985637342908,,0,0,,z
2018Q4,,S08000032,,S12000050,,Transfers,,5,,640,2504,3.9125,,0,0,,z
2019Q1,,S08000032,,S12000050,,Transfers,,5,,675,2905,4.3037037037037,,0,0,,z
2019Q2,,S08000032,,S12000050,,Transfers,,5,,629,3229,5.1335453100159,,0,0,,z
2019Q3,,S08000032,,S12000050,,Transfers,,5,,629,2310,3.6724960254372,,0,0,,z
2019Q4,,S08000032,,S12000050,,Transfers,,5,,678,2598,3.83185840707965,,0,0,,z
2020Q1,,S08000032,,S12000050,,Transfers,,5,,609,2350,3.85878489326765,,0,0,,z
2020Q2,,S08000032,,S12000050,,Transfers,,5,,461,1415,3.06941431670282,,0,0,,z
2020Q3,,S08000032,,S12000050,,Transfers,,5,,472,2146,4.54661016949153,,0,0,,z
2020Q4,,S08000032,,S12000050,,Transfers,,5,,484,1967,4.06404958677686,,0,0,,z
2021Q1,,S08000032,,S12000050,,Transfers,,5,,532,2342,4.40225563909774,,0,0,,z
2021Q2,,S08000032,,S12000050,,Transfers,,5,,521,2679,5.14203454894434,,0,0,,z
2021Q3,,S08000032,,S12000050,,Transfers,,5,,659,2902,4.40364188163885,,0,0,,z
2021Q4,,S08000032,,S12000050,,Transfers,,5,,597,3327,5.57286432160804,,0,0,,z
2022Q1,,S08000032,,S12000050,,Transfers,,5,,610,2719,4.45737704918033,,0,0,,z
2022Q2,,S08000032,,S12000050,,Transfers,,5,,631,3772,5.97781299524564,,0,0,,z
2022Q3,,S08000032,,S12000050,,Transfers,,5,,600,3206,5.34333333333333,,0,0,,z
2022Q4,p,S08000032,,S12000050,,Transfers,,5,,579,3994,6.89810017271157,,0,0,,z
2022Q4,p,S08000032,,S12000050,,Transfers,,,:,0,0,,z,0,0,,z
2017Q4,,S08000032,,S12000029,,Transfers,,1,,1982,10614,5.35519677093845,,0,0,,z
2018Q1,,S08000032,,S12000029,,Transfers,,1,,2175,11233,5.16459770114943,,0,0,,z
2018Q2,,S08000032,,S12000029,,Transfers,,1,,2083,10432,5.00816130580893,,0,0,,z
2018Q3,,S08000032,,S12000029,,Transfers,,1,,1973,10478,5.31069437404967,,0,0,,z
2018Q4,,S08000032,,S12000029,,Transfers,,1,,2339,10936,4.67550235143224,,0,0,,z
2019Q1,,S08000032,,S12000029,,Transfers,,1,,2386,11464,4.80469404861693,,0,0,,z
2019Q2,,S08000032,,S12000029,,Transfers,,1,,2182,10146,4.64986251145738,,0,0,,z
2019Q3,,S08000032,,S12000029,,Transfers,,1,,2157,11318,5.24710245711637,,0,0,,z
2019Q4,,S08000032,,S12000029,,Transfers,,1,,2534,12992,5.12707182320442,,0,0,,z
2020Q1,,S08000032,,S12000029,,Transfers,,1,,2369,12548,5.29674968341072,,0,0,,z
2020Q2,,S08000032,,S12000029,,Transfers,,1,,1874,7977,4.25667022411953,,0,0,,z
2020Q3,,S08000032,,S12000029,,Transfers,,1,,2180,9852,4.51926605504587,,0,0,,z
2020Q4,,S08000032,,S12000029,,Transfers,,1,,2196,10741,4.89116575591985,,0,0,,z
2021Q1,,S08000032,,S12000029,,Transfers,,1,,2273,10324,4.54201495820502,,0,0,,z
2021Q2,,S08000032,,S12000029,,Transfers,,1,,2300,10556,4.5895652173913,,0,0,,z
2021Q3,,S08000032,,S12000029,,Transfers,,1,,2342,10990,4.69257045260461,,0,0,,z
2021Q4,,S08000032,,S12000029,,Transfers,,1,,2397,12514,5.22069253233208,,0,0,,z
2022Q1,,S08000032,,S12000029,,Transfers,,1,,2271,12182,5.36415675913694,,0,0,,z
2022Q2,,S08000032,,S12000029,,Transfers,,1,,2190,11632,5.31141552511416,,0,0,,z
2022Q3,,S08000032,,S12000029,,Transfers,,1,,1965,11466,5.83511450381679,,0,0,,z
2022Q4,p,S08000032,,S12000029,,Transfers,,1,,2254,11797,5.2338065661047,,0,0,,z
2017Q4,,S08000032,,S12000029,,Transfers,,2,,1996,10615,5.31813627254509,,0,0,,z
2018Q1,,S08000032,,S12000029,,Transfers,,2,,2213,11394,5.14866696791685,,0,0,,z
2018Q2,,S08000032,,S12000029,,Transfers,,2,,2068,11403,5.51402321083172,,0,0,,z
2018Q3,,S08000032,,S12000029,,Transfers,,2,,1946,9987,5.13206577595067,,0,0,,z
2018Q4,,S08000032,,S12000029,,Transfers,,2,,2181,11217,5.14305364511692,,0,0,,z
2019Q1,,S08000032,,S12000029,,Transfers,,2,,2286,10390,4.54505686789151,,0,0,,z
2019Q2,,S08000032,,S12000029,,Transfers,,2,,2205,9935,4.50566893424036,,0,0,,z
2019Q3,,S08000032,,S12000029,,Transfers,,2,,2223,11151,5.01619433198381,,0,0,,z
2019Q4,,S08000032,,S12000029,,Transfers,,2,,2454,12094,4.92828035859821,,0,0,,z
2020Q1,,S08000032,,S12000029,,Transfers,,2,,2147,12163,5.66511411271542,,0,0,,z
2020Q2,,S08000032,,S12000029,,Transfers,,2,,1810,7652,4.22762430939227,,0,0,,z
2020Q3,,S08000032,,S12000029,,Transfers,,2,,2234,9909,4.43554162936437,,0,0,,z
2020Q4,,S08000032,,S12000029,,Transfers,,2,,1996,10429,5.2249498997996,,0,0,,z
2021Q1,,S08000032,,S12000029,,Transfers,,2,,2004,9216,4.59880239520958,,0,0,,z
2021Q2,,S08000032,,S12000029,,Transfers,,2,,2351,11076,4.71118672905147,,0,0,,z
2021Q3,,S08000032,,S12000029,,Transfers,,2,,2377,12170,5.11989903239377,,0,0,,z
2021Q4,,S08000032,,S12000029,,Transfers,,2,,2412,12104,5.01824212271973,,0,0,,z
2022Q1,,S08000032,,S12000029,,Transfers,,2,,2331,12000,5.14800514800515,,0,0,,z
2022Q2,,S08000032,,S12000029,,Transfers,,2,,2341,13267,5.66723622383597,,0,0,,z
2022Q3,,S08000032,,S12000029,,Transfers,,2,,2205,12543,5.68843537414966,,0,0,,z
2022Q4,p,S08000032,,S12000029,,Transfers,,2,,2100,11607,5.52714285714286,,0,0,,z
2017Q4,,S08000032,,S12000029,,Transfers,,3,,1529,7353,4.80902550686723,,0,0,,z
2018Q1,,S08000032,,S12000029,,Transfers,,3,,1729,8064,4.66396761133603,,0,0,,z
2018Q2,,S08000032,,S12000029,,Transfers,,3,,1555,8392,5.3967845659164,,0,0,,z
2018Q3,,S08000032,,S12000029,,Transfers,,3,,1528,7626,4.99083769633508,,0,0,,z
2018Q4,,S08000032,,S12000029,,Transfers,,3,,1623,7772,4.788662969809,,0,0,,z
2019Q1,,S08000032,,S12000029,,Transfers,,3,,1758,8824,5.0193401592719,,0,0,,z
2019Q2,,S08000032,,S12000029,,Transfers,,3,,1659,8231,4.96142254370102,,0,0,,z
2019Q3,,S08000032,,S12000029,,Transfers,,3,,1713,8177,4.77349678925861,,0,0,,z
2019Q4,,S08000032,,S12000029,,Transfers,,3,,1896,8965,4.72837552742616,,0,0,,z
2020Q1,,S08000032,,S12000029,,Transfers,,3,,1734,9486,5.47058823529412,,0,0,,z
2020Q2,,S08000032,,S12000029,,Transfers,,3,,1443,7044,4.88149688149688,,0,0,,z
2020Q3,,S08000032,,S12000029,,Transfers,,3,,1682,7705,4.58085612366231,,0,0,,z
2020Q4,,S08000032,,S12000029,,Transfers,,3,,1764,8738,4.95351473922902,,0,0,,z
2021Q1,,S08000032,,S12000029,,Transfers,,3,,1610,7953,4.93975155279503,,0,0,,z
2021Q2,,S08000032,,S12000029,,Transfers,,3,,1586,8141,5.13303909205549,,0,0,,z
2021Q3,,S08000032,,S12000029,,Transfers,,3,,1689,8689,5.14446417998816,,0,0,,z
2021Q4,,S08000032,,S12000029,,Transfers,,3,,1783,9083,5.09422321929333,,0,0,,z
2022Q1,,S08000032,,S12000029,,Transfers,,3,,1790,10851,6.06201117318436,,0,0,,z
2022Q2,,S08000032,,S12000029,,Transfers,,3,,1782,9348,5.24579124579125,,0,0,,z
2022Q3,,S08000032,,S12000029,,Transfers,,3,,1714,10466,6.10618436406068,,0,0,,z
2022Q4,p,S08000032,,S12000029,,Transfers,,3,,1528,9252,6.05497382198953,,0,0,,z
2017Q4,,S08000032,,S12000029,,Transfers,,4,,979,5062,5.170582226762,,0,0,,z
2018Q1,,S08000032,,S12000029,,Transfers,,4,,1129,5117,4.53232949512843,,0,0,,z
2018Q2,,S08000032,,S12000029,,Transfers,,4,,1107,5741,5.18608852755194,,0,0,,z
2018Q3,,S08000032,,S12000029,,Transfers,,4,,1077,7562,7.0213556174559,,0,0,,z
2018Q4,,S08000032,,S12000029,,Transfers,,4,,1207,5819,4.82104391052196,,0,0,,z
2019Q1,,S08000032,,S12000029,,Transfers,,4,,1296,5815,4.48688271604938,,0,0,,z
2019Q2,,S08000032,,S12000029,,Transfers,,4,,1094,5011,4.58043875685558,,0,0,,z
2019Q3,,S08000032,,S12000029,,Transfers,,4,,1067,5644,5.28959700093721,,0,0,,z
2019Q4,,S08000032,,S12000029,,Transfers,,4,,1096,5567,5.0793795620438,,0,0,,z
2020Q1,,S08000032,,S12000029,,Transfers,,4,,1144,5487,4.79632867132867,,0,0,,z
2020Q2,,S08000032,,S12000029,,Transfers,,4,,934,4419,4.73126338329764,,0,0,,z
2020Q3,,S08000032,,S12000029,,Transfers,,4,,1122,4586,4.0873440285205,,0,0,,z
2020Q4,,S08000032,,S12000029,,Transfers,,4,,1102,5708,5.17967332123412,,0,0,,z
2021Q1,,S08000032,,S12000029,,Transfers,,4,,1025,5584,5.44780487804878,,0,0,,z
2021Q2,,S08000032,,S12000029,,Transfers,,4,,1129,5490,4.86271036315323,,0,0,,z
2021Q3,,S08000032,,S12000029,,Transfers,,4,,1275,5949,4.66588235294118,,0,0,,z
2021Q4,,S08000032,,S12000029,,Transfers,,4,,1220,6385,5.23360655737705,,0,0,,z
2022Q1,,S08000032,,S12000029,,Transfers,,4,,1153,5475,4.74848222029488,,0,0,,z
2022Q2,,S08000032,,S12000029,,Transfers,,4,,1289,6493,5.03723816912335,,0,0,,z
2022Q3,,S08000032,,S12000029,,Transfers,,4,,1191,5778,4.85138539042821,,0,0,,z
2022Q4,p,S08000032,,S12000029,,Transfers,,4,,1088,6120,5.625,,0,0,,z
2017Q4,,S08000032,,S12000029,,Transfers,,5,,792,4431,5.59469696969697,,0,0,,z
2018Q1,,S08000032,,S12000029,,Transfers,,5,,1075,5280,4.91162790697674,,0,0,,z
2018Q2,,S08000032,,S12000029,,Transfers,,5,,947,5312,5.60929250263992,,0,0,,z
2018Q3,,S08000032,,S12000029,,Transfers,,5,,901,4105,4.55604883462819,,0,0,,z
2018Q4,,S08000032,,S12000029,,Transfers,,5,,953,4486,4.70724029380902,,0,0,,z
2019Q1,,S08000032,,S12000029,,Transfers,,5,,1016,5005,4.9261811023622,,0,0,,z
2019Q2,,S08000032,,S12000029,,Transfers,,5,,1102,5084,4.61343012704174,,0,0,,z
2019Q3,,S08000032,,S12000029,,Transfers,,5,,1007,5335,5.29791459781529,,0,0,,z
2019Q4,,S08000032,,S12000029,,Transfers,,5,,1041,5076,4.87608069164265,,0,0,,z
2020Q1,,S08000032,,S12000029,,Transfers,,5,,1045,6059,5.79808612440191,,0,0,,z
2020Q2,,S08000032,,S12000029,,Transfers,,5,,758,3198,4.21899736147757,,0,0,,z
2020Q3,,S08000032,,S12000029,,Transfers,,5,,971,4318,4.44696189495366,,0,0,,z
2020Q4,,S08000032,,S12000029,,Transfers,,5,,999,4680,4.68468468468468,,0,0,,z
2021Q1,,S08000032,,S12000029,,Transfers,,5,,934,4273,4.57494646680942,,0,0,,z
2021Q2,,S08000032,,S12000029,,Transfers,,5,,956,4885,5.10983263598326,,0,0,,z
2021Q3,,S08000032,,S12000029,,Transfers,,5,,998,5077,5.08717434869739,,0,0,,z
2021Q4,,S08000032,,S12000029,,Transfers,,5,,1132,5598,4.9452296819788,,0,0,,z
2022Q1,,S08000032,,S12000029,,Transfers,,5,,1078,6128,5.68460111317254,,0,0,,z
2022Q2,,S08000032,,S12000029,,Transfers,,5,,992,6144,6.19354838709677,,0,0,,z
2022Q3,,S08000032,,S12000029,,Transfers,,5,,988,5513,5.57995951417004,,0,0,,z
2022Q4,p,S08000032,,S12000029,,Transfers,,5,,1023,6862,6.70772238514174,,0,0,,z
2017Q4,,S08000024,,S12000010,,Transfers,,1,,117,944,8.06837606837607,,0,0,,z
2018Q1,,S08000024,,S12000010,,Transfers,,1,,137,1099,8.02189781021898,,0,0,,z
2018Q2,,S08000024,,S12000010,,Transfers,,1,,107,843,7.8785046728972,,0,0,,z
2018Q3,,S08000024,,S12000010,,Transfers,,1,,114,1126,9.87719298245614,,0,0,,z
2018Q4,,S08000024,,S12000010,,Transfers,,1,,86,577,6.7093023255814,,0,0,,z
2019Q1,,S08000024,,S12000010,,Transfers,,1,,141,957,6.78723404255319,,0,0,,z
2019Q2,,S08000024,,S12000010,,Transfers,,1,,122,1248,10.2295081967213,,0,0,,z
2019Q3,,S08000024,,S12000010,,Transfers,,1,,122,895,7.33606557377049,,0,0,,z
2019Q4,,S08000024,,S12000010,,Transfers,,1,,112,661,5.90178571428571,,0,0,,z
2020Q1,,S08000024,,S12000010,,Transfers,,1,,123,778,6.32520325203252,,0,0,,z
2020Q2,,S08000024,,S12000010,,Transfers,,1,,92,518,5.6304347826087,,0,0,,z
2020Q3,,S08000024,,S12000010,,Transfers,,1,,139,672,4.83453237410072,,0,0,,z
2020Q4,,S08000024,,S12000010,,Transfers,,1,,128,986,7.703125,,0,0,,z
2021Q1,,S08000024,,S12000010,,Transfers,,1,,155,1087,7.01290322580645,,0,0,,z
2021Q2,,S08000024,,S12000010,,Transfers,,1,,119,691,5.80672268907563,,0,0,,z
2021Q3,,S08000024,,S12000010,,Transfers,,1,,146,947,6.48630136986301,,0,0,,z
2021Q4,,S08000024,,S12000010,,Transfers,,1,,160,1589,9.93125,,0,0,,z
2022Q1,,S08000024,,S12000010,,Transfers,,1,,147,1216,8.27210884353742,,0,0,,z
2022Q2,,S08000024,,S12000010,,Transfers,,1,,159,1019,6.40880503144654,,0,0,,z
2022Q3,,S08000024,,S12000010,,Transfers,,1,,190,1496,7.87368421052632,,0,0,,z
2022Q4,p,S08000024,,S12000010,,Transfers,,1,,160,1232,7.7,,0,0,,z
2017Q4,,S08000024,,S12000010,,Transfers,,2,,625,4978,7.9648,,0,0,,z
2018Q1,,S08000024,,S12000010,,Transfers,,2,,645,4413,6.84186046511628,,0,0,,z
2018Q2,,S08000024,,S12000010,,Transfers,,2,,571,4691,8.215411558669,,0,0,,z
2018Q3,,S08000024,,S12000010,,Transfers,,2,,560,4221,7.5375,,0,0,,z
2018Q4,,S08000024,,S12000010,,Transfers,,2,,608,4593,7.55427631578947,,0,0,,z
2019Q1,,S08000024,,S12000010,,Transfers,,2,,617,5354,8.677471636953,,0,0,,z
2019Q2,,S08000024,,S12000010,,Transfers,,2,,660,6778,10.269696969697,,0,0,,z
2019Q3,,S08000024,,S12000010,,Transfers,,2,,665,4934,7.41954887218045,,0,0,,z
2019Q4,,S08000024,,S12000010,,Transfers,,2,,686,4254,6.20116618075802,,0,0,,z
2020Q1,,S08000024,,S12000010,,Transfers,,2,,698,5395,7.72922636103152,,0,0,,z
2020Q2,,S08000024,,S12000010,,Transfers,,2,,581,3711,6.38726333907057,,0,0,,z
2020Q3,,S08000024,,S12000010,,Transfers,,2,,666,4238,6.36336336336336,,0,0,,z
2020Q4,,S08000024,,S12000010,,Transfers,,2,,756,6235,8.2473544973545,,0,0,,z
2021Q1,,S08000024,,S12000010,,Transfers,,2,,713,4904,6.87798036465638,,0,0,,z
2021Q2,,S08000024,,S12000010,,Transfers,,2,,763,5291,6.93446920052425,,0,0,,z
2021Q3,,S08000024,,S12000010,,Transfers,,2,,789,6720,8.5171102661597,,0,0,,z
2021Q4,,S08000024,,S12000010,,Transfers,,2,,653,4952,7.58346094946401,,0,0,,z
2022Q1,,S08000024,,S12000010,,Transfers,,2,,669,4629,6.91928251121076,,0,0,,z
2022Q2,,S08000024,,S12000010,,Transfers,,2,,782,5715,7.30818414322251,,0,0,,z
2022Q3,,S08000024,,S12000010,,Transfers,,2,,697,4816,6.90961262553802,,0,0,,z
2022Q4,p,S08000024,,S12000010,,Transfers,,2,,705,4653,6.6,,0,0,,z
2017Q4,,S08000024,,S12000010,,Transfers,,3,,454,3893,8.57488986784141,,0,0,,z
2018Q1,,S08000024,,S12000010,,Transfers,,3,,413,3089,7.47941888619855,,0,0,,z
2018Q2,,S08000024,,S12000010,,Transfers,,3,,393,3130,7.96437659033079,,0,0,,z
2018Q3,,S08000024,,S12000010,,Transfers,,3,,439,3235,7.36902050113895,,0,0,,z
2018Q4,,S08000024,,S12000010,,Transfers,,3,,369,3235,8.76693766937669,,0,0,,z
2019Q1,,S08000024,,S12000010,,Transfers,,3,,399,2449,6.13784461152882,,0,0,,z
2019Q2,,S08000024,,S12000010,,Transfers,,3,,497,3992,8.03219315895372,,0,0,,z
2019Q3,,S08000024,,S12000010,,Transfers,,3,,416,2473,5.94471153846154,,0,0,,z
2019Q4,,S08000024,,S12000010,,Transfers,,3,,578,3762,6.50865051903114,,0,0,,z
2020Q1,,S08000024,,S12000010,,Transfers,,3,,451,3170,7.02882483370288,,0,0,,z
2020Q2,,S08000024,,S12000010,,Transfers,,3,,362,2420,6.68508287292818,,0,0,,z
2020Q3,,S08000024,,S12000010,,Transfers,,3,,432,2681,6.20601851851852,,0,0,,z
2020Q4,,S08000024,,S12000010,,Transfers,,3,,509,3101,6.09233791748527,,0,0,,z
2021Q1,,S08000024,,S12000010,,Transfers,,3,,483,3169,6.56107660455487,,0,0,,z
2021Q2,,S08000024,,S12000010,,Transfers,,3,,552,3291,5.96195652173913,,0,0,,z
2021Q3,,S08000024,,S12000010,,Transfers,,3,,538,3962,7.36431226765799,,0,0,,z
2021Q4,,S08000024,,S12000010,,Transfers,,3,,555,5105,9.1981981981982,,0,0,,z
2022Q1,,S08000024,,S12000010,,Transfers,,3,,556,4767,8.57374100719425,,0,0,,z
2022Q2,,S08000024,,S12000010,,Transfers,,3,,511,4338,8.48923679060665,,0,0,,z
2022Q3,,S08000024,,S12000010,,Transfers,,3,,551,4113,7.46460980036298,,0,0,,z
2022Q4,p,S08000024,,S12000010,,Transfers,,3,,512,4246,8.29296875,,0,0,,z
2017Q4,,S08000024,,S12000010,,Transfers,,4,,315,2098,6.66031746031746,,0,0,,z
2018Q1,,S08000024,,S12000010,,Transfers,,4,,271,1605,5.92250922509225,,0,0,,z
2018Q2,,S08000024,,S12000010,,Transfers,,4,,304,2238,7.36184210526316,,0,0,,z
2018Q3,,S08000024,,S12000010,,Transfers,,4,,236,1464,6.20338983050847,,0,0,,z
2018Q4,,S08000024,,S12000010,,Transfers,,4,,207,1423,6.8743961352657,,0,0,,z
2019Q1,,S08000024,,S12000010,,Transfers,,4,,276,1686,6.10869565217391,,0,0,,z
2019Q2,,S08000024,,S12000010,,Transfers,,4,,230,1490,6.47826086956522,,0,0,,z
2019Q3,,S08000024,,S12000010,,Transfers,,4,,318,2098,6.59748427672956,,0,0,,z
2019Q4,,S08000024,,S12000010,,Transfers,,4,,359,2066,5.75487465181059,,0,0,,z
2020Q1,,S08000024,,S12000010,,Transfers,,4,,312,2233,7.15705128205128,,0,0,,z
2020Q2,,S08000024,,S12000010,,Transfers,,4,,282,1861,6.59929078014184,,0,0,,z
2020Q3,,S08000024,,S12000010,,Transfers,,4,,320,2070,6.46875,,0,0,,z
2020Q4,,S08000024,,S12000010,,Transfers,,4,,327,2524,7.71865443425076,,0,0,,z
2021Q1,,S08000024,,S12000010,,Transfers,,4,,308,2611,8.47727272727273,,0,0,,z
2021Q2,,S08000024,,S12000010,,Transfers,,4,,328,2063,6.28963414634146,,0,0,,z
2021Q3,,S08000024,,S12000010,,Transfers,,4,,387,1983,5.12403100775194,,0,0,,z
2021Q4,,S08000024,,S12000010,,Transfers,,4,,440,4563,10.3704545454545,,0,0,,z
2022Q1,,S08000024,,S12000010,,Transfers,,4,,380,2708,7.12631578947368,,0,0,,z
2022Q2,,S08000024,,S12000010,,Transfers,,4,,384,3155,8.21614583333333,,0,0,,z
2022Q3,,S08000024,,S12000010,,Transfers,,4,,408,2699,6.61519607843137,,0,0,,z
2022Q4,p,S08000024,,S12000010,,Transfers,,4,,345,2225,6.44927536231884,,0,0,,z
2017Q4,,S08000024,,S12000010,,Transfers,,5,,262,1952,7.45038167938931,,0,0,,z
2018Q1,,S08000024,,S12000010,,Transfers,,5,,248,1809,7.29435483870968,,0,0,,z
2018Q2,,S08000024,,S12000010,,Transfers,,5,,217,1482,6.8294930875576,,0,0,,z
2018Q3,,S08000024,,S12000010,,Transfers,,5,,259,1784,6.88803088803089,,0,0,,z
2018Q4,,S08000024,,S12000010,,Transfers,,5,,224,2129,9.50446428571429,,0,0,,z
2019Q1,,S08000024,,S12000010,,Transfers,,5,,343,2696,7.8600583090379,,0,0,,z
2019Q2,,S08000024,,S12000010,,Transfers,,5,,233,2994,12.8497854077253,,0,0,,z
2019Q3,,S08000024,,S12000010,,Transfers,,5,,260,2276,8.75384615384615,,0,0,,z
2019Q4,,S08000024,,S12000010,,Transfers,,5,,295,2263,7.67118644067797,,0,0,,z
2020Q1,,S08000024,,S12000010,,Transfers,,5,,269,1794,6.66914498141264,,0,0,,z
2020Q2,,S08000024,,S12000010,,Transfers,,5,,227,1209,5.32599118942731,,0,0,,z
2020Q3,,S08000024,,S12000010,,Transfers,,5,,318,2369,7.4496855345912,,0,0,,z
2020Q4,,S08000024,,S12000010,,Transfers,,5,,279,2084,7.46953405017921,,0,0,,z
2021Q1,,S08000024,,S12000010,,Transfers,,5,,296,2659,8.98310810810811,,0,0,,z
2021Q2,,S08000024,,S12000010,,Transfers,,5,,296,2144,7.24324324324324,,0,0,,z
2021Q3,,S08000024,,S12000010,,Transfers,,5,,316,2246,7.1075949367088596,,0,0,,z
2021Q4,,S08000024,,S12000010,,Transfers,,5,,295,3084,10.4542372881356,,0,0,,z
2022Q1,,S08000024,,S12000010,,Transfers,,5,,325,2374,7.30461538461538,,0,0,,z
2022Q2,,S08000024,,S12000010,,Transfers,,5,,337,2987,8.86350148367953,,0,0,,z
2022Q3,,S08000024,,S12000010,,Transfers,,5,,354,3275,9.25141242937853,,0,0,,z
2022Q4,p,S08000024,,S12000010,,Transfers,,5,,334,2732,8.17964071856287,,0,0,,z
2022Q4,p,S08000024,,S12000010,,Transfers,,,:,5,16,3.2,,0,0,,z
2017Q4,,S08000024,,S12000036,,Transfers,,1,,1152,8051,6.98871527777778,,0,0,,z
2018Q1,,S08000024,,S12000036,,Transfers,,1,,1245,8164,6.5574297188755,,0,0,,z
2018Q2,,S08000024,,S12000036,,Transfers,,1,,1148,8796,7.66202090592335,,0,0,,z
2018Q3,,S08000024,,S12000036,,Transfers,,1,,1224,9382,7.66503267973856,,0,0,,z
2018Q4,,S08000024,,S12000036,,Transfers,,1,,1245,10038,8.06265060240964,,0,0,,z
2019Q1,,S08000024,,S12000036,,Transfers,,1,,1298,8830,6.80277349768875,,0,0,,z
2019Q2,,S08000024,,S12000036,,Transfers,,1,,1385,9453,6.82527075812274,,0,0,,z
2019Q3,,S08000024,,S12000036,,Transfers,,1,,1361,9462,6.95224099926525,,0,0,,z
2019Q4,,S08000024,,S12000036,,Transfers,,1,,1404,9455,6.73433048433048,,0,0,,z
2020Q1,,S08000024,,S12000036,,Transfers,,1,,1371,10230,7.4617067833698,,0,0,,z
2020Q2,,S08000024,,S12000036,,Transfers,,1,,1282,6998,5.45865834633385,,0,0,,z
2020Q3,,S08000024,,S12000036,,Transfers,,1,,1449,8229,5.67908902691511,,0,0,,z
2020Q4,,S08000024,,S12000036,,Transfers,,1,,1346,7857,5.83729569093611,,0,0,,z
2021Q1,,S08000024,,S12000036,,Transfers,,1,,1341,10447,7.79045488441462,,0,0,,z
2021Q2,,S08000024,,S12000036,,Transfers,,1,,1398,8888,6.35765379113019,,0,0,,z
2021Q3,,S08000024,,S12000036,,Transfers,,1,,1371,7778,5.67323121808899,,0,0,,z
2021Q4,,S08000024,,S12000036,,Transfers,,1,,1465,9084,6.20068259385665,,0,0,,z
2022Q1,,S08000024,,S12000036,,Transfers,,1,,1332,9133,6.85660660660661,,0,0,,z
2022Q2,,S08000024,,S12000036,,Transfers,,1,,1366,8496,6.21961932650073,,0,0,,z
2022Q3,,S08000024,,S12000036,,Transfers,,1,,1447,8110,5.6046993780235,,0,0,,z
2022Q4,p,S08000024,,S12000036,,Transfers,,1,,1281,8329,6.50195160031226,,0,0,,z
2017Q4,,S08000024,,S12000036,,Transfers,,2,,1345,10627,7.90111524163569,,0,0,,z
2018Q1,,S08000024,,S12000036,,Transfers,,2,,1357,11250,8.2903463522476,,0,0,,z
2018Q2,,S08000024,,S12000036,,Transfers,,2,,1221,10186,8.34234234234234,,0,0,,z
2018Q3,,S08000024,,S12000036,,Transfers,,2,,1187,9286,7.82308340353833,,0,0,,z
2018Q4,,S08000024,,S12000036,,Transfers,,2,,1206,11032,9.14759535655058,,0,0,,z
2019Q1,,S08000024,,S12000036,,Transfers,,2,,1353,10696,7.90539541759054,,0,0,,z
2019Q2,,S08000024,,S12000036,,Transfers,,2,,1540,11883,7.71623376623377,,0,0,,z
2019Q3,,S08000024,,S12000036,,Transfers,,2,,1566,12066,7.70498084291188,,0,0,,z
2019Q4,,S08000024,,S12000036,,Transfers,,2,,1565,11608,7.41725239616613,,0,0,,z
2020Q1,,S08000024,,S12000036,,Transfers,,2,,1531,13580,8.87001959503592,,0,0,,z
2020Q2,,S08000024,,S12000036,,Transfers,,2,,1399,7700,5.50393137955683,,0,0,,z
2020Q3,,S08000024,,S12000036,,Transfers,,2,,1489,9384,6.30221625251847,,0,0,,z
2020Q4,,S08000024,,S12000036,,Transfers,,2,,1536,10379,6.75716145833333,,0,0,,z
2021Q1,,S08000024,,S12000036,,Transfers,,2,,1578,9888,6.26615969581749,,0,0,,z
2021Q2,,S08000024,,S12000036,,Transfers,,2,,1527,8891,5.82252783235101,,0,0,,z
2021Q3,,S08000024,,S12000036,,Transfers,,2,,1658,9966,6.0108564535585,,0,0,,z
2021Q4,,S08000024,,S12000036,,Transfers,,2,,1629,11322,6.95027624309392,,0,0,,z
2022Q1,,S08000024,,S12000036,,Transfers,,2,,1586,11987,7.55800756620429,,0,0,,z
2022Q2,,S08000024,,S12000036,,Transfers,,2,,1603,11053,6.89519650655022,,0,0,,z
2022Q3,,S08000024,,S12000036,,Transfers,,2,,1572,10926,6.95038167938931,,0,0,,z
2022Q4,p,S08000024,,S12000036,,Transfers,,2,,1588,11193,7.0484886649874,,0,0,,z
2017Q4,,S08000024,,S12000036,,Transfers,,3,,968,7294,7.53512396694215,,0,0,,z
2018Q1,,S08000024,,S12000036,,Transfers,,3,,955,7011,7.3413612565445,,0,0,,z
2018Q2,,S08000024,,S12000036,,Transfers,,3,,750,6477,8.636,,0,0,,z
2018Q3,,S08000024,,S12000036,,Transfers,,3,,753,7125,9.46215139442231,,0,0,,z
2018Q4,,S08000024,,S12000036,,Transfers,,3,,866,8022,9.26327944572748,,0,0,,z
2019Q1,,S08000024,,S12000036,,Transfers,,3,,901,7025,7.7968923418424,,0,0,,z
2019Q2,,S08000024,,S12000036,,Transfers,,3,,958,7206,7.52192066805846,,0,0,,z
2019Q3,,S08000024,,S12000036,,Transfers,,3,,890,6787,7.62584269662921,,0,0,,z
2019Q4,,S08000024,,S12000036,,Transfers,,3,,960,6122,6.37708333333333,,0,0,,z
2020Q1,,S08000024,,S12000036,,Transfers,,3,,971,6973,7.18125643666323,,0,0,,z
2020Q2,,S08000024,,S12000036,,Transfers,,3,,838,4715,5.62649164677804,,0,0,,z
2020Q3,,S08000024,,S12000036,,Transfers,,3,,963,5265,5.46728971962617,,0,0,,z
2020Q4,,S08000024,,S12000036,,Transfers,,3,,964,6850,7.1058091286307,,0,0,,z
2021Q1,,S08000024,,S12000036,,Transfers,,3,,955,6418,6.72041884816754,,0,0,,z
2021Q2,,S08000024,,S12000036,,Transfers,,3,,946,7125,7.53171247357294,,0,0,,z
2021Q3,,S08000024,,S12000036,,Transfers,,3,,1003,6872,6.85144566301097,,0,0,,z
2021Q4,,S08000024,,S12000036,,Transfers,,3,,1028,7266,7.06809338521401,,0,0,,z
2022Q1,,S08000024,,S12000036,,Transfers,,3,,970,6913,7.12680412371134,,0,0,,z
2022Q2,,S08000024,,S12000036,,Transfers,,3,,943,6853,7.26723223753977,,0,0,,z
2022Q3,,S08000024,,S12000036,,Transfers,,3,,961,6865,7.14360041623309,,0,0,,z
2022Q4,p,S08000024,,S12000036,,Transfers,,3,,1053,7213,6.84995251661918,,0,0,,z
2017Q4,,S08000024,,S12000036,,Transfers,,4,,1072,7920,7.38805970149254,,0,0,,z
2018Q1,,S08000024,,S12000036,,Transfers,,4,,1035,8310,8.02898550724638,,0,0,,z
2018Q2,,S08000024,,S12000036,,Transfers,,4,,1037,8140,7.84956605593057,,0,0,,z
2018Q3,,S08000024,,S12000036,,Transfers,,4,,1024,8115,7.9248046875,,0,0,,z
2018Q4,,S08000024,,S12000036,,Transfers,,4,,1168,9463,8.10188356164384,,0,0,,z
2019Q1,,S08000024,,S12000036,,Transfers,,4,,1169,9308,7.96236099230111,,0,0,,z
2019Q2,,S08000024,,S12000036,,Transfers,,4,,1163,8837,7.59845227858985,,0,0,,z
2019Q3,,S08000024,,S12000036,,Transfers,,4,,1265,10300,8.14229249011858,,0,0,,z
2019Q4,,S08000024,,S12000036,,Transfers,,4,,1253,10393,8.29449321628093,,0,0,,z
2020Q1,,S08000024,,S12000036,,Transfers,,4,,1230,10531,8.56178861788618,,0,0,,z
2020Q2,,S08000024,,S12000036,,Transfers,,4,,1231,6102,4.95694557270512,,0,0,,z
2020Q3,,S08000024,,S12000036,,Transfers,,4,,1221,7601,6.22522522522523,,0,0,,z
2020Q4,,S08000024,,S12000036,,Transfers,,4,,1347,8840,6.56273199703044,,0,0,,z
2021Q1,,S08000024,,S12000036,,Transfers,,4,,1124,8076,7.18505338078292,,0,0,,z
2021Q2,,S08000024,,S12000036,,Transfers,,4,,1228,8114,6.60749185667752,,0,0,,z
2021Q3,,S08000024,,S12000036,,Transfers,,4,,1413,9535,6.74805378627035,,0,0,,z
2021Q4,,S08000024,,S12000036,,Transfers,,4,,1356,9610,7.08702064896755,,0,0,,z
2022Q1,,S08000024,,S12000036,,Transfers,,4,,1218,11512,9.45155993431855,,0,0,,z
2022Q2,,S08000024,,S12000036,,Transfers,,4,,1344,9411,7.00223214285714,,0,0,,z
2022Q3,,S08000024,,S12000036,,Transfers,,4,,1286,9150,7.11508553654743,,0,0,,z
2022Q4,p,S08000024,,S12000036,,Transfers,,4,,1305,9023,6.91417624521073,,0,0,,z
2017Q4,,S08000024,,S12000036,,Transfers,,5,,2467,20734,8.40453992703689,,0,0,,z
2018Q1,,S08000024,,S12000036,,Transfers,,5,,2469,20721,8.39246658566221,,0,0,,z
2018Q2,,S08000024,,S12000036,,Transfers,,5,,2287,21329,9.32619151727154,,0,0,,z
2018Q3,,S08000024,,S12000036,,Transfers,,5,,2243,19204,8.56174765938475,,0,0,,z
2018Q4,,S08000024,,S12000036,,Transfers,,5,,2453,21093,8.59885854056258,,0,0,,z
2019Q1,,S08000024,,S12000036,,Transfers,,5,,2471,21004,8.50020234722784,,0,0,,z
2019Q2,,S08000024,,S12000036,,Transfers,,5,,2497,21143,8.4673608329996,,0,0,,z
2019Q3,,S08000024,,S12000036,,Transfers,,5,,2704,20370,7.53328402366864,,0,0,,z
2019Q4,,S08000024,,S12000036,,Transfers,,5,,2675,21214,7.93046728971963,,0,0,,z
2020Q1,,S08000024,,S12000036,,Transfers,,5,,2833,24851,8.77197317331451,,0,0,,z
2020Q2,,S08000024,,S12000036,,Transfers,,5,,2490,15374,6.17429718875502,,0,0,,z
2020Q3,,S08000024,,S12000036,,Transfers,,5,,2546,15205,5.97211311861744,,0,0,,z
2020Q4,,S08000024,,S12000036,,Transfers,,5,,2704,19767,7.31028106508876,,0,0,,z
2021Q1,,S08000024,,S12000036,,Transfers,,5,,2678,20420,7.62509335324869,,0,0,,z
2021Q2,,S08000024,,S12000036,,Transfers,,5,,2768,18849,6.8096098265896,,0,0,,z
2021Q3,,S08000024,,S12000036,,Transfers,,5,,2922,21841,7.47467488021903,,0,0,,z
2021Q4,,S08000024,,S12000036,,Transfers,,5,,2897,21258,7.33793579565067,,0,0,,z
2022Q1,,S08000024,,S12000036,,Transfers,,5,,2865,22495,7.85165794066318,,0,0,,z
2022Q2,,S08000024,,S12000036,,Transfers,,5,,3015,22586,7.49121061359867,,0,0,,z
2022Q3,,S08000024,,S12000036,,Transfers,,5,,3169,23271,7.34332597033765,,0,0,,z
2022Q4,p,S08000024,,S12000036,,Transfers,,5,,3016,22617,7.49900530503979,,0,0,,z
2022Q4,p,S08000024,,S12000036,,Transfers,,,:,5,23,4.6,,0,0,,z
2017Q4,,S08000024,,S12000019,,Transfers,,1,,142,587,4.13380281690141,,0,0,,z
2018Q1,,S08000024,,S12000019,,Transfers,,1,,199,1132,5.68844221105528,,0,0,,z
2018Q2,,S08000024,,S12000019,,Transfers,,1,,181,1141,6.30386740331492,,0,0,,z
2018Q3,,S08000024,,S12000019,,Transfers,,1,,199,1636,8.22110552763819,,0,0,,z
2018Q4,,S08000024,,S12000019,,Transfers,,1,,192,1074,5.59375,,0,0,,z
2019Q1,,S08000024,,S12000019,,Transfers,,1,,203,1307,6.4384236453202,,0,0,,z
2019Q2,,S08000024,,S12000019,,Transfers,,1,,189,1428,7.55555555555556,,0,0,,z
2019Q3,,S08000024,,S12000019,,Transfers,,1,,156,860,5.51282051282051,,0,0,,z
2019Q4,,S08000024,,S12000019,,Transfers,,1,,216,1644,7.61111111111111,,0,0,,z
2020Q1,,S08000024,,S12000019,,Transfers,,1,,141,1397,9.90780141843972,,0,0,,z
2020Q2,,S08000024,,S12000019,,Transfers,,1,,132,607,4.59848484848485,,0,0,,z
2020Q3,,S08000024,,S12000019,,Transfers,,1,,171,982,5.74269005847953,,0,0,,z
2020Q4,,S08000024,,S12000019,,Transfers,,1,,165,792,4.8,,0,0,,z
2021Q1,,S08000024,,S12000019,,Transfers,,1,,161,970,6.02484472049689,,0,0,,z
2021Q2,,S08000024,,S12000019,,Transfers,,1,,217,1132,5.21658986175115,,0,0,,z
2021Q3,,S08000024,,S12000019,,Transfers,,1,,214,998,4.66355140186916,,0,0,,z
2021Q4,,S08000024,,S12000019,,Transfers,,1,,187,1145,6.12299465240642,,0,0,,z
2022Q1,,S08000024,,S12000019,,Transfers,,1,,233,1019,4.37339055793991,,0,0,,z
2022Q2,,S08000024,,S12000019,,Transfers,,1,,224,1279,5.70982142857143,,0,0,,z
2022Q3,,S08000024,,S12000019,,Transfers,,1,,163,914,5.60736196319018,,0,0,,z
2022Q4,p,S08000024,,S12000019,,Transfers,,1,,212,1026,4.83962264150943,,0,0,,z
2017Q4,,S08000024,,S12000019,,Transfers,,2,,639,4035,6.31455399061033,,0,0,,z
2018Q1,,S08000024,,S12000019,,Transfers,,2,,755,4977,6.59205298013245,,0,0,,z
2018Q2,,S08000024,,S12000019,,Transfers,,2,,622,4637,7.45498392282958,,0,0,,z
2018Q3,,S08000024,,S12000019,,Transfers,,2,,603,3690,6.11940298507463,,0,0,,z
2018Q4,,S08000024,,S12000019,,Transfers,,2,,626,4227,6.75239616613419,,0,0,,z
2019Q1,,S08000024,,S12000019,,Transfers,,2,,701,5100,7.2753209700428,,0,0,,z
2019Q2,,S08000024,,S12000019,,Transfers,,2,,770,4965,6.44805194805195,,0,0,,z
2019Q3,,S08000024,,S12000019,,Transfers,,2,,639,3680,5.75899843505477,,0,0,,z
2019Q4,,S08000024,,S12000019,,Transfers,,2,,701,4166,5.94293865905849,,0,0,,z
2020Q1,,S08000024,,S12000019,,Transfers,,2,,697,4711,6.75896700143472,,0,0,,z
2020Q2,,S08000024,,S12000019,,Transfers,,2,,660,3205,4.85606060606061,,0,0,,z
2020Q3,,S08000024,,S12000019,,Transfers,,2,,665,3546,5.33233082706767,,0,0,,z
2020Q4,,S08000024,,S12000019,,Transfers,,2,,683,4337,6.34992679355783,,0,0,,z
2021Q1,,S08000024,,S12000019,,Transfers,,2,,592,3793,6.4070945945946,,0,0,,z
2021Q2,,S08000024,,S12000019,,Transfers,,2,,655,3784,5.77709923664122,,0,0,,z
2021Q3,,S08000024,,S12000019,,Transfers,,2,,752,3606,4.79521276595745,,0,0,,z
2021Q4,,S08000024,,S12000019,,Transfers,,2,,683,3412,4.99560761346999,,0,0,,z
2022Q1,,S08000024,,S12000019,,Transfers,,2,,687,3739,5.44250363901019,,0,0,,z
2022Q2,,S08000024,,S12000019,,Transfers,,2,,673,4260,6.32986627043091,,0,0,,z
2022Q3,,S08000024,,S12000019,,Transfers,,2,,694,4126,5.94524495677233,,0,0,,z
2022Q4,p,S08000024,,S12000019,,Transfers,,2,,661,5044,7.63086232980333,,0,0,,z
2017Q4,,S08000024,,S12000019,,Transfers,,3,,314,2705,8.61464968152866,,0,0,,z
2018Q1,,S08000024,,S12000019,,Transfers,,3,,420,2449,5.83095238095238,,0,0,,z
2018Q2,,S08000024,,S12000019,,Transfers,,3,,358,2399,6.70111731843575,,0,0,,z
2018Q3,,S08000024,,S12000019,,Transfers,,3,,363,2514,6.92561983471074,,0,0,,z
2018Q4,,S08000024,,S12000019,,Transfers,,3,,348,2223,6.38793103448276,,0,0,,z
2019Q1,,S08000024,,S12000019,,Transfers,,3,,345,1891,5.48115942028986,,0,0,,z
2019Q2,,S08000024,,S12000019,,Transfers,,3,,463,3300,7.12742980561555,,0,0,,z
2019Q3,,S08000024,,S12000019,,Transfers,,3,,390,2785,7.14102564102564,,0,0,,z
2019Q4,,S08000024,,S12000019,,Transfers,,3,,374,2219,5.9331550802139,,0,0,,z
2020Q1,,S08000024,,S12000019,,Transfers,,3,,384,2537,6.60677083333333,,0,0,,z
2020Q2,,S08000024,,S12000019,,Transfers,,3,,319,1566,4.90909090909091,,0,0,,z
2020Q3,,S08000024,,S12000019,,Transfers,,3,,328,2244,6.84146341463415,,0,0,,z
2020Q4,,S08000024,,S12000019,,Transfers,,3,,457,3042,6.65645514223195,,0,0,,z
2021Q1,,S08000024,,S12000019,,Transfers,,3,,451,2747,6.09090909090909,,0,0,,z
2021Q2,,S08000024,,S12000019,,Transfers,,3,,379,2501,6.59894459102902,,0,0,,z
2021Q3,,S08000024,,S12000019,,Transfers,,3,,423,2255,5.33096926713948,,0,0,,z
2021Q4,,S08000024,,S12000019,,Transfers,,3,,413,2233,5.40677966101695,,0,0,,z
2022Q1,,S08000024,,S12000019,,Transfers,,3,,395,2359,5.97215189873418,,0,0,,z
2022Q2,,S08000024,,S12000019,,Transfers,,3,,469,2436,5.19402985074627,,0,0,,z
2022Q3,,S08000024,,S12000019,,Transfers,,3,,422,2495,5.91232227488152,,0,0,,z
2022Q4,p,S08000024,,S12000019,,Transfers,,3,,430,2433,5.65813953488372,,0,0,,z
2017Q4,,S08000024,,S12000019,,Transfers,,4,,234,1454,6.21367521367521,,0,0,,z
2018Q1,,S08000024,,S12000019,,Transfers,,4,,245,1772,7.23265306122449,,0,0,,z
2018Q2,,S08000024,,S12000019,,Transfers,,4,,237,1398,5.89873417721519,,0,0,,z
2018Q3,,S08000024,,S12000019,,Transfers,,4,,217,1414,6.51612903225806,,0,0,,z
2018Q4,,S08000024,,S12000019,,Transfers,,4,,223,1337,5.99551569506726,,0,0,,z
2019Q1,,S08000024,,S12000019,,Transfers,,4,,266,1593,5.98872180451128,,0,0,,z
2019Q2,,S08000024,,S12000019,,Transfers,,4,,240,1459,6.07916666666667,,0,0,,z
2019Q3,,S08000024,,S12000019,,Transfers,,4,,269,1660,6.17100371747212,,0,0,,z
2019Q4,,S08000024,,S12000019,,Transfers,,4,,262,1664,6.35114503816794,,0,0,,z
2020Q1,,S08000024,,S12000019,,Transfers,,4,,280,1666,5.95,,0,0,,z
2020Q2,,S08000024,,S12000019,,Transfers,,4,,215,1065,4.95348837209302,,0,0,,z
2020Q3,,S08000024,,S12000019,,Transfers,,4,,259,1721,6.64478764478764,,0,0,,z
2020Q4,,S08000024,,S12000019,,Transfers,,4,,259,1782,6.88030888030888,,0,0,,z
2021Q1,,S08000024,,S12000019,,Transfers,,4,,252,1401,5.55952380952381,,0,0,,z
2021Q2,,S08000024,,S12000019,,Transfers,,4,,315,1599,5.07619047619048,,0,0,,z
2021Q3,,S08000024,,S12000019,,Transfers,,4,,310,1834,5.91612903225806,,0,0,,z
2021Q4,,S08000024,,S12000019,,Transfers,,4,,306,1492,4.87581699346405,,0,0,,z
2022Q1,,S08000024,,S12000019,,Transfers,,4,,270,1533,5.67777777777778,,0,0,,z
2022Q2,,S08000024,,S12000019,,Transfers,,4,,251,1354,5.39442231075697,,0,0,,z
2022Q3,,S08000024,,S12000019,,Transfers,,4,,248,1169,4.71370967741935,,0,0,,z
2022Q4,p,S08000024,,S12000019,,Transfers,,4,,257,1369,5.32684824902724,,0,0,,z
2017Q4,,S08000024,,S12000019,,Transfers,,5,,158,1128,7.13924050632911,,0,0,,z
2018Q1,,S08000024,,S12000019,,Transfers,,5,,148,1004,6.78378378378378,,0,0,,z
2018Q2,,S08000024,,S12000019,,Transfers,,5,,157,1096,6.98089171974522,,0,0,,z
2018Q3,,S08000024,,S12000019,,Transfers,,5,,152,1035,6.80921052631579,,0,0,,z
2018Q4,,S08000024,,S12000019,,Transfers,,5,,158,997,6.31012658227848,,0,0,,z
2019Q1,,S08000024,,S12000019,,Transfers,,5,,138,635,4.60144927536232,,0,0,,z
2019Q2,,S08000024,,S12000019,,Transfers,,5,,162,748,4.61728395061728,,0,0,,z
2019Q3,,S08000024,,S12000019,,Transfers,,5,,165,960,5.81818181818182,,0,0,,z
2019Q4,,S08000024,,S12000019,,Transfers,,5,,167,1435,8.59281437125749,,0,0,,z
2020Q1,,S08000024,,S12000019,,Transfers,,5,,153,974,6.36601307189542,,0,0,,z
2020Q2,,S08000024,,S12000019,,Transfers,,5,,130,1023,7.86923076923077,,0,0,,z
2020Q3,,S08000024,,S12000019,,Transfers,,5,,163,992,6.08588957055215,,0,0,,z
2020Q4,,S08000024,,S12000019,,Transfers,,5,,124,582,4.69354838709677,,0,0,,z
2021Q1,,S08000024,,S12000019,,Transfers,,5,,187,944,5.04812834224599,,0,0,,z
2021Q2,,S08000024,,S12000019,,Transfers,,5,,185,807,4.36216216216216,,0,0,,z
2021Q3,,S08000024,,S12000019,,Transfers,,5,,155,961,6.2,,0,0,,z
2021Q4,,S08000024,,S12000019,,Transfers,,5,,166,939,5.6566265060241,,0,0,,z
2022Q1,,S08000024,,S12000019,,Transfers,,5,,183,1059,5.78688524590164,,0,0,,z
2022Q2,,S08000024,,S12000019,,Transfers,,5,,202,1002,4.96039603960396,,0,0,,z
2022Q3,,S08000024,,S12000019,,Transfers,,5,,164,862,5.25609756097561,,0,0,,z
2022Q4,p,S08000024,,S12000019,,Transfers,,5,,188,1042,5.54255319148936,,0,0,,z
2022Q4,p,S08000024,,S12000019,,Transfers,,,:,0,0,,z,0,0,,z
2017Q4,,S08000024,,S08000024,d,Transfers,,1,,1966,12999,6.6119023397762,,0,0,,z
2018Q1,,S08000024,,S08000024,d,Transfers,,1,,2113,13708,6.48745858968292,,0,0,,z
2018Q2,,S08000024,,S08000024,d,Transfers,,1,,1939,14372,7.412068076328,,0,0,,z
2018Q3,,S08000024,,S08000024,d,Transfers,,1,,1982,14781,7.45761856710394,,0,0,,z
2018Q4,,S08000024,,S08000024,d,Transfers,,1,,2079,15116,7.27080327080327,,0,0,,z
2019Q1,,S08000024,,S08000024,d,Transfers,,1,,2157,14480,6.71302735280482,,0,0,,z
2019Q2,,S08000024,,S08000024,d,Transfers,,1,,2228,15508,6.9605026929982,,0,0,,z
2019Q3,,S08000024,,S08000024,d,Transfers,,1,,2154,14924,6.92850510677809,,0,0,,z
2019Q4,,S08000024,,S08000024,d,Transfers,,1,,2196,14372,6.54462659380692,,0,0,,z
2020Q1,,S08000024,,S08000024,d,Transfers,,1,,2176,16103,7.40027573529412,,0,0,,z
2020Q2,,S08000024,,S08000024,d,Transfers,,1,,2011,10573,5.25758329189458,,0,0,,z
2020Q3,,S08000024,,S08000024,d,Transfers,,1,,2416,13069,5.40935430463576,,0,0,,z
2020Q4,,S08000024,,S08000024,d,Transfers,,1,,2286,12708,5.55905511811024,,0,0,,z
2021Q1,,S08000024,,S08000024,d,Transfers,,1,,2277,15758,6.92050944224857,,0,0,,z
2021Q2,,S08000024,,S08000024,d,Transfers,,1,,2411,14387,5.96723351306512,,0,0,,z
2021Q3,,S08000024,,S08000024,d,Transfers,,1,,2278,12598,5.53028972783143,,0,0,,z
2021Q4,,S08000024,,S08000024,d,Transfers,,1,,2414,15240,6.31317315658658,,0,0,,z
2022Q1,,S08000024,,S08000024,d,Transfers,,1,,2327,15050,6.46755479157714,,0,0,,z
2022Q2,,S08000024,,S08000024,d,Transfers,,1,,2355,14108,5.99065817409766,,0,0,,z
2022Q3,,S08000024,,S08000024,d,Transfers,,1,,2325,14387,6.18795698924731,,0,0,,z
2022Q4,p,S08000024,,S08000024,d,Transfers,,1,,2210,14217,6.43303167420815,,0,0,,z
2017Q4,,S08000024,,S08000024,d,Transfers,,2,,3484,26242,7.53214695752009,,0,0,,z
2018Q1,,S08000024,,S08000024,d,Transfers,,2,,3644,27281,7.48655323819978,,0,0,,z
2018Q2,,S08000024,,S08000024,d,Transfers,,2,,3227,24704,7.65540749922529,,0,0,,z
2018Q3,,S08000024,,S08000024,d,Transfers,,2,,3198,22824,7.13696060037523,,0,0,,z
2018Q4,,S08000024,,S08000024,d,Transfers,,2,,3344,25800,7.71531100478469,,0,0,,z
2019Q1,,S08000024,,S08000024,d,Transfers,,2,,3464,26514,7.65415704387991,,0,0,,z
2019Q2,,S08000024,,S08000024,d,Transfers,,2,,3873,29769,7.6862896979086,,0,0,,z
2019Q3,,S08000024,,S08000024,d,Transfers,,2,,3763,27173,7.22110018602179,,0,0,,z
2019Q4,,S08000024,,S08000024,d,Transfers,,2,,3940,26265,6.66624365482233,,0,0,,z
2020Q1,,S08000024,,S08000024,d,Transfers,,2,,3969,30780,7.75510204081633,,0,0,,z
2020Q2,,S08000024,,S08000024,d,Transfers,,2,,3533,18283,5.17492216246816,,0,0,,z
2020Q3,,S08000024,,S08000024,d,Transfers,,2,,3952,22512,5.69635627530364,,0,0,,z
2020Q4,,S08000024,,S08000024,d,Transfers,,2,,4112,27009,6.56833657587549,,0,0,,z
2021Q1,,S08000024,,S08000024,d,Transfers,,2,,3848,23637,6.14267151767152,,0,0,,z
2021Q2,,S08000024,,S08000024,d,Transfers,,2,,4058,23164,5.70823065549532,,0,0,,z
2021Q3,,S08000024,,S08000024,d,Transfers,,2,,4173,25743,6.16894320632638,,0,0,,z
2021Q4,,S08000024,,S08000024,d,Transfers,,2,,3877,25217,6.50425586793913,,0,0,,z
2022Q1,,S08000024,,S08000024,d,Transfers,,2,,3862,26459,6.85111341273951,,0,0,,z
2022Q2,,S08000024,,S08000024,d,Transfers,,2,,4122,27346,6.63415817564289,,0,0,,z
2022Q3,,S08000024,,S08000024,d,Transfers,,2,,3855,25458,6.60389105058366,,0,0,,z
2022Q4,p,S08000024,,S08000024,d,Transfers,,2,,3764,25706,6.82943676939426,,0,0,,z
2017Q4,,S08000024,,S08000024,d,Transfers,,3,,2295,17771,7.74335511982571,,0,0,,z
2018Q1,,S08000024,,S08000024,d,Transfers,,3,,2396,16435,6.8593489148581,,0,0,,z
2018Q2,,S08000024,,S08000024,d,Transfers,,3,,2021,15478,7.6585848589807,,0,0,,z
2018Q3,,S08000024,,S08000024,d,Transfers,,3,,2049,16541,8.07271839921913,,0,0,,z
2018Q4,,S08000024,,S08000024,d,Transfers,,3,,2099,17341,8.26155312053359,,0,0,,z
2019Q1,,S08000024,,S08000024,d,Transfers,,3,,2101,14398,6.85292717753451,,0,0,,z
2019Q2,,S08000024,,S08000024,d,Transfers,,3,,2452,17515,7.1431484502447,,0,0,,z
2019Q3,,S08000024,,S08000024,d,Transfers,,3,,2205,15107,6.85124716553288,,0,0,,z
2019Q4,,S08000024,,S08000024,d,Transfers,,3,,2456,15143,6.16571661237785,,0,0,,z
2020Q1,,S08000024,,S08000024,d,Transfers,,3,,2465,17057,6.91967545638945,,0,0,,z
2020Q2,,S08000024,,S08000024,d,Transfers,,3,,2119,11184,5.27796130250118,,0,0,,z
2020Q3,,S08000024,,S08000024,d,Transfers,,3,,2446,13333,5.45094031071137,,0,0,,z
2020Q4,,S08000024,,S08000024,d,Transfers,,3,,2497,15964,6.39327192631157,,0,0,,z
2021Q1,,S08000024,,S08000024,d,Transfers,,3,,2446,15159,6.19746524938675,,0,0,,z
2021Q2,,S08000024,,S08000024,d,Transfers,,3,,2547,16233,6.3733804475854,,0,0,,z
2021Q3,,S08000024,,S08000024,d,Transfers,,3,,2475,15945,6.44242424242424,,0,0,,z
2021Q4,,S08000024,,S08000024,d,Transfers,,3,,2528,17930,7.09256329113924,,0,0,,z
2022Q1,,S08000024,,S08000024,d,Transfers,,3,,2516,17091,6.7929252782194,,0,0,,z
2022Q2,,S08000024,,S08000024,d,Transfers,,3,,2603,17376,6.67537456780638,,0,0,,z
2022Q3,,S08000024,,S08000024,d,Transfers,,3,,2517,17453,6.93404847040127,,0,0,,z
2022Q4,p,S08000024,,S08000024,d,Transfers,,3,,2589,17550,6.77867902665122,,0,0,,z
2017Q4,,S08000024,,S08000024,d,Transfers,,4,,1929,13439,6.966822187662,,0,0,,z
2018Q1,,S08000024,,S08000024,d,Transfers,,4,,1928,13999,7.26089211618257,,0,0,,z
2018Q2,,S08000024,,S08000024,d,Transfers,,4,,1964,14148,7.20366598778004,,0,0,,z
2018Q3,,S08000024,,S08000024,d,Transfers,,4,,1809,12979,7.1746821448314,,0,0,,z
2018Q4,,S08000024,,S08000024,d,Transfers,,4,,1965,15310,7.79134860050891,,0,0,,z
2019Q1,,S08000024,,S08000024,d,Transfers,,4,,2071,14827,7.15934331240946,,0,0,,z
2019Q2,,S08000024,,S08000024,d,Transfers,,4,,2057,14509,7.05347593582888,,0,0,,z
2019Q3,,S08000024,,S08000024,d,Transfers,,4,,2242,16317,7.2778768956289,,0,0,,z
2019Q4,,S08000024,,S08000024,d,Transfers,,4,,2256,16735,7.41799645390071,,0,0,,z
2020Q1,,S08000024,,S08000024,d,Transfers,,4,,2248,16963,7.54581850533808,,0,0,,z
2020Q2,,S08000024,,S08000024,d,Transfers,,4,,2142,10935,5.10504201680672,,0,0,,z
2020Q3,,S08000024,,S08000024,d,Transfers,,4,,2246,13066,5.81745325022262,,0,0,,z
2020Q4,,S08000024,,S08000024,d,Transfers,,4,,2337,15264,6.53145057766367,,0,0,,z
2021Q1,,S08000024,,S08000024,d,Transfers,,4,,2118,14391,6.79461756373938,,0,0,,z
2021Q2,,S08000024,,S08000024,d,Transfers,,4,,2326,13845,5.95227858985383,,0,0,,z
2021Q3,,S08000024,,S08000024,d,Transfers,,4,,2581,15825,6.13134444013948,,0,0,,z
2021Q4,,S08000024,,S08000024,d,Transfers,,4,,2565,18045,7.03508771929825,,0,0,,z
2022Q1,,S08000024,,S08000024,d,Transfers,,4,,2314,17921,7.74459809853068,,0,0,,z
2022Q2,,S08000024,,S08000024,d,Transfers,,4,,2424,16346,6.74339933993399,,0,0,,z
2022Q3,,S08000024,,S08000024,d,Transfers,,4,,2359,15810,6.70199236964816,,0,0,,z
2022Q4,p,S08000024,,S08000024,d,Transfers,,4,,2356,15257,6.4758064516129,,0,0,,z
2017Q4,,S08000024,,S08000024,d,Transfers,,5,,3180,25534,8.02955974842767,,0,0,,z
2018Q1,,S08000024,,S08000024,d,Transfers,,5,,3144,25129,7.9926844783715,,0,0,,z
2018Q2,,S08000024,,S08000024,d,Transfers,,5,,2961,26896,9.08341776426883,,0,0,,z
2018Q3,,S08000024,,S08000024,d,Transfers,,5,,2932,23920,8.15825375170532,,0,0,,z
2018Q4,,S08000024,,S08000024,d,Transfers,,5,,3149,26208,8.32264210860591,,0,0,,z
2019Q1,,S08000024,,S08000024,d,Transfers,,5,,3232,26206,8.10829207920792,,0,0,,z
2019Q2,,S08000024,,S08000024,d,Transfers,,5,,3188,27058,8.48745294855709,,0,0,,z
2019Q3,,S08000024,,S08000024,d,Transfers,,5,,3432,25369,7.39189976689977,,0,0,,z
2019Q4,,S08000024,,S08000024,d,Transfers,,5,,3408,26880,7.88732394366197,,0,0,,z
2020Q1,,S08000024,,S08000024,d,Transfers,,5,,3542,29412,8.3037831733483891,,0,0,,z
2020Q2,,S08000024,,S08000024,d,Transfers,,5,,3117,18679,5.99262111004171,,0,0,,z
2020Q3,,S08000024,,S08000024,d,Transfers,,5,,3420,20435,5.97514619883041,,0,0,,z
2020Q4,,S08000024,,S08000024,d,Transfers,,5,,3470,23986,6.91239193083574,,0,0,,z
2021Q1,,S08000024,,S08000024,d,Transfers,,5,,3488,25555,7.32654816513761,,0,0,,z
2021Q2,,S08000024,,S08000024,d,Transfers,,5,,3580,23726,6.62737430167598,,0,0,,z
2021Q3,,S08000024,,S08000024,d,Transfers,,5,,3713,26561,7.15351467815782,,0,0,,z
2021Q4,,S08000024,,S08000024,d,Transfers,,5,,3697,26741,7.2331620232621,,0,0,,z
2022Q1,,S08000024,,S08000024,d,Transfers,,5,,3731,28018,7.50951487536853,,0,0,,z
2022Q2,,S08000024,,S08000024,d,Transfers,,5,,3927,28593,7.28113063407181,,0,0,,z
2022Q3,,S08000024,,S08000024,d,Transfers,,5,,4060,29578,7.28522167487685,,0,0,,z
2022Q4,p,S08000024,,S08000024,d,Transfers,,5,,3888,28515,7.3341049382716,,0,0,,z
2022Q4,p,S08000024,,S08000024,d,Transfers,,,:,11,42,3.81818181818182,,0,0,,z
2017Q4,,S08000024,,S12000040,,Transfers,,1,,555,3417,6.15675675675676,,0,0,,z
2018Q1,,S08000024,,S12000040,,Transfers,,1,,532,3313,6.2274436090225596,,0,0,,z
2018Q2,,S08000024,,S12000040,,Transfers,,1,,503,3592,7.14115308151093,,0,0,,z
2018Q3,,S08000024,,S12000040,,Transfers,,1,,445,2637,5.92584269662921,,0,0,,z
2018Q4,,S08000024,,S12000040,,Transfers,,1,,556,3427,6.1636690647482,,0,0,,z
2019Q1,,S08000024,,S12000040,,Transfers,,1,,515,3386,6.5747572815534,,0,0,,z
2019Q2,,S08000024,,S12000040,,Transfers,,1,,532,3379,6.3515037593985,,0,0,,z
2019Q3,,S08000024,,S12000040,,Transfers,,1,,515,3707,7.19805825242718,,0,0,,z
2019Q4,,S08000024,,S12000040,,Transfers,,1,,464,2612,5.62931034482759,,0,0,,z
2020Q1,,S08000024,,S12000040,,Transfers,,1,,541,3698,6.8354898336414,,0,0,,z
2020Q2,,S08000024,,S12000040,,Transfers,,1,,505,2450,4.85148514851485,,0,0,,z
2020Q3,,S08000024,,S12000040,,Transfers,,1,,657,3186,4.84931506849315,,0,0,,z
2020Q4,,S08000024,,S12000040,,Transfers,,1,,647,3073,4.74961360123648,,0,0,,z
2021Q1,,S08000024,,S12000040,,Transfers,,1,,620,3254,5.24838709677419,,0,0,,z
2021Q2,,S08000024,,S12000040,,Transfers,,1,,677,3676,5.42983751846381,,0,0,,z
2021Q3,,S08000024,,S12000040,,Transfers,,1,,547,2875,5.25594149908592,,0,0,,z
2021Q4,,S08000024,,S12000040,,Transfers,,1,,602,3422,5.6843853820598,,0,0,,z
2022Q1,,S08000024,,S12000040,,Transfers,,1,,615,3682,5.9869918699187,,0,0,,z
2022Q2,,S08000024,,S12000040,,Transfers,,1,,606,3314,5.46864686468647,,0,0,,z
2022Q3,,S08000024,,S12000040,,Transfers,,1,,525,3867,7.36571428571429,,0,0,,z
2022Q4,p,S08000024,,S12000040,,Transfers,,1,,557,3630,6.51705565529623,,0,0,,z
2017Q4,,S08000024,,S12000040,,Transfers,,2,,875,6602,7.54514285714286,,0,0,,z
2018Q1,,S08000024,,S12000040,,Transfers,,2,,887,6641,7.48703494926719,,0,0,,z
2018Q2,,S08000024,,S12000040,,Transfers,,2,,813,5190,6.38376383763838,,0,0,,z
2018Q3,,S08000024,,S12000040,,Transfers,,2,,848,5627,6.63561320754717,,0,0,,z
2018Q4,,S08000024,,S12000040,,Transfers,,2,,904,5948,6.57964601769912,,0,0,,z
2019Q1,,S08000024,,S12000040,,Transfers,,2,,793,5364,6.76418663303909,,0,0,,z
2019Q2,,S08000024,,S12000040,,Transfers,,2,,903,6143,6.80287929125138,,0,0,,z
2019Q3,,S08000024,,S12000040,,Transfers,,2,,893,6493,7.27099664053751,,0,0,,z
2019Q4,,S08000024,,S12000040,,Transfers,,2,,988,6237,6.31275303643725,,0,0,,z
2020Q1,,S08000024,,S12000040,,Transfers,,2,,1043,7094,6.80153403643336,,0,0,,z
2020Q2,,S08000024,,S12000040,,Transfers,,2,,893,3667,4.1063829787234,,0,0,,z
2020Q3,,S08000024,,S12000040,,Transfers,,2,,1132,5344,4.7208480565371,,0,0,,z
2020Q4,,S08000024,,S12000040,,Transfers,,2,,1137,6058,5.32805628847845,,0,0,,z
2021Q1,,S08000024,,S12000040,,Transfers,,2,,965,5052,5.23523316062176,,0,0,,z
2021Q2,,S08000024,,S12000040,,Transfers,,2,,1113,5198,4.67026055705301,,0,0,,z
2021Q3,,S08000024,,S12000040,,Transfers,,2,,974,5451,5.59650924024641,,0,0,,z
2021Q4,,S08000024,,S12000040,,Transfers,,2,,912,5531,6.06469298245614,,0,0,,z
2022Q1,,S08000024,,S12000040,,Transfers,,2,,920,6104,6.63478260869565,,0,0,,z
2022Q2,,S08000024,,S12000040,,Transfers,,2,,1064,6318,5.93796992481203,,0,0,,z
2022Q3,,S08000024,,S12000040,,Transfers,,2,,892,5590,6.26681614349776,,0,0,,z
2022Q4,p,S08000024,,S12000040,,Transfers,,2,,810,4816,5.94567901234568,,0,0,,z
2017Q4,,S08000024,,S12000040,,Transfers,,3,,559,3879,6.9391771019678,,0,0,,z
2018Q1,,S08000024,,S12000040,,Transfers,,3,,608,3886,6.39144736842105,,0,0,,z
2018Q2,,S08000024,,S12000040,,Transfers,,3,,520,3472,6.67692307692308,,0,0,,z
2018Q3,,S08000024,,S12000040,,Transfers,,3,,494,3667,7.42307692307692,,0,0,,z
2018Q4,,S08000024,,S12000040,,Transfers,,3,,516,3861,7.48255813953488,,0,0,,z
2019Q1,,S08000024,,S12000040,,Transfers,,3,,456,3033,6.65131578947368,,0,0,,z
2019Q2,,S08000024,,S12000040,,Transfers,,3,,534,3017,5.6498127340824,,0,0,,z
2019Q3,,S08000024,,S12000040,,Transfers,,3,,509,3062,6.01571709233792,,0,0,,z
2019Q4,,S08000024,,S12000040,,Transfers,,3,,544,3040,5.58823529411765,,0,0,,z
2020Q1,,S08000024,,S12000040,,Transfers,,3,,659,4377,6.64188163884674,,0,0,,z
2020Q2,,S08000024,,S12000040,,Transfers,,3,,600,2483,4.13833333333333,,0,0,,z
2020Q3,,S08000024,,S12000040,,Transfers,,3,,723,3143,4.34716459197787,,0,0,,z
2020Q4,,S08000024,,S12000040,,Transfers,,3,,567,2971,5.23985890652557,,0,0,,z
2021Q1,,S08000024,,S12000040,,Transfers,,3,,557,2825,5.07181328545781,,0,0,,z
2021Q2,,S08000024,,S12000040,,Transfers,,3,,670,3316,4.94925373134328,,0,0,,z
2021Q3,,S08000024,,S12000040,,Transfers,,3,,511,2856,5.58904109589041,,0,0,,z
2021Q4,,S08000024,,S12000040,,Transfers,,3,,532,3326,6.25187969924812,,0,0,,z
2022Q1,,S08000024,,S12000040,,Transfers,,3,,595,3052,5.12941176470588,,0,0,,z
2022Q2,,S08000024,,S12000040,,Transfers,,3,,680,3749,5.51323529411765,,0,0,,z
2022Q3,,S08000024,,S12000040,,Transfers,,3,,583,3980,6.82675814751286,,0,0,,z
2022Q4,p,S08000024,,S12000040,,Transfers,,3,,594,3658,6.15824915824916,,0,0,,z
2017Q4,,S08000024,,S12000040,,Transfers,,4,,308,1967,6.38636363636364,,0,0,,z
2018Q1,,S08000024,,S12000040,,Transfers,,4,,377,2312,6.13262599469496,,0,0,,z
2018Q2,,S08000024,,S12000040,,Transfers,,4,,386,2372,6.14507772020725,,0,0,,z
2018Q3,,S08000024,,S12000040,,Transfers,,4,,332,1986,5.98192771084337,,0,0,,z
2018Q4,,S08000024,,S12000040,,Transfers,,4,,367,3087,8.41144414168937,,0,0,,z
2019Q1,,S08000024,,S12000040,,Transfers,,4,,360,2240,6.22222222222222,,0,0,,z
2019Q2,,S08000024,,S12000040,,Transfers,,4,,424,2723,6.42216981132075,,0,0,,z
2019Q3,,S08000024,,S12000040,,Transfers,,4,,390,2259,5.79230769230769,,0,0,,z
2019Q4,,S08000024,,S12000040,,Transfers,,4,,382,2612,6.83769633507853,,0,0,,z
2020Q1,,S08000024,,S12000040,,Transfers,,4,,426,2533,5.94600938967136,,0,0,,z
2020Q2,,S08000024,,S12000040,,Transfers,,4,,414,1907,4.60628019323671,,0,0,,z
2020Q3,,S08000024,,S12000040,,Transfers,,4,,446,1674,3.75336322869955,,0,0,,z
2020Q4,,S08000024,,S12000040,,Transfers,,4,,404,2118,5.24257425742574,,0,0,,z
2021Q1,,S08000024,,S12000040,,Transfers,,4,,434,2303,5.30645161290323,,0,0,,z
2021Q2,,S08000024,,S12000040,,Transfers,,4,,455,2069,4.54725274725275,,0,0,,z
2021Q3,,S08000024,,S12000040,,Transfers,,4,,471,2473,5.25053078556263,,0,0,,z
2021Q4,,S08000024,,S12000040,,Transfers,,4,,463,2380,5.14038876889849,,0,0,,z
2022Q1,,S08000024,,S12000040,,Transfers,,4,,446,2168,4.8609865470852,,0,0,,z
2022Q2,,S08000024,,S12000040,,Transfers,,4,,445,2426,5.45168539325843,,0,0,,z
2022Q3,,S08000024,,S12000040,,Transfers,,4,,417,2792,6.69544364508393,,0,0,,z
2022Q4,p,S08000024,,S12000040,,Transfers,,4,,449,2640,5.87973273942094,,0,0,,z
2017Q4,,S08000024,,S12000040,,Transfers,,5,,293,1720,5.8703071672355,,0,0,,z
2018Q1,,S08000024,,S12000040,,Transfers,,5,,279,1595,5.7168458781362,,0,0,,z
2018Q2,,S08000024,,S12000040,,Transfers,,5,,300,2989,9.96333333333333,,0,0,,z
2018Q3,,S08000024,,S12000040,,Transfers,,5,,278,1897,6.82374100719424,,0,0,,z
2018Q4,,S08000024,,S12000040,,Transfers,,5,,314,1989,6.3343949044586,,0,0,,z
2019Q1,,S08000024,,S12000040,,Transfers,,5,,280,1871,6.68214285714286,,0,0,,z
2019Q2,,S08000024,,S12000040,,Transfers,,5,,296,2173,7.34121621621622,,0,0,,z
2019Q3,,S08000024,,S12000040,,Transfers,,5,,303,1763,5.81848184818482,,0,0,,z
2019Q4,,S08000024,,S12000040,,Transfers,,5,,271,1968,7.2619926199262,,0,0,,z
2020Q1,,S08000024,,S12000040,,Transfers,,5,,287,1793,6.24738675958188,,0,0,,z
2020Q2,,S08000024,,S12000040,,Transfers,,5,,270,1073,3.97407407407407,,0,0,,z
2020Q3,,S08000024,,S12000040,,Transfers,,5,,393,1869,4.75572519083969,,0,0,,z
2020Q4,,S08000024,,S12000040,,Transfers,,5,,363,1553,4.27823691460055,,0,0,,z
2021Q1,,S08000024,,S12000040,,Transfers,,5,,327,1532,4.68501529051988,,0,0,,z
2021Q2,,S08000024,,S12000040,,Transfers,,5,,331,1926,5.81873111782477,,0,0,,z
2021Q3,,S08000024,,S12000040,,Transfers,,5,,320,1513,4.728125,,0,0,,z
2021Q4,,S08000024,,S12000040,,Transfers,,5,,339,1460,4.30678466076696,,0,0,,z
2022Q1,,S08000024,,S12000040,,Transfers,,5,,358,2090,5.83798882681564,,0,0,,z
2022Q2,,S08000024,,S12000040,,Transfers,,5,,373,2018,5.41018766756032,,0,0,,z
2022Q3,,S08000024,,S12000040,,Transfers,,5,,373,2170,5.81769436997319,,0,0,,z
2022Q4,p,S08000024,,S12000040,,Transfers,,5,,350,2124,6.06857142857143,,0,0,,z
2022Q4,p,S08000024,,S12000040,,Transfers,,,:,0,0,,z,0,0,,z
2017Q4,,S08000025,,S08000025,d,Transfers,,2,,40,426,10.65,,0,0,,z
2018Q1,,S08000025,,S08000025,d,Transfers,,2,,35,233,6.65714285714286,,0,0,,z
2018Q2,,S08000025,,S08000025,d,Transfers,,2,,38,281,7.39473684210526,,0,0,,z
2018Q3,,S08000025,,S08000025,d,Transfers,,2,,50,284,5.68,,0,0,,z
2018Q4,,S08000025,,S08000025,d,Transfers,,2,,45,272,6.04444444444444,,0,0,,z
2019Q1,,S08000025,,S08000025,d,Transfers,,2,,45,462,10.2666666666667,,0,0,,z
2019Q2,,S08000025,,S08000025,d,Transfers,,2,,45,342,7.6,,0,0,,z
2019Q3,,S08000025,,S08000025,d,Transfers,,2,,30,247,8.23333333333333,,0,0,,z
2019Q4,,S08000025,,S08000025,d,Transfers,,2,,25,213,8.52,,0,0,,z
2020Q1,,S08000025,,S08000025,d,Transfers,,2,,25,329,13.16,,0,0,,z
2020Q2,,S08000025,,S08000025,d,Transfers,,2,,25,257,10.28,,0,0,,z
2020Q3,,S08000025,,S08000025,d,Transfers,,2,,35,174,4.97142857142857,,0,0,,z
2020Q4,,S08000025,,S08000025,d,Transfers,,2,,35,255,7.28571428571429,,0,0,,z
2021Q1,,S08000025,,S08000025,d,Transfers,,2,,45,375,8.33333333333333,,0,0,,z
2021Q2,,S08000025,,S08000025,d,Transfers,,2,,50,695,13.9,,0,0,,z
2021Q3,,S08000025,,S08000025,d,Transfers,,2,,35,340,9.71428571428571,,0,0,,z
2021Q4,,S08000025,,S08000025,d,Transfers,,2,,25,282,11.28,,0,0,,z
2022Q1,,S08000025,,S08000025,d,Transfers,,2,,25,258,10.32,,0,0,,z
2022Q2,,S08000025,,S08000025,d,Transfers,,2,,30,362,12.0666666666667,,0,0,,z
2022Q3,,S08000025,,S08000025,d,Transfers,,2,,19,188,9.89473684210526,,0,0,,z
2022Q4,p,S08000025,,S08000025,d,Transfers,,2,,30,241,8.03333333333333,,0,0,,z
2017Q4,,S08000025,,S08000025,d,Transfers,,3,,40,351,8.775,,0,0,,z
2018Q1,,S08000025,,S08000025,d,Transfers,,3,,31,378,12.1935483870968,,0,0,,z
2018Q2,,S08000025,,S08000025,d,Transfers,,3,,53,387,7.30188679245283,,0,0,,z
2018Q3,,S08000025,,S08000025,d,Transfers,,3,,45,351,7.8,,0,0,,z
2018Q4,,S08000025,,S08000025,d,Transfers,,3,,41,281,6.85365853658537,,0,0,,z
2019Q1,,S08000025,,S08000025,d,Transfers,,3,,41,209,5.09756097560976,,0,0,,z
2019Q2,,S08000025,,S08000025,d,Transfers,,3,,63,463,7.34920634920635,,0,0,,z
2019Q3,,S08000025,,S08000025,d,Transfers,,3,,33,427,12.9393939393939,,0,0,,z
2019Q4,,S08000025,,S08000025,d,Transfers,,3,,48,334,6.95833333333333,,0,0,,z
2020Q1,,S08000025,,S08000025,d,Transfers,,3,,36,359,9.97222222222222,,0,0,,z
2020Q2,,S08000025,,S08000025,d,Transfers,,3,,35,287,8.2,,0,0,,z
2020Q3,,S08000025,,S08000025,d,Transfers,,3,,41,287,7,,0,0,,z
2020Q4,,S08000025,,S08000025,d,Transfers,,3,,29,426,14.6896551724138,,0,0,,z
2021Q1,,S08000025,,S08000025,d,Transfers,,3,,34,334,9.82352941176471,,0,0,,z
2021Q2,,S08000025,,S08000025,d,Transfers,,3,,36,494,13.7222222222222,,0,0,,z
2021Q3,,S08000025,,S08000025,d,Transfers,,3,,29,254,8.75862068965517,,0,0,,z
2021Q4,,S08000025,,S08000025,d,Transfers,,3,,37,259,7,,0,0,,z
2022Q1,,S08000025,,S08000025,d,Transfers,,3,,14,156,11.1428571428571,,0,0,,z
2022Q2,,S08000025,,S08000025,d,Transfers,,3,,22,460,20.9090909090909,,0,0,,z
2022Q3,,S08000025,,S08000025,d,Transfers,,3,,15,247,16.4666666666667,,0,0,,z
2022Q4,p,S08000025,,S08000025,d,Transfers,,3,,30,195,6.5,,0,0,,z
2017Q4,,S08000025,,S08000025,d,Transfers,,4,,149,992,6.65771812080537,,0,0,,z
2018Q1,,S08000025,,S08000025,d,Transfers,,4,,109,822,7.54128440366972,,0,0,,z
2018Q2,,S08000025,,S08000025,d,Transfers,,4,,128,938,7.328125,,0,0,,z
2018Q3,,S08000025,,S08000025,d,Transfers,,4,,101,1296,12.8316831683168,,0,0,,z
2018Q4,,S08000025,,S08000025,d,Transfers,,4,,155,1147,7.4,,0,0,,z
2019Q1,,S08000025,,S08000025,d,Transfers,,4,,137,1112,8.11678832116788,,0,0,,z
2019Q2,,S08000025,,S08000025,d,Transfers,,4,,156,1395,8.94230769230769,,0,0,,z
2019Q3,,S08000025,,S08000025,d,Transfers,,4,,90,745,8.27777777777778,,0,0,,z
2019Q4,,S08000025,,S08000025,d,Transfers,,4,,88,823,9.35227272727273,,0,0,,z
2020Q1,,S08000025,,S08000025,d,Transfers,,4,,90,947,10.5222222222222,,0,0,,z
2020Q2,,S08000025,,S08000025,d,Transfers,,4,,75,800,10.6666666666667,,0,0,,z
2020Q3,,S08000025,,S08000025,d,Transfers,,4,,75,770,10.2666666666667,,0,0,,z
2020Q4,,S08000025,,S08000025,d,Transfers,,4,,69,495,7.17391304347826,,0,0,,z
2021Q1,,S08000025,,S08000025,d,Transfers,,4,,88,607,6.89772727272727,,0,0,,z
2021Q2,,S08000025,,S08000025,d,Transfers,,4,,91,735,8.07692307692308,,0,0,,z
2021Q3,,S08000025,,S08000025,d,Transfers,,4,,101,929,9.1980198019802,,0,0,,z
2021Q4,,S08000025,,S08000025,d,Transfers,,4,,109,844,7.74311926605505,,0,0,,z
2022Q1,,S08000025,,S08000025,d,Transfers,,4,,100,1246,12.46,,0,0,,z
2022Q2,,S08000025,,S08000025,d,Transfers,,4,,86,1326,15.4186046511628,,0,0,,z
2022Q3,,S08000025,,S08000025,d,Transfers,,4,,79,1084,13.7215189873418,,0,0,,z
2022Q4,p,S08000025,,S08000025,d,Transfers,,4,,95,1111,11.6947368421053,,0,0,,z
2017Q4,,S08000025,,S12000023,,Transfers,,2,,40,426,10.65,,0,0,,z
2018Q1,,S08000025,,S12000023,,Transfers,,2,,35,233,6.65714285714286,,0,0,,z
2018Q2,,S08000025,,S12000023,,Transfers,,2,,38,281,7.39473684210526,,0,0,,z
2018Q3,,S08000025,,S12000023,,Transfers,,2,,50,284,5.68,,0,0,,z
2018Q4,,S08000025,,S12000023,,Transfers,,2,,45,272,6.04444444444444,,0,0,,z
2019Q1,,S08000025,,S12000023,,Transfers,,2,,45,462,10.2666666666667,,0,0,,z
2019Q2,,S08000025,,S12000023,,Transfers,,2,,45,342,7.6,,0,0,,z
2019Q3,,S08000025,,S12000023,,Transfers,,2,,30,247,8.23333333333333,,0,0,,z
2019Q4,,S08000025,,S12000023,,Transfers,,2,,25,213,8.52,,0,0,,z
2020Q1,,S08000025,,S12000023,,Transfers,,2,,25,329,13.16,,0,0,,z
2020Q2,,S08000025,,S12000023,,Transfers,,2,,25,257,10.28,,0,0,,z
2020Q3,,S08000025,,S12000023,,Transfers,,2,,35,174,4.97142857142857,,0,0,,z
2020Q4,,S08000025,,S12000023,,Transfers,,2,,35,255,7.28571428571429,,0,0,,z
2021Q1,,S08000025,,S12000023,,Transfers,,2,,45,375,8.33333333333333,,0,0,,z
2021Q2,,S08000025,,S12000023,,Transfers,,2,,50,695,13.9,,0,0,,z
2021Q3,,S08000025,,S12000023,,Transfers,,2,,35,340,9.71428571428571,,0,0,,z
2021Q4,,S08000025,,S12000023,,Transfers,,2,,25,282,11.28,,0,0,,z
2022Q1,,S08000025,,S12000023,,Transfers,,2,,25,258,10.32,,0,0,,z
2022Q2,,S08000025,,S12000023,,Transfers,,2,,30,362,12.0666666666667,,0,0,,z
2022Q3,,S08000025,,S12000023,,Transfers,,2,,19,188,9.89473684210526,,0,0,,z
2022Q4,p,S08000025,,S12000023,,Transfers,,2,,30,241,8.03333333333333,,0,0,,z
2017Q4,,S08000025,,S12000023,,Transfers,,3,,40,351,8.775,,0,0,,z
2018Q1,,S08000025,,S12000023,,Transfers,,3,,31,378,12.1935483870968,,0,0,,z
2018Q2,,S08000025,,S12000023,,Transfers,,3,,53,387,7.30188679245283,,0,0,,z
2018Q3,,S08000025,,S12000023,,Transfers,,3,,45,351,7.8,,0,0,,z
2018Q4,,S08000025,,S12000023,,Transfers,,3,,41,281,6.85365853658537,,0,0,,z
2019Q1,,S08000025,,S12000023,,Transfers,,3,,41,209,5.09756097560976,,0,0,,z
2019Q2,,S08000025,,S12000023,,Transfers,,3,,63,463,7.34920634920635,,0,0,,z
2019Q3,,S08000025,,S12000023,,Transfers,,3,,33,427,12.9393939393939,,0,0,,z
2019Q4,,S08000025,,S12000023,,Transfers,,3,,48,334,6.95833333333333,,0,0,,z
2020Q1,,S08000025,,S12000023,,Transfers,,3,,36,359,9.97222222222222,,0,0,,z
2020Q2,,S08000025,,S12000023,,Transfers,,3,,35,287,8.2,,0,0,,z
2020Q3,,S08000025,,S12000023,,Transfers,,3,,41,287,7,,0,0,,z
2020Q4,,S08000025,,S12000023,,Transfers,,3,,29,426,14.6896551724138,,0,0,,z
2021Q1,,S08000025,,S12000023,,Transfers,,3,,34,334,9.82352941176471,,0,0,,z
2021Q2,,S08000025,,S12000023,,Transfers,,3,,36,494,13.7222222222222,,0,0,,z
2021Q3,,S08000025,,S12000023,,Transfers,,3,,29,254,8.75862068965517,,0,0,,z
2021Q4,,S08000025,,S12000023,,Transfers,,3,,37,259,7,,0,0,,z
2022Q1,,S08000025,,S12000023,,Transfers,,3,,14,156,11.1428571428571,,0,0,,z
2022Q2,,S08000025,,S12000023,,Transfers,,3,,22,460,20.9090909090909,,0,0,,z
2022Q3,,S08000025,,S12000023,,Transfers,,3,,15,247,16.4666666666667,,0,0,,z
2022Q4,p,S08000025,,S12000023,,Transfers,,3,,30,195,6.5,,0,0,,z
2017Q4,,S08000025,,S12000023,,Transfers,,4,,149,992,6.65771812080537,,0,0,,z
2018Q1,,S08000025,,S12000023,,Transfers,,4,,109,822,7.54128440366972,,0,0,,z
2018Q2,,S08000025,,S12000023,,Transfers,,4,,128,938,7.328125,,0,0,,z
2018Q3,,S08000025,,S12000023,,Transfers,,4,,101,1296,12.8316831683168,,0,0,,z
2018Q4,,S08000025,,S12000023,,Transfers,,4,,155,1147,7.4,,0,0,,z
2019Q1,,S08000025,,S12000023,,Transfers,,4,,137,1112,8.11678832116788,,0,0,,z
2019Q2,,S08000025,,S12000023,,Transfers,,4,,156,1395,8.94230769230769,,0,0,,z
2019Q3,,S08000025,,S12000023,,Transfers,,4,,90,745,8.27777777777778,,0,0,,z
2019Q4,,S08000025,,S12000023,,Transfers,,4,,88,823,9.35227272727273,,0,0,,z
2020Q1,,S08000025,,S12000023,,Transfers,,4,,90,947,10.5222222222222,,0,0,,z
2020Q2,,S08000025,,S12000023,,Transfers,,4,,75,800,10.6666666666667,,0,0,,z
2020Q3,,S08000025,,S12000023,,Transfers,,4,,75,770,10.2666666666667,,0,0,,z
2020Q4,,S08000025,,S12000023,,Transfers,,4,,69,495,7.17391304347826,,0,0,,z
2021Q1,,S08000025,,S12000023,,Transfers,,4,,88,607,6.89772727272727,,0,0,,z
2021Q2,,S08000025,,S12000023,,Transfers,,4,,91,735,8.07692307692308,,0,0,,z
2021Q3,,S08000025,,S12000023,,Transfers,,4,,101,929,9.1980198019802,,0,0,,z
2021Q4,,S08000025,,S12000023,,Transfers,,4,,109,844,7.74311926605505,,0,0,,z
2022Q1,,S08000025,,S12000023,,Transfers,,4,,100,1246,12.46,,0,0,,z
2022Q2,,S08000025,,S12000023,,Transfers,,4,,86,1326,15.4186046511628,,0,0,,z
2022Q3,,S08000025,,S12000023,,Transfers,,4,,79,1084,13.7215189873418,,0,0,,z
2022Q4,p,S08000025,,S12000023,,Transfers,,4,,95,1111,11.6947368421053,,0,0,,z
2017Q4,,S08000026,,S08000026,d,Transfers,,2,,5,17,3.4,,0,0,,z
2018Q1,,S08000026,,S08000026,d,Transfers,,2,,10,76,7.6,,0,0,,z
2018Q2,,S08000026,,S08000026,d,Transfers,,2,,15,152,10.133333333333301,,0,0,,z
2018Q3,,S08000026,,S08000026,d,Transfers,,2,,5,13,2.6,,0,0,,z
2018Q4,,S08000026,,S08000026,d,Transfers,,2,,10,33,3.3,,0,0,,z
2019Q1,,S08000026,,S08000026,d,Transfers,,2,,5,12,2.4,,0,0,,z
2019Q2,,S08000026,,S08000026,d,Transfers,,2,,16,91,5.6875,,0,0,,z
2019Q3,,S08000026,,S08000026,d,Transfers,,2,,5,13,2.6,,0,0,,z
2019Q4,,S08000026,,S08000026,d,Transfers,,2,,5,18,3.6,,0,0,,z
2020Q1,,S08000026,,S08000026,d,Transfers,,2,,5,66,13.2,,0,0,,z
2020Q2,,S08000026,,S08000026,d,Transfers,,2,,10,52,5.2,,0,0,,z
2020Q3,,S08000026,,S08000026,d,Transfers,,2,,15,62,4.13333333333333,,0,0,,z
2020Q4,,S08000026,,S08000026,d,Transfers,,2,,10,64,6.4,,0,0,,z
2021Q1,,S08000026,,S08000026,d,Transfers,,2,,25,116,4.64,,0,0,,z
2021Q2,,S08000026,,S08000026,d,Transfers,,2,,5,45,9,,0,0,,z
2021Q3,,S08000026,,S08000026,d,Transfers,,2,,10,64,6.4,,0,0,,z
2021Q4,,S08000026,,S08000026,d,Transfers,,2,,5,79,15.8,,0,0,,z
2022Q1,,S08000026,,S08000026,d,Transfers,,2,,5,60,12,,0,0,,z
2022Q2,,S08000026,,S08000026,d,Transfers,,2,,5,43,8.6,,0,0,,z
2022Q3,,S08000026,,S08000026,d,Transfers,,2,,17,109,6.41176470588235,,0,0,,z
2022Q4,p,S08000026,,S08000026,d,Transfers,,2,,10,29,2.9,,0,0,,z
2017Q4,,S08000026,,S08000026,d,Transfers,,3,,69,401,5.81159420289855,,0,0,,z
2018Q1,,S08000026,,S08000026,d,Transfers,,3,,49,228,4.6530612244898,,0,0,,z
2018Q2,,S08000026,,S08000026,d,Transfers,,3,,58,354,6.10344827586207,,0,0,,z
2018Q3,,S08000026,,S08000026,d,Transfers,,3,,48,204,4.25,,0,0,,z
2018Q4,,S08000026,,S08000026,d,Transfers,,3,,54,503,9.31481481481481,,0,0,,z
2019Q1,,S08000026,,S08000026,d,Transfers,,3,,39,196,5.02564102564103,,0,0,,z
2019Q2,,S08000026,,S08000026,d,Transfers,,3,,51,275,5.3921568627451,,0,0,,z
2019Q3,,S08000026,,S08000026,d,Transfers,,3,,73,418,5.72602739726027,,0,0,,z
2019Q4,,S08000026,,S08000026,d,Transfers,,3,,66,331,5.01515151515152,,0,0,,z
2020Q1,,S08000026,,S08000026,d,Transfers,,3,,62,353,5.69354838709677,,0,0,,z
2020Q2,,S08000026,,S08000026,d,Transfers,,3,,27,179,6.62962962962963,,0,0,,z
2020Q3,,S08000026,,S08000026,d,Transfers,,3,,67,426,6.35820895522388,,0,0,,z
2020Q4,,S08000026,,S08000026,d,Transfers,,3,,48,247,5.14583333333333,,0,0,,z
2021Q1,,S08000026,,S08000026,d,Transfers,,3,,53,322,6.07547169811321,,0,0,,z
2021Q2,,S08000026,,S08000026,d,Transfers,,3,,51,474,9.29411764705882,,0,0,,z
2021Q3,,S08000026,,S08000026,d,Transfers,,3,,69,419,6.07246376811594,,0,0,,z
2021Q4,,S08000026,,S08000026,d,Transfers,,3,,56,415,7.41071428571429,,0,0,,z
2022Q1,,S08000026,,S08000026,d,Transfers,,3,,27,174,6.44444444444444,,0,0,,z
2022Q2,,S08000026,,S08000026,d,Transfers,,3,,53,337,6.35849056603774,,0,0,,z
2022Q3,,S08000026,,S08000026,d,Transfers,,3,,52,286,5.5,,0,0,,z
2022Q4,p,S08000026,,S08000026,d,Transfers,,3,,46,464,10.0869565217391,,0,0,,z
2017Q4,,S08000026,,S08000026,d,Transfers,,4,,79,667,8.44303797468354,,0,0,,z
2018Q1,,S08000026,,S08000026,d,Transfers,,4,,47,455,9.68085106382979,,0,0,,z
2018Q2,,S08000026,,S08000026,d,Transfers,,4,,72,442,6.13888888888889,,0,0,,z
2018Q3,,S08000026,,S08000026,d,Transfers,,4,,64,554,8.65625,,0,0,,z
2018Q4,,S08000026,,S08000026,d,Transfers,,4,,68,557,8.19117647058824,,0,0,,z
2019Q1,,S08000026,,S08000026,d,Transfers,,4,,67,346,5.16417910447761,,0,0,,z
2019Q2,,S08000026,,S08000026,d,Transfers,,4,,52,378,7.26923076923077,,0,0,,z
2019Q3,,S08000026,,S08000026,d,Transfers,,4,,50,379,7.58,,0,0,,z
2019Q4,,S08000026,,S08000026,d,Transfers,,4,,70,584,8.34285714285714,,0,0,,z
2020Q1,,S08000026,,S08000026,d,Transfers,,4,,54,402,7.44444444444444,,0,0,,z
2020Q2,,S08000026,,S08000026,d,Transfers,,4,,54,295,5.46296296296296,,0,0,,z
2020Q3,,S08000026,,S08000026,d,Transfers,,4,,32,157,4.90625,,0,0,,z
2020Q4,,S08000026,,S08000026,d,Transfers,,4,,60,315,5.25,,0,0,,z
2021Q1,,S08000026,,S08000026,d,Transfers,,4,,50,420,8.4,,0,0,,z
2021Q2,,S08000026,,S08000026,d,Transfers,,4,,65,498,7.66153846153846,,0,0,,z
2021Q3,,S08000026,,S08000026,d,Transfers,,4,,71,446,6.28169014084507,,0,0,,z
2021Q4,,S08000026,,S08000026,d,Transfers,,4,,49,246,5.02040816326531,,0,0,,z
2022Q1,,S08000026,,S08000026,d,Transfers,,4,,41,178,4.34146341463415,,0,0,,z
2022Q2,,S08000026,,S08000026,d,Transfers,,4,,57,386,6.7719298245614,,0,0,,z
2022Q3,,S08000026,,S08000026,d,Transfers,,4,,66,368,5.57575757575758,,0,0,,z
2022Q4,p,S08000026,,S08000026,d,Transfers,,4,,66,329,4.98484848484848,,0,0,,z
2017Q4,,S08000026,,S12000027,,Transfers,,2,,5,17,3.4,,0,0,,z
2018Q1,,S08000026,,S12000027,,Transfers,,2,,10,76,7.6,,0,0,,z
2018Q2,,S08000026,,S12000027,,Transfers,,2,,15,152,10.133333333333301,,0,0,,z
2018Q3,,S08000026,,S12000027,,Transfers,,2,,5,13,2.6,,0,0,,z
2018Q4,,S08000026,,S12000027,,Transfers,,2,,10,33,3.3,,0,0,,z
2019Q1,,S08000026,,S12000027,,Transfers,,2,,5,12,2.4,,0,0,,z
2019Q2,,S08000026,,S12000027,,Transfers,,2,,16,91,5.6875,,0,0,,z
2019Q3,,S08000026,,S12000027,,Transfers,,2,,5,13,2.6,,0,0,,z
2019Q4,,S08000026,,S12000027,,Transfers,,2,,5,18,3.6,,0,0,,z
2020Q1,,S08000026,,S12000027,,Transfers,,2,,5,66,13.2,,0,0,,z
2020Q2,,S08000026,,S12000027,,Transfers,,2,,10,52,5.2,,0,0,,z
2020Q3,,S08000026,,S12000027,,Transfers,,2,,15,62,4.13333333333333,,0,0,,z
2020Q4,,S08000026,,S12000027,,Transfers,,2,,10,64,6.4,,0,0,,z
2021Q1,,S08000026,,S12000027,,Transfers,,2,,25,116,4.64,,0,0,,z
2021Q2,,S08000026,,S12000027,,Transfers,,2,,5,45,9,,0,0,,z
2021Q3,,S08000026,,S12000027,,Transfers,,2,,10,64,6.4,,0,0,,z
2021Q4,,S08000026,,S12000027,,Transfers,,2,,5,79,15.8,,0,0,,z
2022Q1,,S08000026,,S12000027,,Transfers,,2,,5,60,12,,0,0,,z
2022Q2,,S08000026,,S12000027,,Transfers,,2,,5,43,8.6,,0,0,,z
2022Q3,,S08000026,,S12000027,,Transfers,,2,,17,109,6.41176470588235,,0,0,,z
2022Q4,p,S08000026,,S12000027,,Transfers,,2,,10,29,2.9,,0,0,,z
2017Q4,,S08000026,,S12000027,,Transfers,,3,,69,401,5.81159420289855,,0,0,,z
2018Q1,,S08000026,,S12000027,,Transfers,,3,,49,228,4.6530612244898,,0,0,,z
2018Q2,,S08000026,,S12000027,,Transfers,,3,,58,354,6.10344827586207,,0,0,,z
2018Q3,,S08000026,,S12000027,,Transfers,,3,,48,204,4.25,,0,0,,z
2018Q4,,S08000026,,S12000027,,Transfers,,3,,54,503,9.31481481481481,,0,0,,z
2019Q1,,S08000026,,S12000027,,Transfers,,3,,39,196,5.02564102564103,,0,0,,z
2019Q2,,S08000026,,S12000027,,Transfers,,3,,51,275,5.3921568627451,,0,0,,z
2019Q3,,S08000026,,S12000027,,Transfers,,3,,73,418,5.72602739726027,,0,0,,z
2019Q4,,S08000026,,S12000027,,Transfers,,3,,66,331,5.01515151515152,,0,0,,z
2020Q1,,S08000026,,S12000027,,Transfers,,3,,62,353,5.69354838709677,,0,0,,z
2020Q2,,S08000026,,S12000027,,Transfers,,3,,27,179,6.62962962962963,,0,0,,z
2020Q3,,S08000026,,S12000027,,Transfers,,3,,67,426,6.35820895522388,,0,0,,z
2020Q4,,S08000026,,S12000027,,Transfers,,3,,48,247,5.14583333333333,,0,0,,z
2021Q1,,S08000026,,S12000027,,Transfers,,3,,53,322,6.07547169811321,,0,0,,z
2021Q2,,S08000026,,S12000027,,Transfers,,3,,51,474,9.29411764705882,,0,0,,z
2021Q3,,S08000026,,S12000027,,Transfers,,3,,69,419,6.07246376811594,,0,0,,z
2021Q4,,S08000026,,S12000027,,Transfers,,3,,56,415,7.41071428571429,,0,0,,z
2022Q1,,S08000026,,S12000027,,Transfers,,3,,27,174,6.44444444444444,,0,0,,z
2022Q2,,S08000026,,S12000027,,Transfers,,3,,53,337,6.35849056603774,,0,0,,z
2022Q3,,S08000026,,S12000027,,Transfers,,3,,52,286,5.5,,0,0,,z
2022Q4,p,S08000026,,S12000027,,Transfers,,3,,46,464,10.0869565217391,,0,0,,z
2017Q4,,S08000026,,S12000027,,Transfers,,4,,79,667,8.44303797468354,,0,0,,z
2018Q1,,S08000026,,S12000027,,Transfers,,4,,47,455,9.68085106382979,,0,0,,z
2018Q2,,S08000026,,S12000027,,Transfers,,4,,72,442,6.13888888888889,,0,0,,z
2018Q3,,S08000026,,S12000027,,Transfers,,4,,64,554,8.65625,,0,0,,z
2018Q4,,S08000026,,S12000027,,Transfers,,4,,68,557,8.19117647058824,,0,0,,z
2019Q1,,S08000026,,S12000027,,Transfers,,4,,67,346,5.16417910447761,,0,0,,z
2019Q2,,S08000026,,S12000027,,Transfers,,4,,52,378,7.26923076923077,,0,0,,z
2019Q3,,S08000026,,S12000027,,Transfers,,4,,50,379,7.58,,0,0,,z
2019Q4,,S08000026,,S12000027,,Transfers,,4,,70,584,8.34285714285714,,0,0,,z
2020Q1,,S08000026,,S12000027,,Transfers,,4,,54,402,7.44444444444444,,0,0,,z
2020Q2,,S08000026,,S12000027,,Transfers,,4,,54,295,5.46296296296296,,0,0,,z
2020Q3,,S08000026,,S12000027,,Transfers,,4,,32,157,4.90625,,0,0,,z
2020Q4,,S08000026,,S12000027,,Transfers,,4,,60,315,5.25,,0,0,,z
2021Q1,,S08000026,,S12000027,,Transfers,,4,,50,420,8.4,,0,0,,z
2021Q2,,S08000026,,S12000027,,Transfers,,4,,65,498,7.66153846153846,,0,0,,z
2021Q3,,S08000026,,S12000027,,Transfers,,4,,71,446,6.28169014084507,,0,0,,z
2021Q4,,S08000026,,S12000027,,Transfers,,4,,49,246,5.02040816326531,,0,0,,z
2022Q1,,S08000026,,S12000027,,Transfers,,4,,41,178,4.34146341463415,,0,0,,z
2022Q2,,S08000026,,S12000027,,Transfers,,4,,57,386,6.7719298245614,,0,0,,z
2022Q3,,S08000026,,S12000027,,Transfers,,4,,66,368,5.57575757575758,,0,0,,z
2022Q4,p,S08000026,,S12000027,,Transfers,,4,,66,329,4.98484848484848,,0,0,,z
2017Q4,,S08000030,,S12000041,,Transfers,,1,,176,1232,7,,0,0,,z
2018Q1,,S08000030,,S12000041,,Transfers,,1,,140,1274,9.1,,0,0,,z
2018Q2,,S08000030,,S12000041,,Transfers,,1,,105,1085,10.3333333333333,,0,0,,z
2018Q3,,S08000030,,S12000041,,Transfers,,1,,115,865,7.52173913043478,,0,0,,z
2018Q4,,S08000030,,S12000041,,Transfers,,1,,103,801,7.77669902912621,,0,0,,z
2019Q1,,S08000030,,S12000041,,Transfers,,1,,127,635,5,,0,0,,z
2019Q2,,S08000030,,S12000041,,Transfers,,1,,138,578,4.18840579710145,,0,0,,z
2019Q3,,S08000030,,S12000041,,Transfers,,1,,111,827,7.45045045045045,,0,0,,z
2019Q4,,S08000030,,S12000041,,Transfers,,1,,88,548,6.22727272727273,,0,0,,z
2020Q1,,S08000030,,S12000041,,Transfers,,1,,100,911,9.11,,0,0,,z
2020Q2,,S08000030,,S12000041,,Transfers,,1,,71,293,4.12676056338028,,0,0,,z
2020Q3,,S08000030,,S12000041,,Transfers,,1,,118,634,5.3728813559322,,0,0,,z
2020Q4,,S08000030,,S12000041,,Transfers,,1,,130,869,6.68461538461538,,0,0,,z
2021Q1,,S08000030,,S12000041,,Transfers,,1,,136,938,6.89705882352941,,0,0,,z
2021Q2,,S08000030,,S12000041,,Transfers,,1,,116,606,5.22413793103448,,0,0,,z
2021Q3,,S08000030,,S12000041,,Transfers,,1,,113,570,5.04424778761062,,0,0,,z
2021Q4,,S08000030,,S12000041,,Transfers,,1,,131,906,6.91603053435114,,0,0,,z
2022Q1,,S08000030,,S12000041,,Transfers,,1,,137,908,6.62773722627737,,0,0,,z
2022Q2,,S08000030,,S12000041,,Transfers,,1,,121,801,6.6198347107438,,0,0,,z
2022Q3,,S08000030,,S12000041,,Transfers,,1,,140,947,6.76428571428571,,0,0,,z
2022Q4,p,S08000030,,S12000041,,Transfers,,1,,145,1026,7.07586206896552,,0,0,,z
2017Q4,,S08000030,,S12000041,,Transfers,,2,,369,3527,9.55826558265583,,0,0,,z
2018Q1,,S08000030,,S12000041,,Transfers,,2,,456,3273,7.17763157894737,,0,0,,z
2018Q2,,S08000030,,S12000041,,Transfers,,2,,337,3073,9.1186943620178,,0,0,,z
2018Q3,,S08000030,,S12000041,,Transfers,,2,,350,2403,6.86571428571429,,0,0,,z
2018Q4,,S08000030,,S12000041,,Transfers,,2,,324,2350,7.25308641975309,,0,0,,z
2019Q1,,S08000030,,S12000041,,Transfers,,2,,352,2640,7.5,,0,0,,z
2019Q2,,S08000030,,S12000041,,Transfers,,2,,364,2680,7.36263736263736,,0,0,,z
2019Q3,,S08000030,,S12000041,,Transfers,,2,,388,2816,7.25773195876289,,0,0,,z
2019Q4,,S08000030,,S12000041,,Transfers,,2,,388,2331,6.00773195876289,,0,0,,z
2020Q1,,S08000030,,S12000041,,Transfers,,2,,363,2619,7.21487603305785,,0,0,,z
2020Q2,,S08000030,,S12000041,,Transfers,,2,,251,1658,6.60557768924303,,0,0,,z
2020Q3,,S08000030,,S12000041,,Transfers,,2,,356,2788,7.8314606741573,,0,0,,z
2020Q4,,S08000030,,S12000041,,Transfers,,2,,385,2863,7.43636363636364,,0,0,,z
2021Q1,,S08000030,,S12000041,,Transfers,,2,,292,1935,6.62671232876712,,0,0,,z
2021Q2,,S08000030,,S12000041,,Transfers,,2,,285,1948,6.83508771929825,,0,0,,z
2021Q3,,S08000030,,S12000041,,Transfers,,2,,312,2547,8.16346153846154,,0,0,,z
2021Q4,,S08000030,,S12000041,,Transfers,,2,,412,2600,6.31067961165049,,0,0,,z
2022Q1,,S08000030,,S12000041,,Transfers,,2,,357,2451,6.8655462184874,,0,0,,z
2022Q2,,S08000030,,S12000041,,Transfers,,2,,373,2696,7.22788203753351,,0,0,,z
2022Q3,,S08000030,,S12000041,,Transfers,,2,,414,3063,7.39855072463768,,0,0,,z
2022Q4,p,S08000030,,S12000041,,Transfers,,2,,444,3715,8.36711711711712,,0,0,,z
2017Q4,,S08000030,,S12000041,,Transfers,,3,,425,3309,7.78588235294118,,0,0,,z
2018Q1,,S08000030,,S12000041,,Transfers,,3,,474,4299,9.06962025316456,,0,0,,z
2018Q2,,S08000030,,S12000041,,Transfers,,3,,432,3248,7.51851851851852,,0,0,,z
2018Q3,,S08000030,,S12000041,,Transfers,,3,,392,3543,9.03826530612245,,0,0,,z
2018Q4,,S08000030,,S12000041,,Transfers,,3,,415,3079,7.41927710843374,,0,0,,z
2019Q1,,S08000030,,S12000041,,Transfers,,3,,482,3478,7.21576763485477,,0,0,,z
2019Q2,,S08000030,,S12000041,,Transfers,,3,,427,3307,7.74473067915691,,0,0,,z
2019Q3,,S08000030,,S12000041,,Transfers,,3,,460,3016,6.55652173913044,,0,0,,z
2019Q4,,S08000030,,S12000041,,Transfers,,3,,559,4689,8.38819320214669,,0,0,,z
2020Q1,,S08000030,,S12000041,,Transfers,,3,,364,2907,7.98626373626374,,0,0,,z
2020Q2,,S08000030,,S12000041,,Transfers,,3,,309,1915,6.19741100323625,,0,0,,z
2020Q3,,S08000030,,S12000041,,Transfers,,3,,386,2559,6.62953367875648,,0,0,,z
2020Q4,,S08000030,,S12000041,,Transfers,,3,,386,2522,6.53367875647668,,0,0,,z
2021Q1,,S08000030,,S12000041,,Transfers,,3,,436,3290,7.54587155963303,,0,0,,z
2021Q2,,S08000030,,S12000041,,Transfers,,3,,427,2718,6.36533957845433,,0,0,,z
2021Q3,,S08000030,,S12000041,,Transfers,,3,,397,2601,6.55163727959698,,0,0,,z
2021Q4,,S08000030,,S12000041,,Transfers,,3,,465,3771,8.10967741935484,,0,0,,z
2022Q1,,S08000030,,S12000041,,Transfers,,3,,403,3174,7.87593052109181,,0,0,,z
2022Q2,,S08000030,,S12000041,,Transfers,,3,,437,3429,7.8466819221968,,0,0,,z
2022Q3,,S08000030,,S12000041,,Transfers,,3,,448,4206,9.38839285714286,,0,0,,z
2022Q4,p,S08000030,,S12000041,,Transfers,,3,,420,3358,7.9952380952381,,0,0,,z
2017Q4,,S08000030,,S12000041,,Transfers,,4,,410,3121,7.61219512195122,,0,0,,z
2018Q1,,S08000030,,S12000041,,Transfers,,4,,434,3757,8.65668202764977,,0,0,,z
2018Q2,,S08000030,,S12000041,,Transfers,,4,,361,3228,8.94182825484765,,0,0,,z
2018Q3,,S08000030,,S12000041,,Transfers,,4,,329,2554,7.7629179331307,,0,0,,z
2018Q4,,S08000030,,S12000041,,Transfers,,4,,396,2982,7.53030303030303,,0,0,,z
2019Q1,,S08000030,,S12000041,,Transfers,,4,,360,2826,7.85,,0,0,,z
2019Q2,,S08000030,,S12000041,,Transfers,,4,,440,3183,7.23409090909091,,0,0,,z
2019Q3,,S08000030,,S12000041,,Transfers,,4,,360,2736,7.6,,0,0,,z
2019Q4,,S08000030,,S12000041,,Transfers,,4,,435,2834,6.51494252873563,,0,0,,z
2020Q1,,S08000030,,S12000041,,Transfers,,4,,388,2864,7.38144329896907,,0,0,,z
2020Q2,,S08000030,,S12000041,,Transfers,,4,,300,1636,5.45333333333333,,0,0,,z
2020Q3,,S08000030,,S12000041,,Transfers,,4,,383,2621,6.84334203655352,,0,0,,z
2020Q4,,S08000030,,S12000041,,Transfers,,4,,381,3113,8.17060367454068,,0,0,,z
2021Q1,,S08000030,,S12000041,,Transfers,,4,,363,2854,7.86225895316804,,0,0,,z
2021Q2,,S08000030,,S12000041,,Transfers,,4,,362,2500,6.9060773480663,,0,0,,z
2021Q3,,S08000030,,S12000041,,Transfers,,4,,373,2365,6.34048257372654,,0,0,,z
2021Q4,,S08000030,,S12000041,,Transfers,,4,,393,2784,7.08396946564886,,0,0,,z
2022Q1,,S08000030,,S12000041,,Transfers,,4,,383,2708,7.07049608355091,,0,0,,z
2022Q2,,S08000030,,S12000041,,Transfers,,4,,376,2524,6.71276595744681,,0,0,,z
2022Q3,,S08000030,,S12000041,,Transfers,,4,,477,3579,7.50314465408805,,0,0,,z
2022Q4,p,S08000030,,S12000041,,Transfers,,4,,462,3292,7.12554112554113,,0,0,,z
2017Q4,,S08000030,,S12000041,,Transfers,,5,,150,1191,7.94,,0,0,,z
2018Q1,,S08000030,,S12000041,,Transfers,,5,,173,1295,7.48554913294798,,0,0,,z
2018Q2,,S08000030,,S12000041,,Transfers,,5,,147,1128,7.6734693877551,,0,0,,z
2018Q3,,S08000030,,S12000041,,Transfers,,5,,138,1154,8.36231884057971,,0,0,,z
2018Q4,,S08000030,,S12000041,,Transfers,,5,,158,1271,8.04430379746835,,0,0,,z
2019Q1,,S08000030,,S12000041,,Transfers,,5,,180,1414,7.85555555555556,,0,0,,z
2019Q2,,S08000030,,S12000041,,Transfers,,5,,162,1541,9.51234567901234,,0,0,,z
2019Q3,,S08000030,,S12000041,,Transfers,,5,,153,1113,7.27450980392157,,0,0,,z
2019Q4,,S08000030,,S12000041,,Transfers,,5,,156,896,5.74358974358974,,0,0,,z
2020Q1,,S08000030,,S12000041,,Transfers,,5,,131,1121,8.55725190839695,,0,0,,z
2020Q2,,S08000030,,S12000041,,Transfers,,5,,126,675,5.35714285714286,,0,0,,z
2020Q3,,S08000030,,S12000041,,Transfers,,5,,134,1010,7.53731343283582,,0,0,,z
2020Q4,,S08000030,,S12000041,,Transfers,,5,,139,1084,7.79856115107914,,0,0,,z
2021Q1,,S08000030,,S12000041,,Transfers,,5,,165,1279,7.75151515151515,,0,0,,z
2021Q2,,S08000030,,S12000041,,Transfers,,5,,119,1062,8.92436974789916,,0,0,,z
2021Q3,,S08000030,,S12000041,,Transfers,,5,,152,1018,6.69736842105263,,0,0,,z
2021Q4,,S08000030,,S12000041,,Transfers,,5,,148,1089,7.35810810810811,,0,0,,z
2022Q1,,S08000030,,S12000041,,Transfers,,5,,117,977,8.35042735042735,,0,0,,z
2022Q2,,S08000030,,S12000041,,Transfers,,5,,143,978,6.83916083916084,,0,0,,z
2022Q3,,S08000030,,S12000041,,Transfers,,5,,158,1203,7.61392405063291,,0,0,,z
2022Q4,p,S08000030,,S12000041,,Transfers,,5,,158,1345,8.5126582278481,,0,0,,z
2017Q4,,S08000030,,S12000042,,Transfers,,1,,975,7346,7.53435897435897,,0,0,,z
2018Q1,,S08000030,,S12000042,,Transfers,,1,,1001,8198,8.18981018981019,,0,0,,z
2018Q2,,S08000030,,S12000042,,Transfers,,1,,891,7576,8.50280583613917,,0,0,,z
2018Q3,,S08000030,,S12000042,,Transfers,,1,,913,7370,8.0722891566265,,0,0,,z
2018Q4,,S08000030,,S12000042,,Transfers,,1,,898,6046,6.73273942093541,,0,0,,z
2019Q1,,S08000030,,S12000042,,Transfers,,1,,927,7897,8.51887810140237,,0,0,,z
2019Q2,,S08000030,,S12000042,,Transfers,,1,,897,6604,7.36231884057971,,0,0,,z
2019Q3,,S08000030,,S12000042,,Transfers,,1,,901,7085,7.86348501664817,,0,0,,z
2019Q4,,S08000030,,S12000042,,Transfers,,1,,953,6829,7.16579223504722,,0,0,,z
2020Q1,,S08000030,,S12000042,,Transfers,,1,,914,6953,7.60722100656455,,0,0,,z
2020Q2,,S08000030,,S12000042,,Transfers,,1,,748,4736,6.33155080213904,,0,0,,z
2020Q3,,S08000030,,S12000042,,Transfers,,1,,752,5123,6.8125,,0,0,,z
2020Q4,,S08000030,,S12000042,,Transfers,,1,,835,6247,7.4814371257485,,0,0,,z
2021Q1,,S08000030,,S12000042,,Transfers,,1,,799,6514,8.15269086357947,,0,0,,z
2021Q2,,S08000030,,S12000042,,Transfers,,1,,754,5699,7.55835543766578,,0,0,,z
2021Q3,,S08000030,,S12000042,,Transfers,,1,,850,5749,6.76352941176471,,0,0,,z
2021Q4,,S08000030,,S12000042,,Transfers,,1,,864,5663,6.55439814814815,,0,0,,z
2022Q1,,S08000030,,S12000042,,Transfers,,1,,866,7278,8.40415704387991,,0,0,,z
2022Q2,,S08000030,,S12000042,,Transfers,,1,,825,6639,8.04727272727273,,0,0,,z
2022Q3,,S08000030,,S12000042,,Transfers,,1,,942,6861,7.28343949044586,,0,0,,z
2022Q4,p,S08000030,,S12000042,,Transfers,,1,,839,7521,8.9642431466031,,0,0,,z
2017Q4,,S08000030,,S12000042,,Transfers,,2,,461,4059,8.80477223427332,,0,0,,z
2018Q1,,S08000030,,S12000042,,Transfers,,2,,452,4138,9.15486725663717,,0,0,,z
2018Q2,,S08000030,,S12000042,,Transfers,,2,,397,3221,8.11335012594459,,0,0,,z
2018Q3,,S08000030,,S12000042,,Transfers,,2,,396,3485,8.80050505050505,,0,0,,z
2018Q4,,S08000030,,S12000042,,Transfers,,2,,425,3750,8.82352941176471,,0,0,,z
2019Q1,,S08000030,,S12000042,,Transfers,,2,,435,3670,8.4367816091954,,0,0,,z
2019Q2,,S08000030,,S12000042,,Transfers,,2,,414,3406,8.22705314009662,,0,0,,z
2019Q3,,S08000030,,S12000042,,Transfers,,2,,415,3674,8.85301204819277,,0,0,,z
2019Q4,,S08000030,,S12000042,,Transfers,,2,,473,3512,7.42494714587738,,0,0,,z
2020Q1,,S08000030,,S12000042,,Transfers,,2,,457,4221,9.2363238512035,,0,0,,z
2020Q2,,S08000030,,S12000042,,Transfers,,2,,330,2313,7.00909090909091,,0,0,,z
2020Q3,,S08000030,,S12000042,,Transfers,,2,,393,3016,7.67430025445293,,0,0,,z
2020Q4,,S08000030,,S12000042,,Transfers,,2,,365,2797,7.66301369863014,,0,0,,z
2021Q1,,S08000030,,S12000042,,Transfers,,2,,384,2828,7.36458333333333,,0,0,,z
2021Q2,,S08000030,,S12000042,,Transfers,,2,,334,2258,6.76047904191617,,0,0,,z
2021Q3,,S08000030,,S12000042,,Transfers,,2,,435,3894,8.95172413793103,,0,0,,z
2021Q4,,S08000030,,S12000042,,Transfers,,2,,384,3367,8.76822916666667,,0,0,,z
2022Q1,,S08000030,,S12000042,,Transfers,,2,,419,4029,9.61575178997613,,0,0,,z
2022Q2,,S08000030,,S12000042,,Transfers,,2,,405,3314,8.18271604938272,,0,0,,z
2022Q3,,S08000030,,S12000042,,Transfers,,2,,367,3078,8.38692098092643,,0,0,,z
2022Q4,p,S08000030,,S12000042,,Transfers,,2,,450,3528,7.84,,0,0,,z
2017Q4,,S08000030,,S12000042,,Transfers,,3,,191,2391,12.5183246073298,,0,0,,z
2018Q1,,S08000030,,S12000042,,Transfers,,3,,189,1326,7.01587301587302,,0,0,,z
2018Q2,,S08000030,,S12000042,,Transfers,,3,,201,1687,8.39303482587065,,0,0,,z
2018Q3,,S08000030,,S12000042,,Transfers,,3,,179,1343,7.50279329608939,,0,0,,z
2018Q4,,S08000030,,S12000042,,Transfers,,3,,171,1648,9.6374269005848,,0,0,,z
2019Q1,,S08000030,,S12000042,,Transfers,,3,,187,1681,8.98930481283423,,0,0,,z
2019Q2,,S08000030,,S12000042,,Transfers,,3,,186,1650,8.87096774193548,,0,0,,z
2019Q3,,S08000030,,S12000042,,Transfers,,3,,185,1830,9.89189189189189,,0,0,,z
2019Q4,,S08000030,,S12000042,,Transfers,,3,,178,1579,8.87078651685393,,0,0,,z
2020Q1,,S08000030,,S12000042,,Transfers,,3,,214,2053,9.59345794392523,,0,0,,z
2020Q2,,S08000030,,S12000042,,Transfers,,3,,137,1802,13.1532846715328,,0,0,,z
2020Q3,,S08000030,,S12000042,,Transfers,,3,,154,1213,7.87662337662338,,0,0,,z
2020Q4,,S08000030,,S12000042,,Transfers,,3,,191,1548,8.10471204188482,,0,0,,z
2021Q1,,S08000030,,S12000042,,Transfers,,3,,158,1092,6.91139240506329,,0,0,,z
2021Q2,,S08000030,,S12000042,,Transfers,,3,,172,1421,8.26162790697674,,0,0,,z
2021Q3,,S08000030,,S12000042,,Transfers,,3,,185,1755,9.48648648648649,,0,0,,z
2021Q4,,S08000030,,S12000042,,Transfers,,3,,171,1552,9.07602339181287,,0,0,,z
2022Q1,,S08000030,,S12000042,,Transfers,,3,,183,1480,8.08743169398907,,0,0,,z
2022Q2,,S08000030,,S12000042,,Transfers,,3,,220,1928,8.76363636363636,,0,0,,z
2022Q3,,S08000030,,S12000042,,Transfers,,3,,192,1673,8.71354166666667,,0,0,,z
2022Q4,p,S08000030,,S12000042,,Transfers,,3,,195,1608,8.24615384615385,,0,0,,z
2017Q4,,S08000030,,S12000042,,Transfers,,4,,279,2532,9.0752688172043,,0,0,,z
2018Q1,,S08000030,,S12000042,,Transfers,,4,,269,2339,8.69516728624535,,0,0,,z
2018Q2,,S08000030,,S12000042,,Transfers,,4,,221,2137,9.66968325791855,,0,0,,z
2018Q3,,S08000030,,S12000042,,Transfers,,4,,236,2088,8.84745762711864,,0,0,,z
2018Q4,,S08000030,,S12000042,,Transfers,,4,,273,2815,10.3113553113553,,0,0,,z
2019Q1,,S08000030,,S12000042,,Transfers,,4,,276,3126,11.3260869565217,,0,0,,z
2019Q2,,S08000030,,S12000042,,Transfers,,4,,297,2373,7.98989898989899,,0,0,,z
2019Q3,,S08000030,,S12000042,,Transfers,,4,,220,1819,8.26818181818182,,0,0,,z
2019Q4,,S08000030,,S12000042,,Transfers,,4,,245,2313,9.44081632653061,,0,0,,z
2020Q1,,S08000030,,S12000042,,Transfers,,4,,270,2435,9.01851851851852,,0,0,,z
2020Q2,,S08000030,,S12000042,,Transfers,,4,,212,1385,6.53301886792453,,0,0,,z
2020Q3,,S08000030,,S12000042,,Transfers,,4,,210,2270,10.8095238095238,,0,0,,z
2020Q4,,S08000030,,S12000042,,Transfers,,4,,247,2060,8.34008097165992,,0,0,,z
2021Q1,,S08000030,,S12000042,,Transfers,,4,,236,1908,8.08474576271187,,0,0,,z
2021Q2,,S08000030,,S12000042,,Transfers,,4,,212,1325,6.25,,0,0,,z
2021Q3,,S08000030,,S12000042,,Transfers,,4,,225,1916,8.51555555555556,,0,0,,z
2021Q4,,S08000030,,S12000042,,Transfers,,4,,274,2407,8.78467153284672,,0,0,,z
2022Q1,,S08000030,,S12000042,,Transfers,,4,,263,2577,9.79847908745247,,0,0,,z
2022Q2,,S08000030,,S12000042,,Transfers,,4,,235,1843,7.84255319148936,,0,0,,z
2022Q3,,S08000030,,S12000042,,Transfers,,4,,233,2072,8.89270386266094,,0,0,,z
2022Q4,p,S08000030,,S12000042,,Transfers,,4,,282,2954,10.4751773049645,,0,0,,z
2017Q4,,S08000030,,S12000042,,Transfers,,5,,305,2460,8.0655737704918,,0,0,,z
2018Q1,,S08000030,,S12000042,,Transfers,,5,,304,2836,9.32894736842105,,0,0,,z
2018Q2,,S08000030,,S12000042,,Transfers,,5,,238,2569,10.7941176470588,,0,0,,z
2018Q3,,S08000030,,S12000042,,Transfers,,5,,224,2284,10.1964285714286,,0,0,,z
2018Q4,,S08000030,,S12000042,,Transfers,,5,,283,2298,8.12014134275618,,0,0,,z
2019Q1,,S08000030,,S12000042,,Transfers,,5,,267,2276,8.52434456928839,,0,0,,z
2019Q2,,S08000030,,S12000042,,Transfers,,5,,276,2364,8.56521739130435,,0,0,,z
2019Q3,,S08000030,,S12000042,,Transfers,,5,,298,2756,9.24832214765101,,0,0,,z
2019Q4,,S08000030,,S12000042,,Transfers,,5,,328,3287,10.0213414634146,,0,0,,z
2020Q1,,S08000030,,S12000042,,Transfers,,5,,267,2374,8.89138576779026,,0,0,,z
2020Q2,,S08000030,,S12000042,,Transfers,,5,,185,1351,7.3027027027027,,0,0,,z
2020Q3,,S08000030,,S12000042,,Transfers,,5,,215,1654,7.69302325581395,,0,0,,z
2020Q4,,S08000030,,S12000042,,Transfers,,5,,267,1847,6.91760299625468,,0,0,,z
2021Q1,,S08000030,,S12000042,,Transfers,,5,,256,2394,9.3515625,,0,0,,z
2021Q2,,S08000030,,S12000042,,Transfers,,5,,220,1661,7.55,,0,0,,z
2021Q3,,S08000030,,S12000042,,Transfers,,5,,203,2394,11.7931034482759,,0,0,,z
2021Q4,,S08000030,,S12000042,,Transfers,,5,,246,2359,9.58943089430894,,0,0,,z
2022Q1,,S08000030,,S12000042,,Transfers,,5,,204,1991,9.75980392156863,,0,0,,z
2022Q2,,S08000030,,S12000042,,Transfers,,5,,257,3061,11.9105058365759,,0,0,,z
2022Q3,,S08000030,,S12000042,,Transfers,,5,,301,2377,7.89700996677741,,0,0,,z
2022Q4,p,S08000030,,S12000042,,Transfers,,5,,290,2861,9.86551724137931,,0,0,,z
2017Q4,,S08000030,,S08000030,d,Transfers,,1,,1268,9259,7.30205047318612,,0,0,,z
2018Q1,,S08000030,,S08000030,d,Transfers,,1,,1274,10141,7.95996860282575,,0,0,,z
2018Q2,,S08000030,,S08000030,d,Transfers,,1,,1108,9691,8.74638989169675,,0,0,,z
2018Q3,,S08000030,,S08000030,d,Transfers,,1,,1159,8965,7.7351164797239,,0,0,,z
2018Q4,,S08000030,,S08000030,d,Transfers,,1,,1132,7681,6.78533568904594,,0,0,,z
2019Q1,,S08000030,,S08000030,d,Transfers,,1,,1231,9634,7.82615759545085,,0,0,,z
2019Q2,,S08000030,,S08000030,d,Transfers,,1,,1222,8072,6.60556464811784,,0,0,,z
2019Q3,,S08000030,,S08000030,d,Transfers,,1,,1184,8814,7.44425675675676,,0,0,,z
2019Q4,,S08000030,,S08000030,d,Transfers,,1,,1221,8241,6.74938574938575,,0,0,,z
2020Q1,,S08000030,,S08000030,d,Transfers,,1,,1227,8885,7.24123879380603,,0,0,,z
2020Q2,,S08000030,,S08000030,d,Transfers,,1,,975,5677,5.8225641025641,,0,0,,z
2020Q3,,S08000030,,S08000030,d,Transfers,,1,,1014,6629,6.53747534516765,,0,0,,z
2020Q4,,S08000030,,S08000030,d,Transfers,,1,,1106,8026,7.25678119349005,,0,0,,z
2021Q1,,S08000030,,S08000030,d,Transfers,,1,,1125,8915,7.92444444444444,,0,0,,z
2021Q2,,S08000030,,S08000030,d,Transfers,,1,,1075,7368,6.85395348837209,,0,0,,z
2021Q3,,S08000030,,S08000030,d,Transfers,,1,,1124,7839,6.97419928825623,,0,0,,z
2021Q4,,S08000030,,S08000030,d,Transfers,,1,,1152,7563,6.56510416666667,,0,0,,z
2022Q1,,S08000030,,S08000030,d,Transfers,,1,,1150,9426,8.19652173913043,,0,0,,z
2022Q2,,S08000030,,S08000030,d,Transfers,,1,,1113,8745,7.85714285714286,,0,0,,z
2022Q3,,S08000030,,S08000030,d,Transfers,,1,,1258,9209,7.32034976152623,,0,0,,z
2022Q4,p,S08000030,,S08000030,d,Transfers,,1,,1196,10316,8.62541806020067,,0,0,,z
2017Q4,,S08000030,,S08000030,d,Transfers,,2,,1134,9124,8.04585537918871,,0,0,,z
2018Q1,,S08000030,,S08000030,d,Transfers,,2,,1201,9094,7.57202331390508,,0,0,,z
2018Q2,,S08000030,,S08000030,d,Transfers,,2,,996,7675,7.70582329317269,,0,0,,z
2018Q3,,S08000030,,S08000030,d,Transfers,,2,,1026,7971,7.76900584795322,,0,0,,z
2018Q4,,S08000030,,S08000030,d,Transfers,,2,,1059,8326,7.86213408876298,,0,0,,z
2019Q1,,S08000030,,S08000030,d,Transfers,,2,,1057,8062,7.62724692526017,,0,0,,z
2019Q2,,S08000030,,S08000030,d,Transfers,,2,,1162,8245,7.09552495697074,,0,0,,z
2019Q3,,S08000030,,S08000030,d,Transfers,,2,,1189,8791,7.39360807401177,,0,0,,z
2019Q4,,S08000030,,S08000030,d,Transfers,,2,,1267,8657,6.83267561168114,,0,0,,z
2020Q1,,S08000030,,S08000030,d,Transfers,,2,,1197,8668,7.24143692564745,,0,0,,z
2020Q2,,S08000030,,S08000030,d,Transfers,,2,,945,5868,6.20952380952381,,0,0,,z
2020Q3,,S08000030,,S08000030,d,Transfers,,2,,1102,7726,7.01088929219601,,0,0,,z
2020Q4,,S08000030,,S08000030,d,Transfers,,2,,1177,8036,6.82752761257434,,0,0,,z
2021Q1,,S08000030,,S08000030,d,Transfers,,2,,1103,7512,6.8105167724388,,0,0,,z
2021Q2,,S08000030,,S08000030,d,Transfers,,2,,976,6657,6.82069672131148,,0,0,,z
2021Q3,,S08000030,,S08000030,d,Transfers,,2,,1145,9510,8.3056768558952,,0,0,,z
2021Q4,,S08000030,,S08000030,d,Transfers,,2,,1139,8418,7.39069359086918,,0,0,,z
2022Q1,,S08000030,,S08000030,d,Transfers,,2,,1152,8970,7.78645833333333,,0,0,,z
2022Q2,,S08000030,,S08000030,d,Transfers,,2,,1229,9751,7.93409275834011,,0,0,,z
2022Q3,,S08000030,,S08000030,d,Transfers,,2,,1245,10091,8.10522088353414,,0,0,,z
2022Q4,p,S08000030,,S08000030,d,Transfers,,2,,1274,9824,7.71114599686028,,0,0,,z
2017Q4,,S08000030,,S08000030,d,Transfers,,3,,1032,8212,7.95736434108527,,0,0,,z
2018Q1,,S08000030,,S08000030,d,Transfers,,3,,1098,8647,7.8752276867031,,0,0,,z
2018Q2,,S08000030,,S08000030,d,Transfers,,3,,1056,7421,7.02746212121212,,0,0,,z
2018Q3,,S08000030,,S08000030,d,Transfers,,3,,1029,7748,7.52964042759961,,0,0,,z
2018Q4,,S08000030,,S08000030,d,Transfers,,3,,1094,7608,6.95429616087751,,0,0,,z
2019Q1,,S08000030,,S08000030,d,Transfers,,3,,1167,8605,7.37360754070266,,0,0,,z
2019Q2,,S08000030,,S08000030,d,Transfers,,3,,1243,8520,6.8543845534996,,0,0,,z
2019Q3,,S08000030,,S08000030,d,Transfers,,3,,1316,8700,6.61094224924012,,0,0,,z
2019Q4,,S08000030,,S08000030,d,Transfers,,3,,1450,10645,7.34137931034483,,0,0,,z
2020Q1,,S08000030,,S08000030,d,Transfers,,3,,1227,9080,7.400162999185,,0,0,,z
2020Q2,,S08000030,,S08000030,d,Transfers,,3,,961,6859,7.13735691987513,,0,0,,z
2020Q3,,S08000030,,S08000030,d,Transfers,,3,,1211,7293,6.02229562345169,,0,0,,z
2020Q4,,S08000030,,S08000030,d,Transfers,,3,,1204,7812,6.48837209302326,,0,0,,z
2021Q1,,S08000030,,S08000030,d,Transfers,,3,,1177,8055,6.84367034834325,,0,0,,z
2021Q2,,S08000030,,S08000030,d,Transfers,,3,,1206,8589,7.12189054726368,,0,0,,z
2021Q3,,S08000030,,S08000030,d,Transfers,,3,,1176,8713,7.40901360544218,,0,0,,z
2021Q4,,S08000030,,S08000030,d,Transfers,,3,,1247,10563,8.47072975140337,,0,0,,z
2022Q1,,S08000030,,S08000030,d,Transfers,,3,,1148,8745,7.61759581881533,,0,0,,z
2022Q2,,S08000030,,S08000030,d,Transfers,,3,,1253,9969,7.9561053471668,,0,0,,z
2022Q3,,S08000030,,S08000030,d,Transfers,,3,,1197,10068,8.4110275689223,,0,0,,z
2022Q4,p,S08000030,,S08000030,d,Transfers,,3,,1274,10082,7.91365777080063,,0,0,,z
2017Q4,,S08000030,,S08000030,d,Transfers,,4,,1354,9909,7.31831610044313,,0,0,,z
2018Q1,,S08000030,,S08000030,d,Transfers,,4,,1381,10385,7.5199131064446,,0,0,,z
2018Q2,,S08000030,,S08000030,d,Transfers,,4,,1108,8647,7.80415162454874,,0,0,,z
2018Q3,,S08000030,,S08000030,d,Transfers,,4,,1100,8075,7.34090909090909,,0,0,,z
2018Q4,,S08000030,,S08000030,d,Transfers,,4,,1303,9955,7.64006139677667,,0,0,,z
2019Q1,,S08000030,,S08000030,d,Transfers,,4,,1254,9905,7.89872408293461,,0,0,,z
2019Q2,,S08000030,,S08000030,d,Transfers,,4,,1596,10277,6.43922305764411,,0,0,,z
2019Q3,,S08000030,,S08000030,d,Transfers,,4,,1348,9351,6.93694362017804,,0,0,,z
2019Q4,,S08000030,,S08000030,d,Transfers,,4,,1657,10976,6.62401931200966,,0,0,,z
2020Q1,,S08000030,,S08000030,d,Transfers,,4,,1599,12051,7.53658536585366,,0,0,,z
2020Q2,,S08000030,,S08000030,d,Transfers,,4,,1196,6800,5.68561872909699,,0,0,,z
2020Q3,,S08000030,,S08000030,d,Transfers,,4,,1460,9764,6.68767123287671,,0,0,,z
2020Q4,,S08000030,,S08000030,d,Transfers,,4,,1476,10152,6.8780487804878,,0,0,,z
2021Q1,,S08000030,,S08000030,d,Transfers,,4,,1467,10089,6.87730061349693,,0,0,,z
2021Q2,,S08000030,,S08000030,d,Transfers,,4,,1332,8776,6.58858858858859,,0,0,,z
2021Q3,,S08000030,,S08000030,d,Transfers,,4,,1360,9221,6.78014705882353,,0,0,,z
2021Q4,,S08000030,,S08000030,d,Transfers,,4,,1590,11614,7.30440251572327,,0,0,,z
2022Q1,,S08000030,,S08000030,d,Transfers,,4,,1491,12182,8.17035546613011,,0,0,,z
2022Q2,,S08000030,,S08000030,d,Transfers,,4,,1438,11528,8.01668984700974,,0,0,,z
2022Q3,,S08000030,,S08000030,d,Transfers,,4,,1745,13793,7.90429799426934,,0,0,,z
2022Q4,p,S08000030,,S08000030,d,Transfers,,4,,1717,13061,7.60687245195108,,0,0,,z
2017Q4,,S08000030,,S08000030,d,Transfers,,5,,858,6362,7.41491841491842,,0,0,,z
2018Q1,,S08000030,,S08000030,d,Transfers,,5,,862,6675,7.74361948955916,,0,0,,z
2018Q2,,S08000030,,S08000030,d,Transfers,,5,,789,6201,7.85931558935361,,0,0,,z
2018Q3,,S08000030,,S08000030,d,Transfers,,5,,723,5965,8.25034578146611,,0,0,,z
2018Q4,,S08000030,,S08000030,d,Transfers,,5,,865,6479,7.49017341040462,,0,0,,z
2019Q1,,S08000030,,S08000030,d,Transfers,,5,,865,6815,7.87861271676301,,0,0,,z
2019Q2,,S08000030,,S08000030,d,Transfers,,5,,952,6824,7.16806722689076,,0,0,,z
2019Q3,,S08000030,,S08000030,d,Transfers,,5,,1004,7595,7.56474103585657,,0,0,,z
2019Q4,,S08000030,,S08000030,d,Transfers,,5,,1072,8449,7.88152985074627,,0,0,,z
2020Q1,,S08000030,,S08000030,d,Transfers,,5,,994,8186,8.2354124748491,,0,0,,z
2020Q2,,S08000030,,S08000030,d,Transfers,,5,,787,4645,5.90216010165184,,0,0,,z
2020Q3,,S08000030,,S08000030,d,Transfers,,5,,902,5673,6.28935698447894,,0,0,,z
2020Q4,,S08000030,,S08000030,d,Transfers,,5,,951,6114,6.42902208201893,,0,0,,z
2021Q1,,S08000030,,S08000030,d,Transfers,,5,,947,7212,7.6156282998944,,0,0,,z
2021Q2,,S08000030,,S08000030,d,Transfers,,5,,844,5657,6.70260663507109,,0,0,,z
2021Q3,,S08000030,,S08000030,d,Transfers,,5,,889,7650,8.60517435320585,,0,0,,z
2021Q4,,S08000030,,S08000030,d,Transfers,,5,,891,7597,8.52637485970819,,0,0,,z
2022Q1,,S08000030,,S08000030,d,Transfers,,5,,842,7037,8.35748218527316,,0,0,,z
2022Q2,,S08000030,,S08000030,d,Transfers,,5,,906,8722,9.62693156732892,,0,0,,z
2022Q3,,S08000030,,S08000030,d,Transfers,,5,,1036,8780,8.47490347490347,,0,0,,z
2022Q4,p,S08000030,,S08000030,d,Transfers,,5,,1045,9465,9.05741626794258,,0,0,,z
2017Q4,,S08000030,,S12000048,,Transfers,,1,,117,681,5.82051282051282,,0,0,,z
2018Q1,,S08000030,,S12000048,,Transfers,,1,,133,669,5.03007518796993,,0,0,,z
2018Q2,,S08000030,,S12000048,,Transfers,,1,,112,1030,9.19642857142857,,0,0,,z
2018Q3,,S08000030,,S12000048,,Transfers,,1,,131,730,5.57251908396947,,0,0,,z
2018Q4,,S08000030,,S12000048,,Transfers,,1,,131,834,6.36641221374046,,0,0,,z
2019Q1,,S08000030,,S12000048,,Transfers,,1,,177,1102,6.22598870056497,,0,0,,z
2019Q2,,S08000030,,S12000048,,Transfers,,1,,187,890,4.75935828877005,,0,0,,z
2019Q3,,S08000030,,S12000048,,Transfers,,1,,172,902,5.24418604651163,,0,0,,z
2019Q4,,S08000030,,S12000048,,Transfers,,1,,180,864,4.8,,0,0,,z
2020Q1,,S08000030,,S12000048,,Transfers,,1,,213,1021,4.79342723004695,,0,0,,z
2020Q2,,S08000030,,S12000048,,Transfers,,1,,156,648,4.15384615384615,,0,0,,z
2020Q3,,S08000030,,S12000048,,Transfers,,1,,144,872,6.05555555555556,,0,0,,z
2020Q4,,S08000030,,S12000048,,Transfers,,1,,141,910,6.45390070921986,,0,0,,z
2021Q1,,S08000030,,S12000048,,Transfers,,1,,190,1463,7.7,,0,0,,z
2021Q2,,S08000030,,S12000048,,Transfers,,1,,205,1063,5.18536585365854,,0,0,,z
2021Q3,,S08000030,,S12000048,,Transfers,,1,,161,1520,9.44099378881988,,0,0,,z
2021Q4,,S08000030,,S12000048,,Transfers,,1,,157,994,6.3312101910828,,0,0,,z
2022Q1,,S08000030,,S12000048,,Transfers,,1,,147,1240,8.43537414965986,,0,0,,z
2022Q2,,S08000030,,S12000048,,Transfers,,1,,167,1305,7.81437125748503,,0,0,,z
2022Q3,,S08000030,,S12000048,,Transfers,,1,,176,1401,7.96022727272727,,0,0,,z
2022Q4,p,S08000030,,S12000048,,Transfers,,1,,212,1769,8.34433962264151,,0,0,,z
2017Q4,,S08000030,,S12000048,,Transfers,,2,,304,1538,5.05921052631579,,0,0,,z
2018Q1,,S08000030,,S12000048,,Transfers,,2,,293,1683,5.74402730375427,,0,0,,z
2018Q2,,S08000030,,S12000048,,Transfers,,2,,262,1381,5.27099236641221,,0,0,,z
2018Q3,,S08000030,,S12000048,,Transfers,,2,,280,2083,7.43928571428571,,0,0,,z
2018Q4,,S08000030,,S12000048,,Transfers,,2,,310,2226,7.18064516129032,,0,0,,z
2019Q1,,S08000030,,S12000048,,Transfers,,2,,270,1752,6.48888888888889,,0,0,,z
2019Q2,,S08000030,,S12000048,,Transfers,,2,,384,2159,5.62239583333333,,0,0,,z
2019Q3,,S08000030,,S12000048,,Transfers,,2,,386,2301,5.96113989637306,,0,0,,z
2019Q4,,S08000030,,S12000048,,Transfers,,2,,406,2814,6.93103448275862,,0,0,,z
2020Q1,,S08000030,,S12000048,,Transfers,,2,,377,1828,4.84880636604775,,0,0,,z
2020Q2,,S08000030,,S12000048,,Transfers,,2,,364,1897,5.21153846153846,,0,0,,z
2020Q3,,S08000030,,S12000048,,Transfers,,2,,353,1922,5.44475920679887,,0,0,,z
2020Q4,,S08000030,,S12000048,,Transfers,,2,,427,2376,5.56440281030445,,0,0,,z
2021Q1,,S08000030,,S12000048,,Transfers,,2,,427,2749,6.43793911007026,,0,0,,z
2021Q2,,S08000030,,S12000048,,Transfers,,2,,357,2451,6.8655462184874,,0,0,,z
2021Q3,,S08000030,,S12000048,,Transfers,,2,,398,3069,7.71105527638191,,0,0,,z
2021Q4,,S08000030,,S12000048,,Transfers,,2,,343,2451,7.14577259475219,,0,0,,z
2022Q1,,S08000030,,S12000048,,Transfers,,2,,376,2490,6.62234042553191,,0,0,,z
2022Q2,,S08000030,,S12000048,,Transfers,,2,,451,3741,8.29490022172949,,0,0,,z
2022Q3,,S08000030,,S12000048,,Transfers,,2,,464,3950,8.51293103448276,,0,0,,z
2022Q4,p,S08000030,,S12000048,,Transfers,,2,,380,2581,6.7921052631579,,0,0,,z
2017Q4,,S08000030,,S12000048,,Transfers,,3,,416,2512,6.03846153846154,,0,0,,z
2018Q1,,S08000030,,S12000048,,Transfers,,3,,435,3022,6.94712643678161,,0,0,,z
2018Q2,,S08000030,,S12000048,,Transfers,,3,,423,2486,5.87706855791962,,0,0,,z
2018Q3,,S08000030,,S12000048,,Transfers,,3,,458,2862,6.24890829694323,,0,0,,z
2018Q4,,S08000030,,S12000048,,Transfers,,3,,508,2881,5.67125984251969,,0,0,,z
2019Q1,,S08000030,,S12000048,,Transfers,,3,,498,3446,6.91967871485944,,0,0,,z
2019Q2,,S08000030,,S12000048,,Transfers,,3,,630,3563,5.65555555555556,,0,0,,z
2019Q3,,S08000030,,S12000048,,Transfers,,3,,671,3854,5.74366616989568,,0,0,,z
2019Q4,,S08000030,,S12000048,,Transfers,,3,,713,4377,6.13884992987377,,0,0,,z
2020Q1,,S08000030,,S12000048,,Transfers,,3,,649,4120,6.3482280431433,,0,0,,z
2020Q2,,S08000030,,S12000048,,Transfers,,3,,515,3142,6.10097087378641,,0,0,,z
2020Q3,,S08000030,,S12000048,,Transfers,,3,,671,3521,5.24739195230999,,0,0,,z
2020Q4,,S08000030,,S12000048,,Transfers,,3,,627,3742,5.96810207336523,,0,0,,z
2021Q1,,S08000030,,S12000048,,Transfers,,3,,583,3673,6.30017152658662,,0,0,,z
2021Q2,,S08000030,,S12000048,,Transfers,,3,,607,4450,7.33113673805601,,0,0,,z
2021Q3,,S08000030,,S12000048,,Transfers,,3,,594,4357,7.33501683501683,,0,0,,z
2021Q4,,S08000030,,S12000048,,Transfers,,3,,611,5240,8.57610474631751,,0,0,,z
2022Q1,,S08000030,,S12000048,,Transfers,,3,,562,4091,7.27935943060498,,0,0,,z
2022Q2,,S08000030,,S12000048,,Transfers,,3,,596,4612,7.73825503355705,,0,0,,z
2022Q3,,S08000030,,S12000048,,Transfers,,3,,557,4189,7.52064631956912,,0,0,,z
2022Q4,p,S08000030,,S12000048,,Transfers,,3,,659,5116,7.76327769347496,,0,0,,z
2017Q4,,S08000030,,S12000048,,Transfers,,4,,665,4256,6.4,,0,0,,z
2018Q1,,S08000030,,S12000048,,Transfers,,4,,678,4289,6.3259587020649,,0,0,,z
2018Q2,,S08000030,,S12000048,,Transfers,,4,,526,3282,6.23954372623574,,0,0,,z
2018Q3,,S08000030,,S12000048,,Transfers,,4,,535,3433,6.41682242990654,,0,0,,z
2018Q4,,S08000030,,S12000048,,Transfers,,4,,634,4158,6.5583596214511,,0,0,,z
2019Q1,,S08000030,,S12000048,,Transfers,,4,,618,3953,6.39644012944984,,0,0,,z
2019Q2,,S08000030,,S12000048,,Transfers,,4,,859,4721,5.49592549476135,,0,0,,z
2019Q3,,S08000030,,S12000048,,Transfers,,4,,768,4796,6.24479166666667,,0,0,,z
2019Q4,,S08000030,,S12000048,,Transfers,,4,,977,5829,5.96622313203685,,0,0,,z
2020Q1,,S08000030,,S12000048,,Transfers,,4,,941,6752,7.17534537725824,,0,0,,z
2020Q2,,S08000030,,S12000048,,Transfers,,4,,684,3779,5.52485380116959,,0,0,,z
2020Q3,,S08000030,,S12000048,,Transfers,,4,,867,4873,5.62053056516724,,0,0,,z
2020Q4,,S08000030,,S12000048,,Transfers,,4,,848,4979,5.87146226415094,,0,0,,z
2021Q1,,S08000030,,S12000048,,Transfers,,4,,868,5327,6.13709677419355,,0,0,,z
2021Q2,,S08000030,,S12000048,,Transfers,,4,,758,4951,6.53166226912929,,0,0,,z
2021Q3,,S08000030,,S12000048,,Transfers,,4,,762,4940,6.48293963254593,,0,0,,z
2021Q4,,S08000030,,S12000048,,Transfers,,4,,923,6423,6.95882990249187,,0,0,,z
2022Q1,,S08000030,,S12000048,,Transfers,,4,,845,6897,8.16213017751479,,0,0,,z
2022Q2,,S08000030,,S12000048,,Transfers,,4,,827,7161,8.6590084643289,,0,0,,z
2022Q3,,S08000030,,S12000048,,Transfers,,4,,1035,8142,7.86666666666667,,0,0,,z
2022Q4,p,S08000030,,S12000048,,Transfers,,4,,973,6815,7.00411099691675,,0,0,,z
2017Q4,,S08000030,,S12000048,,Transfers,,5,,403,2711,6.72704714640199,,0,0,,z
2018Q1,,S08000030,,S12000048,,Transfers,,5,,385,2544,6.60779220779221,,0,0,,z
2018Q2,,S08000030,,S12000048,,Transfers,,5,,404,2504,6.1980198019802,,0,0,,z
2018Q3,,S08000030,,S12000048,,Transfers,,5,,361,2527,7,,0,0,,z
2018Q4,,S08000030,,S12000048,,Transfers,,5,,424,2910,6.86320754716981,,0,0,,z
2019Q1,,S08000030,,S12000048,,Transfers,,5,,418,3125,7.47607655502392,,0,0,,z
2019Q2,,S08000030,,S12000048,,Transfers,,5,,514,2919,5.67898832684825,,0,0,,z
2019Q3,,S08000030,,S12000048,,Transfers,,5,,553,3726,6.7377938517179,,0,0,,z
2019Q4,,S08000030,,S12000048,,Transfers,,5,,588,4266,7.25510204081633,,0,0,,z
2020Q1,,S08000030,,S12000048,,Transfers,,5,,596,4691,7.87080536912752,,0,0,,z
2020Q2,,S08000030,,S12000048,,Transfers,,5,,476,2619,5.50210084033613,,0,0,,z
2020Q3,,S08000030,,S12000048,,Transfers,,5,,553,3009,5.44122965641953,,0,0,,z
2020Q4,,S08000030,,S12000048,,Transfers,,5,,545,3183,5.84036697247706,,0,0,,z
2021Q1,,S08000030,,S12000048,,Transfers,,5,,526,3539,6.72813688212928,,0,0,,z
2021Q2,,S08000030,,S12000048,,Transfers,,5,,505,2934,5.80990099009901,,0,0,,z
2021Q3,,S08000030,,S12000048,,Transfers,,5,,534,4238,7.93632958801498,,0,0,,z
2021Q4,,S08000030,,S12000048,,Transfers,,5,,497,4149,8.34808853118712,,0,0,,z
2022Q1,,S08000030,,S12000048,,Transfers,,5,,521,4069,7.80998080614203,,0,0,,z
2022Q2,,S08000030,,S12000048,,Transfers,,5,,506,4683,9.25494071146245,,0,0,,z
2022Q3,,S08000030,,S12000048,,Transfers,,5,,577,5200,9.01213171577123,,0,0,,z
2022Q4,p,S08000030,,S12000048,,Transfers,,5,,597,5259,8.80904522613065,,0,0,,z
2017Q4,,S08000028,,S08000028,d,Transfers,,2,,90,658,7.31111111111111,,0,0,,z
2018Q1,,S08000028,,S08000028,d,Transfers,,2,,98,804,8.20408163265306,,0,0,,z
2018Q2,,S08000028,,S08000028,d,Transfers,,2,,104,861,8.27884615384615,,0,0,,z
2018Q3,,S08000028,,S08000028,d,Transfers,,2,,102,619,6.06862745098039,,0,0,,z
2018Q4,,S08000028,,S08000028,d,Transfers,,2,,102,770,7.54901960784314,,0,0,,z
2019Q1,,S08000028,,S08000028,d,Transfers,,2,,127,781,6.1496062992126,,0,0,,z
2019Q2,,S08000028,,S08000028,d,Transfers,,2,,95,687,7.23157894736842,,0,0,,z
2019Q3,,S08000028,,S08000028,d,Transfers,,2,,118,769,6.51694915254237,,0,0,,z
2019Q4,,S08000028,,S08000028,d,Transfers,,2,,105,777,7.4,,0,0,,z
2020Q1,,S08000028,,S08000028,d,Transfers,,2,,93,547,5.88172043010753,,0,0,,z
2020Q2,,S08000028,,S08000028,d,Transfers,,2,,71,257,3.61971830985915,,0,0,,z
2020Q3,,S08000028,,S08000028,d,Transfers,,2,,114,457,4.00877192982456,,0,0,,z
2020Q4,,S08000028,,S08000028,d,Transfers,,2,,82,440,5.36585365853659,,0,0,,z
2021Q1,,S08000028,,S08000028,d,Transfers,,2,,84,515,6.13095238095238,,0,0,,z
2021Q2,,S08000028,,S08000028,d,Transfers,,2,,85,412,4.84705882352941,,0,0,,z
2021Q3,,S08000028,,S08000028,d,Transfers,,2,,92,573,6.22826086956522,,0,0,,z
2021Q4,,S08000028,,S08000028,d,Transfers,,2,,40,332,8.3,,0,0,,z
2022Q1,,S08000028,,S08000028,d,Transfers,,2,,58,380,6.55172413793103,,0,0,,z
2022Q2,,S08000028,,S08000028,d,Transfers,,2,,58,394,6.79310344827586,,0,0,,z
2022Q3,,S08000028,,S08000028,d,Transfers,,2,,96,765,7.96875,,0,0,,z
2022Q4,p,S08000028,,S08000028,d,Transfers,,2,,86,762,8.86046511627907,,0,0,,z
2017Q4,,S08000028,,S08000028,d,Transfers,,3,,500,3217,6.434,,0,0,,z
2018Q1,,S08000028,,S08000028,d,Transfers,,3,,537,3536,6.58472998137803,,0,0,,z
2018Q2,,S08000028,,S08000028,d,Transfers,,3,,473,3033,6.4122621564482,,0,0,,z
2018Q3,,S08000028,,S08000028,d,Transfers,,3,,492,3109,6.31910569105691,,0,0,,z
2018Q4,,S08000028,,S08000028,d,Transfers,,3,,405,3325,8.20987654320988,,0,0,,z
2019Q1,,S08000028,,S08000028,d,Transfers,,3,,461,3100,6.72451193058568,,0,0,,z
2019Q2,,S08000028,,S08000028,d,Transfers,,3,,522,4130,7.91187739463602,,0,0,,z
2019Q3,,S08000028,,S08000028,d,Transfers,,3,,489,3964,8.10633946830266,,0,0,,z
2019Q4,,S08000028,,S08000028,d,Transfers,,3,,466,3055,6.55579399141631,,0,0,,z
2020Q1,,S08000028,,S08000028,d,Transfers,,3,,493,3888,7.88640973630832,,0,0,,z
2020Q2,,S08000028,,S08000028,d,Transfers,,3,,309,1386,4.48543689320388,,0,0,,z
2020Q3,,S08000028,,S08000028,d,Transfers,,3,,341,1901,5.57478005865103,,0,0,,z
2020Q4,,S08000028,,S08000028,d,Transfers,,3,,448,2111,4.71205357142857,,0,0,,z
2021Q1,,S08000028,,S08000028,d,Transfers,,3,,357,2533,7.0952380952381,,0,0,,z
2021Q2,,S08000028,,S08000028,d,Transfers,,3,,408,2658,6.51470588235294,,0,0,,z
2021Q3,,S08000028,,S08000028,d,Transfers,,3,,495,2612,5.27676767676768,,0,0,,z
2021Q4,,S08000028,,S08000028,d,Transfers,,3,,431,2879,6.67981438515081,,0,0,,z
2022Q1,,S08000028,,S08000028,d,Transfers,,3,,417,2611,6.26139088729017,,0,0,,z
2022Q2,,S08000028,,S08000028,d,Transfers,,3,,383,2787,7.27676240208877,,0,0,,z
2022Q3,,S08000028,,S08000028,d,Transfers,,3,,361,2239,6.20221606648199,,0,0,,z
2022Q4,p,S08000028,,S08000028,d,Transfers,,3,,328,2407,7.33841463414634,,0,0,,z
2017Q4,,S08000028,,S12000013,,Transfers,,2,,90,658,7.31111111111111,,0,0,,z
2018Q1,,S08000028,,S12000013,,Transfers,,2,,98,804,8.20408163265306,,0,0,,z
2018Q2,,S08000028,,S12000013,,Transfers,,2,,104,861,8.27884615384615,,0,0,,z
2018Q3,,S08000028,,S12000013,,Transfers,,2,,102,619,6.06862745098039,,0,0,,z
2018Q4,,S08000028,,S12000013,,Transfers,,2,,102,770,7.54901960784314,,0,0,,z
2019Q1,,S08000028,,S12000013,,Transfers,,2,,127,781,6.1496062992126,,0,0,,z
2019Q2,,S08000028,,S12000013,,Transfers,,2,,95,687,7.23157894736842,,0,0,,z
2019Q3,,S08000028,,S12000013,,Transfers,,2,,118,769,6.51694915254237,,0,0,,z
2019Q4,,S08000028,,S12000013,,Transfers,,2,,105,777,7.4,,0,0,,z
2020Q1,,S08000028,,S12000013,,Transfers,,2,,93,547,5.88172043010753,,0,0,,z
2020Q2,,S08000028,,S12000013,,Transfers,,2,,71,257,3.61971830985915,,0,0,,z
2020Q3,,S08000028,,S12000013,,Transfers,,2,,114,457,4.00877192982456,,0,0,,z
2020Q4,,S08000028,,S12000013,,Transfers,,2,,82,440,5.36585365853659,,0,0,,z
2021Q1,,S08000028,,S12000013,,Transfers,,2,,84,515,6.13095238095238,,0,0,,z
2021Q2,,S08000028,,S12000013,,Transfers,,2,,85,412,4.84705882352941,,0,0,,z
2021Q3,,S08000028,,S12000013,,Transfers,,2,,92,573,6.22826086956522,,0,0,,z
2021Q4,,S08000028,,S12000013,,Transfers,,2,,40,332,8.3,,0,0,,z
2022Q1,,S08000028,,S12000013,,Transfers,,2,,58,380,6.55172413793103,,0,0,,z
2022Q2,,S08000028,,S12000013,,Transfers,,2,,58,394,6.79310344827586,,0,0,,z
2022Q3,,S08000028,,S12000013,,Transfers,,2,,96,765,7.96875,,0,0,,z
2022Q4,p,S08000028,,S12000013,,Transfers,,2,,86,762,8.86046511627907,,0,0,,z
2017Q4,,S08000028,,S12000013,,Transfers,,3,,500,3217,6.434,,0,0,,z
2018Q1,,S08000028,,S12000013,,Transfers,,3,,537,3536,6.58472998137803,,0,0,,z
2018Q2,,S08000028,,S12000013,,Transfers,,3,,473,3033,6.4122621564482,,0,0,,z
2018Q3,,S08000028,,S12000013,,Transfers,,3,,492,3109,6.31910569105691,,0,0,,z
2018Q4,,S08000028,,S12000013,,Transfers,,3,,405,3325,8.20987654320988,,0,0,,z
2019Q1,,S08000028,,S12000013,,Transfers,,3,,461,3100,6.72451193058568,,0,0,,z
2019Q2,,S08000028,,S12000013,,Transfers,,3,,522,4130,7.91187739463602,,0,0,,z
2019Q3,,S08000028,,S12000013,,Transfers,,3,,489,3964,8.10633946830266,,0,0,,z
2019Q4,,S08000028,,S12000013,,Transfers,,3,,466,3055,6.55579399141631,,0,0,,z
2020Q1,,S08000028,,S12000013,,Transfers,,3,,493,3888,7.88640973630832,,0,0,,z
2020Q2,,S08000028,,S12000013,,Transfers,,3,,309,1386,4.48543689320388,,0,0,,z
2020Q3,,S08000028,,S12000013,,Transfers,,3,,341,1901,5.57478005865103,,0,0,,z
2020Q4,,S08000028,,S12000013,,Transfers,,3,,448,2111,4.71205357142857,,0,0,,z
2021Q1,,S08000028,,S12000013,,Transfers,,3,,357,2533,7.0952380952381,,0,0,,z
2021Q2,,S08000028,,S12000013,,Transfers,,3,,408,2658,6.51470588235294,,0,0,,z
2021Q3,,S08000028,,S12000013,,Transfers,,3,,495,2612,5.27676767676768,,0,0,,z
2021Q4,,S08000028,,S12000013,,Transfers,,3,,431,2879,6.67981438515081,,0,0,,z
2022Q1,,S08000028,,S12000013,,Transfers,,3,,417,2611,6.26139088729017,,0,0,,z
2022Q2,,S08000028,,S12000013,,Transfers,,3,,383,2787,7.27676240208877,,0,0,,z
2022Q3,,S08000028,,S12000013,,Transfers,,3,,361,2239,6.20221606648199,,0,0,,z
2022Q4,p,S08000028,,S12000013,,Transfers,,3,,328,2407,7.33841463414634,,0,0,,z
2017Q4,,RA2701,,RA2701,,Transfers,,,:,50,291,5.82,,0,0,,z
2018Q1,,RA2701,,RA2701,,Transfers,,,:,15,104,6.93333333333333,,0,0,,z
2018Q2,,RA2701,,RA2701,,Transfers,,,:,15,74,4.93333333333333,,0,0,,z
2018Q3,,RA2701,,RA2701,,Transfers,,,:,10,46,4.6,,0,0,,z
2018Q4,,RA2701,,RA2701,,Transfers,,,:,29,209,7.20689655172414,,0,0,,z
2019Q1,,RA2701,,RA2701,,Transfers,,,:,15,35,2.33333333333333,,0,0,,z
2019Q2,,RA2701,,RA2701,,Transfers,,,:,15,195,13,,0,0,,z
2019Q3,,RA2701,,RA2701,,Transfers,,,:,19,93,4.89473684210526,,0,0,,z
2019Q4,,RA2701,,RA2701,,Transfers,,,:,19,99,5.21052631578947,,0,0,,z
2020Q1,,RA2701,,RA2701,,Transfers,,,:,22,145,6.59090909090909,,0,0,,z
2020Q2,,RA2701,,RA2701,,Transfers,,,:,5,7,1.4,,0,0,,z
2020Q3,,RA2701,,RA2701,,Transfers,,,:,13,85,6.53846153846154,,0,0,,z
2020Q4,,RA2701,,RA2701,,Transfers,,,:,5,14,2.8,,0,0,,z
2021Q1,,RA2701,,RA2701,,Transfers,,,:,10,53,5.3,,0,0,,z
2021Q2,,RA2701,,RA2701,,Transfers,,,:,10,26,2.6,,0,0,,z
2021Q3,,RA2701,,RA2701,,Transfers,,,:,10,52,5.2,,0,0,,z
2021Q4,,RA2701,,RA2701,,Transfers,,,:,5,39,7.8,,0,0,,z
2022Q1,,RA2701,,RA2701,,Transfers,,,:,5,30,6,,0,0,,z
2022Q2,,RA2701,,RA2701,,Transfers,,,:,5,47,9.4,,0,0,,z
2022Q3,,RA2701,,RA2701,,Transfers,,,:,10,20,2,,0,0,,z
2022Q4,p,RA2701,,RA2701,,Transfers,,,:,0,5,,z,0,0,,z
2017Q4,,RA2703,,RA2703,,Transfers,,,:,83,264,3.18072289156627,,0,0,,z
2018Q1,,RA2703,,RA2703,,Transfers,,,:,80,354,4.425,,0,0,,z
2018Q2,,RA2703,,RA2703,,Transfers,,,:,155,544,3.50967741935484,,0,0,,z
2018Q3,,RA2703,,RA2703,,Transfers,,,:,289,1092,3.77854671280277,,0,0,,z
2018Q4,,RA2703,,RA2703,,Transfers,,,:,130,679,5.22307692307692,,0,0,,z
2019Q1,,RA2703,,RA2703,,Transfers,,,:,105,360,3.42857142857143,,0,0,,z
2019Q2,,RA2703,,RA2703,,Transfers,,,:,213,759,3.56338028169014,,0,0,,z
2019Q3,,RA2703,,RA2703,,Transfers,,,:,303,938,3.0957095709571,,0,0,,z
2019Q4,,RA2703,,RA2703,,Transfers,,,:,129,587,4.55038759689922,,0,0,,z
2020Q1,,RA2703,,RA2703,,Transfers,,,:,63,177,2.80952380952381,,0,0,,z
2020Q2,,RA2703,,RA2703,,Transfers,,,:,25,134,5.36,,0,0,,z
2020Q3,,RA2703,,RA2703,,Transfers,,,:,25,154,6.16,,0,0,,z
2020Q4,,RA2703,,RA2703,,Transfers,,,:,20,55,2.75,,0,0,,z
2021Q1,,RA2703,,RA2703,,Transfers,,,:,20,83,4.15,,0,0,,z
2021Q2,,RA2703,,RA2703,,Transfers,,,:,15,67,4.46666666666667,,0,0,,z
2021Q3,,RA2703,,RA2703,,Transfers,,,:,25,59,2.36,,0,0,,z
2021Q4,,RA2703,,RA2703,,Transfers,,,:,40,131,3.275,,0,0,,z
2022Q1,,RA2703,,RA2703,,Transfers,,,:,40,92,2.3,,0,0,,z
2022Q2,,RA2703,,RA2703,,Transfers,,,:,141,418,2.9645390070922,,0,0,,z
2022Q3,,RA2703,,RA2703,,Transfers,,,:,234,928,3.96581196581197,,0,0,,z
2022Q4,p,RA2703,,RA2703,,Transfers,,,:,88,249,2.82954545454545,,0,0,,z
2017Q4,,RA2702,,RA2702,,Transfers,,,:,366,1638,4.47540983606557,,0,0,,z
2018Q1,,RA2702,,RA2702,,Transfers,,,:,378,1549,4.0978835978836,,0,0,,z
2018Q2,,RA2702,,RA2702,,Transfers,,,:,446,1833,4.10986547085202,,0,0,,z
2018Q3,,RA2702,,RA2702,,Transfers,,,:,547,2053,3.75319926873857,,0,0,,z
2018Q4,,RA2702,,RA2702,,Transfers,,,:,371,1407,3.79245283018868,,0,0,,z
2019Q1,,RA2702,,RA2702,,Transfers,,,:,354,1615,4.56214689265537,,0,0,,z
2019Q2,,RA2702,,RA2702,,Transfers,,,:,526,2009,3.81939163498099,,0,0,,z
2019Q3,,RA2702,,RA2702,,Transfers,,,:,572,1874,3.27622377622378,,0,0,,z
2019Q4,,RA2702,,RA2702,,Transfers,,,:,432,1587,3.67361111111111,,0,0,,z
2020Q1,,RA2702,,RA2702,,Transfers,,,:,301,1347,4.47508305647841,,0,0,,z
2020Q2,,RA2702,,RA2702,,Transfers,,,:,124,499,4.0241935483871,,0,0,,z
2020Q3,,RA2702,,RA2702,,Transfers,,,:,393,1126,2.86513994910941,,0,0,,z
2020Q4,,RA2702,,RA2702,,Transfers,,,:,200,835,4.175,,0,0,,z
2021Q1,,RA2702,,RA2702,,Transfers,,,:,135,517,3.82962962962963,,0,0,,z
2021Q2,,RA2702,,RA2702,,Transfers,,,:,396,1077,2.71969696969697,,0,0,,z
2021Q3,,RA2702,,RA2702,,Transfers,,,:,674,2447,3.63056379821958,,0,0,,z
2021Q4,,RA2702,,RA2702,,Transfers,,,:,381,1887,4.95275590551181,,0,0,,z
2022Q1,,RA2702,,RA2702,,Transfers,,,:,286,1282,4.48251748251748,,0,0,,z
2022Q2,,RA2702,,RA2702,,Transfers,,,:,489,1694,3.46421267893661,,0,0,,z
2022Q3,,RA2702,,RA2702,,Transfers,,,:,532,1951,3.66729323308271,,0,0,,z
2022Q4,p,RA2702,,RA2702,,Transfers,,,:,350,1610,4.6,,0,0,,z
2017Q4,,S92000003,d,S92000003,d,Transfers,,1,,31492,183844,5.83780007620983,,0,0,,z
2018Q1,,S92000003,d,S92000003,d,Transfers,,1,,31343,192280,6.13470312350445,,0,0,,z
2018Q2,,S92000003,d,S92000003,d,Transfers,,1,,30263,182222,6.02128011102667,,0,0,,z
2018Q3,,S92000003,d,S92000003,d,Transfers,,1,,29744,174939,5.88148870360409,,0,0,,z
2018Q4,,S92000003,d,S92000003,d,Transfers,,1,,31409,177839,5.6620395428062,,0,0,,z
2019Q1,,S92000003,d,S92000003,d,Transfers,,1,,32172,183786,5.71260723610593,,0,0,,z
2019Q2,,S92000003,d,S92000003,d,Transfers,,1,,32124,182060,5.66741377163491,,0,0,,z
2019Q3,,S92000003,d,S92000003,d,Transfers,,1,,33013,181833,5.50792112198225,,0,0,,z
2019Q4,,S92000003,d,S92000003,d,Transfers,,1,,34336,187038,5.44728564771668,,0,0,,z
2020Q1,,S92000003,d,S92000003,d,Transfers,,1,,32873,194989,5.93158519149454,,0,0,,z
2020Q2,,S92000003,d,S92000003,d,Transfers,,1,,26766,136068,5.08361353956512,,0,0,,z
2020Q3,,S92000003,d,S92000003,d,Transfers,,1,,31141,161605,5.18946083940785,,0,0,,z
2020Q4,,S92000003,d,S92000003,d,Transfers,,1,,31628,174220,5.50841026938156,,0,0,,z
2021Q1,,S92000003,d,S92000003,d,Transfers,,1,,31269,175841,5.62349291630689,,0,0,,z
2021Q2,,S92000003,d,S92000003,d,Transfers,,1,,32761,175807,5.36635023350936,,0,0,,z
2021Q3,,S92000003,d,S92000003,d,Transfers,,1,,32442,177906,5.4838172739042,,0,0,,z
2021Q4,,S92000003,d,S92000003,d,Transfers,,1,,31973,190192,5.94851906295937,,0,0,,z
2022Q1,,S92000003,d,S92000003,d,Transfers,,1,,31109,184031,5.91568356424186,,0,0,,z
2022Q2,,S92000003,d,S92000003,d,Transfers,,1,,31255,185798,5.94458486642137,,0,0,,z
2022Q3,,S92000003,d,S92000003,d,Transfers,,1,,31496,188466,5.98380746761493,,0,0,,z
2022Q4,p,S92000003,d,S92000003,d,Transfers,,1,,31125,186161,5.98107630522088,,0,0,,z
2017Q4,,S92000003,d,S92000003,d,Transfers,,2,,24584,164777,6.70261145460462,,0,0,,z
2018Q1,,S92000003,d,S92000003,d,Transfers,,2,,25127,166421,6.62319417359812,,0,0,,z
2018Q2,,S92000003,d,S92000003,d,Transfers,,2,,23717,157106,6.6241936163933,,0,0,,z
2018Q3,,S92000003,d,S92000003,d,Transfers,,2,,23305,147432,6.32619609525853,,0,0,,z
2018Q4,,S92000003,d,S92000003,d,Transfers,,2,,24776,157226,6.34589925734582,,0,0,,z
2019Q1,,S92000003,d,S92000003,d,Transfers,,2,,24767,155972,6.2975733839383,,0,0,,z
2019Q2,,S92000003,d,S92000003,d,Transfers,,2,,25842,153348,5.93406083120501,,0,0,,z
2019Q3,,S92000003,d,S92000003,d,Transfers,,2,,26403,156078,5.91137370753323,,0,0,,z
2019Q4,,S92000003,d,S92000003,d,Transfers,,2,,27566,161240,5.84923456431836,,0,0,,z
2020Q1,,S92000003,d,S92000003,d,Transfers,,2,,26449,171268,6.4754054973723,,0,0,,z
2020Q2,,S92000003,d,S92000003,d,Transfers,,2,,21265,109681,5.15781801081589,,0,0,,z
2020Q3,,S92000003,d,S92000003,d,Transfers,,2,,25244,135642,5.37323720488037,,0,0,,z
2020Q4,,S92000003,d,S92000003,d,Transfers,,2,,25332,146957,5.8012395389231,,0,0,,z
2021Q1,,S92000003,d,S92000003,d,Transfers,,2,,25554,146064,5.7158957501761,,0,0,,z
2021Q2,,S92000003,d,S92000003,d,Transfers,,2,,26729,147353,5.51285121029593,,0,0,,z
2021Q3,,S92000003,d,S92000003,d,Transfers,,2,,26417,154802,5.85993867585267,,0,0,,z
2021Q4,,S92000003,d,S92000003,d,Transfers,,2,,25884,158753,6.13324833874208,,0,0,,z
2022Q1,,S92000003,d,S92000003,d,Transfers,,2,,25380,155182,6.11434200157604,,0,0,,z
2022Q2,,S92000003,d,S92000003,d,Transfers,,2,,26860,167988,6.2542069992554,,0,0,,z
2022Q3,,S92000003,d,S92000003,d,Transfers,,2,,25902,160227,6.18589298123697,,0,0,,z
2022Q4,p,S92000003,d,S92000003,d,Transfers,,2,,26097,161617,6.19293405372265,,0,0,,z
2017Q4,,S92000003,d,S92000003,d,Transfers,,3,,19870,130673,6.57639657775541,,0,0,,z
2018Q1,,S92000003,d,S92000003,d,Transfers,,3,,20238,132043,6.52450835062753,,0,0,,z
2018Q2,,S92000003,d,S92000003,d,Transfers,,3,,19113,126033,6.59409825773034,,0,0,,z
2018Q3,,S92000003,d,S92000003,d,Transfers,,3,,18893,120275,6.36611443391732,,0,0,,z
2018Q4,,S92000003,d,S92000003,d,Transfers,,3,,19594,126087,6.43498009594774,,0,0,,z
2019Q1,,S92000003,d,S92000003,d,Transfers,,3,,19866,120742,6.0778214034028,,0,0,,z
2019Q2,,S92000003,d,S92000003,d,Transfers,,3,,21223,132567,6.24638364039014,,0,0,,z
2019Q3,,S92000003,d,S92000003,d,Transfers,,3,,21439,125844,5.86986333317785,,0,0,,z
2019Q4,,S92000003,d,S92000003,d,Transfers,,3,,22956,132196,5.75866875762328,,0,0,,z
2020Q1,,S92000003,d,S92000003,d,Transfers,,3,,21711,144200,6.64179448205978,,0,0,,z
2020Q2,,S92000003,d,S92000003,d,Transfers,,3,,17322,93060,5.37235885001732,,0,0,,z
2020Q3,,S92000003,d,S92000003,d,Transfers,,3,,20137,108260,5.37617321348761,,0,0,,z
2020Q4,,S92000003,d,S92000003,d,Transfers,,3,,20950,120035,5.72959427207637,,0,0,,z
2021Q1,,S92000003,d,S92000003,d,Transfers,,3,,20600,120427,5.84597087378641,,0,0,,z
2021Q2,,S92000003,d,S92000003,d,Transfers,,3,,21322,119724,5.61504549291811,,0,0,,z
2021Q3,,S92000003,d,S92000003,d,Transfers,,3,,20666,121267,5.86794735314042,,0,0,,z
2021Q4,,S92000003,d,S92000003,d,Transfers,,3,,21395,134783,6.29974293059126,,0,0,,z
2022Q1,,S92000003,d,S92000003,d,Transfers,,3,,20190,128110,6.34522040614165,,0,0,,z
2022Q2,,S92000003,d,S92000003,d,Transfers,,3,,21017,132525,6.30560974449255,,0,0,,z
2022Q3,,S92000003,d,S92000003,d,Transfers,,3,,20610,135337,6.56656962639495,,0,0,,z
2022Q4,p,S92000003,d,S92000003,d,Transfers,,3,,20477,131170,6.40572349465254,,0,0,,z
2017Q4,,S92000003,d,S92000003,d,Transfers,,4,,15618,102949,6.59168907670636,,0,0,,z
2018Q1,,S92000003,d,S92000003,d,Transfers,,4,,15953,105681,6.62452203347333,,0,0,,z
2018Q2,,S92000003,d,S92000003,d,Transfers,,4,,15452,99457,6.43651307274139,,0,0,,z
2018Q3,,S92000003,d,S92000003,d,Transfers,,4,,15256,101978,6.68445201887782,,0,0,,z
2018Q4,,S92000003,d,S92000003,d,Transfers,,4,,16127,107885,6.68971290382588,,0,0,,z
2019Q1,,S92000003,d,S92000003,d,Transfers,,4,,16313,105674,6.47790106050389,,0,0,,z
2019Q2,,S92000003,d,S92000003,d,Transfers,,4,,16675,101259,6.07250374812594,,0,0,,z
2019Q3,,S92000003,d,S92000003,d,Transfers,,4,,17187,103470,6.02024786175598,,0,0,,z
2019Q4,,S92000003,d,S92000003,d,Transfers,,4,,18062,108206,5.99080943417119,,0,0,,z
2020Q1,,S92000003,d,S92000003,d,Transfers,,4,,17354,113991,6.56857208712689,,0,0,,z
2020Q2,,S92000003,d,S92000003,d,Transfers,,4,,14494,78471,5.41403339312819,,0,0,,z
2020Q3,,S92000003,d,S92000003,d,Transfers,,4,,16530,91945,5.56231094978826,,0,0,,z
2020Q4,,S92000003,d,S92000003,d,Transfers,,4,,16606,96082,5.78598097073347,,0,0,,z
2021Q1,,S92000003,d,S92000003,d,Transfers,,4,,16442,96801,5.88742245468921,,0,0,,z
2021Q2,,S92000003,d,S92000003,d,Transfers,,4,,17647,98133,5.56088853629512,,0,0,,z
2021Q3,,S92000003,d,S92000003,d,Transfers,,4,,17354,102522,5.90768698859053,,0,0,,z
2021Q4,,S92000003,d,S92000003,d,Transfers,,4,,18024,115002,6.38049267643142,,0,0,,z
2022Q1,,S92000003,d,S92000003,d,Transfers,,4,,16921,109078,6.44630931978015,,0,0,,z
2022Q2,,S92000003,d,S92000003,d,Transfers,,4,,17459,110242,6.31433644538633,,0,0,,z
2022Q3,,S92000003,d,S92000003,d,Transfers,,4,,17660,114230,6.4682899207248,,0,0,,z
2022Q4,p,S92000003,d,S92000003,d,Transfers,,4,,17809,113099,6.35066539390196,,0,0,,z
2017Q4,,S92000003,d,S92000003,d,Transfers,,5,,13836,94196,6.80803700491472,,0,0,,z
2018Q1,,S92000003,d,S92000003,d,Transfers,,5,,14354,98195,6.84095025776787,,0,0,,z
2018Q2,,S92000003,d,S92000003,d,Transfers,,5,,13897,99882,7.18730661293804,,0,0,,z
2018Q3,,S92000003,d,S92000003,d,Transfers,,5,,13300,90733,6.82203007518797,,0,0,,z
2018Q4,,S92000003,d,S92000003,d,Transfers,,5,,14498,95521,6.58856393985377,,0,0,,z
2019Q1,,S92000003,d,S92000003,d,Transfers,,5,,14325,94804,6.61808027923211,,0,0,,z
2019Q2,,S92000003,d,S92000003,d,Transfers,,5,,15108,99077,6.55791633571618,,0,0,,z
2019Q3,,S92000003,d,S92000003,d,Transfers,,5,,15576,96579,6.20050077041602,,0,0,,z
2019Q4,,S92000003,d,S92000003,d,Transfers,,5,,16237,106770,6.57572211615446,,0,0,,z
2020Q1,,S92000003,d,S92000003,d,Transfers,,5,,15602,107648,6.8996282527881,,0,0,,z
2020Q2,,S92000003,d,S92000003,d,Transfers,,5,,12942,70331,5.43432236130428,,0,0,,z
2020Q3,,S92000003,d,S92000003,d,Transfers,,5,,15065,82859,5.50009956853634,,0,0,,z
2020Q4,,S92000003,d,S92000003,d,Transfers,,5,,15166,89096,5.87471976790189,,0,0,,z
2021Q1,,S92000003,d,S92000003,d,Transfers,,5,,15450,93936,6.08,,0,0,,z
2021Q2,,S92000003,d,S92000003,d,Transfers,,5,,16051,91706,5.71341349448632,,0,0,,z
2021Q3,,S92000003,d,S92000003,d,Transfers,,5,,15766,97449,6.18095902575162,,0,0,,z
2021Q4,,S92000003,d,S92000003,d,Transfers,,5,,15795,100896,6.38784425451092,,0,0,,z
2022Q1,,S92000003,d,S92000003,d,Transfers,,5,,16060,103704,6.45728518057285,,0,0,,z
2022Q2,,S92000003,d,S92000003,d,Transfers,,5,,16559,111100,6.70934235159128,,0,0,,z
2022Q3,,S92000003,d,S92000003,d,Transfers,,5,,16755,108036,6.44798567591764,,0,0,,z
2022Q4,p,S92000003,d,S92000003,d,Transfers,,5,,16372,110137,6.72715612020523,,0,0,,z
2017Q4,,S92000003,d,S92000003,d,Transfers,,,:,625,2560,4.096,,0,0,,z
2018Q1,,S92000003,d,S92000003,d,Transfers,,,:,575,2333,4.05739130434783,,0,0,,z
2018Q2,,S92000003,d,S92000003,d,Transfers,,,:,740,2921,3.9472972972973,,0,0,,z
2018Q3,,S92000003,d,S92000003,d,Transfers,,,:,1015,3703,3.64827586206897,,0,0,,z
2018Q4,,S92000003,d,S92000003,d,Transfers,,,:,661,2628,3.97579425113464,,0,0,,z
2019Q1,,S92000003,d,S92000003,d,Transfers,,,:,589,2479,4.2088285229202,,0,0,,z
2019Q2,,S92000003,d,S92000003,d,Transfers,,,:,918,3541,3.85729847494553,,0,0,,z
2019Q3,,S92000003,d,S92000003,d,Transfers,,,:,1074,4046,3.76722532588454,,0,0,,z
2019Q4,,S92000003,d,S92000003,d,Transfers,,,:,743,2870,3.86271870794078,,0,0,,z
2020Q1,,S92000003,d,S92000003,d,Transfers,,,:,538,2283,4.24349442379182,,0,0,,z
2020Q2,,S92000003,d,S92000003,d,Transfers,,,:,273,1071,3.92307692307692,,0,0,,z
2020Q3,,S92000003,d,S92000003,d,Transfers,,,:,570,1672,2.93333333333333,,0,0,,z
2020Q4,,S92000003,d,S92000003,d,Transfers,,,:,316,1238,3.91772151898734,,0,0,,z
2021Q1,,S92000003,d,S92000003,d,Transfers,,,:,260,934,3.59230769230769,,0,0,,z
2021Q2,,S92000003,d,S92000003,d,Transfers,,,:,546,1585,2.9029304029304,,0,0,,z
2021Q3,,S92000003,d,S92000003,d,Transfers,,,:,867,3032,3.49711649365629,,0,0,,z
2021Q4,,S92000003,d,S92000003,d,Transfers,,,:,568,2859,5.03345070422535,,0,0,,z
2022Q1,,S92000003,d,S92000003,d,Transfers,,,:,436,1864,4.27522935779816,,0,0,,z
2022Q2,,S92000003,d,S92000003,d,Transfers,,,:,730,2540,3.47945205479452,,0,0,,z
2022Q3,,S92000003,d,S92000003,d,Transfers,,,:,921,3297,3.57980456026059,,0,0,,z
2022Q4,p,S92000003,d,S92000003,d,Transfers,,,:,567,2594,4.57495590828924,,0,0,,z
2017Q4,,RA2704,,RA2704,,Transfers,,,:,126,367,2.91269841269841,,0,0,,z
2018Q1,,RA2704,,RA2704,,Transfers,,,:,102,326,3.19607843137255,,0,0,,z
2018Q2,,RA2704,,RA2704,,Transfers,,,:,125,470,3.76,,0,0,,z
2018Q3,,RA2704,,RA2704,,Transfers,,,:,165,512,3.1030303030303,,0,0,,z
2018Q4,,RA2704,,RA2704,,Transfers,,,:,131,333,2.54198473282443,,0,0,,z
2019Q1,,RA2704,,RA2704,,Transfers,,,:,117,469,4.00854700854701,,0,0,,z
2019Q2,,RA2704,,RA2704,,Transfers,,,:,160,578,3.6125,,0,0,,z
2019Q3,,RA2704,,RA2704,,Transfers,,,:,180,1141,6.33888888888889,,0,0,,z
2019Q4,,RA2704,,RA2704,,Transfers,,,:,163,597,3.66257668711656,,0,0,,z
2020Q1,,RA2704,,RA2704,,Transfers,,,:,152,614,4.03947368421053,,0,0,,z
2020Q2,,RA2704,,RA2704,,Transfers,,,:,123,431,3.50406504065041,,0,0,,z
2020Q3,,RA2704,,RA2704,,Transfers,,,:,138,307,2.22463768115942,,0,0,,z
2020Q4,,RA2704,,RA2704,,Transfers,,,:,89,334,3.75280898876404,,0,0,,z
2021Q1,,RA2704,,RA2704,,Transfers,,,:,96,281,2.92708333333333,,0,0,,z
2021Q2,,RA2704,,RA2704,,Transfers,,,:,129,415,3.21705426356589,,0,0,,z
2021Q3,,RA2704,,RA2704,,Transfers,,,:,160,474,2.9625,,0,0,,z
2021Q4,,RA2704,,RA2704,,Transfers,,,:,138,802,5.81159420289855,,0,0,,z
2022Q1,,RA2704,,RA2704,,Transfers,,,:,107,460,4.29906542056075,,0,0,,z
2022Q2,,RA2704,,RA2704,,Transfers,,,:,95,381,4.01052631578947,,0,0,,z
2022Q3,,RA2704,,RA2704,,Transfers,,,:,130,348,2.67692307692308,,0,0,,z
2022Q4,p,RA2704,,RA2704,,Transfers,,,:,100,580,5.8,,0,0,,z
2017Q4,,S08000015,,S12000008,,All Day cases,,1,,761,0,0,,723,0,0,
2018Q1,,S08000015,,S12000008,,All Day cases,,1,,694,0,0,,665,0,0,
2018Q2,,S08000015,,S12000008,,All Day cases,,1,,724,0,0,,691,0,0,
2018Q3,,S08000015,,S12000008,,All Day cases,,1,,705,0,0,,663,0,0,
2018Q4,,S08000015,,S12000008,,All Day cases,,1,,738,0,0,,705,0,0,
2019Q1,,S08000015,,S12000008,,All Day cases,,1,,736,0,0,,702,0,0,
2019Q2,,S08000015,,S12000008,,All Day cases,,1,,760,0,0,,723,0,0,
2019Q3,,S08000015,,S12000008,,All Day cases,,1,,724,0,0,,688,0,0,
2019Q4,,S08000015,,S12000008,,All Day cases,,1,,718,0,0,,681,0,0,
2020Q1,,S08000015,,S12000008,,All Day cases,,1,,677,0,0,,637,0,0,
2020Q2,,S08000015,,S12000008,,All Day cases,,1,,259,0,0,,238,0,0,
2020Q3,,S08000015,,S12000008,,All Day cases,,1,,538,0,0,,506,0,0,
2020Q4,,S08000015,,S12000008,,All Day cases,,1,,474,0,0,,450,0,0,
2021Q1,,S08000015,,S12000008,,All Day cases,,1,,496,0,0,,474,0,0,
2021Q2,,S08000015,,S12000008,,All Day cases,,1,,648,0,0,,605,0,0,
2021Q3,,S08000015,,S12000008,,All Day cases,,1,,611,0,0,,582,0,0,
2021Q4,,S08000015,,S12000008,,All Day cases,,1,,648,0,0,,621,0,0,
2022Q1,,S08000015,,S12000008,,All Day cases,,1,,623,0,0,,591,0,0,
2022Q2,,S08000015,,S12000008,,All Day cases,,1,,731,0,0,,700,0,0,
2022Q3,,S08000015,,S12000008,,All Day cases,,1,,697,0,0,,654,0,0,
2022Q4,p,S08000015,,S12000008,,All Day cases,,1,,728,0,0,,687,0,0,
2017Q4,,S08000015,,S12000008,,All Day cases,,2,,617,0,0,,579,0,0,
2018Q1,,S08000015,,S12000008,,All Day cases,,2,,626,0,0,,580,0,0,
2018Q2,,S08000015,,S12000008,,All Day cases,,2,,617,0,0,,583,0,0,
2018Q3,,S08000015,,S12000008,,All Day cases,,2,,572,0,0,,537,0,0,
2018Q4,,S08000015,,S12000008,,All Day cases,,2,,719,0,0,,674,0,0,
2019Q1,,S08000015,,S12000008,,All Day cases,,2,,679,0,0,,640,0,0,
2019Q2,,S08000015,,S12000008,,All Day cases,,2,,678,0,0,,645,0,0,
2019Q3,,S08000015,,S12000008,,All Day cases,,2,,678,0,0,,639,0,0,
2019Q4,,S08000015,,S12000008,,All Day cases,,2,,697,0,0,,668,0,0,
2020Q1,,S08000015,,S12000008,,All Day cases,,2,,630,0,0,,599,0,0,
2020Q2,,S08000015,,S12000008,,All Day cases,,2,,260,0,0,,242,0,0,
2020Q3,,S08000015,,S12000008,,All Day cases,,2,,455,0,0,,429,0,0,
2020Q4,,S08000015,,S12000008,,All Day cases,,2,,508,0,0,,481,0,0,
2021Q1,,S08000015,,S12000008,,All Day cases,,2,,413,0,0,,390,0,0,
2021Q2,,S08000015,,S12000008,,All Day cases,,2,,526,0,0,,491,0,0,
2021Q3,,S08000015,,S12000008,,All Day cases,,2,,528,0,0,,497,0,0,
2021Q4,,S08000015,,S12000008,,All Day cases,,2,,494,0,0,,470,0,0,
2022Q1,,S08000015,,S12000008,,All Day cases,,2,,550,0,0,,527,0,0,
2022Q2,,S08000015,,S12000008,,All Day cases,,2,,656,0,0,,631,0,0,
2022Q3,,S08000015,,S12000008,,All Day cases,,2,,635,0,0,,610,0,0,
2022Q4,p,S08000015,,S12000008,,All Day cases,,2,,557,0,0,,540,0,0,
2017Q4,,S08000015,,S12000008,,All Day cases,,3,,454,0,0,,434,0,0,
2018Q1,,S08000015,,S12000008,,All Day cases,,3,,430,0,0,,410,0,0,
2018Q2,,S08000015,,S12000008,,All Day cases,,3,,414,0,0,,398,0,0,
2018Q3,,S08000015,,S12000008,,All Day cases,,3,,417,0,0,,398,0,0,
2018Q4,,S08000015,,S12000008,,All Day cases,,3,,457,0,0,,436,0,0,
2019Q1,,S08000015,,S12000008,,All Day cases,,3,,442,0,0,,424,0,0,
2019Q2,,S08000015,,S12000008,,All Day cases,,3,,456,0,0,,435,0,0,
2019Q3,,S08000015,,S12000008,,All Day cases,,3,,470,0,0,,453,0,0,
2019Q4,,S08000015,,S12000008,,All Day cases,,3,,485,0,0,,467,0,0,
2020Q1,,S08000015,,S12000008,,All Day cases,,3,,469,0,0,,456,0,0,
2020Q2,,S08000015,,S12000008,,All Day cases,,3,,204,0,0,,200,0,0,
2020Q3,,S08000015,,S12000008,,All Day cases,,3,,371,0,0,,357,0,0,
2020Q4,,S08000015,,S12000008,,All Day cases,,3,,344,0,0,,333,0,0,
2021Q1,,S08000015,,S12000008,,All Day cases,,3,,287,0,0,,276,0,0,
2021Q2,,S08000015,,S12000008,,All Day cases,,3,,410,0,0,,387,0,0,
2021Q3,,S08000015,,S12000008,,All Day cases,,3,,362,0,0,,337,0,0,
2021Q4,,S08000015,,S12000008,,All Day cases,,3,,379,0,0,,362,0,0,
2022Q1,,S08000015,,S12000008,,All Day cases,,3,,373,0,0,,359,0,0,
2022Q2,,S08000015,,S12000008,,All Day cases,,3,,410,0,0,,390,0,0,
2022Q3,,S08000015,,S12000008,,All Day cases,,3,,380,0,0,,359,0,0,
2022Q4,p,S08000015,,S12000008,,All Day cases,,3,,381,0,0,,364,0,0,
2017Q4,,S08000015,,S12000008,,All Day cases,,4,,412,0,0,,395,0,0,
2018Q1,,S08000015,,S12000008,,All Day cases,,4,,375,0,0,,357,0,0,
2018Q2,,S08000015,,S12000008,,All Day cases,,4,,370,0,0,,355,0,0,
2018Q3,,S08000015,,S12000008,,All Day cases,,4,,349,0,0,,338,0,0,
2018Q4,,S08000015,,S12000008,,All Day cases,,4,,378,0,0,,363,0,0,
2019Q1,,S08000015,,S12000008,,All Day cases,,4,,399,0,0,,389,0,0,
2019Q2,,S08000015,,S12000008,,All Day cases,,4,,423,0,0,,412,0,0,
2019Q3,,S08000015,,S12000008,,All Day cases,,4,,461,0,0,,445,0,0,
2019Q4,,S08000015,,S12000008,,All Day cases,,4,,441,0,0,,434,0,0,
2020Q1,,S08000015,,S12000008,,All Day cases,,4,,380,0,0,,370,0,0,
2020Q2,,S08000015,,S12000008,,All Day cases,,4,,195,0,0,,189,0,0,
2020Q3,,S08000015,,S12000008,,All Day cases,,4,,345,0,0,,333,0,0,
2020Q4,,S08000015,,S12000008,,All Day cases,,4,,371,0,0,,354,0,0,
2021Q1,,S08000015,,S12000008,,All Day cases,,4,,329,0,0,,311,0,0,
2021Q2,,S08000015,,S12000008,,All Day cases,,4,,328,0,0,,306,0,0,
2021Q3,,S08000015,,S12000008,,All Day cases,,4,,305,0,0,,285,0,0,
2021Q4,,S08000015,,S12000008,,All Day cases,,4,,319,0,0,,315,0,0,
2022Q1,,S08000015,,S12000008,,All Day cases,,4,,296,0,0,,291,0,0,
2022Q2,,S08000015,,S12000008,,All Day cases,,4,,350,0,0,,335,0,0,
2022Q3,,S08000015,,S12000008,,All Day cases,,4,,386,0,0,,373,0,0,
2022Q4,p,S08000015,,S12000008,,All Day cases,,4,,401,0,0,,366,0,0,
2017Q4,,S08000015,,S12000008,,All Day cases,,5,,296,0,0,,289,0,0,
2018Q1,,S08000015,,S12000008,,All Day cases,,5,,285,0,0,,274,0,0,
2018Q2,,S08000015,,S12000008,,All Day cases,,5,,274,0,0,,265,0,0,
2018Q3,,S08000015,,S12000008,,All Day cases,,5,,289,0,0,,276,0,0,
2018Q4,,S08000015,,S12000008,,All Day cases,,5,,296,0,0,,286,0,0,
2019Q1,,S08000015,,S12000008,,All Day cases,,5,,316,0,0,,300,0,0,
2019Q2,,S08000015,,S12000008,,All Day cases,,5,,318,0,0,,310,0,0,
2019Q3,,S08000015,,S12000008,,All Day cases,,5,,326,0,0,,320,0,0,
2019Q4,,S08000015,,S12000008,,All Day cases,,5,,315,0,0,,307,0,0,
2020Q1,,S08000015,,S12000008,,All Day cases,,5,,250,0,0,,243,0,0,
2020Q2,,S08000015,,S12000008,,All Day cases,,5,,110,0,0,,104,0,0,
2020Q3,,S08000015,,S12000008,,All Day cases,,5,,228,0,0,,221,0,0,
2020Q4,,S08000015,,S12000008,,All Day cases,,5,,225,0,0,,220,0,0,
2021Q1,,S08000015,,S12000008,,All Day cases,,5,,229,0,0,,221,0,0,
2021Q2,,S08000015,,S12000008,,All Day cases,,5,,283,0,0,,269,0,0,
2021Q3,,S08000015,,S12000008,,All Day cases,,5,,227,0,0,,220,0,0,
2021Q4,,S08000015,,S12000008,,All Day cases,,5,,191,0,0,,184,0,0,
2022Q1,,S08000015,,S12000008,,All Day cases,,5,,250,0,0,,244,0,0,
2022Q2,,S08000015,,S12000008,,All Day cases,,5,,266,0,0,,258,0,0,
2022Q3,,S08000015,,S12000008,,All Day cases,,5,,292,0,0,,278,0,0,
2022Q4,p,S08000015,,S12000008,,All Day cases,,5,,281,0,0,,270,0,0,
2017Q4,,S08000015,,S08000015,d,All Day cases,,1,,2257,0,0,,2119,0,0,
2018Q1,,S08000015,,S08000015,d,All Day cases,,1,,2264,0,0,,2131,0,0,
2018Q2,,S08000015,,S08000015,d,All Day cases,,1,,2339,0,0,,2236,0,0,
2018Q3,,S08000015,,S08000015,d,All Day cases,,1,,2272,0,0,,2142,0,0,
2018Q4,,S08000015,,S08000015,d,All Day cases,,1,,2282,0,0,,2140,0,0,
2019Q1,,S08000015,,S08000015,d,All Day cases,,1,,2331,0,0,,2209,0,0,
2019Q2,,S08000015,,S08000015,d,All Day cases,,1,,2351,0,0,,2216,0,0,
2019Q3,,S08000015,,S08000015,d,All Day cases,,1,,2323,0,0,,2208,0,0,
2019Q4,,S08000015,,S08000015,d,All Day cases,,1,,2356,0,0,,2238,0,0,
2020Q1,,S08000015,,S08000015,d,All Day cases,,1,,2236,0,0,,2108,0,0,
2020Q2,,S08000015,,S08000015,d,All Day cases,,1,,842,0,0,,787,0,0,
2020Q3,,S08000015,,S08000015,d,All Day cases,,1,,1670,0,0,,1570,0,0,
2020Q4,,S08000015,,S08000015,d,All Day cases,,1,,1656,0,0,,1567,0,0,
2021Q1,,S08000015,,S08000015,d,All Day cases,,1,,1493,0,0,,1429,0,0,
2021Q2,,S08000015,,S08000015,d,All Day cases,,1,,1937,0,0,,1810,0,0,
2021Q3,,S08000015,,S08000015,d,All Day cases,,1,,1844,0,0,,1720,0,0,
2021Q4,,S08000015,,S08000015,d,All Day cases,,1,,1896,0,0,,1780,0,0,
2022Q1,,S08000015,,S08000015,d,All Day cases,,1,,1898,0,0,,1813,0,0,
2022Q2,,S08000015,,S08000015,d,All Day cases,,1,,2072,0,0,,1980,0,0,
2022Q3,,S08000015,,S08000015,d,All Day cases,,1,,2082,0,0,,1973,0,0,
2022Q4,p,S08000015,,S08000015,d,All Day cases,,1,,2082,0,0,,1964,0,0,
2017Q4,,S08000015,,S08000015,d,All Day cases,,2,,1889,0,0,,1799,0,0,
2018Q1,,S08000015,,S08000015,d,All Day cases,,2,,1852,0,0,,1749,0,0,
2018Q2,,S08000015,,S08000015,d,All Day cases,,2,,1828,0,0,,1743,0,0,
2018Q3,,S08000015,,S08000015,d,All Day cases,,2,,1800,0,0,,1708,0,0,
2018Q4,,S08000015,,S08000015,d,All Day cases,,2,,1939,0,0,,1825,0,0,
2019Q1,,S08000015,,S08000015,d,All Day cases,,2,,1915,0,0,,1833,0,0,
2019Q2,,S08000015,,S08000015,d,All Day cases,,2,,1951,0,0,,1873,0,0,
2019Q3,,S08000015,,S08000015,d,All Day cases,,2,,1997,0,0,,1901,0,0,
2019Q4,,S08000015,,S08000015,d,All Day cases,,2,,1946,0,0,,1888,0,0,
2020Q1,,S08000015,,S08000015,d,All Day cases,,2,,1853,0,0,,1774,0,0,
2020Q2,,S08000015,,S08000015,d,All Day cases,,2,,781,0,0,,744,0,0,
2020Q3,,S08000015,,S08000015,d,All Day cases,,2,,1370,0,0,,1301,0,0,
2020Q4,,S08000015,,S08000015,d,All Day cases,,2,,1571,0,0,,1502,0,0,
2021Q1,,S08000015,,S08000015,d,All Day cases,,2,,1417,0,0,,1362,0,0,
2021Q2,,S08000015,,S08000015,d,All Day cases,,2,,1655,0,0,,1563,0,0,
2021Q3,,S08000015,,S08000015,d,All Day cases,,2,,1603,0,0,,1521,0,0,
2021Q4,,S08000015,,S08000015,d,All Day cases,,2,,1552,0,0,,1492,0,0,
2022Q1,,S08000015,,S08000015,d,All Day cases,,2,,1641,0,0,,1574,0,0,
2022Q2,,S08000015,,S08000015,d,All Day cases,,2,,1760,0,0,,1708,0,0,
2022Q3,,S08000015,,S08000015,d,All Day cases,,2,,1784,0,0,,1721,0,0,
2022Q4,p,S08000015,,S08000015,d,All Day cases,,2,,1669,0,0,,1612,0,0,
2017Q4,,S08000015,,S08000015,d,All Day cases,,3,,1558,0,0,,1497,0,0,
2018Q1,,S08000015,,S08000015,d,All Day cases,,3,,1439,0,0,,1377,0,0,
2018Q2,,S08000015,,S08000015,d,All Day cases,,3,,1404,0,0,,1358,0,0,
2018Q3,,S08000015,,S08000015,d,All Day cases,,3,,1430,0,0,,1370,0,0,
2018Q4,,S08000015,,S08000015,d,All Day cases,,3,,1604,0,0,,1539,0,0,
2019Q1,,S08000015,,S08000015,d,All Day cases,,3,,1553,0,0,,1507,0,0,
2019Q2,,S08000015,,S08000015,d,All Day cases,,3,,1512,0,0,,1450,0,0,
2019Q3,,S08000015,,S08000015,d,All Day cases,,3,,1625,0,0,,1576,0,0,
2019Q4,,S08000015,,S08000015,d,All Day cases,,3,,1617,0,0,,1570,0,0,
2020Q1,,S08000015,,S08000015,d,All Day cases,,3,,1502,0,0,,1461,0,0,
2020Q2,,S08000015,,S08000015,d,All Day cases,,3,,569,0,0,,557,0,0,
2020Q3,,S08000015,,S08000015,d,All Day cases,,3,,1115,0,0,,1066,0,0,
2020Q4,,S08000015,,S08000015,d,All Day cases,,3,,1244,0,0,,1199,0,0,
2021Q1,,S08000015,,S08000015,d,All Day cases,,3,,1038,0,0,,1010,0,0,
2021Q2,,S08000015,,S08000015,d,All Day cases,,3,,1268,0,0,,1197,0,0,
2021Q3,,S08000015,,S08000015,d,All Day cases,,3,,1333,0,0,,1279,0,0,
2021Q4,,S08000015,,S08000015,d,All Day cases,,3,,1253,0,0,,1207,0,0,
2022Q1,,S08000015,,S08000015,d,All Day cases,,3,,1324,0,0,,1275,0,0,
2022Q2,,S08000015,,S08000015,d,All Day cases,,3,,1495,0,0,,1447,0,0,
2022Q3,,S08000015,,S08000015,d,All Day cases,,3,,1341,0,0,,1275,0,0,
2022Q4,p,S08000015,,S08000015,d,All Day cases,,3,,1452,0,0,,1397,0,0,
2017Q4,,S08000015,,S08000015,d,All Day cases,,4,,1302,0,0,,1255,0,0,
2018Q1,,S08000015,,S08000015,d,All Day cases,,4,,1271,0,0,,1228,0,0,
2018Q2,,S08000015,,S08000015,d,All Day cases,,4,,1273,0,0,,1234,0,0,
2018Q3,,S08000015,,S08000015,d,All Day cases,,4,,1217,0,0,,1176,0,0,
2018Q4,,S08000015,,S08000015,d,All Day cases,,4,,1276,0,0,,1235,0,0,
2019Q1,,S08000015,,S08000015,d,All Day cases,,4,,1338,0,0,,1297,0,0,
2019Q2,,S08000015,,S08000015,d,All Day cases,,4,,1281,0,0,,1237,0,0,
2019Q3,,S08000015,,S08000015,d,All Day cases,,4,,1355,0,0,,1317,0,0,
2019Q4,,S08000015,,S08000015,d,All Day cases,,4,,1326,0,0,,1293,0,0,
2020Q1,,S08000015,,S08000015,d,All Day cases,,4,,1191,0,0,,1164,0,0,
2020Q2,,S08000015,,S08000015,d,All Day cases,,4,,513,0,0,,496,0,0,
2020Q3,,S08000015,,S08000015,d,All Day cases,,4,,1025,0,0,,992,0,0,
2020Q4,,S08000015,,S08000015,d,All Day cases,,4,,1143,0,0,,1104,0,0,
2021Q1,,S08000015,,S08000015,d,All Day cases,,4,,1020,0,0,,983,0,0,
2021Q2,,S08000015,,S08000015,d,All Day cases,,4,,1110,0,0,,1060,0,0,
2021Q3,,S08000015,,S08000015,d,All Day cases,,4,,1140,0,0,,1084,0,0,
2021Q4,,S08000015,,S08000015,d,All Day cases,,4,,1140,0,0,,1119,0,0,
2022Q1,,S08000015,,S08000015,d,All Day cases,,4,,1083,0,0,,1057,0,0,
2022Q2,,S08000015,,S08000015,d,All Day cases,,4,,1227,0,0,,1199,0,0,
2022Q3,,S08000015,,S08000015,d,All Day cases,,4,,1332,0,0,,1297,0,0,
2022Q4,p,S08000015,,S08000015,d,All Day cases,,4,,1346,0,0,,1289,0,0,
2017Q4,,S08000015,,S08000015,d,All Day cases,,5,,1236,0,0,,1207,0,0,
2018Q1,,S08000015,,S08000015,d,All Day cases,,5,,1186,0,0,,1147,0,0,
2018Q2,,S08000015,,S08000015,d,All Day cases,,5,,1180,0,0,,1149,0,0,
2018Q3,,S08000015,,S08000015,d,All Day cases,,5,,1170,0,0,,1133,0,0,
2018Q4,,S08000015,,S08000015,d,All Day cases,,5,,1278,0,0,,1246,0,0,
2019Q1,,S08000015,,S08000015,d,All Day cases,,5,,1316,0,0,,1277,0,0,
2019Q2,,S08000015,,S08000015,d,All Day cases,,5,,1295,0,0,,1267,0,0,
2019Q3,,S08000015,,S08000015,d,All Day cases,,5,,1281,0,0,,1249,0,0,
2019Q4,,S08000015,,S08000015,d,All Day cases,,5,,1277,0,0,,1246,0,0,
2020Q1,,S08000015,,S08000015,d,All Day cases,,5,,1174,0,0,,1147,0,0,
2020Q2,,S08000015,,S08000015,d,All Day cases,,5,,499,0,0,,487,0,0,
2020Q3,,S08000015,,S08000015,d,All Day cases,,5,,888,0,0,,876,0,0,
2020Q4,,S08000015,,S08000015,d,All Day cases,,5,,997,0,0,,975,0,0,
2021Q1,,S08000015,,S08000015,d,All Day cases,,5,,987,0,0,,966,0,0,
2021Q2,,S08000015,,S08000015,d,All Day cases,,5,,1207,0,0,,1164,0,0,
2021Q3,,S08000015,,S08000015,d,All Day cases,,5,,1147,0,0,,1118,0,0,
2021Q4,,S08000015,,S08000015,d,All Day cases,,5,,1076,0,0,,1047,0,0,
2022Q1,,S08000015,,S08000015,d,All Day cases,,5,,1139,0,0,,1121,0,0,
2022Q2,,S08000015,,S08000015,d,All Day cases,,5,,1205,0,0,,1188,0,0,
2022Q3,,S08000015,,S08000015,d,All Day cases,,5,,1304,0,0,,1259,0,0,
2022Q4,p,S08000015,,S08000015,d,All Day cases,,5,,1248,0,0,,1207,0,0,
2022Q4,p,S08000015,,S08000015,d,All Day cases,,,:,5,0,0,,0,0,,z
2017Q4,,S08000015,,S12000021,,All Day cases,,1,,1124,0,0,,1038,0,0,
2018Q1,,S08000015,,S12000021,,All Day cases,,1,,1213,0,0,,1126,0,0,
2018Q2,,S08000015,,S12000021,,All Day cases,,1,,1163,0,0,,1097,0,0,
2018Q3,,S08000015,,S12000021,,All Day cases,,1,,1169,0,0,,1090,0,0,
2018Q4,,S08000015,,S12000021,,All Day cases,,1,,1142,0,0,,1060,0,0,
2019Q1,,S08000015,,S12000021,,All Day cases,,1,,1193,0,0,,1121,0,0,
2019Q2,,S08000015,,S12000021,,All Day cases,,1,,1239,0,0,,1155,0,0,
2019Q3,,S08000015,,S12000021,,All Day cases,,1,,1170,0,0,,1114,0,0,
2019Q4,,S08000015,,S12000021,,All Day cases,,1,,1190,0,0,,1122,0,0,
2020Q1,,S08000015,,S12000021,,All Day cases,,1,,1140,0,0,,1086,0,0,
2020Q2,,S08000015,,S12000021,,All Day cases,,1,,447,0,0,,419,0,0,
2020Q3,,S08000015,,S12000021,,All Day cases,,1,,881,0,0,,817,0,0,
2020Q4,,S08000015,,S12000021,,All Day cases,,1,,894,0,0,,839,0,0,
2021Q1,,S08000015,,S12000021,,All Day cases,,1,,741,0,0,,708,0,0,
2021Q2,,S08000015,,S12000021,,All Day cases,,1,,925,0,0,,856,0,0,
2021Q3,,S08000015,,S12000021,,All Day cases,,1,,848,0,0,,774,0,0,
2021Q4,,S08000015,,S12000021,,All Day cases,,1,,870,0,0,,796,0,0,
2022Q1,,S08000015,,S12000021,,All Day cases,,1,,894,0,0,,852,0,0,
2022Q2,,S08000015,,S12000021,,All Day cases,,1,,924,0,0,,869,0,0,
2022Q3,,S08000015,,S12000021,,All Day cases,,1,,1015,0,0,,960,0,0,
2022Q4,p,S08000015,,S12000021,,All Day cases,,1,,1000,0,0,,935,0,0,
2017Q4,,S08000015,,S12000021,,All Day cases,,2,,580,0,0,,548,0,0,
2018Q1,,S08000015,,S12000021,,All Day cases,,2,,568,0,0,,531,0,0,
2018Q2,,S08000015,,S12000021,,All Day cases,,2,,587,0,0,,550,0,0,
2018Q3,,S08000015,,S12000021,,All Day cases,,2,,587,0,0,,548,0,0,
2018Q4,,S08000015,,S12000021,,All Day cases,,2,,554,0,0,,511,0,0,
2019Q1,,S08000015,,S12000021,,All Day cases,,2,,568,0,0,,549,0,0,
2019Q2,,S08000015,,S12000021,,All Day cases,,2,,622,0,0,,599,0,0,
2019Q3,,S08000015,,S12000021,,All Day cases,,2,,603,0,0,,577,0,0,
2019Q4,,S08000015,,S12000021,,All Day cases,,2,,617,0,0,,599,0,0,
2020Q1,,S08000015,,S12000021,,All Day cases,,2,,565,0,0,,541,0,0,
2020Q2,,S08000015,,S12000021,,All Day cases,,2,,268,0,0,,258,0,0,
2020Q3,,S08000015,,S12000021,,All Day cases,,2,,463,0,0,,433,0,0,
2020Q4,,S08000015,,S12000021,,All Day cases,,2,,514,0,0,,487,0,0,
2021Q1,,S08000015,,S12000021,,All Day cases,,2,,502,0,0,,485,0,0,
2021Q2,,S08000015,,S12000021,,All Day cases,,2,,545,0,0,,515,0,0,
2021Q3,,S08000015,,S12000021,,All Day cases,,2,,502,0,0,,473,0,0,
2021Q4,,S08000015,,S12000021,,All Day cases,,2,,476,0,0,,457,0,0,
2022Q1,,S08000015,,S12000021,,All Day cases,,2,,476,0,0,,446,0,0,
2022Q2,,S08000015,,S12000021,,All Day cases,,2,,501,0,0,,483,0,0,
2022Q3,,S08000015,,S12000021,,All Day cases,,2,,515,0,0,,488,0,0,
2022Q4,p,S08000015,,S12000021,,All Day cases,,2,,485,0,0,,460,0,0,
2017Q4,,S08000015,,S12000021,,All Day cases,,3,,528,0,0,,505,0,0,
2018Q1,,S08000015,,S12000021,,All Day cases,,3,,468,0,0,,437,0,0,
2018Q2,,S08000015,,S12000021,,All Day cases,,3,,453,0,0,,435,0,0,
2018Q3,,S08000015,,S12000021,,All Day cases,,3,,478,0,0,,454,0,0,
2018Q4,,S08000015,,S12000021,,All Day cases,,3,,497,0,0,,481,0,0,
2019Q1,,S08000015,,S12000021,,All Day cases,,3,,486,0,0,,468,0,0,
2019Q2,,S08000015,,S12000021,,All Day cases,,3,,472,0,0,,450,0,0,
2019Q3,,S08000015,,S12000021,,All Day cases,,3,,524,0,0,,509,0,0,
2019Q4,,S08000015,,S12000021,,All Day cases,,3,,512,0,0,,498,0,0,
2020Q1,,S08000015,,S12000021,,All Day cases,,3,,455,0,0,,436,0,0,
2020Q2,,S08000015,,S12000021,,All Day cases,,3,,156,0,0,,150,0,0,
2020Q3,,S08000015,,S12000021,,All Day cases,,3,,361,0,0,,343,0,0,
2020Q4,,S08000015,,S12000021,,All Day cases,,3,,429,0,0,,407,0,0,
2021Q1,,S08000015,,S12000021,,All Day cases,,3,,323,0,0,,318,0,0,
2021Q2,,S08000015,,S12000021,,All Day cases,,3,,354,0,0,,336,0,0,
2021Q3,,S08000015,,S12000021,,All Day cases,,3,,390,0,0,,377,0,0,
2021Q4,,S08000015,,S12000021,,All Day cases,,3,,358,0,0,,341,0,0,
2022Q1,,S08000015,,S12000021,,All Day cases,,3,,392,0,0,,377,0,0,
2022Q2,,S08000015,,S12000021,,All Day cases,,3,,467,0,0,,448,0,0,
2022Q3,,S08000015,,S12000021,,All Day cases,,3,,449,0,0,,423,0,0,
2022Q4,p,S08000015,,S12000021,,All Day cases,,3,,445,0,0,,424,0,0,
2017Q4,,S08000015,,S12000021,,All Day cases,,4,,439,0,0,,416,0,0,
2018Q1,,S08000015,,S12000021,,All Day cases,,4,,462,0,0,,442,0,0,
2018Q2,,S08000015,,S12000021,,All Day cases,,4,,473,0,0,,458,0,0,
2018Q3,,S08000015,,S12000021,,All Day cases,,4,,480,0,0,,461,0,0,
2018Q4,,S08000015,,S12000021,,All Day cases,,4,,492,0,0,,473,0,0,
2019Q1,,S08000015,,S12000021,,All Day cases,,4,,518,0,0,,500,0,0,
2019Q2,,S08000015,,S12000021,,All Day cases,,4,,449,0,0,,427,0,0,
2019Q3,,S08000015,,S12000021,,All Day cases,,4,,495,0,0,,481,0,0,
2019Q4,,S08000015,,S12000021,,All Day cases,,4,,469,0,0,,451,0,0,
2020Q1,,S08000015,,S12000021,,All Day cases,,4,,423,0,0,,415,0,0,
2020Q2,,S08000015,,S12000021,,All Day cases,,4,,172,0,0,,165,0,0,
2020Q3,,S08000015,,S12000021,,All Day cases,,4,,378,0,0,,362,0,0,
2020Q4,,S08000015,,S12000021,,All Day cases,,4,,450,0,0,,431,0,0,
2021Q1,,S08000015,,S12000021,,All Day cases,,4,,393,0,0,,381,0,0,
2021Q2,,S08000015,,S12000021,,All Day cases,,4,,427,0,0,,412,0,0,
2021Q3,,S08000015,,S12000021,,All Day cases,,4,,491,0,0,,465,0,0,
2021Q4,,S08000015,,S12000021,,All Day cases,,4,,483,0,0,,475,0,0,
2022Q1,,S08000015,,S12000021,,All Day cases,,4,,456,0,0,,444,0,0,
2022Q2,,S08000015,,S12000021,,All Day cases,,4,,481,0,0,,475,0,0,
2022Q3,,S08000015,,S12000021,,All Day cases,,4,,544,0,0,,530,0,0,
2022Q4,p,S08000015,,S12000021,,All Day cases,,4,,524,0,0,,515,0,0,
2017Q4,,S08000015,,S12000021,,All Day cases,,5,,316,0,0,,309,0,0,
2018Q1,,S08000015,,S12000021,,All Day cases,,5,,313,0,0,,298,0,0,
2018Q2,,S08000015,,S12000021,,All Day cases,,5,,307,0,0,,299,0,0,
2018Q3,,S08000015,,S12000021,,All Day cases,,5,,346,0,0,,339,0,0,
2018Q4,,S08000015,,S12000021,,All Day cases,,5,,376,0,0,,367,0,0,
2019Q1,,S08000015,,S12000021,,All Day cases,,5,,377,0,0,,370,0,0,
2019Q2,,S08000015,,S12000021,,All Day cases,,5,,343,0,0,,335,0,0,
2019Q3,,S08000015,,S12000021,,All Day cases,,5,,398,0,0,,384,0,0,
2019Q4,,S08000015,,S12000021,,All Day cases,,5,,316,0,0,,311,0,0,
2020Q1,,S08000015,,S12000021,,All Day cases,,5,,352,0,0,,344,0,0,
2020Q2,,S08000015,,S12000021,,All Day cases,,5,,193,0,0,,192,0,0,
2020Q3,,S08000015,,S12000021,,All Day cases,,5,,306,0,0,,305,0,0,
2020Q4,,S08000015,,S12000021,,All Day cases,,5,,358,0,0,,350,0,0,
2021Q1,,S08000015,,S12000021,,All Day cases,,5,,327,0,0,,321,0,0,
2021Q2,,S08000015,,S12000021,,All Day cases,,5,,393,0,0,,378,0,0,
2021Q3,,S08000015,,S12000021,,All Day cases,,5,,358,0,0,,346,0,0,
2021Q4,,S08000015,,S12000021,,All Day cases,,5,,342,0,0,,335,0,0,
2022Q1,,S08000015,,S12000021,,All Day cases,,5,,326,0,0,,320,0,0,
2022Q2,,S08000015,,S12000021,,All Day cases,,5,,379,0,0,,375,0,0,
2022Q3,,S08000015,,S12000021,,All Day cases,,5,,408,0,0,,392,0,0,
2022Q4,p,S08000015,,S12000021,,All Day cases,,5,,382,0,0,,371,0,0,
2017Q4,,S08000015,,S12000028,,All Day cases,,1,,372,0,0,,358,0,0,
2018Q1,,S08000015,,S12000028,,All Day cases,,1,,357,0,0,,340,0,0,
2018Q2,,S08000015,,S12000028,,All Day cases,,1,,452,0,0,,448,0,0,
2018Q3,,S08000015,,S12000028,,All Day cases,,1,,398,0,0,,389,0,0,
2018Q4,,S08000015,,S12000028,,All Day cases,,1,,402,0,0,,375,0,0,
2019Q1,,S08000015,,S12000028,,All Day cases,,1,,402,0,0,,386,0,0,
2019Q2,,S08000015,,S12000028,,All Day cases,,1,,352,0,0,,338,0,0,
2019Q3,,S08000015,,S12000028,,All Day cases,,1,,429,0,0,,406,0,0,
2019Q4,,S08000015,,S12000028,,All Day cases,,1,,448,0,0,,435,0,0,
2020Q1,,S08000015,,S12000028,,All Day cases,,1,,419,0,0,,385,0,0,
2020Q2,,S08000015,,S12000028,,All Day cases,,1,,136,0,0,,130,0,0,
2020Q3,,S08000015,,S12000028,,All Day cases,,1,,251,0,0,,247,0,0,
2020Q4,,S08000015,,S12000028,,All Day cases,,1,,288,0,0,,278,0,0,
2021Q1,,S08000015,,S12000028,,All Day cases,,1,,256,0,0,,247,0,0,
2021Q2,,S08000015,,S12000028,,All Day cases,,1,,364,0,0,,349,0,0,
2021Q3,,S08000015,,S12000028,,All Day cases,,1,,385,0,0,,364,0,0,
2021Q4,,S08000015,,S12000028,,All Day cases,,1,,378,0,0,,363,0,0,
2022Q1,,S08000015,,S12000028,,All Day cases,,1,,381,0,0,,370,0,0,
2022Q2,,S08000015,,S12000028,,All Day cases,,1,,417,0,0,,411,0,0,
2022Q3,,S08000015,,S12000028,,All Day cases,,1,,370,0,0,,359,0,0,
2022Q4,p,S08000015,,S12000028,,All Day cases,,1,,354,0,0,,342,0,0,
2017Q4,,S08000015,,S12000028,,All Day cases,,2,,692,0,0,,672,0,0,
2018Q1,,S08000015,,S12000028,,All Day cases,,2,,658,0,0,,638,0,0,
2018Q2,,S08000015,,S12000028,,All Day cases,,2,,624,0,0,,610,0,0,
2018Q3,,S08000015,,S12000028,,All Day cases,,2,,641,0,0,,623,0,0,
2018Q4,,S08000015,,S12000028,,All Day cases,,2,,666,0,0,,640,0,0,
2019Q1,,S08000015,,S12000028,,All Day cases,,2,,668,0,0,,644,0,0,
2019Q2,,S08000015,,S12000028,,All Day cases,,2,,651,0,0,,629,0,0,
2019Q3,,S08000015,,S12000028,,All Day cases,,2,,716,0,0,,685,0,0,
2019Q4,,S08000015,,S12000028,,All Day cases,,2,,632,0,0,,621,0,0,
2020Q1,,S08000015,,S12000028,,All Day cases,,2,,658,0,0,,634,0,0,
2020Q2,,S08000015,,S12000028,,All Day cases,,2,,253,0,0,,244,0,0,
2020Q3,,S08000015,,S12000028,,All Day cases,,2,,452,0,0,,439,0,0,
2020Q4,,S08000015,,S12000028,,All Day cases,,2,,549,0,0,,534,0,0,
2021Q1,,S08000015,,S12000028,,All Day cases,,2,,502,0,0,,487,0,0,
2021Q2,,S08000015,,S12000028,,All Day cases,,2,,584,0,0,,557,0,0,
2021Q3,,S08000015,,S12000028,,All Day cases,,2,,573,0,0,,551,0,0,
2021Q4,,S08000015,,S12000028,,All Day cases,,2,,582,0,0,,565,0,0,
2022Q1,,S08000015,,S12000028,,All Day cases,,2,,615,0,0,,601,0,0,
2022Q2,,S08000015,,S12000028,,All Day cases,,2,,603,0,0,,594,0,0,
2022Q3,,S08000015,,S12000028,,All Day cases,,2,,634,0,0,,623,0,0,
2022Q4,p,S08000015,,S12000028,,All Day cases,,2,,627,0,0,,612,0,0,
2017Q4,,S08000015,,S12000028,,All Day cases,,3,,576,0,0,,558,0,0,
2018Q1,,S08000015,,S12000028,,All Day cases,,3,,541,0,0,,530,0,0,
2018Q2,,S08000015,,S12000028,,All Day cases,,3,,537,0,0,,525,0,0,
2018Q3,,S08000015,,S12000028,,All Day cases,,3,,535,0,0,,518,0,0,
2018Q4,,S08000015,,S12000028,,All Day cases,,3,,650,0,0,,622,0,0,
2019Q1,,S08000015,,S12000028,,All Day cases,,3,,625,0,0,,615,0,0,
2019Q2,,S08000015,,S12000028,,All Day cases,,3,,584,0,0,,565,0,0,
2019Q3,,S08000015,,S12000028,,All Day cases,,3,,631,0,0,,614,0,0,
2019Q4,,S08000015,,S12000028,,All Day cases,,3,,620,0,0,,605,0,0,
2020Q1,,S08000015,,S12000028,,All Day cases,,3,,578,0,0,,569,0,0,
2020Q2,,S08000015,,S12000028,,All Day cases,,3,,209,0,0,,207,0,0,
2020Q3,,S08000015,,S12000028,,All Day cases,,3,,383,0,0,,366,0,0,
2020Q4,,S08000015,,S12000028,,All Day cases,,3,,471,0,0,,459,0,0,
2021Q1,,S08000015,,S12000028,,All Day cases,,3,,428,0,0,,416,0,0,
2021Q2,,S08000015,,S12000028,,All Day cases,,3,,504,0,0,,474,0,0,
2021Q3,,S08000015,,S12000028,,All Day cases,,3,,581,0,0,,565,0,0,
2021Q4,,S08000015,,S12000028,,All Day cases,,3,,516,0,0,,504,0,0,
2022Q1,,S08000015,,S12000028,,All Day cases,,3,,559,0,0,,539,0,0,
2022Q2,,S08000015,,S12000028,,All Day cases,,3,,618,0,0,,609,0,0,
2022Q3,,S08000015,,S12000028,,All Day cases,,3,,512,0,0,,493,0,0,
2022Q4,p,S08000015,,S12000028,,All Day cases,,3,,626,0,0,,609,0,0,
2017Q4,,S08000015,,S12000028,,All Day cases,,4,,451,0,0,,444,0,0,
2018Q1,,S08000015,,S12000028,,All Day cases,,4,,434,0,0,,429,0,0,
2018Q2,,S08000015,,S12000028,,All Day cases,,4,,430,0,0,,421,0,0,
2018Q3,,S08000015,,S12000028,,All Day cases,,4,,388,0,0,,377,0,0,
2018Q4,,S08000015,,S12000028,,All Day cases,,4,,406,0,0,,399,0,0,
2019Q1,,S08000015,,S12000028,,All Day cases,,4,,421,0,0,,408,0,0,
2019Q2,,S08000015,,S12000028,,All Day cases,,4,,409,0,0,,398,0,0,
2019Q3,,S08000015,,S12000028,,All Day cases,,4,,399,0,0,,391,0,0,
2019Q4,,S08000015,,S12000028,,All Day cases,,4,,416,0,0,,408,0,0,
2020Q1,,S08000015,,S12000028,,All Day cases,,4,,388,0,0,,379,0,0,
2020Q2,,S08000015,,S12000028,,All Day cases,,4,,146,0,0,,142,0,0,
2020Q3,,S08000015,,S12000028,,All Day cases,,4,,302,0,0,,297,0,0,
2020Q4,,S08000015,,S12000028,,All Day cases,,4,,322,0,0,,319,0,0,
2021Q1,,S08000015,,S12000028,,All Day cases,,4,,298,0,0,,291,0,0,
2021Q2,,S08000015,,S12000028,,All Day cases,,4,,355,0,0,,342,0,0,
2021Q3,,S08000015,,S12000028,,All Day cases,,4,,344,0,0,,334,0,0,
2021Q4,,S08000015,,S12000028,,All Day cases,,4,,338,0,0,,329,0,0,
2022Q1,,S08000015,,S12000028,,All Day cases,,4,,331,0,0,,322,0,0,
2022Q2,,S08000015,,S12000028,,All Day cases,,4,,396,0,0,,389,0,0,
2022Q3,,S08000015,,S12000028,,All Day cases,,4,,402,0,0,,394,0,0,
2022Q4,p,S08000015,,S12000028,,All Day cases,,4,,421,0,0,,408,0,0,
2017Q4,,S08000015,,S12000028,,All Day cases,,5,,624,0,0,,609,0,0,
2018Q1,,S08000015,,S12000028,,All Day cases,,5,,588,0,0,,575,0,0,
2018Q2,,S08000015,,S12000028,,All Day cases,,5,,599,0,0,,585,0,0,
2018Q3,,S08000015,,S12000028,,All Day cases,,5,,535,0,0,,518,0,0,
2018Q4,,S08000015,,S12000028,,All Day cases,,5,,606,0,0,,593,0,0,
2019Q1,,S08000015,,S12000028,,All Day cases,,5,,623,0,0,,607,0,0,
2019Q2,,S08000015,,S12000028,,All Day cases,,5,,634,0,0,,622,0,0,
2019Q3,,S08000015,,S12000028,,All Day cases,,5,,557,0,0,,545,0,0,
2019Q4,,S08000015,,S12000028,,All Day cases,,5,,646,0,0,,628,0,0,
2020Q1,,S08000015,,S12000028,,All Day cases,,5,,572,0,0,,560,0,0,
2020Q2,,S08000015,,S12000028,,All Day cases,,5,,196,0,0,,191,0,0,
2020Q3,,S08000015,,S12000028,,All Day cases,,5,,354,0,0,,350,0,0,
2020Q4,,S08000015,,S12000028,,All Day cases,,5,,414,0,0,,405,0,0,
2021Q1,,S08000015,,S12000028,,All Day cases,,5,,431,0,0,,424,0,0,
2021Q2,,S08000015,,S12000028,,All Day cases,,5,,531,0,0,,517,0,0,
2021Q3,,S08000015,,S12000028,,All Day cases,,5,,562,0,0,,552,0,0,
2021Q4,,S08000015,,S12000028,,All Day cases,,5,,543,0,0,,528,0,0,
2022Q1,,S08000015,,S12000028,,All Day cases,,5,,563,0,0,,557,0,0,
2022Q2,,S08000015,,S12000028,,All Day cases,,5,,560,0,0,,555,0,0,
2022Q3,,S08000015,,S12000028,,All Day cases,,5,,604,0,0,,589,0,0,
2022Q4,p,S08000015,,S12000028,,All Day cases,,5,,585,0,0,,566,0,0,
2022Q4,p,S08000015,,S12000028,,All Day cases,,,:,5,0,0,,0,0,,z
2017Q4,,S08000016,,S08000016,d,All Day cases,,1,,185,0,0,,182,0,0,
2018Q1,,S08000016,,S08000016,d,All Day cases,,1,,147,0,0,,147,0,0,
2018Q2,,S08000016,,S08000016,d,All Day cases,,1,,153,0,0,,152,0,0,
2018Q3,,S08000016,,S08000016,d,All Day cases,,1,,142,0,0,,140,0,0,
2018Q4,,S08000016,,S08000016,d,All Day cases,,1,,96,0,0,,96,0,0,
2019Q1,,S08000016,,S08000016,d,All Day cases,,1,,117,0,0,,111,0,0,
2019Q2,,S08000016,,S08000016,d,All Day cases,,1,,102,0,0,,102,0,0,
2019Q3,,S08000016,,S08000016,d,All Day cases,,1,,114,0,0,,113,0,0,
2019Q4,,S08000016,,S08000016,d,All Day cases,,1,,113,0,0,,111,0,0,
2020Q1,,S08000016,,S08000016,d,All Day cases,,1,,119,0,0,,118,0,0,
2020Q2,,S08000016,,S08000016,d,All Day cases,,1,,60,0,0,,60,0,0,
2020Q3,,S08000016,,S08000016,d,All Day cases,,1,,64,0,0,,63,0,0,
2020Q4,,S08000016,,S08000016,d,All Day cases,,1,,73,0,0,,71,0,0,
2021Q1,,S08000016,,S08000016,d,All Day cases,,1,,66,0,0,,66,0,0,
2021Q2,,S08000016,,S08000016,d,All Day cases,,1,,75,0,0,,75,0,0,
2021Q3,,S08000016,,S08000016,d,All Day cases,,1,,71,0,0,,71,0,0,
2021Q4,,S08000016,,S08000016,d,All Day cases,,1,,85,0,0,,85,0,0,
2022Q1,,S08000016,,S08000016,d,All Day cases,,1,,113,0,0,,113,0,0,
2022Q2,,S08000016,,S08000016,d,All Day cases,,1,,85,0,0,,84,0,0,
2022Q3,,S08000016,,S08000016,d,All Day cases,,1,,94,0,0,,90,0,0,
2022Q4,p,S08000016,,S08000016,d,All Day cases,,1,,104,0,0,,104,0,0,
2017Q4,,S08000016,,S08000016,d,All Day cases,,2,,394,0,0,,389,0,0,
2018Q1,,S08000016,,S08000016,d,All Day cases,,2,,340,0,0,,337,0,0,
2018Q2,,S08000016,,S08000016,d,All Day cases,,2,,251,0,0,,248,0,0,
2018Q3,,S08000016,,S08000016,d,All Day cases,,2,,305,0,0,,303,0,0,
2018Q4,,S08000016,,S08000016,d,All Day cases,,2,,265,0,0,,260,0,0,
2019Q1,,S08000016,,S08000016,d,All Day cases,,2,,366,0,0,,363,0,0,
2019Q2,,S08000016,,S08000016,d,All Day cases,,2,,308,0,0,,303,0,0,
2019Q3,,S08000016,,S08000016,d,All Day cases,,2,,299,0,0,,297,0,0,
2019Q4,,S08000016,,S08000016,d,All Day cases,,2,,282,0,0,,281,0,0,
2020Q1,,S08000016,,S08000016,d,All Day cases,,2,,284,0,0,,281,0,0,
2020Q2,,S08000016,,S08000016,d,All Day cases,,2,,149,0,0,,149,0,0,
2020Q3,,S08000016,,S08000016,d,All Day cases,,2,,187,0,0,,187,0,0,
2020Q4,,S08000016,,S08000016,d,All Day cases,,2,,199,0,0,,197,0,0,
2021Q1,,S08000016,,S08000016,d,All Day cases,,2,,209,0,0,,208,0,0,
2021Q2,,S08000016,,S08000016,d,All Day cases,,2,,279,0,0,,278,0,0,
2021Q3,,S08000016,,S08000016,d,All Day cases,,2,,237,0,0,,237,0,0,
2021Q4,,S08000016,,S08000016,d,All Day cases,,2,,263,0,0,,260,0,0,
2022Q1,,S08000016,,S08000016,d,All Day cases,,2,,322,0,0,,320,0,0,
2022Q2,,S08000016,,S08000016,d,All Day cases,,2,,329,0,0,,323,0,0,
2022Q3,,S08000016,,S08000016,d,All Day cases,,2,,359,0,0,,352,0,0,
2022Q4,p,S08000016,,S08000016,d,All Day cases,,2,,389,0,0,,388,0,0,
2017Q4,,S08000016,,S08000016,d,All Day cases,,3,,866,0,0,,858,0,0,
2018Q1,,S08000016,,S08000016,d,All Day cases,,3,,821,0,0,,817,0,0,
2018Q2,,S08000016,,S08000016,d,All Day cases,,3,,842,0,0,,828,0,0,
2018Q3,,S08000016,,S08000016,d,All Day cases,,3,,820,0,0,,810,0,0,
2018Q4,,S08000016,,S08000016,d,All Day cases,,3,,773,0,0,,762,0,0,
2019Q1,,S08000016,,S08000016,d,All Day cases,,3,,827,0,0,,823,0,0,
2019Q2,,S08000016,,S08000016,d,All Day cases,,3,,796,0,0,,784,0,0,
2019Q3,,S08000016,,S08000016,d,All Day cases,,3,,787,0,0,,781,0,0,
2019Q4,,S08000016,,S08000016,d,All Day cases,,3,,882,0,0,,872,0,0,
2020Q1,,S08000016,,S08000016,d,All Day cases,,3,,799,0,0,,792,0,0,
2020Q2,,S08000016,,S08000016,d,All Day cases,,3,,353,0,0,,353,0,0,
2020Q3,,S08000016,,S08000016,d,All Day cases,,3,,480,0,0,,477,0,0,
2020Q4,,S08000016,,S08000016,d,All Day cases,,3,,484,0,0,,479,0,0,
2021Q1,,S08000016,,S08000016,d,All Day cases,,3,,528,0,0,,524,0,0,
2021Q2,,S08000016,,S08000016,d,All Day cases,,3,,642,0,0,,635,0,0,
2021Q3,,S08000016,,S08000016,d,All Day cases,,3,,565,0,0,,562,0,0,
2021Q4,,S08000016,,S08000016,d,All Day cases,,3,,605,0,0,,602,0,0,
2022Q1,,S08000016,,S08000016,d,All Day cases,,3,,693,0,0,,680,0,0,
2022Q2,,S08000016,,S08000016,d,All Day cases,,3,,722,0,0,,719,0,0,
2022Q3,,S08000016,,S08000016,d,All Day cases,,3,,846,0,0,,830,0,0,
2022Q4,p,S08000016,,S08000016,d,All Day cases,,3,,881,0,0,,865,0,0,
2017Q4,,S08000016,,S08000016,d,All Day cases,,4,,653,0,0,,648,0,0,
2018Q1,,S08000016,,S08000016,d,All Day cases,,4,,633,0,0,,627,0,0,
2018Q2,,S08000016,,S08000016,d,All Day cases,,4,,519,0,0,,509,0,0,
2018Q3,,S08000016,,S08000016,d,All Day cases,,4,,565,0,0,,555,0,0,
2018Q4,,S08000016,,S08000016,d,All Day cases,,4,,530,0,0,,525,0,0,
2019Q1,,S08000016,,S08000016,d,All Day cases,,4,,605,0,0,,598,0,0,
2019Q2,,S08000016,,S08000016,d,All Day cases,,4,,552,0,0,,546,0,0,
2019Q3,,S08000016,,S08000016,d,All Day cases,,4,,550,0,0,,548,0,0,
2019Q4,,S08000016,,S08000016,d,All Day cases,,4,,538,0,0,,536,0,0,
2020Q1,,S08000016,,S08000016,d,All Day cases,,4,,494,0,0,,491,0,0,
2020Q2,,S08000016,,S08000016,d,All Day cases,,4,,227,0,0,,227,0,0,
2020Q3,,S08000016,,S08000016,d,All Day cases,,4,,363,0,0,,358,0,0,
2020Q4,,S08000016,,S08000016,d,All Day cases,,4,,390,0,0,,384,0,0,
2021Q1,,S08000016,,S08000016,d,All Day cases,,4,,378,0,0,,377,0,0,
2021Q2,,S08000016,,S08000016,d,All Day cases,,4,,447,0,0,,443,0,0,
2021Q3,,S08000016,,S08000016,d,All Day cases,,4,,418,0,0,,412,0,0,
2021Q4,,S08000016,,S08000016,d,All Day cases,,4,,477,0,0,,472,0,0,
2022Q1,,S08000016,,S08000016,d,All Day cases,,4,,520,0,0,,515,0,0,
2022Q2,,S08000016,,S08000016,d,All Day cases,,4,,511,0,0,,500,0,0,
2022Q3,,S08000016,,S08000016,d,All Day cases,,4,,552,0,0,,543,0,0,
2022Q4,p,S08000016,,S08000016,d,All Day cases,,4,,548,0,0,,544,0,0,
2017Q4,,S08000016,,S08000016,d,All Day cases,,5,,227,0,0,,223,0,0,
2018Q1,,S08000016,,S08000016,d,All Day cases,,5,,220,0,0,,218,0,0,
2018Q2,,S08000016,,S08000016,d,All Day cases,,5,,177,0,0,,171,0,0,
2018Q3,,S08000016,,S08000016,d,All Day cases,,5,,169,0,0,,165,0,0,
2018Q4,,S08000016,,S08000016,d,All Day cases,,5,,134,0,0,,133,0,0,
2019Q1,,S08000016,,S08000016,d,All Day cases,,5,,126,0,0,,124,0,0,
2019Q2,,S08000016,,S08000016,d,All Day cases,,5,,134,0,0,,134,0,0,
2019Q3,,S08000016,,S08000016,d,All Day cases,,5,,103,0,0,,103,0,0,
2019Q4,,S08000016,,S08000016,d,All Day cases,,5,,177,0,0,,173,0,0,
2020Q1,,S08000016,,S08000016,d,All Day cases,,5,,197,0,0,,190,0,0,
2020Q2,,S08000016,,S08000016,d,All Day cases,,5,,112,0,0,,112,0,0,
2020Q3,,S08000016,,S08000016,d,All Day cases,,5,,122,0,0,,122,0,0,
2020Q4,,S08000016,,S08000016,d,All Day cases,,5,,135,0,0,,134,0,0,
2021Q1,,S08000016,,S08000016,d,All Day cases,,5,,109,0,0,,107,0,0,
2021Q2,,S08000016,,S08000016,d,All Day cases,,5,,136,0,0,,132,0,0,
2021Q3,,S08000016,,S08000016,d,All Day cases,,5,,144,0,0,,144,0,0,
2021Q4,,S08000016,,S08000016,d,All Day cases,,5,,108,0,0,,108,0,0,
2022Q1,,S08000016,,S08000016,d,All Day cases,,5,,116,0,0,,116,0,0,
2022Q2,,S08000016,,S08000016,d,All Day cases,,5,,106,0,0,,103,0,0,
2022Q3,,S08000016,,S08000016,d,All Day cases,,5,,115,0,0,,113,0,0,
2022Q4,p,S08000016,,S08000016,d,All Day cases,,5,,143,0,0,,143,0,0,
2017Q4,,S08000016,,S12000026,,All Day cases,,1,,185,0,0,,182,0,0,
2018Q1,,S08000016,,S12000026,,All Day cases,,1,,147,0,0,,147,0,0,
2018Q2,,S08000016,,S12000026,,All Day cases,,1,,153,0,0,,152,0,0,
2018Q3,,S08000016,,S12000026,,All Day cases,,1,,142,0,0,,140,0,0,
2018Q4,,S08000016,,S12000026,,All Day cases,,1,,96,0,0,,96,0,0,
2019Q1,,S08000016,,S12000026,,All Day cases,,1,,117,0,0,,111,0,0,
2019Q2,,S08000016,,S12000026,,All Day cases,,1,,102,0,0,,102,0,0,
2019Q3,,S08000016,,S12000026,,All Day cases,,1,,114,0,0,,113,0,0,
2019Q4,,S08000016,,S12000026,,All Day cases,,1,,113,0,0,,111,0,0,
2020Q1,,S08000016,,S12000026,,All Day cases,,1,,119,0,0,,118,0,0,
2020Q2,,S08000016,,S12000026,,All Day cases,,1,,60,0,0,,60,0,0,
2020Q3,,S08000016,,S12000026,,All Day cases,,1,,64,0,0,,63,0,0,
2020Q4,,S08000016,,S12000026,,All Day cases,,1,,73,0,0,,71,0,0,
2021Q1,,S08000016,,S12000026,,All Day cases,,1,,66,0,0,,66,0,0,
2021Q2,,S08000016,,S12000026,,All Day cases,,1,,75,0,0,,75,0,0,
2021Q3,,S08000016,,S12000026,,All Day cases,,1,,71,0,0,,71,0,0,
2021Q4,,S08000016,,S12000026,,All Day cases,,1,,85,0,0,,85,0,0,
2022Q1,,S08000016,,S12000026,,All Day cases,,1,,113,0,0,,113,0,0,
2022Q2,,S08000016,,S12000026,,All Day cases,,1,,85,0,0,,84,0,0,
2022Q3,,S08000016,,S12000026,,All Day cases,,1,,94,0,0,,90,0,0,
2022Q4,p,S08000016,,S12000026,,All Day cases,,1,,104,0,0,,104,0,0,
2017Q4,,S08000016,,S12000026,,All Day cases,,2,,394,0,0,,389,0,0,
2018Q1,,S08000016,,S12000026,,All Day cases,,2,,340,0,0,,337,0,0,
2018Q2,,S08000016,,S12000026,,All Day cases,,2,,251,0,0,,248,0,0,
2018Q3,,S08000016,,S12000026,,All Day cases,,2,,305,0,0,,303,0,0,
2018Q4,,S08000016,,S12000026,,All Day cases,,2,,265,0,0,,260,0,0,
2019Q1,,S08000016,,S12000026,,All Day cases,,2,,366,0,0,,363,0,0,
2019Q2,,S08000016,,S12000026,,All Day cases,,2,,308,0,0,,303,0,0,
2019Q3,,S08000016,,S12000026,,All Day cases,,2,,299,0,0,,297,0,0,
2019Q4,,S08000016,,S12000026,,All Day cases,,2,,282,0,0,,281,0,0,
2020Q1,,S08000016,,S12000026,,All Day cases,,2,,284,0,0,,281,0,0,
2020Q2,,S08000016,,S12000026,,All Day cases,,2,,149,0,0,,149,0,0,
2020Q3,,S08000016,,S12000026,,All Day cases,,2,,187,0,0,,187,0,0,
2020Q4,,S08000016,,S12000026,,All Day cases,,2,,199,0,0,,197,0,0,
2021Q1,,S08000016,,S12000026,,All Day cases,,2,,209,0,0,,208,0,0,
2021Q2,,S08000016,,S12000026,,All Day cases,,2,,279,0,0,,278,0,0,
2021Q3,,S08000016,,S12000026,,All Day cases,,2,,237,0,0,,237,0,0,
2021Q4,,S08000016,,S12000026,,All Day cases,,2,,263,0,0,,260,0,0,
2022Q1,,S08000016,,S12000026,,All Day cases,,2,,322,0,0,,320,0,0,
2022Q2,,S08000016,,S12000026,,All Day cases,,2,,329,0,0,,323,0,0,
2022Q3,,S08000016,,S12000026,,All Day cases,,2,,359,0,0,,352,0,0,
2022Q4,p,S08000016,,S12000026,,All Day cases,,2,,389,0,0,,388,0,0,
2017Q4,,S08000016,,S12000026,,All Day cases,,3,,866,0,0,,858,0,0,
2018Q1,,S08000016,,S12000026,,All Day cases,,3,,821,0,0,,817,0,0,
2018Q2,,S08000016,,S12000026,,All Day cases,,3,,842,0,0,,828,0,0,
2018Q3,,S08000016,,S12000026,,All Day cases,,3,,820,0,0,,810,0,0,
2018Q4,,S08000016,,S12000026,,All Day cases,,3,,773,0,0,,762,0,0,
2019Q1,,S08000016,,S12000026,,All Day cases,,3,,827,0,0,,823,0,0,
2019Q2,,S08000016,,S12000026,,All Day cases,,3,,796,0,0,,784,0,0,
2019Q3,,S08000016,,S12000026,,All Day cases,,3,,787,0,0,,781,0,0,
2019Q4,,S08000016,,S12000026,,All Day cases,,3,,882,0,0,,872,0,0,
2020Q1,,S08000016,,S12000026,,All Day cases,,3,,799,0,0,,792,0,0,
2020Q2,,S08000016,,S12000026,,All Day cases,,3,,353,0,0,,353,0,0,
2020Q3,,S08000016,,S12000026,,All Day cases,,3,,480,0,0,,477,0,0,
2020Q4,,S08000016,,S12000026,,All Day cases,,3,,484,0,0,,479,0,0,
2021Q1,,S08000016,,S12000026,,All Day cases,,3,,528,0,0,,524,0,0,
2021Q2,,S08000016,,S12000026,,All Day cases,,3,,642,0,0,,635,0,0,
2021Q3,,S08000016,,S12000026,,All Day cases,,3,,565,0,0,,562,0,0,
2021Q4,,S08000016,,S12000026,,All Day cases,,3,,605,0,0,,602,0,0,
2022Q1,,S08000016,,S12000026,,All Day cases,,3,,693,0,0,,680,0,0,
2022Q2,,S08000016,,S12000026,,All Day cases,,3,,722,0,0,,719,0,0,
2022Q3,,S08000016,,S12000026,,All Day cases,,3,,846,0,0,,830,0,0,
2022Q4,p,S08000016,,S12000026,,All Day cases,,3,,881,0,0,,865,0,0,
2017Q4,,S08000016,,S12000026,,All Day cases,,4,,653,0,0,,648,0,0,
2018Q1,,S08000016,,S12000026,,All Day cases,,4,,633,0,0,,627,0,0,
2018Q2,,S08000016,,S12000026,,All Day cases,,4,,519,0,0,,509,0,0,
2018Q3,,S08000016,,S12000026,,All Day cases,,4,,565,0,0,,555,0,0,
2018Q4,,S08000016,,S12000026,,All Day cases,,4,,530,0,0,,525,0,0,
2019Q1,,S08000016,,S12000026,,All Day cases,,4,,605,0,0,,598,0,0,
2019Q2,,S08000016,,S12000026,,All Day cases,,4,,552,0,0,,546,0,0,
2019Q3,,S08000016,,S12000026,,All Day cases,,4,,550,0,0,,548,0,0,
2019Q4,,S08000016,,S12000026,,All Day cases,,4,,538,0,0,,536,0,0,
2020Q1,,S08000016,,S12000026,,All Day cases,,4,,494,0,0,,491,0,0,
2020Q2,,S08000016,,S12000026,,All Day cases,,4,,227,0,0,,227,0,0,
2020Q3,,S08000016,,S12000026,,All Day cases,,4,,363,0,0,,358,0,0,
2020Q4,,S08000016,,S12000026,,All Day cases,,4,,390,0,0,,384,0,0,
2021Q1,,S08000016,,S12000026,,All Day cases,,4,,378,0,0,,377,0,0,
2021Q2,,S08000016,,S12000026,,All Day cases,,4,,447,0,0,,443,0,0,
2021Q3,,S08000016,,S12000026,,All Day cases,,4,,418,0,0,,412,0,0,
2021Q4,,S08000016,,S12000026,,All Day cases,,4,,477,0,0,,472,0,0,
2022Q1,,S08000016,,S12000026,,All Day cases,,4,,520,0,0,,515,0,0,
2022Q2,,S08000016,,S12000026,,All Day cases,,4,,511,0,0,,500,0,0,
2022Q3,,S08000016,,S12000026,,All Day cases,,4,,552,0,0,,543,0,0,
2022Q4,p,S08000016,,S12000026,,All Day cases,,4,,548,0,0,,544,0,0,
2017Q4,,S08000016,,S12000026,,All Day cases,,5,,227,0,0,,223,0,0,
2018Q1,,S08000016,,S12000026,,All Day cases,,5,,220,0,0,,218,0,0,
2018Q2,,S08000016,,S12000026,,All Day cases,,5,,177,0,0,,171,0,0,
2018Q3,,S08000016,,S12000026,,All Day cases,,5,,169,0,0,,165,0,0,
2018Q4,,S08000016,,S12000026,,All Day cases,,5,,134,0,0,,133,0,0,
2019Q1,,S08000016,,S12000026,,All Day cases,,5,,126,0,0,,124,0,0,
2019Q2,,S08000016,,S12000026,,All Day cases,,5,,134,0,0,,134,0,0,
2019Q3,,S08000016,,S12000026,,All Day cases,,5,,103,0,0,,103,0,0,
2019Q4,,S08000016,,S12000026,,All Day cases,,5,,177,0,0,,173,0,0,
2020Q1,,S08000016,,S12000026,,All Day cases,,5,,197,0,0,,190,0,0,
2020Q2,,S08000016,,S12000026,,All Day cases,,5,,112,0,0,,112,0,0,
2020Q3,,S08000016,,S12000026,,All Day cases,,5,,122,0,0,,122,0,0,
2020Q4,,S08000016,,S12000026,,All Day cases,,5,,135,0,0,,134,0,0,
2021Q1,,S08000016,,S12000026,,All Day cases,,5,,109,0,0,,107,0,0,
2021Q2,,S08000016,,S12000026,,All Day cases,,5,,136,0,0,,132,0,0,
2021Q3,,S08000016,,S12000026,,All Day cases,,5,,144,0,0,,144,0,0,
2021Q4,,S08000016,,S12000026,,All Day cases,,5,,108,0,0,,108,0,0,
2022Q1,,S08000016,,S12000026,,All Day cases,,5,,116,0,0,,116,0,0,
2022Q2,,S08000016,,S12000026,,All Day cases,,5,,106,0,0,,103,0,0,
2022Q3,,S08000016,,S12000026,,All Day cases,,5,,115,0,0,,113,0,0,
2022Q4,p,S08000016,,S12000026,,All Day cases,,5,,143,0,0,,143,0,0,
2017Q4,,S08000017,,S12000006,,All Day cases,,1,,263,0,0,,256,0,0,
2018Q1,,S08000017,,S12000006,,All Day cases,,1,,294,0,0,,286,0,0,
2018Q2,,S08000017,,S12000006,,All Day cases,,1,,316,0,0,,299,0,0,
2018Q3,,S08000017,,S12000006,,All Day cases,,1,,288,0,0,,266,0,0,
2018Q4,,S08000017,,S12000006,,All Day cases,,1,,322,0,0,,299,0,0,
2019Q1,,S08000017,,S12000006,,All Day cases,,1,,345,0,0,,317,0,0,
2019Q2,,S08000017,,S12000006,,All Day cases,,1,,359,0,0,,326,0,0,
2019Q3,,S08000017,,S12000006,,All Day cases,,1,,317,0,0,,287,0,0,
2019Q4,,S08000017,,S12000006,,All Day cases,,1,,346,0,0,,312,0,0,
2020Q1,,S08000017,,S12000006,,All Day cases,,1,,301,0,0,,283,0,0,
2020Q2,,S08000017,,S12000006,,All Day cases,,1,,92,0,0,,83,0,0,
2020Q3,,S08000017,,S12000006,,All Day cases,,1,,228,0,0,,207,0,0,
2020Q4,,S08000017,,S12000006,,All Day cases,,1,,287,0,0,,258,0,0,
2021Q1,,S08000017,,S12000006,,All Day cases,,1,,196,0,0,,174,0,0,
2021Q2,,S08000017,,S12000006,,All Day cases,,1,,259,0,0,,228,0,0,
2021Q3,,S08000017,,S12000006,,All Day cases,,1,,323,0,0,,302,0,0,
2021Q4,,S08000017,,S12000006,,All Day cases,,1,,261,0,0,,239,0,0,
2022Q1,,S08000017,,S12000006,,All Day cases,,1,,250,0,0,,229,0,0,
2022Q2,,S08000017,,S12000006,,All Day cases,,1,,281,0,0,,257,0,0,
2022Q3,,S08000017,,S12000006,,All Day cases,,1,,253,0,0,,238,0,0,
2022Q4,p,S08000017,,S12000006,,All Day cases,,1,,253,0,0,,237,0,0,
2017Q4,,S08000017,,S12000006,,All Day cases,,2,,842,0,0,,811,0,0,
2018Q1,,S08000017,,S12000006,,All Day cases,,2,,940,0,0,,913,0,0,
2018Q2,,S08000017,,S12000006,,All Day cases,,2,,1096,0,0,,1038,0,0,
2018Q3,,S08000017,,S12000006,,All Day cases,,2,,983,0,0,,910,0,0,
2018Q4,,S08000017,,S12000006,,All Day cases,,2,,992,0,0,,920,0,0,
2019Q1,,S08000017,,S12000006,,All Day cases,,2,,1056,0,0,,968,0,0,
2019Q2,,S08000017,,S12000006,,All Day cases,,2,,1070,0,0,,973,0,0,
2019Q3,,S08000017,,S12000006,,All Day cases,,2,,1083,0,0,,978,0,0,
2019Q4,,S08000017,,S12000006,,All Day cases,,2,,1088,0,0,,1021,0,0,
2020Q1,,S08000017,,S12000006,,All Day cases,,2,,992,0,0,,927,0,0,
2020Q2,,S08000017,,S12000006,,All Day cases,,2,,285,0,0,,251,0,0,
2020Q3,,S08000017,,S12000006,,All Day cases,,2,,697,0,0,,614,0,0,
2020Q4,,S08000017,,S12000006,,All Day cases,,2,,852,0,0,,777,0,0,
2021Q1,,S08000017,,S12000006,,All Day cases,,2,,644,0,0,,599,0,0,
2021Q2,,S08000017,,S12000006,,All Day cases,,2,,997,0,0,,920,0,0,
2021Q3,,S08000017,,S12000006,,All Day cases,,2,,960,0,0,,904,0,0,
2021Q4,,S08000017,,S12000006,,All Day cases,,2,,868,0,0,,802,0,0,
2022Q1,,S08000017,,S12000006,,All Day cases,,2,,884,0,0,,831,0,0,
2022Q2,,S08000017,,S12000006,,All Day cases,,2,,922,0,0,,841,0,0,
2022Q3,,S08000017,,S12000006,,All Day cases,,2,,944,0,0,,879,0,0,
2022Q4,p,S08000017,,S12000006,,All Day cases,,2,,829,0,0,,790,0,0,
2017Q4,,S08000017,,S12000006,,All Day cases,,3,,1341,0,0,,1275,0,0,
2018Q1,,S08000017,,S12000006,,All Day cases,,3,,1372,0,0,,1335,0,0,
2018Q2,,S08000017,,S12000006,,All Day cases,,3,,1454,0,0,,1396,0,0,
2018Q3,,S08000017,,S12000006,,All Day cases,,3,,1416,0,0,,1328,0,0,
2018Q4,,S08000017,,S12000006,,All Day cases,,3,,1491,0,0,,1396,0,0,
2019Q1,,S08000017,,S12000006,,All Day cases,,3,,1567,0,0,,1403,0,0,
2019Q2,,S08000017,,S12000006,,All Day cases,,3,,1572,0,0,,1424,0,0,
2019Q3,,S08000017,,S12000006,,All Day cases,,3,,1638,0,0,,1477,0,0,
2019Q4,,S08000017,,S12000006,,All Day cases,,3,,1653,0,0,,1526,0,0,
2020Q1,,S08000017,,S12000006,,All Day cases,,3,,1374,0,0,,1292,0,0,
2020Q2,,S08000017,,S12000006,,All Day cases,,3,,389,0,0,,342,0,0,
2020Q3,,S08000017,,S12000006,,All Day cases,,3,,967,0,0,,867,0,0,
2020Q4,,S08000017,,S12000006,,All Day cases,,3,,1296,0,0,,1176,0,0,
2021Q1,,S08000017,,S12000006,,All Day cases,,3,,954,0,0,,871,0,0,
2021Q2,,S08000017,,S12000006,,All Day cases,,3,,1511,0,0,,1390,0,0,
2021Q3,,S08000017,,S12000006,,All Day cases,,3,,1347,0,0,,1259,0,0,
2021Q4,,S08000017,,S12000006,,All Day cases,,3,,1254,0,0,,1152,0,0,
2022Q1,,S08000017,,S12000006,,All Day cases,,3,,1370,0,0,,1288,0,0,
2022Q2,,S08000017,,S12000006,,All Day cases,,3,,1368,0,0,,1293,0,0,
2022Q3,,S08000017,,S12000006,,All Day cases,,3,,1297,0,0,,1219,0,0,
2022Q4,p,S08000017,,S12000006,,All Day cases,,3,,1263,0,0,,1200,0,0,
2017Q4,,S08000017,,S12000006,,All Day cases,,4,,520,0,0,,495,0,0,
2018Q1,,S08000017,,S12000006,,All Day cases,,4,,578,0,0,,565,0,0,
2018Q2,,S08000017,,S12000006,,All Day cases,,4,,636,0,0,,610,0,0,
2018Q3,,S08000017,,S12000006,,All Day cases,,4,,644,0,0,,600,0,0,
2018Q4,,S08000017,,S12000006,,All Day cases,,4,,629,0,0,,591,0,0,
2019Q1,,S08000017,,S12000006,,All Day cases,,4,,634,0,0,,576,0,0,
2019Q2,,S08000017,,S12000006,,All Day cases,,4,,656,0,0,,620,0,0,
2019Q3,,S08000017,,S12000006,,All Day cases,,4,,662,0,0,,609,0,0,
2019Q4,,S08000017,,S12000006,,All Day cases,,4,,693,0,0,,636,0,0,
2020Q1,,S08000017,,S12000006,,All Day cases,,4,,608,0,0,,555,0,0,
2020Q2,,S08000017,,S12000006,,All Day cases,,4,,160,0,0,,149,0,0,
2020Q3,,S08000017,,S12000006,,All Day cases,,4,,388,0,0,,350,0,0,
2020Q4,,S08000017,,S12000006,,All Day cases,,4,,579,0,0,,542,0,0,
2021Q1,,S08000017,,S12000006,,All Day cases,,4,,414,0,0,,386,0,0,
2021Q2,,S08000017,,S12000006,,All Day cases,,4,,656,0,0,,598,0,0,
2021Q3,,S08000017,,S12000006,,All Day cases,,4,,626,0,0,,570,0,0,
2021Q4,,S08000017,,S12000006,,All Day cases,,4,,578,0,0,,540,0,0,
2022Q1,,S08000017,,S12000006,,All Day cases,,4,,546,0,0,,504,0,0,
2022Q2,,S08000017,,S12000006,,All Day cases,,4,,605,0,0,,570,0,0,
2022Q3,,S08000017,,S12000006,,All Day cases,,4,,562,0,0,,525,0,0,
2022Q4,p,S08000017,,S12000006,,All Day cases,,4,,523,0,0,,497,0,0,
2017Q4,,S08000017,,S12000006,,All Day cases,,5,,268,0,0,,263,0,0,
2018Q1,,S08000017,,S12000006,,All Day cases,,5,,283,0,0,,273,0,0,
2018Q2,,S08000017,,S12000006,,All Day cases,,5,,315,0,0,,294,0,0,
2018Q3,,S08000017,,S12000006,,All Day cases,,5,,273,0,0,,260,0,0,
2018Q4,,S08000017,,S12000006,,All Day cases,,5,,316,0,0,,298,0,0,
2019Q1,,S08000017,,S12000006,,All Day cases,,5,,270,0,0,,248,0,0,
2019Q2,,S08000017,,S12000006,,All Day cases,,5,,317,0,0,,300,0,0,
2019Q3,,S08000017,,S12000006,,All Day cases,,5,,341,0,0,,321,0,0,
2019Q4,,S08000017,,S12000006,,All Day cases,,5,,349,0,0,,334,0,0,
2020Q1,,S08000017,,S12000006,,All Day cases,,5,,303,0,0,,280,0,0,
2020Q2,,S08000017,,S12000006,,All Day cases,,5,,82,0,0,,77,0,0,
2020Q3,,S08000017,,S12000006,,All Day cases,,5,,197,0,0,,178,0,0,
2020Q4,,S08000017,,S12000006,,All Day cases,,5,,268,0,0,,248,0,0,
2021Q1,,S08000017,,S12000006,,All Day cases,,5,,186,0,0,,174,0,0,
2021Q2,,S08000017,,S12000006,,All Day cases,,5,,321,0,0,,289,0,0,
2021Q3,,S08000017,,S12000006,,All Day cases,,5,,313,0,0,,287,0,0,
2021Q4,,S08000017,,S12000006,,All Day cases,,5,,242,0,0,,225,0,0,
2022Q1,,S08000017,,S12000006,,All Day cases,,5,,310,0,0,,289,0,0,
2022Q2,,S08000017,,S12000006,,All Day cases,,5,,291,0,0,,279,0,0,
2022Q3,,S08000017,,S12000006,,All Day cases,,5,,299,0,0,,288,0,0,
2022Q4,p,S08000017,,S12000006,,All Day cases,,5,,255,0,0,,246,0,0,
2022Q3,,S08000017,,S12000006,,All Day cases,,,:,5,0,0,,5,0,0,
2022Q4,p,S08000017,,S12000006,,All Day cases,,,:,5,0,0,,5,0,0,
2017Q4,,S08000017,,S08000017,d,All Day cases,,1,,263,0,0,,256,0,0,
2018Q1,,S08000017,,S08000017,d,All Day cases,,1,,294,0,0,,286,0,0,
2018Q2,,S08000017,,S08000017,d,All Day cases,,1,,316,0,0,,299,0,0,
2018Q3,,S08000017,,S08000017,d,All Day cases,,1,,288,0,0,,266,0,0,
2018Q4,,S08000017,,S08000017,d,All Day cases,,1,,322,0,0,,299,0,0,
2019Q1,,S08000017,,S08000017,d,All Day cases,,1,,345,0,0,,317,0,0,
2019Q2,,S08000017,,S08000017,d,All Day cases,,1,,359,0,0,,326,0,0,
2019Q3,,S08000017,,S08000017,d,All Day cases,,1,,317,0,0,,287,0,0,
2019Q4,,S08000017,,S08000017,d,All Day cases,,1,,346,0,0,,312,0,0,
2020Q1,,S08000017,,S08000017,d,All Day cases,,1,,301,0,0,,283,0,0,
2020Q2,,S08000017,,S08000017,d,All Day cases,,1,,92,0,0,,83,0,0,
2020Q3,,S08000017,,S08000017,d,All Day cases,,1,,228,0,0,,207,0,0,
2020Q4,,S08000017,,S08000017,d,All Day cases,,1,,287,0,0,,258,0,0,
2021Q1,,S08000017,,S08000017,d,All Day cases,,1,,196,0,0,,174,0,0,
2021Q2,,S08000017,,S08000017,d,All Day cases,,1,,259,0,0,,228,0,0,
2021Q3,,S08000017,,S08000017,d,All Day cases,,1,,323,0,0,,302,0,0,
2021Q4,,S08000017,,S08000017,d,All Day cases,,1,,261,0,0,,239,0,0,
2022Q1,,S08000017,,S08000017,d,All Day cases,,1,,250,0,0,,229,0,0,
2022Q2,,S08000017,,S08000017,d,All Day cases,,1,,281,0,0,,257,0,0,
2022Q3,,S08000017,,S08000017,d,All Day cases,,1,,253,0,0,,238,0,0,
2022Q4,p,S08000017,,S08000017,d,All Day cases,,1,,253,0,0,,237,0,0,
2017Q4,,S08000017,,S08000017,d,All Day cases,,2,,842,0,0,,811,0,0,
2018Q1,,S08000017,,S08000017,d,All Day cases,,2,,940,0,0,,913,0,0,
2018Q2,,S08000017,,S08000017,d,All Day cases,,2,,1096,0,0,,1038,0,0,
2018Q3,,S08000017,,S08000017,d,All Day cases,,2,,983,0,0,,910,0,0,
2018Q4,,S08000017,,S08000017,d,All Day cases,,2,,992,0,0,,920,0,0,
2019Q1,,S08000017,,S08000017,d,All Day cases,,2,,1056,0,0,,968,0,0,
2019Q2,,S08000017,,S08000017,d,All Day cases,,2,,1070,0,0,,973,0,0,
2019Q3,,S08000017,,S08000017,d,All Day cases,,2,,1083,0,0,,978,0,0,
2019Q4,,S08000017,,S08000017,d,All Day cases,,2,,1088,0,0,,1021,0,0,
2020Q1,,S08000017,,S08000017,d,All Day cases,,2,,992,0,0,,927,0,0,
2020Q2,,S08000017,,S08000017,d,All Day cases,,2,,285,0,0,,251,0,0,
2020Q3,,S08000017,,S08000017,d,All Day cases,,2,,697,0,0,,614,0,0,
2020Q4,,S08000017,,S08000017,d,All Day cases,,2,,852,0,0,,777,0,0,
2021Q1,,S08000017,,S08000017,d,All Day cases,,2,,644,0,0,,599,0,0,
2021Q2,,S08000017,,S08000017,d,All Day cases,,2,,997,0,0,,920,0,0,
2021Q3,,S08000017,,S08000017,d,All Day cases,,2,,960,0,0,,904,0,0,
2021Q4,,S08000017,,S08000017,d,All Day cases,,2,,868,0,0,,802,0,0,
2022Q1,,S08000017,,S08000017,d,All Day cases,,2,,884,0,0,,831,0,0,
2022Q2,,S08000017,,S08000017,d,All Day cases,,2,,922,0,0,,841,0,0,
2022Q3,,S08000017,,S08000017,d,All Day cases,,2,,944,0,0,,879,0,0,
2022Q4,p,S08000017,,S08000017,d,All Day cases,,2,,829,0,0,,790,0,0,
2017Q4,,S08000017,,S08000017,d,All Day cases,,3,,1341,0,0,,1275,0,0,
2018Q1,,S08000017,,S08000017,d,All Day cases,,3,,1372,0,0,,1335,0,0,
2018Q2,,S08000017,,S08000017,d,All Day cases,,3,,1454,0,0,,1396,0,0,
2018Q3,,S08000017,,S08000017,d,All Day cases,,3,,1416,0,0,,1328,0,0,
2018Q4,,S08000017,,S08000017,d,All Day cases,,3,,1491,0,0,,1396,0,0,
2019Q1,,S08000017,,S08000017,d,All Day cases,,3,,1567,0,0,,1403,0,0,
2019Q2,,S08000017,,S08000017,d,All Day cases,,3,,1572,0,0,,1424,0,0,
2019Q3,,S08000017,,S08000017,d,All Day cases,,3,,1638,0,0,,1477,0,0,
2019Q4,,S08000017,,S08000017,d,All Day cases,,3,,1653,0,0,,1526,0,0,
2020Q1,,S08000017,,S08000017,d,All Day cases,,3,,1374,0,0,,1292,0,0,
2020Q2,,S08000017,,S08000017,d,All Day cases,,3,,389,0,0,,342,0,0,
2020Q3,,S08000017,,S08000017,d,All Day cases,,3,,967,0,0,,867,0,0,
2020Q4,,S08000017,,S08000017,d,All Day cases,,3,,1296,0,0,,1176,0,0,
2021Q1,,S08000017,,S08000017,d,All Day cases,,3,,954,0,0,,871,0,0,
2021Q2,,S08000017,,S08000017,d,All Day cases,,3,,1511,0,0,,1390,0,0,
2021Q3,,S08000017,,S08000017,d,All Day cases,,3,,1347,0,0,,1259,0,0,
2021Q4,,S08000017,,S08000017,d,All Day cases,,3,,1254,0,0,,1152,0,0,
2022Q1,,S08000017,,S08000017,d,All Day cases,,3,,1370,0,0,,1288,0,0,
2022Q2,,S08000017,,S08000017,d,All Day cases,,3,,1368,0,0,,1293,0,0,
2022Q3,,S08000017,,S08000017,d,All Day cases,,3,,1297,0,0,,1219,0,0,
2022Q4,p,S08000017,,S08000017,d,All Day cases,,3,,1263,0,0,,1200,0,0,
2017Q4,,S08000017,,S08000017,d,All Day cases,,4,,520,0,0,,495,0,0,
2018Q1,,S08000017,,S08000017,d,All Day cases,,4,,578,0,0,,565,0,0,
2018Q2,,S08000017,,S08000017,d,All Day cases,,4,,636,0,0,,610,0,0,
2018Q3,,S08000017,,S08000017,d,All Day cases,,4,,644,0,0,,600,0,0,
2018Q4,,S08000017,,S08000017,d,All Day cases,,4,,629,0,0,,591,0,0,
2019Q1,,S08000017,,S08000017,d,All Day cases,,4,,634,0,0,,576,0,0,
2019Q2,,S08000017,,S08000017,d,All Day cases,,4,,656,0,0,,620,0,0,
2019Q3,,S08000017,,S08000017,d,All Day cases,,4,,662,0,0,,609,0,0,
2019Q4,,S08000017,,S08000017,d,All Day cases,,4,,693,0,0,,636,0,0,
2020Q1,,S08000017,,S08000017,d,All Day cases,,4,,608,0,0,,555,0,0,
2020Q2,,S08000017,,S08000017,d,All Day cases,,4,,160,0,0,,149,0,0,
2020Q3,,S08000017,,S08000017,d,All Day cases,,4,,388,0,0,,350,0,0,
2020Q4,,S08000017,,S08000017,d,All Day cases,,4,,579,0,0,,542,0,0,
2021Q1,,S08000017,,S08000017,d,All Day cases,,4,,414,0,0,,386,0,0,
2021Q2,,S08000017,,S08000017,d,All Day cases,,4,,656,0,0,,598,0,0,
2021Q3,,S08000017,,S08000017,d,All Day cases,,4,,626,0,0,,570,0,0,
2021Q4,,S08000017,,S08000017,d,All Day cases,,4,,578,0,0,,540,0,0,
2022Q1,,S08000017,,S08000017,d,All Day cases,,4,,546,0,0,,504,0,0,
2022Q2,,S08000017,,S08000017,d,All Day cases,,4,,605,0,0,,570,0,0,
2022Q3,,S08000017,,S08000017,d,All Day cases,,4,,562,0,0,,525,0,0,
2022Q4,p,S08000017,,S08000017,d,All Day cases,,4,,523,0,0,,497,0,0,
2017Q4,,S08000017,,S08000017,d,All Day cases,,5,,268,0,0,,263,0,0,
2018Q1,,S08000017,,S08000017,d,All Day cases,,5,,283,0,0,,273,0,0,
2018Q2,,S08000017,,S08000017,d,All Day cases,,5,,315,0,0,,294,0,0,
2018Q3,,S08000017,,S08000017,d,All Day cases,,5,,273,0,0,,260,0,0,
2018Q4,,S08000017,,S08000017,d,All Day cases,,5,,316,0,0,,298,0,0,
2019Q1,,S08000017,,S08000017,d,All Day cases,,5,,270,0,0,,248,0,0,
2019Q2,,S08000017,,S08000017,d,All Day cases,,5,,317,0,0,,300,0,0,
2019Q3,,S08000017,,S08000017,d,All Day cases,,5,,341,0,0,,321,0,0,
2019Q4,,S08000017,,S08000017,d,All Day cases,,5,,349,0,0,,334,0,0,
2020Q1,,S08000017,,S08000017,d,All Day cases,,5,,303,0,0,,280,0,0,
2020Q2,,S08000017,,S08000017,d,All Day cases,,5,,82,0,0,,77,0,0,
2020Q3,,S08000017,,S08000017,d,All Day cases,,5,,197,0,0,,178,0,0,
2020Q4,,S08000017,,S08000017,d,All Day cases,,5,,268,0,0,,248,0,0,
2021Q1,,S08000017,,S08000017,d,All Day cases,,5,,186,0,0,,174,0,0,
2021Q2,,S08000017,,S08000017,d,All Day cases,,5,,321,0,0,,289,0,0,
2021Q3,,S08000017,,S08000017,d,All Day cases,,5,,313,0,0,,287,0,0,
2021Q4,,S08000017,,S08000017,d,All Day cases,,5,,242,0,0,,225,0,0,
2022Q1,,S08000017,,S08000017,d,All Day cases,,5,,310,0,0,,289,0,0,
2022Q2,,S08000017,,S08000017,d,All Day cases,,5,,291,0,0,,279,0,0,
2022Q3,,S08000017,,S08000017,d,All Day cases,,5,,299,0,0,,288,0,0,
2022Q4,p,S08000017,,S08000017,d,All Day cases,,5,,255,0,0,,246,0,0,
2022Q3,,S08000017,,S08000017,d,All Day cases,,,:,5,0,0,,5,0,0,
2022Q4,p,S08000017,,S08000017,d,All Day cases,,,:,5,0,0,,5,0,0,
2017Q4,,S08000029,,S12000047,,All Day cases,,1,,1184,0,0,,1112,0,0,
2018Q1,,S08000029,,S12000047,,All Day cases,,1,,1152,0,0,,1080,0,0,
2018Q2,,S08000029,,S12000047,,All Day cases,,1,,1345,0,0,,1273,0,0,
2018Q3,,S08000029,,S12000047,,All Day cases,,1,,1234,0,0,,1166,0,0,
2018Q4,,S08000029,,S12000047,,All Day cases,,1,,1355,0,0,,1289,0,0,
2019Q1,,S08000029,,S12000047,,All Day cases,,1,,1550,0,0,,1467,0,0,
2019Q2,,S08000029,,S12000047,,All Day cases,,1,,1451,0,0,,1381,0,0,
2019Q3,,S08000029,,S12000047,,All Day cases,,1,,1384,0,0,,1299,0,0,
2019Q4,,S08000029,,S12000047,,All Day cases,,1,,1403,0,0,,1339,0,0,
2020Q1,,S08000029,,S12000047,,All Day cases,,1,,1332,0,0,,1268,0,0,
2020Q2,,S08000029,,S12000047,,All Day cases,,1,,640,0,0,,609,0,0,
2020Q3,,S08000029,,S12000047,,All Day cases,,1,,1079,0,0,,1017,0,0,
2020Q4,,S08000029,,S12000047,,All Day cases,,1,,1228,0,0,,1176,0,0,
2021Q1,,S08000029,,S12000047,,All Day cases,,1,,1266,0,0,,1208,0,0,
2021Q2,,S08000029,,S12000047,,All Day cases,,1,,1370,0,0,,1290,0,0,
2021Q3,,S08000029,,S12000047,,All Day cases,,1,,1293,0,0,,1217,0,0,
2021Q4,,S08000029,,S12000047,,All Day cases,,1,,1183,0,0,,1103,0,0,
2022Q1,,S08000029,,S12000047,,All Day cases,,1,,1222,0,0,,1160,0,0,
2022Q2,,S08000029,,S12000047,,All Day cases,,1,,1209,0,0,,1145,0,0,
2022Q3,,S08000029,,S12000047,,All Day cases,,1,,1159,0,0,,1106,0,0,
2022Q4,p,S08000029,,S12000047,,All Day cases,,1,,1207,0,0,,1145,0,0,
2017Q4,,S08000029,,S12000047,,All Day cases,,2,,1343,0,0,,1279,0,0,
2018Q1,,S08000029,,S12000047,,All Day cases,,2,,1333,0,0,,1257,0,0,
2018Q2,,S08000029,,S12000047,,All Day cases,,2,,1438,0,0,,1367,0,0,
2018Q3,,S08000029,,S12000047,,All Day cases,,2,,1500,0,0,,1419,0,0,
2018Q4,,S08000029,,S12000047,,All Day cases,,2,,1629,0,0,,1537,0,0,
2019Q1,,S08000029,,S12000047,,All Day cases,,2,,1663,0,0,,1606,0,0,
2019Q2,,S08000029,,S12000047,,All Day cases,,2,,1618,0,0,,1545,0,0,
2019Q3,,S08000029,,S12000047,,All Day cases,,2,,1529,0,0,,1464,0,0,
2019Q4,,S08000029,,S12000047,,All Day cases,,2,,1570,0,0,,1496,0,0,
2020Q1,,S08000029,,S12000047,,All Day cases,,2,,1511,0,0,,1436,0,0,
2020Q2,,S08000029,,S12000047,,All Day cases,,2,,776,0,0,,743,0,0,
2020Q3,,S08000029,,S12000047,,All Day cases,,2,,1266,0,0,,1225,0,0,
2020Q4,,S08000029,,S12000047,,All Day cases,,2,,1234,0,0,,1176,0,0,
2021Q1,,S08000029,,S12000047,,All Day cases,,2,,1294,0,0,,1235,0,0,
2021Q2,,S08000029,,S12000047,,All Day cases,,2,,1350,0,0,,1298,0,0,
2021Q3,,S08000029,,S12000047,,All Day cases,,2,,1289,0,0,,1236,0,0,
2021Q4,,S08000029,,S12000047,,All Day cases,,2,,1276,0,0,,1203,0,0,
2022Q1,,S08000029,,S12000047,,All Day cases,,2,,1300,0,0,,1235,0,0,
2022Q2,,S08000029,,S12000047,,All Day cases,,2,,1364,0,0,,1306,0,0,
2022Q3,,S08000029,,S12000047,,All Day cases,,2,,1413,0,0,,1365,0,0,
2022Q4,p,S08000029,,S12000047,,All Day cases,,2,,1321,0,0,,1257,0,0,
2017Q4,,S08000029,,S12000047,,All Day cases,,3,,1252,0,0,,1202,0,0,
2018Q1,,S08000029,,S12000047,,All Day cases,,3,,1252,0,0,,1197,0,0,
2018Q2,,S08000029,,S12000047,,All Day cases,,3,,1237,0,0,,1192,0,0,
2018Q3,,S08000029,,S12000047,,All Day cases,,3,,1397,0,0,,1348,0,0,
2018Q4,,S08000029,,S12000047,,All Day cases,,3,,1435,0,0,,1356,0,0,
2019Q1,,S08000029,,S12000047,,All Day cases,,3,,1490,0,0,,1423,0,0,
2019Q2,,S08000029,,S12000047,,All Day cases,,3,,1358,0,0,,1301,0,0,
2019Q3,,S08000029,,S12000047,,All Day cases,,3,,1301,0,0,,1259,0,0,
2019Q4,,S08000029,,S12000047,,All Day cases,,3,,1313,0,0,,1259,0,0,
2020Q1,,S08000029,,S12000047,,All Day cases,,3,,1333,0,0,,1278,0,0,
2020Q2,,S08000029,,S12000047,,All Day cases,,3,,700,0,0,,678,0,0,
2020Q3,,S08000029,,S12000047,,All Day cases,,3,,1202,0,0,,1151,0,0,
2020Q4,,S08000029,,S12000047,,All Day cases,,3,,1272,0,0,,1235,0,0,
2021Q1,,S08000029,,S12000047,,All Day cases,,3,,1131,0,0,,1082,0,0,
2021Q2,,S08000029,,S12000047,,All Day cases,,3,,1218,0,0,,1181,0,0,
2021Q3,,S08000029,,S12000047,,All Day cases,,3,,1198,0,0,,1153,0,0,
2021Q4,,S08000029,,S12000047,,All Day cases,,3,,1339,0,0,,1297,0,0,
2022Q1,,S08000029,,S12000047,,All Day cases,,3,,1255,0,0,,1201,7,0.00582847626977519,
2022Q2,,S08000029,,S12000047,,All Day cases,,3,,1283,0,0,,1211,7,0.00578034682080925,
2022Q3,,S08000029,,S12000047,,All Day cases,,3,,1344,0,0,,1290,0,0,
2022Q4,p,S08000029,,S12000047,,All Day cases,,3,,1389,0,0,,1331,0,0,
2017Q4,,S08000029,,S12000047,,All Day cases,,4,,1219,0,0,,1173,0,0,
2018Q1,,S08000029,,S12000047,,All Day cases,,4,,1197,0,0,,1160,0,0,
2018Q2,,S08000029,,S12000047,,All Day cases,,4,,1277,0,0,,1221,0,0,
2018Q3,,S08000029,,S12000047,,All Day cases,,4,,1236,0,0,,1194,0,0,
2018Q4,,S08000029,,S12000047,,All Day cases,,4,,1188,0,0,,1158,0,0,
2019Q1,,S08000029,,S12000047,,All Day cases,,4,,1362,0,0,,1330,0,0,
2019Q2,,S08000029,,S12000047,,All Day cases,,4,,1271,0,0,,1209,0,0,
2019Q3,,S08000029,,S12000047,,All Day cases,,4,,1244,0,0,,1198,0,0,
2019Q4,,S08000029,,S12000047,,All Day cases,,4,,1270,0,0,,1219,0,0,
2020Q1,,S08000029,,S12000047,,All Day cases,,4,,1260,0,0,,1217,0,0,
2020Q2,,S08000029,,S12000047,,All Day cases,,4,,718,0,0,,688,0,0,
2020Q3,,S08000029,,S12000047,,All Day cases,,4,,1073,0,0,,1033,0,0,
2020Q4,,S08000029,,S12000047,,All Day cases,,4,,1123,0,0,,1093,0,0,
2021Q1,,S08000029,,S12000047,,All Day cases,,4,,1021,0,0,,984,0,0,
2021Q2,,S08000029,,S12000047,,All Day cases,,4,,1175,0,0,,1128,0,0,
2021Q3,,S08000029,,S12000047,,All Day cases,,4,,1194,0,0,,1149,0,0,
2021Q4,,S08000029,,S12000047,,All Day cases,,4,,1152,0,0,,1105,5,0.00452488687782805,
2022Q1,,S08000029,,S12000047,,All Day cases,,4,,1166,0,0,,1110,12,0.0108108108108108,
2022Q2,,S08000029,,S12000047,,All Day cases,,4,,1238,0,0,,1185,0,0,
2022Q3,,S08000029,,S12000047,,All Day cases,,4,,1261,0,0,,1217,0,0,
2022Q4,p,S08000029,,S12000047,,All Day cases,,4,,1302,0,0,,1258,0,0,
2017Q4,,S08000029,,S12000047,,All Day cases,,5,,1036,0,0,,1011,0,0,
2018Q1,,S08000029,,S12000047,,All Day cases,,5,,1084,0,0,,1037,0,0,
2018Q2,,S08000029,,S12000047,,All Day cases,,5,,1181,0,0,,1148,0,0,
2018Q3,,S08000029,,S12000047,,All Day cases,,5,,1179,0,0,,1151,0,0,
2018Q4,,S08000029,,S12000047,,All Day cases,,5,,1269,0,0,,1240,0,0,
2019Q1,,S08000029,,S12000047,,All Day cases,,5,,1335,0,0,,1298,0,0,
2019Q2,,S08000029,,S12000047,,All Day cases,,5,,1259,0,0,,1230,0,0,
2019Q3,,S08000029,,S12000047,,All Day cases,,5,,1327,0,0,,1280,0,0,
2019Q4,,S08000029,,S12000047,,All Day cases,,5,,1346,0,0,,1316,0,0,
2020Q1,,S08000029,,S12000047,,All Day cases,,5,,1273,0,0,,1245,0,0,
2020Q2,,S08000029,,S12000047,,All Day cases,,5,,659,0,0,,647,0,0,
2020Q3,,S08000029,,S12000047,,All Day cases,,5,,1079,0,0,,1057,0,0,
2020Q4,,S08000029,,S12000047,,All Day cases,,5,,1171,0,0,,1140,0,0,
2021Q1,,S08000029,,S12000047,,All Day cases,,5,,1056,0,0,,1031,0,0,
2021Q2,,S08000029,,S12000047,,All Day cases,,5,,1189,0,0,,1145,0,0,
2021Q3,,S08000029,,S12000047,,All Day cases,,5,,1259,0,0,,1219,0,0,
2021Q4,,S08000029,,S12000047,,All Day cases,,5,,1225,0,0,,1185,5,0.00421940928270042,
2022Q1,,S08000029,,S12000047,,All Day cases,,5,,1258,0,0,,1210,0,0,
2022Q2,,S08000029,,S12000047,,All Day cases,,5,,1260,0,0,,1219,0,0,
2022Q3,,S08000029,,S12000047,,All Day cases,,5,,1225,0,0,,1196,0,0,
2022Q4,p,S08000029,,S12000047,,All Day cases,,5,,1231,0,0,,1188,0,0,
2017Q4,,S08000029,,S08000029,d,All Day cases,,1,,1184,0,0,,1112,0,0,
2018Q1,,S08000029,,S08000029,d,All Day cases,,1,,1152,0,0,,1080,0,0,
2018Q2,,S08000029,,S08000029,d,All Day cases,,1,,1345,0,0,,1273,0,0,
2018Q3,,S08000029,,S08000029,d,All Day cases,,1,,1234,0,0,,1166,0,0,
2018Q4,,S08000029,,S08000029,d,All Day cases,,1,,1355,0,0,,1289,0,0,
2019Q1,,S08000029,,S08000029,d,All Day cases,,1,,1550,0,0,,1467,0,0,
2019Q2,,S08000029,,S08000029,d,All Day cases,,1,,1451,0,0,,1381,0,0,
2019Q3,,S08000029,,S08000029,d,All Day cases,,1,,1384,0,0,,1299,0,0,
2019Q4,,S08000029,,S08000029,d,All Day cases,,1,,1403,0,0,,1339,0,0,
2020Q1,,S08000029,,S08000029,d,All Day cases,,1,,1332,0,0,,1268,0,0,
2020Q2,,S08000029,,S08000029,d,All Day cases,,1,,640,0,0,,609,0,0,
2020Q3,,S08000029,,S08000029,d,All Day cases,,1,,1079,0,0,,1017,0,0,
2020Q4,,S08000029,,S08000029,d,All Day cases,,1,,1228,0,0,,1176,0,0,
2021Q1,,S08000029,,S08000029,d,All Day cases,,1,,1266,0,0,,1208,0,0,
2021Q2,,S08000029,,S08000029,d,All Day cases,,1,,1370,0,0,,1290,0,0,
2021Q3,,S08000029,,S08000029,d,All Day cases,,1,,1293,0,0,,1217,0,0,
2021Q4,,S08000029,,S08000029,d,All Day cases,,1,,1183,0,0,,1103,0,0,
2022Q1,,S08000029,,S08000029,d,All Day cases,,1,,1222,0,0,,1160,0,0,
2022Q2,,S08000029,,S08000029,d,All Day cases,,1,,1209,0,0,,1145,0,0,
2022Q3,,S08000029,,S08000029,d,All Day cases,,1,,1159,0,0,,1106,0,0,
2022Q4,p,S08000029,,S08000029,d,All Day cases,,1,,1207,0,0,,1145,0,0,
2017Q4,,S08000029,,S08000029,d,All Day cases,,2,,1343,0,0,,1279,0,0,
2018Q1,,S08000029,,S08000029,d,All Day cases,,2,,1333,0,0,,1257,0,0,
2018Q2,,S08000029,,S08000029,d,All Day cases,,2,,1438,0,0,,1367,0,0,
2018Q3,,S08000029,,S08000029,d,All Day cases,,2,,1500,0,0,,1419,0,0,
2018Q4,,S08000029,,S08000029,d,All Day cases,,2,,1629,0,0,,1537,0,0,
2019Q1,,S08000029,,S08000029,d,All Day cases,,2,,1663,0,0,,1606,0,0,
2019Q2,,S08000029,,S08000029,d,All Day cases,,2,,1618,0,0,,1545,0,0,
2019Q3,,S08000029,,S08000029,d,All Day cases,,2,,1529,0,0,,1464,0,0,
2019Q4,,S08000029,,S08000029,d,All Day cases,,2,,1570,0,0,,1496,0,0,
2020Q1,,S08000029,,S08000029,d,All Day cases,,2,,1511,0,0,,1436,0,0,
2020Q2,,S08000029,,S08000029,d,All Day cases,,2,,776,0,0,,743,0,0,
2020Q3,,S08000029,,S08000029,d,All Day cases,,2,,1266,0,0,,1225,0,0,
2020Q4,,S08000029,,S08000029,d,All Day cases,,2,,1234,0,0,,1176,0,0,
2021Q1,,S08000029,,S08000029,d,All Day cases,,2,,1294,0,0,,1235,0,0,
2021Q2,,S08000029,,S08000029,d,All Day cases,,2,,1350,0,0,,1298,0,0,
2021Q3,,S08000029,,S08000029,d,All Day cases,,2,,1289,0,0,,1236,0,0,
2021Q4,,S08000029,,S08000029,d,All Day cases,,2,,1276,0,0,,1203,0,0,
2022Q1,,S08000029,,S08000029,d,All Day cases,,2,,1300,0,0,,1235,0,0,
2022Q2,,S08000029,,S08000029,d,All Day cases,,2,,1364,0,0,,1306,0,0,
2022Q3,,S08000029,,S08000029,d,All Day cases,,2,,1413,0,0,,1365,0,0,
2022Q4,p,S08000029,,S08000029,d,All Day cases,,2,,1321,0,0,,1257,0,0,
2017Q4,,S08000029,,S08000029,d,All Day cases,,3,,1252,0,0,,1202,0,0,
2018Q1,,S08000029,,S08000029,d,All Day cases,,3,,1252,0,0,,1197,0,0,
2018Q2,,S08000029,,S08000029,d,All Day cases,,3,,1237,0,0,,1192,0,0,
2018Q3,,S08000029,,S08000029,d,All Day cases,,3,,1397,0,0,,1348,0,0,
2018Q4,,S08000029,,S08000029,d,All Day cases,,3,,1435,0,0,,1356,0,0,
2019Q1,,S08000029,,S08000029,d,All Day cases,,3,,1490,0,0,,1423,0,0,
2019Q2,,S08000029,,S08000029,d,All Day cases,,3,,1358,0,0,,1301,0,0,
2019Q3,,S08000029,,S08000029,d,All Day cases,,3,,1301,0,0,,1259,0,0,
2019Q4,,S08000029,,S08000029,d,All Day cases,,3,,1313,0,0,,1259,0,0,
2020Q1,,S08000029,,S08000029,d,All Day cases,,3,,1333,0,0,,1278,0,0,
2020Q2,,S08000029,,S08000029,d,All Day cases,,3,,700,0,0,,678,0,0,
2020Q3,,S08000029,,S08000029,d,All Day cases,,3,,1202,0,0,,1151,0,0,
2020Q4,,S08000029,,S08000029,d,All Day cases,,3,,1272,0,0,,1235,0,0,
2021Q1,,S08000029,,S08000029,d,All Day cases,,3,,1131,0,0,,1082,0,0,
2021Q2,,S08000029,,S08000029,d,All Day cases,,3,,1218,0,0,,1181,0,0,
2021Q3,,S08000029,,S08000029,d,All Day cases,,3,,1198,0,0,,1153,0,0,
2021Q4,,S08000029,,S08000029,d,All Day cases,,3,,1339,0,0,,1297,0,0,
2022Q1,,S08000029,,S08000029,d,All Day cases,,3,,1255,0,0,,1201,7,0.00582847626977519,
2022Q2,,S08000029,,S08000029,d,All Day cases,,3,,1283,0,0,,1211,7,0.00578034682080925,
2022Q3,,S08000029,,S08000029,d,All Day cases,,3,,1344,0,0,,1290,0,0,
2022Q4,p,S08000029,,S08000029,d,All Day cases,,3,,1389,0,0,,1331,0,0,
2017Q4,,S08000029,,S08000029,d,All Day cases,,4,,1219,0,0,,1173,0,0,
2018Q1,,S08000029,,S08000029,d,All Day cases,,4,,1197,0,0,,1160,0,0,
2018Q2,,S08000029,,S08000029,d,All Day cases,,4,,1277,0,0,,1221,0,0,
2018Q3,,S08000029,,S08000029,d,All Day cases,,4,,1236,0,0,,1194,0,0,
2018Q4,,S08000029,,S08000029,d,All Day cases,,4,,1188,0,0,,1158,0,0,
2019Q1,,S08000029,,S08000029,d,All Day cases,,4,,1362,0,0,,1330,0,0,
2019Q2,,S08000029,,S08000029,d,All Day cases,,4,,1271,0,0,,1209,0,0,
2019Q3,,S08000029,,S08000029,d,All Day cases,,4,,1244,0,0,,1198,0,0,
2019Q4,,S08000029,,S08000029,d,All Day cases,,4,,1270,0,0,,1219,0,0,
2020Q1,,S08000029,,S08000029,d,All Day cases,,4,,1260,0,0,,1217,0,0,
2020Q2,,S08000029,,S08000029,d,All Day cases,,4,,718,0,0,,688,0,0,
2020Q3,,S08000029,,S08000029,d,All Day cases,,4,,1073,0,0,,1033,0,0,
2020Q4,,S08000029,,S08000029,d,All Day cases,,4,,1123,0,0,,1093,0,0,
2021Q1,,S08000029,,S08000029,d,All Day cases,,4,,1021,0,0,,984,0,0,
2021Q2,,S08000029,,S08000029,d,All Day cases,,4,,1175,0,0,,1128,0,0,
2021Q3,,S08000029,,S08000029,d,All Day cases,,4,,1194,0,0,,1149,0,0,
2021Q4,,S08000029,,S08000029,d,All Day cases,,4,,1152,0,0,,1105,5,0.00452488687782805,
2022Q1,,S08000029,,S08000029,d,All Day cases,,4,,1166,0,0,,1110,12,0.0108108108108108,
2022Q2,,S08000029,,S08000029,d,All Day cases,,4,,1238,0,0,,1185,0,0,
2022Q3,,S08000029,,S08000029,d,All Day cases,,4,,1261,0,0,,1217,0,0,
2022Q4,p,S08000029,,S08000029,d,All Day cases,,4,,1302,0,0,,1258,0,0,
2017Q4,,S08000029,,S08000029,d,All Day cases,,5,,1036,0,0,,1011,0,0,
2018Q1,,S08000029,,S08000029,d,All Day cases,,5,,1084,0,0,,1037,0,0,
2018Q2,,S08000029,,S08000029,d,All Day cases,,5,,1181,0,0,,1148,0,0,
2018Q3,,S08000029,,S08000029,d,All Day cases,,5,,1179,0,0,,1151,0,0,
2018Q4,,S08000029,,S08000029,d,All Day cases,,5,,1269,0,0,,1240,0,0,
2019Q1,,S08000029,,S08000029,d,All Day cases,,5,,1335,0,0,,1298,0,0,
2019Q2,,S08000029,,S08000029,d,All Day cases,,5,,1259,0,0,,1230,0,0,
2019Q3,,S08000029,,S08000029,d,All Day cases,,5,,1327,0,0,,1280,0,0,
2019Q4,,S08000029,,S08000029,d,All Day cases,,5,,1346,0,0,,1316,0,0,
2020Q1,,S08000029,,S08000029,d,All Day cases,,5,,1273,0,0,,1245,0,0,
2020Q2,,S08000029,,S08000029,d,All Day cases,,5,,659,0,0,,647,0,0,
2020Q3,,S08000029,,S08000029,d,All Day cases,,5,,1079,0,0,,1057,0,0,
2020Q4,,S08000029,,S08000029,d,All Day cases,,5,,1171,0,0,,1140,0,0,
2021Q1,,S08000029,,S08000029,d,All Day cases,,5,,1056,0,0,,1031,0,0,
2021Q2,,S08000029,,S08000029,d,All Day cases,,5,,1189,0,0,,1145,0,0,
2021Q3,,S08000029,,S08000029,d,All Day cases,,5,,1259,0,0,,1219,0,0,
2021Q4,,S08000029,,S08000029,d,All Day cases,,5,,1225,0,0,,1185,5,0.00421940928270042,
2022Q1,,S08000029,,S08000029,d,All Day cases,,5,,1258,0,0,,1210,0,0,
2022Q2,,S08000029,,S08000029,d,All Day cases,,5,,1260,0,0,,1219,0,0,
2022Q3,,S08000029,,S08000029,d,All Day cases,,5,,1225,0,0,,1196,0,0,
2022Q4,p,S08000029,,S08000029,d,All Day cases,,5,,1231,0,0,,1188,0,0,
2017Q4,,S08000019,,S12000005,,All Day cases,,1,,139,0,0,,137,0,0,
2018Q1,,S08000019,,S12000005,,All Day cases,,1,,131,0,0,,130,0,0,
2018Q2,,S08000019,,S12000005,,All Day cases,,1,,153,0,0,,153,0,0,
2018Q3,,S08000019,,S12000005,,All Day cases,,1,,114,0,0,,112,0,0,
2018Q4,,S08000019,,S12000005,,All Day cases,,1,,148,0,0,,146,0,0,
2019Q1,,S08000019,,S12000005,,All Day cases,,1,,144,0,0,,143,0,0,
2019Q2,,S08000019,,S12000005,,All Day cases,,1,,156,0,0,,153,0,0,
2019Q3,,S08000019,,S12000005,,All Day cases,,1,,121,0,0,,120,0,0,
2019Q4,,S08000019,,S12000005,,All Day cases,,1,,148,0,0,,147,0,0,
2020Q1,,S08000019,,S12000005,,All Day cases,,1,,124,0,0,,124,0,0,
2020Q2,,S08000019,,S12000005,,All Day cases,,1,,34,0,0,,34,0,0,
2020Q3,,S08000019,,S12000005,,All Day cases,,1,,84,0,0,,84,0,0,
2020Q4,,S08000019,,S12000005,,All Day cases,,1,,78,0,0,,78,0,0,
2021Q1,,S08000019,,S12000005,,All Day cases,,1,,72,0,0,,69,0,0,
2021Q2,,S08000019,,S12000005,,All Day cases,,1,,96,0,0,,96,0,0,
2021Q3,,S08000019,,S12000005,,All Day cases,,1,,82,0,0,,81,0,0,
2021Q4,,S08000019,,S12000005,,All Day cases,,1,,110,0,0,,109,0,0,
2022Q1,,S08000019,,S12000005,,All Day cases,,1,,96,0,0,,96,0,0,
2022Q2,,S08000019,,S12000005,,All Day cases,,1,,122,0,0,,121,0,0,
2022Q3,,S08000019,,S12000005,,All Day cases,,1,,95,0,0,,92,0,0,
2022Q4,p,S08000019,,S12000005,,All Day cases,,1,,109,0,0,,106,0,0,
2017Q4,,S08000019,,S12000005,,All Day cases,,2,,104,0,0,,101,0,0,
2018Q1,,S08000019,,S12000005,,All Day cases,,2,,100,0,0,,99,0,0,
2018Q2,,S08000019,,S12000005,,All Day cases,,2,,140,0,0,,140,0,0,
2018Q3,,S08000019,,S12000005,,All Day cases,,2,,98,0,0,,98,0,0,
2018Q4,,S08000019,,S12000005,,All Day cases,,2,,118,0,0,,115,0,0,
2019Q1,,S08000019,,S12000005,,All Day cases,,2,,125,0,0,,124,0,0,
2019Q2,,S08000019,,S12000005,,All Day cases,,2,,115,0,0,,112,0,0,
2019Q3,,S08000019,,S12000005,,All Day cases,,2,,134,0,0,,129,0,0,
2019Q4,,S08000019,,S12000005,,All Day cases,,2,,99,0,0,,98,0,0,
2020Q1,,S08000019,,S12000005,,All Day cases,,2,,101,0,0,,101,0,0,
2020Q2,,S08000019,,S12000005,,All Day cases,,2,,27,0,0,,27,0,0,
2020Q3,,S08000019,,S12000005,,All Day cases,,2,,61,0,0,,61,0,0,
2020Q4,,S08000019,,S12000005,,All Day cases,,2,,98,0,0,,98,0,0,
2021Q1,,S08000019,,S12000005,,All Day cases,,2,,72,0,0,,71,0,0,
2021Q2,,S08000019,,S12000005,,All Day cases,,2,,121,0,0,,121,0,0,
2021Q3,,S08000019,,S12000005,,All Day cases,,2,,77,0,0,,73,0,0,
2021Q4,,S08000019,,S12000005,,All Day cases,,2,,96,0,0,,95,0,0,
2022Q1,,S08000019,,S12000005,,All Day cases,,2,,90,0,0,,87,0,0,
2022Q2,,S08000019,,S12000005,,All Day cases,,2,,135,0,0,,133,0,0,
2022Q3,,S08000019,,S12000005,,All Day cases,,2,,106,0,0,,105,0,0,
2022Q4,p,S08000019,,S12000005,,All Day cases,,2,,102,0,0,,101,0,0,
2017Q4,,S08000019,,S12000005,,All Day cases,,3,,84,0,0,,84,0,0,
2018Q1,,S08000019,,S12000005,,All Day cases,,3,,107,0,0,,106,0,0,
2018Q2,,S08000019,,S12000005,,All Day cases,,3,,101,0,0,,99,0,0,
2018Q3,,S08000019,,S12000005,,All Day cases,,3,,95,0,0,,95,0,0,
2018Q4,,S08000019,,S12000005,,All Day cases,,3,,89,0,0,,87,0,0,
2019Q1,,S08000019,,S12000005,,All Day cases,,3,,108,0,0,,108,0,0,
2019Q2,,S08000019,,S12000005,,All Day cases,,3,,96,0,0,,92,0,0,
2019Q3,,S08000019,,S12000005,,All Day cases,,3,,83,0,0,,82,0,0,
2019Q4,,S08000019,,S12000005,,All Day cases,,3,,90,0,0,,90,0,0,
2020Q1,,S08000019,,S12000005,,All Day cases,,3,,82,0,0,,81,0,0,
2020Q2,,S08000019,,S12000005,,All Day cases,,3,,15,0,0,,15,0,0,
2020Q3,,S08000019,,S12000005,,All Day cases,,3,,41,0,0,,41,0,0,
2020Q4,,S08000019,,S12000005,,All Day cases,,3,,64,0,0,,60,0,0,
2021Q1,,S08000019,,S12000005,,All Day cases,,3,,56,0,0,,56,0,0,
2021Q2,,S08000019,,S12000005,,All Day cases,,3,,72,0,0,,71,0,0,
2021Q3,,S08000019,,S12000005,,All Day cases,,3,,78,0,0,,78,0,0,
2021Q4,,S08000019,,S12000005,,All Day cases,,3,,80,0,0,,79,0,0,
2022Q1,,S08000019,,S12000005,,All Day cases,,3,,99,0,0,,99,0,0,
2022Q2,,S08000019,,S12000005,,All Day cases,,3,,98,0,0,,98,0,0,
2022Q3,,S08000019,,S12000005,,All Day cases,,3,,55,0,0,,54,0,0,
2022Q4,p,S08000019,,S12000005,,All Day cases,,3,,67,0,0,,67,0,0,
2017Q4,,S08000019,,S12000005,,All Day cases,,4,,70,0,0,,70,0,0,
2018Q1,,S08000019,,S12000005,,All Day cases,,4,,71,0,0,,70,0,0,
2018Q2,,S08000019,,S12000005,,All Day cases,,4,,83,0,0,,82,0,0,
2018Q3,,S08000019,,S12000005,,All Day cases,,4,,56,0,0,,56,0,0,
2018Q4,,S08000019,,S12000005,,All Day cases,,4,,69,0,0,,69,0,0,
2019Q1,,S08000019,,S12000005,,All Day cases,,4,,91,0,0,,90,0,0,
2019Q2,,S08000019,,S12000005,,All Day cases,,4,,94,0,0,,93,0,0,
2019Q3,,S08000019,,S12000005,,All Day cases,,4,,74,0,0,,74,0,0,
2019Q4,,S08000019,,S12000005,,All Day cases,,4,,81,0,0,,80,0,0,
2020Q1,,S08000019,,S12000005,,All Day cases,,4,,65,0,0,,64,0,0,
2020Q2,,S08000019,,S12000005,,All Day cases,,4,,20,0,0,,18,0,0,
2020Q3,,S08000019,,S12000005,,All Day cases,,4,,57,0,0,,57,0,0,
2020Q4,,S08000019,,S12000005,,All Day cases,,4,,42,0,0,,42,0,0,
2021Q1,,S08000019,,S12000005,,All Day cases,,4,,37,0,0,,35,0,0,
2021Q2,,S08000019,,S12000005,,All Day cases,,4,,51,0,0,,51,0,0,
2021Q3,,S08000019,,S12000005,,All Day cases,,4,,45,0,0,,44,0,0,
2021Q4,,S08000019,,S12000005,,All Day cases,,4,,60,0,0,,59,0,0,
2022Q1,,S08000019,,S12000005,,All Day cases,,4,,55,0,0,,55,0,0,
2022Q2,,S08000019,,S12000005,,All Day cases,,4,,51,0,0,,51,0,0,
2022Q3,,S08000019,,S12000005,,All Day cases,,4,,69,0,0,,68,0,0,
2022Q4,p,S08000019,,S12000005,,All Day cases,,4,,64,0,0,,63,0,0,
2017Q4,,S08000019,,S12000005,,All Day cases,,5,,76,0,0,,75,0,0,
2018Q1,,S08000019,,S12000005,,All Day cases,,5,,69,0,0,,68,0,0,
2018Q2,,S08000019,,S12000005,,All Day cases,,5,,79,0,0,,79,0,0,
2018Q3,,S08000019,,S12000005,,All Day cases,,5,,78,0,0,,78,0,0,
2018Q4,,S08000019,,S12000005,,All Day cases,,5,,75,0,0,,75,0,0,
2019Q1,,S08000019,,S12000005,,All Day cases,,5,,76,0,0,,76,0,0,
2019Q2,,S08000019,,S12000005,,All Day cases,,5,,78,0,0,,78,0,0,
2019Q3,,S08000019,,S12000005,,All Day cases,,5,,85,0,0,,85,0,0,
2019Q4,,S08000019,,S12000005,,All Day cases,,5,,108,0,0,,108,0,0,
2020Q1,,S08000019,,S12000005,,All Day cases,,5,,98,0,0,,98,0,0,
2020Q2,,S08000019,,S12000005,,All Day cases,,5,,30,0,0,,31,0,0,
2020Q3,,S08000019,,S12000005,,All Day cases,,5,,57,0,0,,56,0,0,
2020Q4,,S08000019,,S12000005,,All Day cases,,5,,52,0,0,,52,0,0,
2021Q1,,S08000019,,S12000005,,All Day cases,,5,,46,0,0,,46,0,0,
2021Q2,,S08000019,,S12000005,,All Day cases,,5,,88,0,0,,87,0,0,
2021Q3,,S08000019,,S12000005,,All Day cases,,5,,54,0,0,,54,0,0,
2021Q4,,S08000019,,S12000005,,All Day cases,,5,,65,0,0,,64,0,0,
2022Q1,,S08000019,,S12000005,,All Day cases,,5,,58,0,0,,58,0,0,
2022Q2,,S08000019,,S12000005,,All Day cases,,5,,69,0,0,,69,0,0,
2022Q3,,S08000019,,S12000005,,All Day cases,,5,,70,0,0,,70,0,0,
2022Q4,p,S08000019,,S12000005,,All Day cases,,5,,49,0,0,,50,0,0,
2017Q4,,S08000019,,S12000014,,All Day cases,,1,,238,0,0,,236,0,0,
2018Q1,,S08000019,,S12000014,,All Day cases,,1,,236,0,0,,234,0,0,
2018Q2,,S08000019,,S12000014,,All Day cases,,1,,277,0,0,,275,0,0,
2018Q3,,S08000019,,S12000014,,All Day cases,,1,,215,0,0,,210,0,0,
2018Q4,,S08000019,,S12000014,,All Day cases,,1,,250,0,0,,247,0,0,
2019Q1,,S08000019,,S12000014,,All Day cases,,1,,276,0,0,,273,0,0,
2019Q2,,S08000019,,S12000014,,All Day cases,,1,,242,0,0,,238,0,0,
2019Q3,,S08000019,,S12000014,,All Day cases,,1,,236,0,0,,233,0,0,
2019Q4,,S08000019,,S12000014,,All Day cases,,1,,267,0,0,,261,0,0,
2020Q1,,S08000019,,S12000014,,All Day cases,,1,,257,0,0,,253,0,0,
2020Q2,,S08000019,,S12000014,,All Day cases,,1,,55,0,0,,55,0,0,
2020Q3,,S08000019,,S12000014,,All Day cases,,1,,159,0,0,,158,0,0,
2020Q4,,S08000019,,S12000014,,All Day cases,,1,,180,0,0,,176,0,0,
2021Q1,,S08000019,,S12000014,,All Day cases,,1,,200,0,0,,198,0,0,
2021Q2,,S08000019,,S12000014,,All Day cases,,1,,216,0,0,,215,0,0,
2021Q3,,S08000019,,S12000014,,All Day cases,,1,,209,0,0,,207,0,0,
2021Q4,,S08000019,,S12000014,,All Day cases,,1,,256,0,0,,255,0,0,
2022Q1,,S08000019,,S12000014,,All Day cases,,1,,200,0,0,,194,0,0,
2022Q2,,S08000019,,S12000014,,All Day cases,,1,,233,0,0,,228,0,0,
2022Q3,,S08000019,,S12000014,,All Day cases,,1,,190,0,0,,185,0,0,
2022Q4,p,S08000019,,S12000014,,All Day cases,,1,,228,0,0,,224,0,0,
2017Q4,,S08000019,,S12000014,,All Day cases,,2,,375,0,0,,369,0,0,
2018Q1,,S08000019,,S12000014,,All Day cases,,2,,382,0,0,,379,0,0,
2018Q2,,S08000019,,S12000014,,All Day cases,,2,,409,0,0,,407,0,0,
2018Q3,,S08000019,,S12000014,,All Day cases,,2,,352,0,0,,347,0,0,
2018Q4,,S08000019,,S12000014,,All Day cases,,2,,373,0,0,,368,0,0,
2019Q1,,S08000019,,S12000014,,All Day cases,,2,,390,0,0,,386,0,0,
2019Q2,,S08000019,,S12000014,,All Day cases,,2,,396,0,0,,388,0,0,
2019Q3,,S08000019,,S12000014,,All Day cases,,2,,346,0,0,,343,0,0,
2019Q4,,S08000019,,S12000014,,All Day cases,,2,,387,0,0,,377,0,0,
2020Q1,,S08000019,,S12000014,,All Day cases,,2,,341,0,0,,338,0,0,
2020Q2,,S08000019,,S12000014,,All Day cases,,2,,76,0,0,,76,0,0,
2020Q3,,S08000019,,S12000014,,All Day cases,,2,,181,0,0,,180,0,0,
2020Q4,,S08000019,,S12000014,,All Day cases,,2,,250,0,0,,247,0,0,
2021Q1,,S08000019,,S12000014,,All Day cases,,2,,238,0,0,,237,0,0,
2021Q2,,S08000019,,S12000014,,All Day cases,,2,,321,0,0,,320,0,0,
2021Q3,,S08000019,,S12000014,,All Day cases,,2,,254,0,0,,250,0,0,
2021Q4,,S08000019,,S12000014,,All Day cases,,2,,274,0,0,,274,0,0,
2022Q1,,S08000019,,S12000014,,All Day cases,,2,,287,0,0,,283,0,0,
2022Q2,,S08000019,,S12000014,,All Day cases,,2,,348,0,0,,344,0,0,
2022Q3,,S08000019,,S12000014,,All Day cases,,2,,349,0,0,,345,0,0,
2022Q4,p,S08000019,,S12000014,,All Day cases,,2,,261,0,0,,259,0,0,
2017Q4,,S08000019,,S12000014,,All Day cases,,3,,416,0,0,,414,0,0,
2018Q1,,S08000019,,S12000014,,All Day cases,,3,,393,0,0,,388,0,0,
2018Q2,,S08000019,,S12000014,,All Day cases,,3,,404,0,0,,401,0,0,
2018Q3,,S08000019,,S12000014,,All Day cases,,3,,435,0,0,,432,0,0,
2018Q4,,S08000019,,S12000014,,All Day cases,,3,,458,0,0,,455,0,0,
2019Q1,,S08000019,,S12000014,,All Day cases,,3,,425,0,0,,421,0,0,
2019Q2,,S08000019,,S12000014,,All Day cases,,3,,466,0,0,,459,0,0,
2019Q3,,S08000019,,S12000014,,All Day cases,,3,,397,0,0,,390,0,0,
2019Q4,,S08000019,,S12000014,,All Day cases,,3,,408,0,0,,405,0,0,
2020Q1,,S08000019,,S12000014,,All Day cases,,3,,431,0,0,,424,0,0,
2020Q2,,S08000019,,S12000014,,All Day cases,,3,,111,0,0,,108,0,0,
2020Q3,,S08000019,,S12000014,,All Day cases,,3,,195,0,0,,193,0,0,
2020Q4,,S08000019,,S12000014,,All Day cases,,3,,235,0,0,,232,0,0,
2021Q1,,S08000019,,S12000014,,All Day cases,,3,,216,0,0,,211,0,0,
2021Q2,,S08000019,,S12000014,,All Day cases,,3,,314,0,0,,313,0,0,
2021Q3,,S08000019,,S12000014,,All Day cases,,3,,298,0,0,,294,0,0,
2021Q4,,S08000019,,S12000014,,All Day cases,,3,,333,0,0,,331,0,0,
2022Q1,,S08000019,,S12000014,,All Day cases,,3,,289,0,0,,287,0,0,
2022Q2,,S08000019,,S12000014,,All Day cases,,3,,345,0,0,,341,0,0,
2022Q3,,S08000019,,S12000014,,All Day cases,,3,,330,0,0,,321,0,0,
2022Q4,p,S08000019,,S12000014,,All Day cases,,3,,276,0,0,,274,0,0,
2017Q4,,S08000019,,S12000014,,All Day cases,,4,,290,0,0,,287,0,0,
2018Q1,,S08000019,,S12000014,,All Day cases,,4,,202,0,0,,201,0,0,
2018Q2,,S08000019,,S12000014,,All Day cases,,4,,264,0,0,,260,0,0,
2018Q3,,S08000019,,S12000014,,All Day cases,,4,,216,0,0,,215,0,0,
2018Q4,,S08000019,,S12000014,,All Day cases,,4,,255,0,0,,254,0,0,
2019Q1,,S08000019,,S12000014,,All Day cases,,4,,330,0,0,,328,0,0,
2019Q2,,S08000019,,S12000014,,All Day cases,,4,,283,0,0,,281,0,0,
2019Q3,,S08000019,,S12000014,,All Day cases,,4,,295,0,0,,294,0,0,
2019Q4,,S08000019,,S12000014,,All Day cases,,4,,267,0,0,,260,0,0,
2020Q1,,S08000019,,S12000014,,All Day cases,,4,,280,0,0,,273,0,0,
2020Q2,,S08000019,,S12000014,,All Day cases,,4,,100,0,0,,99,0,0,
2020Q3,,S08000019,,S12000014,,All Day cases,,4,,156,0,0,,156,0,0,
2020Q4,,S08000019,,S12000014,,All Day cases,,4,,202,0,0,,202,0,0,
2021Q1,,S08000019,,S12000014,,All Day cases,,4,,163,0,0,,160,0,0,
2021Q2,,S08000019,,S12000014,,All Day cases,,4,,227,0,0,,221,0,0,
2021Q3,,S08000019,,S12000014,,All Day cases,,4,,218,0,0,,215,0,0,
2021Q4,,S08000019,,S12000014,,All Day cases,,4,,257,0,0,,253,0,0,
2022Q1,,S08000019,,S12000014,,All Day cases,,4,,225,0,0,,224,0,0,
2022Q2,,S08000019,,S12000014,,All Day cases,,4,,229,0,0,,226,0,0,
2022Q3,,S08000019,,S12000014,,All Day cases,,4,,212,0,0,,212,0,0,
2022Q4,p,S08000019,,S12000014,,All Day cases,,4,,211,0,0,,210,0,0,
2017Q4,,S08000019,,S12000014,,All Day cases,,5,,267,0,0,,267,0,0,
2018Q1,,S08000019,,S12000014,,All Day cases,,5,,251,0,0,,248,0,0,
2018Q2,,S08000019,,S12000014,,All Day cases,,5,,253,0,0,,251,0,0,
2018Q3,,S08000019,,S12000014,,All Day cases,,5,,232,0,0,,232,0,0,
2018Q4,,S08000019,,S12000014,,All Day cases,,5,,227,0,0,,224,0,0,
2019Q1,,S08000019,,S12000014,,All Day cases,,5,,293,0,0,,291,0,0,
2019Q2,,S08000019,,S12000014,,All Day cases,,5,,280,0,0,,279,0,0,
2019Q3,,S08000019,,S12000014,,All Day cases,,5,,281,0,0,,278,0,0,
2019Q4,,S08000019,,S12000014,,All Day cases,,5,,329,0,0,,328,0,0,
2020Q1,,S08000019,,S12000014,,All Day cases,,5,,321,0,0,,320,0,0,
2020Q2,,S08000019,,S12000014,,All Day cases,,5,,70,0,0,,72,0,0,
2020Q3,,S08000019,,S12000014,,All Day cases,,5,,188,0,0,,188,0,0,
2020Q4,,S08000019,,S12000014,,All Day cases,,5,,165,0,0,,160,0,0,
2021Q1,,S08000019,,S12000014,,All Day cases,,5,,185,0,0,,182,0,0,
2021Q2,,S08000019,,S12000014,,All Day cases,,5,,252,0,0,,251,0,0,
2021Q3,,S08000019,,S12000014,,All Day cases,,5,,229,0,0,,227,0,0,
2021Q4,,S08000019,,S12000014,,All Day cases,,5,,214,0,0,,213,0,0,
2022Q1,,S08000019,,S12000014,,All Day cases,,5,,203,0,0,,202,0,0,
2022Q2,,S08000019,,S12000014,,All Day cases,,5,,239,0,0,,237,0,0,
2022Q3,,S08000019,,S12000014,,All Day cases,,5,,205,0,0,,202,0,0,
2022Q4,p,S08000019,,S12000014,,All Day cases,,5,,218,0,0,,215,0,0,
2017Q4,,S08000019,,S08000019,d,All Day cases,,1,,467,0,0,,463,0,0,
2018Q1,,S08000019,,S08000019,d,All Day cases,,1,,448,0,0,,445,0,0,
2018Q2,,S08000019,,S08000019,d,All Day cases,,1,,515,0,0,,513,0,0,
2018Q3,,S08000019,,S08000019,d,All Day cases,,1,,419,0,0,,412,0,0,
2018Q4,,S08000019,,S08000019,d,All Day cases,,1,,513,0,0,,508,0,0,
2019Q1,,S08000019,,S08000019,d,All Day cases,,1,,540,0,0,,535,0,0,
2019Q2,,S08000019,,S08000019,d,All Day cases,,1,,494,0,0,,486,0,0,
2019Q3,,S08000019,,S08000019,d,All Day cases,,1,,479,0,0,,469,0,0,
2019Q4,,S08000019,,S08000019,d,All Day cases,,1,,495,0,0,,485,0,0,
2020Q1,,S08000019,,S08000019,d,All Day cases,,1,,474,0,0,,467,0,0,
2020Q2,,S08000019,,S08000019,d,All Day cases,,1,,100,0,0,,100,0,0,
2020Q3,,S08000019,,S08000019,d,All Day cases,,1,,290,0,0,,289,0,0,
2020Q4,,S08000019,,S08000019,d,All Day cases,,1,,325,0,0,,320,0,0,
2021Q1,,S08000019,,S08000019,d,All Day cases,,1,,321,0,0,,314,0,0,
2021Q2,,S08000019,,S08000019,d,All Day cases,,1,,375,0,0,,374,0,0,
2021Q3,,S08000019,,S08000019,d,All Day cases,,1,,368,0,0,,365,0,0,
2021Q4,,S08000019,,S08000019,d,All Day cases,,1,,430,0,0,,428,0,0,
2022Q1,,S08000019,,S08000019,d,All Day cases,,1,,377,0,0,,370,0,0,
2022Q2,,S08000019,,S08000019,d,All Day cases,,1,,439,0,0,,433,0,0,
2022Q3,,S08000019,,S08000019,d,All Day cases,,1,,366,0,0,,356,0,0,
2022Q4,p,S08000019,,S08000019,d,All Day cases,,1,,435,0,0,,427,0,0,
2017Q4,,S08000019,,S08000019,d,All Day cases,,2,,574,0,0,,565,0,0,
2018Q1,,S08000019,,S08000019,d,All Day cases,,2,,585,0,0,,580,0,0,
2018Q2,,S08000019,,S08000019,d,All Day cases,,2,,670,0,0,,667,0,0,
2018Q3,,S08000019,,S08000019,d,All Day cases,,2,,559,0,0,,554,0,0,
2018Q4,,S08000019,,S08000019,d,All Day cases,,2,,609,0,0,,601,0,0,
2019Q1,,S08000019,,S08000019,d,All Day cases,,2,,653,0,0,,647,0,0,
2019Q2,,S08000019,,S08000019,d,All Day cases,,2,,621,0,0,,609,0,0,
2019Q3,,S08000019,,S08000019,d,All Day cases,,2,,570,0,0,,561,0,0,
2019Q4,,S08000019,,S08000019,d,All Day cases,,2,,605,0,0,,594,0,0,
2020Q1,,S08000019,,S08000019,d,All Day cases,,2,,574,0,0,,569,0,0,
2020Q2,,S08000019,,S08000019,d,All Day cases,,2,,153,0,0,,153,0,0,
2020Q3,,S08000019,,S08000019,d,All Day cases,,2,,308,0,0,,306,0,0,
2020Q4,,S08000019,,S08000019,d,All Day cases,,2,,421,0,0,,416,0,0,
2021Q1,,S08000019,,S08000019,d,All Day cases,,2,,376,0,0,,373,0,0,
2021Q2,,S08000019,,S08000019,d,All Day cases,,2,,546,0,0,,545,0,0,
2021Q3,,S08000019,,S08000019,d,All Day cases,,2,,424,0,0,,415,0,0,
2021Q4,,S08000019,,S08000019,d,All Day cases,,2,,465,0,0,,463,0,0,
2022Q1,,S08000019,,S08000019,d,All Day cases,,2,,463,0,0,,454,0,0,
2022Q2,,S08000019,,S08000019,d,All Day cases,,2,,577,0,0,,571,0,0,
2022Q3,,S08000019,,S08000019,d,All Day cases,,2,,549,0,0,,542,0,0,
2022Q4,p,S08000019,,S08000019,d,All Day cases,,2,,447,0,0,,441,0,0,
2017Q4,,S08000019,,S08000019,d,All Day cases,,3,,656,0,0,,653,0,0,
2018Q1,,S08000019,,S08000019,d,All Day cases,,3,,618,0,0,,611,0,0,
2018Q2,,S08000019,,S08000019,d,All Day cases,,3,,643,0,0,,634,0,0,
2018Q3,,S08000019,,S08000019,d,All Day cases,,3,,650,0,0,,645,0,0,
2018Q4,,S08000019,,S08000019,d,All Day cases,,3,,676,0,0,,669,0,0,
2019Q1,,S08000019,,S08000019,d,All Day cases,,3,,681,0,0,,677,0,0,
2019Q2,,S08000019,,S08000019,d,All Day cases,,3,,691,0,0,,679,0,0,
2019Q3,,S08000019,,S08000019,d,All Day cases,,3,,610,0,0,,602,0,0,
2019Q4,,S08000019,,S08000019,d,All Day cases,,3,,648,0,0,,645,0,0,
2020Q1,,S08000019,,S08000019,d,All Day cases,,3,,631,0,0,,621,0,0,
2020Q2,,S08000019,,S08000019,d,All Day cases,,3,,154,0,0,,149,0,0,
2020Q3,,S08000019,,S08000019,d,All Day cases,,3,,304,0,0,,302,0,0,
2020Q4,,S08000019,,S08000019,d,All Day cases,,3,,412,0,0,,401,0,0,
2021Q1,,S08000019,,S08000019,d,All Day cases,,3,,355,0,0,,349,0,0,
2021Q2,,S08000019,,S08000019,d,All Day cases,,3,,513,0,0,,511,0,0,
2021Q3,,S08000019,,S08000019,d,All Day cases,,3,,495,0,0,,491,0,0,
2021Q4,,S08000019,,S08000019,d,All Day cases,,3,,536,0,0,,533,0,0,
2022Q1,,S08000019,,S08000019,d,All Day cases,,3,,519,0,0,,517,0,0,
2022Q2,,S08000019,,S08000019,d,All Day cases,,3,,567,0,0,,561,0,0,
2022Q3,,S08000019,,S08000019,d,All Day cases,,3,,505,0,0,,495,0,0,
2022Q4,p,S08000019,,S08000019,d,All Day cases,,3,,467,0,0,,464,0,0,
2017Q4,,S08000019,,S08000019,d,All Day cases,,4,,667,0,0,,658,0,0,
2018Q1,,S08000019,,S08000019,d,All Day cases,,4,,580,0,0,,577,0,0,
2018Q2,,S08000019,,S08000019,d,All Day cases,,4,,680,0,0,,670,0,0,
2018Q3,,S08000019,,S08000019,d,All Day cases,,4,,531,0,0,,530,0,0,
2018Q4,,S08000019,,S08000019,d,All Day cases,,4,,580,0,0,,575,0,0,
2019Q1,,S08000019,,S08000019,d,All Day cases,,4,,702,0,0,,699,0,0,
2019Q2,,S08000019,,S08000019,d,All Day cases,,4,,653,0,0,,648,0,0,
2019Q3,,S08000019,,S08000019,d,All Day cases,,4,,661,0,0,,657,0,0,
2019Q4,,S08000019,,S08000019,d,All Day cases,,4,,679,0,0,,667,0,0,
2020Q1,,S08000019,,S08000019,d,All Day cases,,4,,643,0,0,,635,0,0,
2020Q2,,S08000019,,S08000019,d,All Day cases,,4,,208,0,0,,206,0,0,
2020Q3,,S08000019,,S08000019,d,All Day cases,,4,,410,0,0,,409,0,0,
2020Q4,,S08000019,,S08000019,d,All Day cases,,4,,468,0,0,,467,0,0,
2021Q1,,S08000019,,S08000019,d,All Day cases,,4,,407,0,0,,402,0,0,
2021Q2,,S08000019,,S08000019,d,All Day cases,,4,,541,0,0,,532,0,0,
2021Q3,,S08000019,,S08000019,d,All Day cases,,4,,466,0,0,,460,0,0,
2021Q4,,S08000019,,S08000019,d,All Day cases,,4,,582,0,0,,577,0,0,
2022Q1,,S08000019,,S08000019,d,All Day cases,,4,,517,0,0,,509,0,0,
2022Q2,,S08000019,,S08000019,d,All Day cases,,4,,552,0,0,,547,0,0,
2022Q3,,S08000019,,S08000019,d,All Day cases,,4,,543,0,0,,541,0,0,
2022Q4,p,S08000019,,S08000019,d,All Day cases,,4,,525,0,0,,520,0,0,
2017Q4,,S08000019,,S08000019,d,All Day cases,,5,,611,0,0,,609,0,0,
2018Q1,,S08000019,,S08000019,d,All Day cases,,5,,537,0,0,,533,0,0,
2018Q2,,S08000019,,S08000019,d,All Day cases,,5,,595,0,0,,591,0,0,
2018Q3,,S08000019,,S08000019,d,All Day cases,,5,,535,0,0,,535,0,0,
2018Q4,,S08000019,,S08000019,d,All Day cases,,5,,554,0,0,,549,0,0,
2019Q1,,S08000019,,S08000019,d,All Day cases,,5,,605,0,0,,601,0,0,
2019Q2,,S08000019,,S08000019,d,All Day cases,,5,,587,0,0,,582,0,0,
2019Q3,,S08000019,,S08000019,d,All Day cases,,5,,604,0,0,,600,0,0,
2019Q4,,S08000019,,S08000019,d,All Day cases,,5,,732,0,0,,730,0,0,
2020Q1,,S08000019,,S08000019,d,All Day cases,,5,,694,0,0,,690,0,0,
2020Q2,,S08000019,,S08000019,d,All Day cases,,5,,187,0,0,,186,0,0,
2020Q3,,S08000019,,S08000019,d,All Day cases,,5,,430,0,0,,429,0,0,
2020Q4,,S08000019,,S08000019,d,All Day cases,,5,,403,0,0,,396,0,0,
2021Q1,,S08000019,,S08000019,d,All Day cases,,5,,380,0,0,,376,0,0,
2021Q2,,S08000019,,S08000019,d,All Day cases,,5,,526,0,0,,524,0,0,
2021Q3,,S08000019,,S08000019,d,All Day cases,,5,,495,0,0,,490,0,0,
2021Q4,,S08000019,,S08000019,d,All Day cases,,5,,495,0,0,,492,0,0,
2022Q1,,S08000019,,S08000019,d,All Day cases,,5,,461,0,0,,459,0,0,
2022Q2,,S08000019,,S08000019,d,All Day cases,,5,,523,0,0,,521,0,0,
2022Q3,,S08000019,,S08000019,d,All Day cases,,5,,500,0,0,,496,0,0,
2022Q4,p,S08000019,,S08000019,d,All Day cases,,5,,510,0,0,,503,0,0,
2017Q4,,S08000019,,S12000030,,All Day cases,,1,,90,0,0,,90,0,0,
2018Q1,,S08000019,,S12000030,,All Day cases,,1,,81,0,0,,81,0,0,
2018Q2,,S08000019,,S12000030,,All Day cases,,1,,85,0,0,,85,0,0,
2018Q3,,S08000019,,S12000030,,All Day cases,,1,,90,0,0,,90,0,0,
2018Q4,,S08000019,,S12000030,,All Day cases,,1,,115,0,0,,115,0,0,
2019Q1,,S08000019,,S12000030,,All Day cases,,1,,120,0,0,,119,0,0,
2019Q2,,S08000019,,S12000030,,All Day cases,,1,,96,0,0,,95,0,0,
2019Q3,,S08000019,,S12000030,,All Day cases,,1,,122,0,0,,116,0,0,
2019Q4,,S08000019,,S12000030,,All Day cases,,1,,80,0,0,,77,0,0,
2020Q1,,S08000019,,S12000030,,All Day cases,,1,,93,0,0,,90,0,0,
2020Q2,,S08000019,,S12000030,,All Day cases,,1,,11,0,0,,11,0,0,
2020Q3,,S08000019,,S12000030,,All Day cases,,1,,47,0,0,,47,0,0,
2020Q4,,S08000019,,S12000030,,All Day cases,,1,,67,0,0,,66,0,0,
2021Q1,,S08000019,,S12000030,,All Day cases,,1,,49,0,0,,47,0,0,
2021Q2,,S08000019,,S12000030,,All Day cases,,1,,63,0,0,,63,0,0,
2021Q3,,S08000019,,S12000030,,All Day cases,,1,,77,0,0,,77,0,0,
2021Q4,,S08000019,,S12000030,,All Day cases,,1,,64,0,0,,64,0,0,
2022Q1,,S08000019,,S12000030,,All Day cases,,1,,81,0,0,,80,0,0,
2022Q2,,S08000019,,S12000030,,All Day cases,,1,,84,0,0,,84,0,0,
2022Q3,,S08000019,,S12000030,,All Day cases,,1,,81,0,0,,79,0,0,
2022Q4,p,S08000019,,S12000030,,All Day cases,,1,,98,0,0,,97,0,0,
2017Q4,,S08000019,,S12000030,,All Day cases,,2,,95,0,0,,95,0,0,
2018Q1,,S08000019,,S12000030,,All Day cases,,2,,103,0,0,,102,0,0,
2018Q2,,S08000019,,S12000030,,All Day cases,,2,,121,0,0,,120,0,0,
2018Q3,,S08000019,,S12000030,,All Day cases,,2,,109,0,0,,109,0,0,
2018Q4,,S08000019,,S12000030,,All Day cases,,2,,118,0,0,,118,0,0,
2019Q1,,S08000019,,S12000030,,All Day cases,,2,,138,0,0,,137,0,0,
2019Q2,,S08000019,,S12000030,,All Day cases,,2,,110,0,0,,109,0,0,
2019Q3,,S08000019,,S12000030,,All Day cases,,2,,90,0,0,,89,0,0,
2019Q4,,S08000019,,S12000030,,All Day cases,,2,,119,0,0,,119,0,0,
2020Q1,,S08000019,,S12000030,,All Day cases,,2,,132,0,0,,130,0,0,
2020Q2,,S08000019,,S12000030,,All Day cases,,2,,50,0,0,,50,0,0,
2020Q3,,S08000019,,S12000030,,All Day cases,,2,,66,0,0,,65,0,0,
2020Q4,,S08000019,,S12000030,,All Day cases,,2,,73,0,0,,71,0,0,
2021Q1,,S08000019,,S12000030,,All Day cases,,2,,66,0,0,,65,0,0,
2021Q2,,S08000019,,S12000030,,All Day cases,,2,,104,0,0,,104,0,0,
2021Q3,,S08000019,,S12000030,,All Day cases,,2,,93,0,0,,92,0,0,
2021Q4,,S08000019,,S12000030,,All Day cases,,2,,95,0,0,,94,0,0,
2022Q1,,S08000019,,S12000030,,All Day cases,,2,,86,0,0,,84,0,0,
2022Q2,,S08000019,,S12000030,,All Day cases,,2,,94,0,0,,94,0,0,
2022Q3,,S08000019,,S12000030,,All Day cases,,2,,94,0,0,,92,0,0,
2022Q4,p,S08000019,,S12000030,,All Day cases,,2,,84,0,0,,81,0,0,
2017Q4,,S08000019,,S12000030,,All Day cases,,3,,156,0,0,,155,0,0,
2018Q1,,S08000019,,S12000030,,All Day cases,,3,,118,0,0,,117,0,0,
2018Q2,,S08000019,,S12000030,,All Day cases,,3,,138,0,0,,134,0,0,
2018Q3,,S08000019,,S12000030,,All Day cases,,3,,120,0,0,,118,0,0,
2018Q4,,S08000019,,S12000030,,All Day cases,,3,,129,0,0,,127,0,0,
2019Q1,,S08000019,,S12000030,,All Day cases,,3,,148,0,0,,148,0,0,
2019Q2,,S08000019,,S12000030,,All Day cases,,3,,129,0,0,,128,0,0,
2019Q3,,S08000019,,S12000030,,All Day cases,,3,,130,0,0,,130,0,0,
2019Q4,,S08000019,,S12000030,,All Day cases,,3,,150,0,0,,150,0,0,
2020Q1,,S08000019,,S12000030,,All Day cases,,3,,118,0,0,,116,0,0,
2020Q2,,S08000019,,S12000030,,All Day cases,,3,,25,0,0,,26,0,0,
2020Q3,,S08000019,,S12000030,,All Day cases,,3,,68,0,0,,68,0,0,
2020Q4,,S08000019,,S12000030,,All Day cases,,3,,113,0,0,,109,0,0,
2021Q1,,S08000019,,S12000030,,All Day cases,,3,,83,0,0,,82,0,0,
2021Q2,,S08000019,,S12000030,,All Day cases,,3,,127,0,0,,127,0,0,
2021Q3,,S08000019,,S12000030,,All Day cases,,3,,119,0,0,,119,0,0,
2021Q4,,S08000019,,S12000030,,All Day cases,,3,,123,0,0,,123,0,0,
2022Q1,,S08000019,,S12000030,,All Day cases,,3,,131,0,0,,131,0,0,
2022Q2,,S08000019,,S12000030,,All Day cases,,3,,124,0,0,,122,0,0,
2022Q3,,S08000019,,S12000030,,All Day cases,,3,,120,0,0,,120,0,0,
2022Q4,p,S08000019,,S12000030,,All Day cases,,3,,124,0,0,,123,0,0,
2017Q4,,S08000019,,S12000030,,All Day cases,,4,,307,0,0,,301,0,0,
2018Q1,,S08000019,,S12000030,,All Day cases,,4,,307,0,0,,306,0,0,
2018Q2,,S08000019,,S12000030,,All Day cases,,4,,333,0,0,,328,0,0,
2018Q3,,S08000019,,S12000030,,All Day cases,,4,,259,0,0,,259,0,0,
2018Q4,,S08000019,,S12000030,,All Day cases,,4,,256,0,0,,252,0,0,
2019Q1,,S08000019,,S12000030,,All Day cases,,4,,281,0,0,,281,0,0,
2019Q2,,S08000019,,S12000030,,All Day cases,,4,,276,0,0,,274,0,0,
2019Q3,,S08000019,,S12000030,,All Day cases,,4,,292,0,0,,289,0,0,
2019Q4,,S08000019,,S12000030,,All Day cases,,4,,331,0,0,,327,0,0,
2020Q1,,S08000019,,S12000030,,All Day cases,,4,,298,0,0,,298,0,0,
2020Q2,,S08000019,,S12000030,,All Day cases,,4,,90,0,0,,89,0,0,
2020Q3,,S08000019,,S12000030,,All Day cases,,4,,197,0,0,,196,0,0,
2020Q4,,S08000019,,S12000030,,All Day cases,,4,,224,0,0,,223,0,0,
2021Q1,,S08000019,,S12000030,,All Day cases,,4,,207,0,0,,207,0,0,
2021Q2,,S08000019,,S12000030,,All Day cases,,4,,263,0,0,,260,0,0,
2021Q3,,S08000019,,S12000030,,All Day cases,,4,,203,0,0,,201,0,0,
2021Q4,,S08000019,,S12000030,,All Day cases,,4,,265,0,0,,265,0,0,
2022Q1,,S08000019,,S12000030,,All Day cases,,4,,237,0,0,,230,0,0,
2022Q2,,S08000019,,S12000030,,All Day cases,,4,,272,0,0,,270,0,0,
2022Q3,,S08000019,,S12000030,,All Day cases,,4,,262,0,0,,261,0,0,
2022Q4,p,S08000019,,S12000030,,All Day cases,,4,,250,0,0,,247,0,0,
2017Q4,,S08000019,,S12000030,,All Day cases,,5,,268,0,0,,267,0,0,
2018Q1,,S08000019,,S12000030,,All Day cases,,5,,217,0,0,,217,0,0,
2018Q2,,S08000019,,S12000030,,All Day cases,,5,,263,0,0,,261,0,0,
2018Q3,,S08000019,,S12000030,,All Day cases,,5,,225,0,0,,225,0,0,
2018Q4,,S08000019,,S12000030,,All Day cases,,5,,252,0,0,,250,0,0,
2019Q1,,S08000019,,S12000030,,All Day cases,,5,,236,0,0,,234,0,0,
2019Q2,,S08000019,,S12000030,,All Day cases,,5,,229,0,0,,225,0,0,
2019Q3,,S08000019,,S12000030,,All Day cases,,5,,238,0,0,,237,0,0,
2019Q4,,S08000019,,S12000030,,All Day cases,,5,,295,0,0,,294,0,0,
2020Q1,,S08000019,,S12000030,,All Day cases,,5,,275,0,0,,272,0,0,
2020Q2,,S08000019,,S12000030,,All Day cases,,5,,84,0,0,,83,0,0,
2020Q3,,S08000019,,S12000030,,All Day cases,,5,,185,0,0,,185,0,0,
2020Q4,,S08000019,,S12000030,,All Day cases,,5,,186,0,0,,184,0,0,
2021Q1,,S08000019,,S12000030,,All Day cases,,5,,149,0,0,,148,0,0,
2021Q2,,S08000019,,S12000030,,All Day cases,,5,,186,0,0,,186,0,0,
2021Q3,,S08000019,,S12000030,,All Day cases,,5,,212,0,0,,209,0,0,
2021Q4,,S08000019,,S12000030,,All Day cases,,5,,216,0,0,,215,0,0,
2022Q1,,S08000019,,S12000030,,All Day cases,,5,,200,0,0,,199,0,0,
2022Q2,,S08000019,,S12000030,,All Day cases,,5,,215,0,0,,215,0,0,
2022Q3,,S08000019,,S12000030,,All Day cases,,5,,225,0,0,,224,0,0,
2022Q4,p,S08000019,,S12000030,,All Day cases,,5,,243,0,0,,240,0,0,
2017Q4,,S08000020,,S12000033,,All Day cases,,1,,405,0,0,,403,0,0,
2018Q1,,S08000020,,S12000033,,All Day cases,,1,,399,0,0,,399,0,0,
2018Q2,,S08000020,,S12000033,,All Day cases,,1,,417,0,0,,415,0,0,
2018Q3,,S08000020,,S12000033,,All Day cases,,1,,417,0,0,,416,0,0,
2018Q4,,S08000020,,S12000033,,All Day cases,,1,,417,0,0,,415,0,0,
2019Q1,,S08000020,,S12000033,,All Day cases,,1,,470,0,0,,467,0,0,
2019Q2,,S08000020,,S12000033,,All Day cases,,1,,471,0,0,,468,0,0,
2019Q3,,S08000020,,S12000033,,All Day cases,,1,,437,0,0,,435,0,0,
2019Q4,,S08000020,,S12000033,,All Day cases,,1,,474,0,0,,471,0,0,
2020Q1,,S08000020,,S12000033,,All Day cases,,1,,470,0,0,,469,0,0,
2020Q2,,S08000020,,S12000033,,All Day cases,,1,,63,0,0,,60,0,0,
2020Q3,,S08000020,,S12000033,,All Day cases,,1,,227,0,0,,225,0,0,
2020Q4,,S08000020,,S12000033,,All Day cases,,1,,294,0,0,,292,0,0,
2021Q1,,S08000020,,S12000033,,All Day cases,,1,,257,0,0,,256,0,0,
2021Q2,,S08000020,,S12000033,,All Day cases,,1,,354,0,0,,347,0,0,
2021Q3,,S08000020,,S12000033,,All Day cases,,1,,334,0,0,,329,0,0,
2021Q4,,S08000020,,S12000033,,All Day cases,,1,,333,0,0,,326,0,0,
2022Q1,,S08000020,,S12000033,,All Day cases,,1,,379,0,0,,377,0,0,
2022Q2,,S08000020,,S12000033,,All Day cases,,1,,367,0,0,,367,0,0,
2022Q3,,S08000020,,S12000033,,All Day cases,,1,,327,0,0,,325,0,0,
2022Q4,p,S08000020,,S12000033,,All Day cases,,1,,312,0,0,,311,0,0,
2017Q4,,S08000020,,S12000033,,All Day cases,,2,,915,0,0,,910,0,0,
2018Q1,,S08000020,,S12000033,,All Day cases,,2,,842,0,0,,838,0,0,
2018Q2,,S08000020,,S12000033,,All Day cases,,2,,862,0,0,,859,0,0,
2018Q3,,S08000020,,S12000033,,All Day cases,,2,,747,0,0,,742,0,0,
2018Q4,,S08000020,,S12000033,,All Day cases,,2,,903,0,0,,896,0,0,
2019Q1,,S08000020,,S12000033,,All Day cases,,2,,924,0,0,,924,0,0,
2019Q2,,S08000020,,S12000033,,All Day cases,,2,,939,0,0,,929,0,0,
2019Q3,,S08000020,,S12000033,,All Day cases,,2,,934,0,0,,924,0,0,
2019Q4,,S08000020,,S12000033,,All Day cases,,2,,940,0,0,,937,0,0,
2020Q1,,S08000020,,S12000033,,All Day cases,,2,,897,0,0,,886,0,0,
2020Q2,,S08000020,,S12000033,,All Day cases,,2,,151,0,0,,145,0,0,
2020Q3,,S08000020,,S12000033,,All Day cases,,2,,424,0,0,,419,0,0,
2020Q4,,S08000020,,S12000033,,All Day cases,,2,,584,0,0,,579,0,0,
2021Q1,,S08000020,,S12000033,,All Day cases,,2,,576,0,0,,575,0,0,
2021Q2,,S08000020,,S12000033,,All Day cases,,2,,728,0,0,,717,0,0,
2021Q3,,S08000020,,S12000033,,All Day cases,,2,,639,0,0,,632,0,0,
2021Q4,,S08000020,,S12000033,,All Day cases,,2,,655,0,0,,643,0,0,
2022Q1,,S08000020,,S12000033,,All Day cases,,2,,683,0,0,,679,0,0,
2022Q2,,S08000020,,S12000033,,All Day cases,,2,,689,0,0,,681,0,0,
2022Q3,,S08000020,,S12000033,,All Day cases,,2,,642,0,0,,634,0,0,
2022Q4,p,S08000020,,S12000033,,All Day cases,,2,,672,0,0,,667,0,0,
2017Q4,,S08000020,,S12000033,,All Day cases,,3,,544,0,0,,542,0,0,
2018Q1,,S08000020,,S12000033,,All Day cases,,3,,576,0,0,,572,0,0,
2018Q2,,S08000020,,S12000033,,All Day cases,,3,,557,0,0,,553,0,0,
2018Q3,,S08000020,,S12000033,,All Day cases,,3,,483,0,0,,479,0,0,
2018Q4,,S08000020,,S12000033,,All Day cases,,3,,484,0,0,,480,0,0,
2019Q1,,S08000020,,S12000033,,All Day cases,,3,,531,0,0,,526,0,0,
2019Q2,,S08000020,,S12000033,,All Day cases,,3,,560,0,0,,552,0,0,
2019Q3,,S08000020,,S12000033,,All Day cases,,3,,518,0,0,,511,0,0,
2019Q4,,S08000020,,S12000033,,All Day cases,,3,,581,0,0,,577,0,0,
2020Q1,,S08000020,,S12000033,,All Day cases,,3,,528,0,0,,523,0,0,
2020Q2,,S08000020,,S12000033,,All Day cases,,3,,76,0,0,,76,0,0,
2020Q3,,S08000020,,S12000033,,All Day cases,,3,,223,0,0,,222,0,0,
2020Q4,,S08000020,,S12000033,,All Day cases,,3,,355,0,0,,355,0,0,
2021Q1,,S08000020,,S12000033,,All Day cases,,3,,302,0,0,,300,0,0,
2021Q2,,S08000020,,S12000033,,All Day cases,,3,,421,0,0,,417,0,0,
2021Q3,,S08000020,,S12000033,,All Day cases,,3,,402,0,0,,397,0,0,
2021Q4,,S08000020,,S12000033,,All Day cases,,3,,388,0,0,,383,0,0,
2022Q1,,S08000020,,S12000033,,All Day cases,,3,,373,0,0,,371,0,0,
2022Q2,,S08000020,,S12000033,,All Day cases,,3,,447,0,0,,440,0,0,
2022Q3,,S08000020,,S12000033,,All Day cases,,3,,457,0,0,,450,0,0,
2022Q4,p,S08000020,,S12000033,,All Day cases,,3,,451,0,0,,449,0,0,
2017Q4,,S08000020,,S12000033,,All Day cases,,4,,475,0,0,,475,0,0,
2018Q1,,S08000020,,S12000033,,All Day cases,,4,,512,0,0,,509,0,0,
2018Q2,,S08000020,,S12000033,,All Day cases,,4,,451,0,0,,450,0,0,
2018Q3,,S08000020,,S12000033,,All Day cases,,4,,446,0,0,,443,0,0,
2018Q4,,S08000020,,S12000033,,All Day cases,,4,,427,0,0,,426,0,0,
2019Q1,,S08000020,,S12000033,,All Day cases,,4,,524,0,0,,521,0,0,
2019Q2,,S08000020,,S12000033,,All Day cases,,4,,484,0,0,,481,0,0,
2019Q3,,S08000020,,S12000033,,All Day cases,,4,,532,0,0,,527,0,0,
2019Q4,,S08000020,,S12000033,,All Day cases,,4,,564,0,0,,555,0,0,
2020Q1,,S08000020,,S12000033,,All Day cases,,4,,524,0,0,,517,0,0,
2020Q2,,S08000020,,S12000033,,All Day cases,,4,,81,0,0,,81,0,0,
2020Q3,,S08000020,,S12000033,,All Day cases,,4,,264,0,0,,263,0,0,
2020Q4,,S08000020,,S12000033,,All Day cases,,4,,337,0,0,,332,0,0,
2021Q1,,S08000020,,S12000033,,All Day cases,,4,,340,0,0,,336,0,0,
2021Q2,,S08000020,,S12000033,,All Day cases,,4,,427,0,0,,424,0,0,
2021Q3,,S08000020,,S12000033,,All Day cases,,4,,428,0,0,,422,0,0,
2021Q4,,S08000020,,S12000033,,All Day cases,,4,,436,0,0,,426,0,0,
2022Q1,,S08000020,,S12000033,,All Day cases,,4,,452,0,0,,449,0,0,
2022Q2,,S08000020,,S12000033,,All Day cases,,4,,439,0,0,,436,0,0,
2022Q3,,S08000020,,S12000033,,All Day cases,,4,,435,0,0,,434,0,0,
2022Q4,p,S08000020,,S12000033,,All Day cases,,4,,463,0,0,,456,0,0,
2017Q4,,S08000020,,S12000033,,All Day cases,,5,,1318,0,0,,1316,0,0,
2018Q1,,S08000020,,S12000033,,All Day cases,,5,,1075,0,0,,1072,0,0,
2018Q2,,S08000020,,S12000033,,All Day cases,,5,,1135,0,0,,1133,0,0,
2018Q3,,S08000020,,S12000033,,All Day cases,,5,,1069,0,0,,1058,0,0,
2018Q4,,S08000020,,S12000033,,All Day cases,,5,,1113,0,0,,1111,0,0,
2019Q1,,S08000020,,S12000033,,All Day cases,,5,,1193,0,0,,1188,0,0,
2019Q2,,S08000020,,S12000033,,All Day cases,,5,,1206,0,0,,1205,0,0,
2019Q3,,S08000020,,S12000033,,All Day cases,,5,,1193,0,0,,1178,0,0,
2019Q4,,S08000020,,S12000033,,All Day cases,,5,,1233,0,0,,1222,0,0,
2020Q1,,S08000020,,S12000033,,All Day cases,,5,,1080,0,0,,1065,0,0,
2020Q2,,S08000020,,S12000033,,All Day cases,,5,,206,0,0,,202,0,0,
2020Q3,,S08000020,,S12000033,,All Day cases,,5,,533,0,0,,526,0,0,
2020Q4,,S08000020,,S12000033,,All Day cases,,5,,740,0,0,,727,0,0,
2021Q1,,S08000020,,S12000033,,All Day cases,,5,,730,0,0,,725,0,0,
2021Q2,,S08000020,,S12000033,,All Day cases,,5,,945,0,0,,936,0,0,
2021Q3,,S08000020,,S12000033,,All Day cases,,5,,915,0,0,,904,0,0,
2021Q4,,S08000020,,S12000033,,All Day cases,,5,,846,0,0,,835,0,0,
2022Q1,,S08000020,,S12000033,,All Day cases,,5,,936,0,0,,925,0,0,
2022Q2,,S08000020,,S12000033,,All Day cases,,5,,950,0,0,,941,0,0,
2022Q3,,S08000020,,S12000033,,All Day cases,,5,,1106,0,0,,1095,0,0,
2022Q4,p,S08000020,,S12000033,,All Day cases,,5,,1101,0,0,,1093,0,0,
2017Q4,,S08000020,,S12000034,,All Day cases,,1,,131,0,0,,130,0,0,
2018Q1,,S08000020,,S12000034,,All Day cases,,1,,98,0,0,,98,0,0,
2018Q2,,S08000020,,S12000034,,All Day cases,,1,,109,0,0,,108,0,0,
2018Q3,,S08000020,,S12000034,,All Day cases,,1,,101,0,0,,100,0,0,
2018Q4,,S08000020,,S12000034,,All Day cases,,1,,108,0,0,,110,0,0,
2019Q1,,S08000020,,S12000034,,All Day cases,,1,,132,0,0,,131,0,0,
2019Q2,,S08000020,,S12000034,,All Day cases,,1,,142,0,0,,141,0,0,
2019Q3,,S08000020,,S12000034,,All Day cases,,1,,147,0,0,,145,0,0,
2019Q4,,S08000020,,S12000034,,All Day cases,,1,,142,0,0,,142,0,0,
2020Q1,,S08000020,,S12000034,,All Day cases,,1,,131,0,0,,130,0,0,
2020Q2,,S08000020,,S12000034,,All Day cases,,1,,20,0,0,,20,0,0,
2020Q3,,S08000020,,S12000034,,All Day cases,,1,,68,0,0,,66,0,0,
2020Q4,,S08000020,,S12000034,,All Day cases,,1,,80,0,0,,77,0,0,
2021Q1,,S08000020,,S12000034,,All Day cases,,1,,71,0,0,,71,0,0,
2021Q2,,S08000020,,S12000034,,All Day cases,,1,,115,0,0,,114,0,0,
2021Q3,,S08000020,,S12000034,,All Day cases,,1,,96,0,0,,92,0,0,
2021Q4,,S08000020,,S12000034,,All Day cases,,1,,90,0,0,,90,0,0,
2022Q1,,S08000020,,S12000034,,All Day cases,,1,,88,0,0,,85,0,0,
2022Q2,,S08000020,,S12000034,,All Day cases,,1,,110,0,0,,110,0,0,
2022Q3,,S08000020,,S12000034,,All Day cases,,1,,86,0,0,,85,0,0,
2022Q4,p,S08000020,,S12000034,,All Day cases,,1,,104,0,0,,100,0,0,
2017Q4,,S08000020,,S12000034,,All Day cases,,2,,457,0,0,,453,0,0,
2018Q1,,S08000020,,S12000034,,All Day cases,,2,,433,0,0,,428,0,0,
2018Q2,,S08000020,,S12000034,,All Day cases,,2,,442,0,0,,439,0,0,
2018Q3,,S08000020,,S12000034,,All Day cases,,2,,388,0,0,,383,0,0,
2018Q4,,S08000020,,S12000034,,All Day cases,,2,,446,0,0,,444,0,0,
2019Q1,,S08000020,,S12000034,,All Day cases,,2,,444,0,0,,442,0,0,
2019Q2,,S08000020,,S12000034,,All Day cases,,2,,513,0,0,,510,0,0,
2019Q3,,S08000020,,S12000034,,All Day cases,,2,,498,0,0,,491,0,0,
2019Q4,,S08000020,,S12000034,,All Day cases,,2,,522,0,0,,520,0,0,
2020Q1,,S08000020,,S12000034,,All Day cases,,2,,460,0,0,,452,0,0,
2020Q2,,S08000020,,S12000034,,All Day cases,,2,,93,0,0,,89,0,0,
2020Q3,,S08000020,,S12000034,,All Day cases,,2,,230,0,0,,225,0,0,
2020Q4,,S08000020,,S12000034,,All Day cases,,2,,312,0,0,,306,0,0,
2021Q1,,S08000020,,S12000034,,All Day cases,,2,,286,0,0,,284,0,0,
2021Q2,,S08000020,,S12000034,,All Day cases,,2,,410,0,0,,406,0,0,
2021Q3,,S08000020,,S12000034,,All Day cases,,2,,333,0,0,,329,0,0,
2021Q4,,S08000020,,S12000034,,All Day cases,,2,,346,0,0,,343,0,0,
2022Q1,,S08000020,,S12000034,,All Day cases,,2,,357,0,0,,354,0,0,
2022Q2,,S08000020,,S12000034,,All Day cases,,2,,450,0,0,,446,0,0,
2022Q3,,S08000020,,S12000034,,All Day cases,,2,,405,0,0,,399,0,0,
2022Q4,p,S08000020,,S12000034,,All Day cases,,2,,426,0,0,,423,0,0,
2017Q4,,S08000020,,S12000034,,All Day cases,,3,,930,0,0,,928,0,0,
2018Q1,,S08000020,,S12000034,,All Day cases,,3,,790,0,0,,786,0,0,
2018Q2,,S08000020,,S12000034,,All Day cases,,3,,907,0,0,,897,0,0,
2018Q3,,S08000020,,S12000034,,All Day cases,,3,,815,0,0,,808,0,0,
2018Q4,,S08000020,,S12000034,,All Day cases,,3,,881,0,0,,875,0,0,
2019Q1,,S08000020,,S12000034,,All Day cases,,3,,1009,0,0,,1005,0,0,
2019Q2,,S08000020,,S12000034,,All Day cases,,3,,1016,0,0,,1012,0,0,
2019Q3,,S08000020,,S12000034,,All Day cases,,3,,941,0,0,,935,0,0,
2019Q4,,S08000020,,S12000034,,All Day cases,,3,,1036,0,0,,1028,0,0,
2020Q1,,S08000020,,S12000034,,All Day cases,,3,,1017,0,0,,1010,0,0,
2020Q2,,S08000020,,S12000034,,All Day cases,,3,,184,0,0,,183,0,0,
2020Q3,,S08000020,,S12000034,,All Day cases,,3,,472,0,0,,468,0,0,
2020Q4,,S08000020,,S12000034,,All Day cases,,3,,619,0,0,,613,0,0,
2021Q1,,S08000020,,S12000034,,All Day cases,,3,,555,0,0,,546,0,0,
2021Q2,,S08000020,,S12000034,,All Day cases,,3,,757,0,0,,753,0,0,
2021Q3,,S08000020,,S12000034,,All Day cases,,3,,737,0,0,,731,0,0,
2021Q4,,S08000020,,S12000034,,All Day cases,,3,,742,0,0,,731,0,0,
2022Q1,,S08000020,,S12000034,,All Day cases,,3,,762,0,0,,759,0,0,
2022Q2,,S08000020,,S12000034,,All Day cases,,3,,835,0,0,,823,0,0,
2022Q3,,S08000020,,S12000034,,All Day cases,,3,,820,0,0,,815,0,0,
2022Q4,p,S08000020,,S12000034,,All Day cases,,3,,871,0,0,,854,0,0,
2017Q4,,S08000020,,S12000034,,All Day cases,,4,,1549,0,0,,1546,0,0,
2018Q1,,S08000020,,S12000034,,All Day cases,,4,,1567,0,0,,1560,0,0,
2018Q2,,S08000020,,S12000034,,All Day cases,,4,,1467,0,0,,1454,0,0,
2018Q3,,S08000020,,S12000034,,All Day cases,,4,,1443,0,0,,1432,0,0,
2018Q4,,S08000020,,S12000034,,All Day cases,,4,,1518,0,0,,1506,0,0,
2019Q1,,S08000020,,S12000034,,All Day cases,,4,,1587,0,0,,1581,0,0,
2019Q2,,S08000020,,S12000034,,All Day cases,,4,,1640,0,0,,1630,0,0,
2019Q3,,S08000020,,S12000034,,All Day cases,,4,,1614,0,0,,1603,0,0,
2019Q4,,S08000020,,S12000034,,All Day cases,,4,,1644,0,0,,1633,0,0,
2020Q1,,S08000020,,S12000034,,All Day cases,,4,,1610,0,0,,1592,0,0,
2020Q2,,S08000020,,S12000034,,All Day cases,,4,,294,0,0,,292,0,0,
2020Q3,,S08000020,,S12000034,,All Day cases,,4,,756,0,0,,752,0,0,
2020Q4,,S08000020,,S12000034,,All Day cases,,4,,1007,0,0,,992,0,0,
2021Q1,,S08000020,,S12000034,,All Day cases,,4,,926,0,0,,921,0,0,
2021Q2,,S08000020,,S12000034,,All Day cases,,4,,1195,0,0,,1180,0,0,
2021Q3,,S08000020,,S12000034,,All Day cases,,4,,1224,0,0,,1213,0,0,
2021Q4,,S08000020,,S12000034,,All Day cases,,4,,1233,0,0,,1221,0,0,
2022Q1,,S08000020,,S12000034,,All Day cases,,4,,1255,0,0,,1238,0,0,
2022Q2,,S08000020,,S12000034,,All Day cases,,4,,1440,0,0,,1419,0,0,
2022Q3,,S08000020,,S12000034,,All Day cases,,4,,1571,0,0,,1549,0,0,
2022Q4,p,S08000020,,S12000034,,All Day cases,,4,,1598,0,0,,1589,0,0,
2017Q4,,S08000020,,S12000034,,All Day cases,,5,,1105,0,0,,1099,0,0,
2018Q1,,S08000020,,S12000034,,All Day cases,,5,,1098,0,0,,1096,0,0,
2018Q2,,S08000020,,S12000034,,All Day cases,,5,,1058,0,0,,1057,0,0,
2018Q3,,S08000020,,S12000034,,All Day cases,,5,,926,0,0,,914,0,0,
2018Q4,,S08000020,,S12000034,,All Day cases,,5,,975,0,0,,974,0,0,
2019Q1,,S08000020,,S12000034,,All Day cases,,5,,1071,0,0,,1067,0,0,
2019Q2,,S08000020,,S12000034,,All Day cases,,5,,1081,0,0,,1072,0,0,
2019Q3,,S08000020,,S12000034,,All Day cases,,5,,1070,0,0,,1064,0,0,
2019Q4,,S08000020,,S12000034,,All Day cases,,5,,1110,0,0,,1094,0,0,
2020Q1,,S08000020,,S12000034,,All Day cases,,5,,1112,0,0,,1108,0,0,
2020Q2,,S08000020,,S12000034,,All Day cases,,5,,199,0,0,,195,0,0,
2020Q3,,S08000020,,S12000034,,All Day cases,,5,,506,0,0,,504,0,0,
2020Q4,,S08000020,,S12000034,,All Day cases,,5,,701,0,0,,698,0,0,
2021Q1,,S08000020,,S12000034,,All Day cases,,5,,637,0,0,,630,0,0,
2021Q2,,S08000020,,S12000034,,All Day cases,,5,,772,0,0,,767,0,0,
2021Q3,,S08000020,,S12000034,,All Day cases,,5,,734,0,0,,722,0,0,
2021Q4,,S08000020,,S12000034,,All Day cases,,5,,834,0,0,,826,0,0,
2022Q1,,S08000020,,S12000034,,All Day cases,,5,,912,0,0,,905,0,0,
2022Q2,,S08000020,,S12000034,,All Day cases,,5,,935,0,0,,931,0,0,
2022Q3,,S08000020,,S12000034,,All Day cases,,5,,1160,0,0,,1145,0,0,
2022Q4,p,S08000020,,S12000034,,All Day cases,,5,,1154,0,0,,1147,0,0,
2017Q4,,S08000020,,S12000020,,All Day cases,,1,,54,0,0,,54,0,0,
2018Q1,,S08000020,,S12000020,,All Day cases,,1,,57,0,0,,57,0,0,
2018Q2,,S08000020,,S12000020,,All Day cases,,1,,62,0,0,,62,0,0,
2018Q3,,S08000020,,S12000020,,All Day cases,,1,,45,0,0,,45,0,0,
2018Q4,,S08000020,,S12000020,,All Day cases,,1,,57,0,0,,55,0,0,
2019Q1,,S08000020,,S12000020,,All Day cases,,1,,64,0,0,,63,0,0,
2019Q2,,S08000020,,S12000020,,All Day cases,,1,,70,0,0,,70,0,0,
2019Q3,,S08000020,,S12000020,,All Day cases,,1,,86,0,0,,86,0,0,
2019Q4,,S08000020,,S12000020,,All Day cases,,1,,71,0,0,,71,0,0,
2020Q1,,S08000020,,S12000020,,All Day cases,,1,,57,0,0,,54,0,0,
2020Q2,,S08000020,,S12000020,,All Day cases,,1,,35,0,0,,35,0,0,
2020Q3,,S08000020,,S12000020,,All Day cases,,1,,61,0,0,,61,0,0,
2020Q4,,S08000020,,S12000020,,All Day cases,,1,,57,0,0,,57,0,0,
2021Q1,,S08000020,,S12000020,,All Day cases,,1,,44,0,0,,44,0,0,
2021Q2,,S08000020,,S12000020,,All Day cases,,1,,50,0,0,,50,0,0,
2021Q3,,S08000020,,S12000020,,All Day cases,,1,,47,0,0,,45,0,0,
2021Q4,,S08000020,,S12000020,,All Day cases,,1,,45,0,0,,45,0,0,
2022Q1,,S08000020,,S12000020,,All Day cases,,1,,36,0,0,,35,0,0,
2022Q2,,S08000020,,S12000020,,All Day cases,,1,,47,0,0,,45,0,0,
2022Q3,,S08000020,,S12000020,,All Day cases,,1,,36,0,0,,35,0,0,
2022Q4,p,S08000020,,S12000020,,All Day cases,,1,,43,0,0,,45,0,0,
2017Q4,,S08000020,,S12000020,,All Day cases,,2,,296,0,0,,295,0,0,
2018Q1,,S08000020,,S12000020,,All Day cases,,2,,252,0,0,,249,0,0,
2018Q2,,S08000020,,S12000020,,All Day cases,,2,,302,0,0,,298,0,0,
2018Q3,,S08000020,,S12000020,,All Day cases,,2,,336,0,0,,329,0,0,
2018Q4,,S08000020,,S12000020,,All Day cases,,2,,338,0,0,,336,0,0,
2019Q1,,S08000020,,S12000020,,All Day cases,,2,,342,0,0,,340,0,0,
2019Q2,,S08000020,,S12000020,,All Day cases,,2,,373,0,0,,372,0,0,
2019Q3,,S08000020,,S12000020,,All Day cases,,2,,337,0,0,,334,0,0,
2019Q4,,S08000020,,S12000020,,All Day cases,,2,,339,0,0,,335,0,0,
2020Q1,,S08000020,,S12000020,,All Day cases,,2,,337,0,0,,335,0,0,
2020Q2,,S08000020,,S12000020,,All Day cases,,2,,128,0,0,,127,0,0,
2020Q3,,S08000020,,S12000020,,All Day cases,,2,,180,0,0,,180,0,0,
2020Q4,,S08000020,,S12000020,,All Day cases,,2,,286,0,0,,279,0,0,
2021Q1,,S08000020,,S12000020,,All Day cases,,2,,228,0,0,,227,0,0,
2021Q2,,S08000020,,S12000020,,All Day cases,,2,,271,0,0,,270,0,0,
2021Q3,,S08000020,,S12000020,,All Day cases,,2,,260,0,0,,259,0,0,
2021Q4,,S08000020,,S12000020,,All Day cases,,2,,280,0,0,,278,0,0,
2022Q1,,S08000020,,S12000020,,All Day cases,,2,,249,0,0,,247,0,0,
2022Q2,,S08000020,,S12000020,,All Day cases,,2,,281,0,0,,280,0,0,
2022Q3,,S08000020,,S12000020,,All Day cases,,2,,229,0,0,,228,0,0,
2022Q4,p,S08000020,,S12000020,,All Day cases,,2,,280,0,0,,277,0,0,
2017Q4,,S08000020,,S12000020,,All Day cases,,3,,632,0,0,,624,0,0,
2018Q1,,S08000020,,S12000020,,All Day cases,,3,,601,0,0,,598,0,0,
2018Q2,,S08000020,,S12000020,,All Day cases,,3,,688,0,0,,686,0,0,
2018Q3,,S08000020,,S12000020,,All Day cases,,3,,689,0,0,,688,0,0,
2018Q4,,S08000020,,S12000020,,All Day cases,,3,,737,0,0,,735,0,0,
2019Q1,,S08000020,,S12000020,,All Day cases,,3,,726,0,0,,724,0,0,
2019Q2,,S08000020,,S12000020,,All Day cases,,3,,800,0,0,,793,0,0,
2019Q3,,S08000020,,S12000020,,All Day cases,,3,,759,0,0,,754,0,0,
2019Q4,,S08000020,,S12000020,,All Day cases,,3,,777,0,0,,772,0,0,
2020Q1,,S08000020,,S12000020,,All Day cases,,3,,765,0,0,,757,0,0,
2020Q2,,S08000020,,S12000020,,All Day cases,,3,,292,0,0,,286,0,0,
2020Q3,,S08000020,,S12000020,,All Day cases,,3,,409,0,0,,404,0,0,
2020Q4,,S08000020,,S12000020,,All Day cases,,3,,631,0,0,,628,0,0,
2021Q1,,S08000020,,S12000020,,All Day cases,,3,,627,0,0,,625,0,0,
2021Q2,,S08000020,,S12000020,,All Day cases,,3,,688,0,0,,683,0,0,
2021Q3,,S08000020,,S12000020,,All Day cases,,3,,593,0,0,,590,0,0,
2021Q4,,S08000020,,S12000020,,All Day cases,,3,,649,0,0,,646,0,0,
2022Q1,,S08000020,,S12000020,,All Day cases,,3,,618,0,0,,614,0,0,
2022Q2,,S08000020,,S12000020,,All Day cases,,3,,726,0,0,,721,0,0,
2022Q3,,S08000020,,S12000020,,All Day cases,,3,,605,0,0,,604,0,0,
2022Q4,p,S08000020,,S12000020,,All Day cases,,3,,595,0,0,,592,0,0,
2017Q4,,S08000020,,S12000020,,All Day cases,,4,,679,0,0,,676,0,0,
2018Q1,,S08000020,,S12000020,,All Day cases,,4,,657,0,0,,655,0,0,
2018Q2,,S08000020,,S12000020,,All Day cases,,4,,711,0,0,,706,0,0,
2018Q3,,S08000020,,S12000020,,All Day cases,,4,,721,0,0,,716,0,0,
2018Q4,,S08000020,,S12000020,,All Day cases,,4,,786,0,0,,779,0,0,
2019Q1,,S08000020,,S12000020,,All Day cases,,4,,788,0,0,,786,0,0,
2019Q2,,S08000020,,S12000020,,All Day cases,,4,,781,0,0,,776,0,0,
2019Q3,,S08000020,,S12000020,,All Day cases,,4,,801,0,0,,798,0,0,
2019Q4,,S08000020,,S12000020,,All Day cases,,4,,820,0,0,,809,0,0,
2020Q1,,S08000020,,S12000020,,All Day cases,,4,,834,0,0,,826,0,0,
2020Q2,,S08000020,,S12000020,,All Day cases,,4,,298,0,0,,294,0,0,
2020Q3,,S08000020,,S12000020,,All Day cases,,4,,486,0,0,,483,0,0,
2020Q4,,S08000020,,S12000020,,All Day cases,,4,,677,0,0,,668,0,0,
2021Q1,,S08000020,,S12000020,,All Day cases,,4,,671,0,0,,668,0,0,
2021Q2,,S08000020,,S12000020,,All Day cases,,4,,773,0,0,,764,0,0,
2021Q3,,S08000020,,S12000020,,All Day cases,,4,,739,0,0,,727,0,0,
2021Q4,,S08000020,,S12000020,,All Day cases,,4,,679,0,0,,677,0,0,
2022Q1,,S08000020,,S12000020,,All Day cases,,4,,658,0,0,,653,0,0,
2022Q2,,S08000020,,S12000020,,All Day cases,,4,,766,0,0,,761,0,0,
2022Q3,,S08000020,,S12000020,,All Day cases,,4,,714,0,0,,706,0,0,
2022Q4,p,S08000020,,S12000020,,All Day cases,,4,,717,0,0,,713,0,0,
2017Q4,,S08000020,,S12000020,,All Day cases,,5,,188,0,0,,188,0,0,
2018Q1,,S08000020,,S12000020,,All Day cases,,5,,209,0,0,,208,0,0,
2018Q2,,S08000020,,S12000020,,All Day cases,,5,,261,0,0,,260,0,0,
2018Q3,,S08000020,,S12000020,,All Day cases,,5,,253,0,0,,250,0,0,
2018Q4,,S08000020,,S12000020,,All Day cases,,5,,241,0,0,,240,0,0,
2019Q1,,S08000020,,S12000020,,All Day cases,,5,,256,0,0,,256,0,0,
2019Q2,,S08000020,,S12000020,,All Day cases,,5,,250,0,0,,248,0,0,
2019Q3,,S08000020,,S12000020,,All Day cases,,5,,257,0,0,,251,0,0,
2019Q4,,S08000020,,S12000020,,All Day cases,,5,,249,0,0,,247,0,0,
2020Q1,,S08000020,,S12000020,,All Day cases,,5,,283,0,0,,280,0,0,
2020Q2,,S08000020,,S12000020,,All Day cases,,5,,109,0,0,,109,0,0,
2020Q3,,S08000020,,S12000020,,All Day cases,,5,,156,0,0,,156,0,0,
2020Q4,,S08000020,,S12000020,,All Day cases,,5,,199,0,0,,197,0,0,
2021Q1,,S08000020,,S12000020,,All Day cases,,5,,187,0,0,,184,0,0,
2021Q2,,S08000020,,S12000020,,All Day cases,,5,,183,0,0,,182,0,0,
2021Q3,,S08000020,,S12000020,,All Day cases,,5,,191,0,0,,190,0,0,
2021Q4,,S08000020,,S12000020,,All Day cases,,5,,195,0,0,,194,0,0,
2022Q1,,S08000020,,S12000020,,All Day cases,,5,,220,0,0,,219,0,0,
2022Q2,,S08000020,,S12000020,,All Day cases,,5,,196,0,0,,194,0,0,
2022Q3,,S08000020,,S12000020,,All Day cases,,5,,176,0,0,,175,0,0,
2022Q4,p,S08000020,,S12000020,,All Day cases,,5,,185,0,0,,180,0,0,
2017Q4,,S08000020,,S08000020,d,All Day cases,,1,,590,0,0,,587,0,0,
2018Q1,,S08000020,,S08000020,d,All Day cases,,1,,554,0,0,,554,0,0,
2018Q2,,S08000020,,S08000020,d,All Day cases,,1,,588,0,0,,585,0,0,
2018Q3,,S08000020,,S08000020,d,All Day cases,,1,,563,0,0,,561,0,0,
2018Q4,,S08000020,,S08000020,d,All Day cases,,1,,582,0,0,,580,0,0,
2019Q1,,S08000020,,S08000020,d,All Day cases,,1,,666,0,0,,661,0,0,
2019Q2,,S08000020,,S08000020,d,All Day cases,,1,,683,0,0,,679,0,0,
2019Q3,,S08000020,,S08000020,d,All Day cases,,1,,670,0,0,,666,0,0,
2019Q4,,S08000020,,S08000020,d,All Day cases,,1,,687,0,0,,684,0,0,
2020Q1,,S08000020,,S08000020,d,All Day cases,,1,,658,0,0,,653,0,0,
2020Q2,,S08000020,,S08000020,d,All Day cases,,1,,118,0,0,,117,0,0,
2020Q3,,S08000020,,S08000020,d,All Day cases,,1,,356,0,0,,352,0,0,
2020Q4,,S08000020,,S08000020,d,All Day cases,,1,,431,0,0,,426,0,0,
2021Q1,,S08000020,,S08000020,d,All Day cases,,1,,372,0,0,,371,0,0,
2021Q2,,S08000020,,S08000020,d,All Day cases,,1,,519,0,0,,511,0,0,
2021Q3,,S08000020,,S08000020,d,All Day cases,,1,,477,0,0,,466,0,0,
2021Q4,,S08000020,,S08000020,d,All Day cases,,1,,468,0,0,,461,0,0,
2022Q1,,S08000020,,S08000020,d,All Day cases,,1,,503,0,0,,500,0,0,
2022Q2,,S08000020,,S08000020,d,All Day cases,,1,,524,0,0,,524,0,0,
2022Q3,,S08000020,,S08000020,d,All Day cases,,1,,449,0,0,,444,0,0,
2022Q4,p,S08000020,,S08000020,d,All Day cases,,1,,459,0,0,,456,0,0,
2017Q4,,S08000020,,S08000020,d,All Day cases,,2,,1668,0,0,,1658,0,0,
2018Q1,,S08000020,,S08000020,d,All Day cases,,2,,1527,0,0,,1515,0,0,
2018Q2,,S08000020,,S08000020,d,All Day cases,,2,,1606,0,0,,1596,0,0,
2018Q3,,S08000020,,S08000020,d,All Day cases,,2,,1471,0,0,,1454,0,0,
2018Q4,,S08000020,,S08000020,d,All Day cases,,2,,1687,0,0,,1676,0,0,
2019Q1,,S08000020,,S08000020,d,All Day cases,,2,,1710,0,0,,1706,0,0,
2019Q2,,S08000020,,S08000020,d,All Day cases,,2,,1825,0,0,,1811,0,0,
2019Q3,,S08000020,,S08000020,d,All Day cases,,2,,1769,0,0,,1749,0,0,
2019Q4,,S08000020,,S08000020,d,All Day cases,,2,,1801,0,0,,1792,0,0,
2020Q1,,S08000020,,S08000020,d,All Day cases,,2,,1694,0,0,,1673,0,0,
2020Q2,,S08000020,,S08000020,d,All Day cases,,2,,372,0,0,,361,0,0,
2020Q3,,S08000020,,S08000020,d,All Day cases,,2,,834,0,0,,824,0,0,
2020Q4,,S08000020,,S08000020,d,All Day cases,,2,,1182,0,0,,1164,0,0,
2021Q1,,S08000020,,S08000020,d,All Day cases,,2,,1090,0,0,,1086,0,0,
2021Q2,,S08000020,,S08000020,d,All Day cases,,2,,1409,0,0,,1393,0,0,
2021Q3,,S08000020,,S08000020,d,All Day cases,,2,,1232,0,0,,1220,0,0,
2021Q4,,S08000020,,S08000020,d,All Day cases,,2,,1281,0,0,,1264,0,0,
2022Q1,,S08000020,,S08000020,d,All Day cases,,2,,1289,0,0,,1280,0,0,
2022Q2,,S08000020,,S08000020,d,All Day cases,,2,,1420,0,0,,1407,0,0,
2022Q3,,S08000020,,S08000020,d,All Day cases,,2,,1276,0,0,,1261,0,0,
2022Q4,p,S08000020,,S08000020,d,All Day cases,,2,,1378,0,0,,1367,0,0,
2017Q4,,S08000020,,S08000020,d,All Day cases,,3,,2106,0,0,,2094,0,0,
2018Q1,,S08000020,,S08000020,d,All Day cases,,3,,1967,0,0,,1956,0,0,
2018Q2,,S08000020,,S08000020,d,All Day cases,,3,,2152,0,0,,2136,0,0,
2018Q3,,S08000020,,S08000020,d,All Day cases,,3,,1987,0,0,,1975,0,0,
2018Q4,,S08000020,,S08000020,d,All Day cases,,3,,2102,0,0,,2090,0,0,
2019Q1,,S08000020,,S08000020,d,All Day cases,,3,,2266,0,0,,2255,0,0,
2019Q2,,S08000020,,S08000020,d,All Day cases,,3,,2376,0,0,,2357,0,0,
2019Q3,,S08000020,,S08000020,d,All Day cases,,3,,2218,0,0,,2200,0,0,
2019Q4,,S08000020,,S08000020,d,All Day cases,,3,,2394,0,0,,2377,0,0,
2020Q1,,S08000020,,S08000020,d,All Day cases,,3,,2310,0,0,,2290,0,0,
2020Q2,,S08000020,,S08000020,d,All Day cases,,3,,552,0,0,,545,0,0,
2020Q3,,S08000020,,S08000020,d,All Day cases,,3,,1104,0,0,,1094,0,0,
2020Q4,,S08000020,,S08000020,d,All Day cases,,3,,1605,0,0,,1596,0,0,
2021Q1,,S08000020,,S08000020,d,All Day cases,,3,,1484,0,0,,1471,0,0,
2021Q2,,S08000020,,S08000020,d,All Day cases,,3,,1866,0,0,,1853,0,0,
2021Q3,,S08000020,,S08000020,d,All Day cases,,3,,1732,0,0,,1718,0,0,
2021Q4,,S08000020,,S08000020,d,All Day cases,,3,,1779,0,0,,1760,0,0,
2022Q1,,S08000020,,S08000020,d,All Day cases,,3,,1753,0,0,,1744,0,0,
2022Q2,,S08000020,,S08000020,d,All Day cases,,3,,2008,0,0,,1984,0,0,
2022Q3,,S08000020,,S08000020,d,All Day cases,,3,,1882,0,0,,1869,0,0,
2022Q4,p,S08000020,,S08000020,d,All Day cases,,3,,1917,0,0,,1895,0,0,
2017Q4,,S08000020,,S08000020,d,All Day cases,,4,,2703,0,0,,2697,0,0,
2018Q1,,S08000020,,S08000020,d,All Day cases,,4,,2736,0,0,,2724,0,0,
2018Q2,,S08000020,,S08000020,d,All Day cases,,4,,2629,0,0,,2610,0,0,
2018Q3,,S08000020,,S08000020,d,All Day cases,,4,,2610,0,0,,2591,0,0,
2018Q4,,S08000020,,S08000020,d,All Day cases,,4,,2731,0,0,,2711,0,0,
2019Q1,,S08000020,,S08000020,d,All Day cases,,4,,2899,0,0,,2888,0,0,
2019Q2,,S08000020,,S08000020,d,All Day cases,,4,,2905,0,0,,2887,0,0,
2019Q3,,S08000020,,S08000020,d,All Day cases,,4,,2947,0,0,,2928,0,0,
2019Q4,,S08000020,,S08000020,d,All Day cases,,4,,3028,0,0,,2997,0,0,
2020Q1,,S08000020,,S08000020,d,All Day cases,,4,,2968,0,0,,2935,0,0,
2020Q2,,S08000020,,S08000020,d,All Day cases,,4,,673,0,0,,667,0,0,
2020Q3,,S08000020,,S08000020,d,All Day cases,,4,,1506,0,0,,1498,0,0,
2020Q4,,S08000020,,S08000020,d,All Day cases,,4,,2021,0,0,,1992,0,0,
2021Q1,,S08000020,,S08000020,d,All Day cases,,4,,1937,0,0,,1925,0,0,
2021Q2,,S08000020,,S08000020,d,All Day cases,,4,,2395,0,0,,2368,0,0,
2021Q3,,S08000020,,S08000020,d,All Day cases,,4,,2391,0,0,,2362,0,0,
2021Q4,,S08000020,,S08000020,d,All Day cases,,4,,2348,0,0,,2324,0,0,
2022Q1,,S08000020,,S08000020,d,All Day cases,,4,,2365,0,0,,2340,0,0,
2022Q2,,S08000020,,S08000020,d,All Day cases,,4,,2645,0,0,,2616,0,0,
2022Q3,,S08000020,,S08000020,d,All Day cases,,4,,2720,0,0,,2689,0,0,
2022Q4,p,S08000020,,S08000020,d,All Day cases,,4,,2778,0,0,,2758,0,0,
2017Q4,,S08000020,,S08000020,d,All Day cases,,5,,2611,0,0,,2603,0,0,
2018Q1,,S08000020,,S08000020,d,All Day cases,,5,,2382,0,0,,2376,0,0,
2018Q2,,S08000020,,S08000020,d,All Day cases,,5,,2454,0,0,,2450,0,0,
2018Q3,,S08000020,,S08000020,d,All Day cases,,5,,2248,0,0,,2222,0,0,
2018Q4,,S08000020,,S08000020,d,All Day cases,,5,,2329,0,0,,2325,0,0,
2019Q1,,S08000020,,S08000020,d,All Day cases,,5,,2520,0,0,,2511,0,0,
2019Q2,,S08000020,,S08000020,d,All Day cases,,5,,2537,0,0,,2525,0,0,
2019Q3,,S08000020,,S08000020,d,All Day cases,,5,,2520,0,0,,2493,0,0,
2019Q4,,S08000020,,S08000020,d,All Day cases,,5,,2592,0,0,,2563,0,0,
2020Q1,,S08000020,,S08000020,d,All Day cases,,5,,2475,0,0,,2453,0,0,
2020Q2,,S08000020,,S08000020,d,All Day cases,,5,,514,0,0,,506,0,0,
2020Q3,,S08000020,,S08000020,d,All Day cases,,5,,1195,0,0,,1186,0,0,
2020Q4,,S08000020,,S08000020,d,All Day cases,,5,,1640,0,0,,1622,0,0,
2021Q1,,S08000020,,S08000020,d,All Day cases,,5,,1554,0,0,,1539,0,0,
2021Q2,,S08000020,,S08000020,d,All Day cases,,5,,1900,0,0,,1885,0,0,
2021Q3,,S08000020,,S08000020,d,All Day cases,,5,,1840,0,0,,1816,0,0,
2021Q4,,S08000020,,S08000020,d,All Day cases,,5,,1875,0,0,,1855,0,0,
2022Q1,,S08000020,,S08000020,d,All Day cases,,5,,2068,0,0,,2049,0,0,
2022Q2,,S08000020,,S08000020,d,All Day cases,,5,,2081,0,0,,2066,0,0,
2022Q3,,S08000020,,S08000020,d,All Day cases,,5,,2442,0,0,,2415,0,0,
2022Q4,p,S08000020,,S08000020,d,All Day cases,,5,,2440,0,0,,2420,0,0,
2017Q4,,S08000031,,S12000045,,All Day cases,,1,,163,0,0,,159,0,0,
2018Q1,,S08000031,,S12000045,,All Day cases,,1,,101,0,0,,101,0,0,
2018Q2,,S08000031,,S12000045,,All Day cases,,1,,128,0,0,,125,0,0,
2018Q3,,S08000031,,S12000045,,All Day cases,,1,,133,0,0,,132,0,0,
2018Q4,,S08000031,,S12000045,,All Day cases,,1,,115,0,0,,115,0,0,
2019Q1,,S08000031,,S12000045,,All Day cases,,1,,115,0,0,,114,0,0,
2019Q2,,S08000031,,S12000045,,All Day cases,,1,,116,0,0,,115,0,0,
2019Q3,,S08000031,,S12000045,,All Day cases,,1,,128,0,0,,128,0,0,
2019Q4,,S08000031,,S12000045,,All Day cases,,1,,157,0,0,,157,0,0,
2020Q1,,S08000031,,S12000045,,All Day cases,,1,,136,0,0,,134,0,0,
2020Q2,,S08000031,,S12000045,,All Day cases,,1,,18,0,0,,18,0,0,
2020Q3,,S08000031,,S12000045,,All Day cases,,1,,63,0,0,,63,0,0,
2020Q4,,S08000031,,S12000045,,All Day cases,,1,,100,0,0,,99,0,0,
2021Q1,,S08000031,,S12000045,,All Day cases,,1,,101,0,0,,101,0,0,
2021Q2,,S08000031,,S12000045,,All Day cases,,1,,108,0,0,,108,0,0,
2021Q3,,S08000031,,S12000045,,All Day cases,,1,,118,0,0,,118,0,0,
2021Q4,,S08000031,,S12000045,,All Day cases,,1,,124,0,0,,123,0,0,
2022Q1,,S08000031,,S12000045,,All Day cases,,1,,115,0,0,,114,0,0,
2022Q2,,S08000031,,S12000045,,All Day cases,,1,,124,0,0,,124,0,0,
2022Q3,,S08000031,,S12000045,,All Day cases,,1,,134,0,0,,134,0,0,
2022Q4,p,S08000031,,S12000045,,All Day cases,,1,,149,0,0,,149,0,0,
2017Q4,,S08000031,,S12000045,,All Day cases,,2,,650,0,0,,644,0,0,
2018Q1,,S08000031,,S12000045,,All Day cases,,2,,621,0,0,,616,0,0,
2018Q2,,S08000031,,S12000045,,All Day cases,,2,,692,0,0,,688,0,0,
2018Q3,,S08000031,,S12000045,,All Day cases,,2,,687,0,0,,682,0,0,
2018Q4,,S08000031,,S12000045,,All Day cases,,2,,709,0,0,,708,0,0,
2019Q1,,S08000031,,S12000045,,All Day cases,,2,,657,0,0,,654,0,0,
2019Q2,,S08000031,,S12000045,,All Day cases,,2,,574,0,0,,571,0,0,
2019Q3,,S08000031,,S12000045,,All Day cases,,2,,607,0,0,,607,0,0,
2019Q4,,S08000031,,S12000045,,All Day cases,,2,,721,0,0,,720,0,0,
2020Q1,,S08000031,,S12000045,,All Day cases,,2,,567,0,0,,563,0,0,
2020Q2,,S08000031,,S12000045,,All Day cases,,2,,168,0,0,,165,0,0,
2020Q3,,S08000031,,S12000045,,All Day cases,,2,,331,0,0,,331,0,0,
2020Q4,,S08000031,,S12000045,,All Day cases,,2,,438,0,0,,434,0,0,
2021Q1,,S08000031,,S12000045,,All Day cases,,2,,401,0,0,,398,0,0,
2021Q2,,S08000031,,S12000045,,All Day cases,,2,,468,0,0,,466,0,0,
2021Q3,,S08000031,,S12000045,,All Day cases,,2,,420,0,0,,418,0,0,
2021Q4,,S08000031,,S12000045,,All Day cases,,2,,568,0,0,,567,0,0,
2022Q1,,S08000031,,S12000045,,All Day cases,,2,,523,0,0,,518,0,0,
2022Q2,,S08000031,,S12000045,,All Day cases,,2,,607,0,0,,607,0,0,
2022Q3,,S08000031,,S12000045,,All Day cases,,2,,601,0,0,,599,0,0,
2022Q4,p,S08000031,,S12000045,,All Day cases,,2,,610,0,0,,610,0,0,
2017Q4,,S08000031,,S12000045,,All Day cases,,3,,261,0,0,,260,0,0,
2018Q1,,S08000031,,S12000045,,All Day cases,,3,,261,0,0,,258,0,0,
2018Q2,,S08000031,,S12000045,,All Day cases,,3,,283,0,0,,283,0,0,
2018Q3,,S08000031,,S12000045,,All Day cases,,3,,292,0,0,,292,0,0,
2018Q4,,S08000031,,S12000045,,All Day cases,,3,,248,0,0,,248,0,0,
2019Q1,,S08000031,,S12000045,,All Day cases,,3,,249,0,0,,249,0,0,
2019Q2,,S08000031,,S12000045,,All Day cases,,3,,263,0,0,,262,0,0,
2019Q3,,S08000031,,S12000045,,All Day cases,,3,,276,0,0,,275,0,0,
2019Q4,,S08000031,,S12000045,,All Day cases,,3,,308,0,0,,306,0,0,
2020Q1,,S08000031,,S12000045,,All Day cases,,3,,237,0,0,,235,0,0,
2020Q2,,S08000031,,S12000045,,All Day cases,,3,,55,0,0,,54,0,0,
2020Q3,,S08000031,,S12000045,,All Day cases,,3,,156,0,0,,151,0,0,
2020Q4,,S08000031,,S12000045,,All Day cases,,3,,205,0,0,,203,0,0,
2021Q1,,S08000031,,S12000045,,All Day cases,,3,,165,0,0,,163,0,0,
2021Q2,,S08000031,,S12000045,,All Day cases,,3,,202,0,0,,202,0,0,
2021Q3,,S08000031,,S12000045,,All Day cases,,3,,231,0,0,,228,0,0,
2021Q4,,S08000031,,S12000045,,All Day cases,,3,,234,0,0,,234,0,0,
2022Q1,,S08000031,,S12000045,,All Day cases,,3,,220,0,0,,220,0,0,
2022Q2,,S08000031,,S12000045,,All Day cases,,3,,207,0,0,,207,0,0,
2022Q3,,S08000031,,S12000045,,All Day cases,,3,,223,0,0,,222,0,0,
2022Q4,p,S08000031,,S12000045,,All Day cases,,3,,228,0,0,,228,0,0,
2017Q4,,S08000031,,S12000045,,All Day cases,,4,,766,0,0,,760,0,0,
2018Q1,,S08000031,,S12000045,,All Day cases,,4,,746,0,0,,743,0,0,
2018Q2,,S08000031,,S12000045,,All Day cases,,4,,820,0,0,,818,0,0,
2018Q3,,S08000031,,S12000045,,All Day cases,,4,,799,0,0,,786,0,0,
2018Q4,,S08000031,,S12000045,,All Day cases,,4,,684,0,0,,677,0,0,
2019Q1,,S08000031,,S12000045,,All Day cases,,4,,738,0,0,,731,0,0,
2019Q2,,S08000031,,S12000045,,All Day cases,,4,,778,0,0,,775,0,0,
2019Q3,,S08000031,,S12000045,,All Day cases,,4,,702,0,0,,698,0,0,
2019Q4,,S08000031,,S12000045,,All Day cases,,4,,755,0,0,,752,0,0,
2020Q1,,S08000031,,S12000045,,All Day cases,,4,,735,0,0,,730,0,0,
2020Q2,,S08000031,,S12000045,,All Day cases,,4,,213,0,0,,212,0,0,
2020Q3,,S08000031,,S12000045,,All Day cases,,4,,429,0,0,,426,0,0,
2020Q4,,S08000031,,S12000045,,All Day cases,,4,,569,0,0,,567,0,0,
2021Q1,,S08000031,,S12000045,,All Day cases,,4,,522,0,0,,520,0,0,
2021Q2,,S08000031,,S12000045,,All Day cases,,4,,583,0,0,,579,0,0,
2021Q3,,S08000031,,S12000045,,All Day cases,,4,,637,0,0,,634,0,0,
2021Q4,,S08000031,,S12000045,,All Day cases,,4,,742,0,0,,742,0,0,
2022Q1,,S08000031,,S12000045,,All Day cases,,4,,626,0,0,,623,0,0,
2022Q2,,S08000031,,S12000045,,All Day cases,,4,,626,0,0,,623,0,0,
2022Q3,,S08000031,,S12000045,,All Day cases,,4,,668,0,0,,664,0,0,
2022Q4,p,S08000031,,S12000045,,All Day cases,,4,,764,0,0,,760,0,0,
2017Q4,,S08000031,,S12000045,,All Day cases,,5,,1783,0,0,,1772,0,0,
2018Q1,,S08000031,,S12000045,,All Day cases,,5,,1746,0,0,,1737,0,0,
2018Q2,,S08000031,,S12000045,,All Day cases,,5,,1900,0,0,,1885,0,0,
2018Q3,,S08000031,,S12000045,,All Day cases,,5,,1851,0,0,,1835,0,0,
2018Q4,,S08000031,,S12000045,,All Day cases,,5,,1762,0,0,,1750,0,0,
2019Q1,,S08000031,,S12000045,,All Day cases,,5,,1895,0,0,,1878,0,0,
2019Q2,,S08000031,,S12000045,,All Day cases,,5,,1755,0,0,,1745,0,0,
2019Q3,,S08000031,,S12000045,,All Day cases,,5,,1825,0,0,,1813,0,0,
2019Q4,,S08000031,,S12000045,,All Day cases,,5,,1824,0,0,,1819,0,0,
2020Q1,,S08000031,,S12000045,,All Day cases,,5,,1744,0,0,,1734,0,0,
2020Q2,,S08000031,,S12000045,,All Day cases,,5,,516,0,0,,516,0,0,
2020Q3,,S08000031,,S12000045,,All Day cases,,5,,1125,0,0,,1120,0,0,
2020Q4,,S08000031,,S12000045,,All Day cases,,5,,1277,0,0,,1271,0,0,
2021Q1,,S08000031,,S12000045,,All Day cases,,5,,1235,0,0,,1230,0,0,
2021Q2,,S08000031,,S12000045,,All Day cases,,5,,1402,0,0,,1395,0,0,
2021Q3,,S08000031,,S12000045,,All Day cases,,5,,1539,0,0,,1533,0,0,
2021Q4,,S08000031,,S12000045,,All Day cases,,5,,1555,0,0,,1552,0,0,
2022Q1,,S08000031,,S12000045,,All Day cases,,5,,1593,0,0,,1584,0,0,
2022Q2,,S08000031,,S12000045,,All Day cases,,5,,1613,0,0,,1607,0,0,
2022Q3,,S08000031,,S12000045,,All Day cases,,5,,1655,0,0,,1648,0,0,
2022Q4,p,S08000031,,S12000045,,All Day cases,,5,,1712,0,0,,1708,0,0,
2017Q4,,S08000031,,S12000011,,All Day cases,,1,,162,0,0,,161,0,0,
2018Q1,,S08000031,,S12000011,,All Day cases,,1,,156,0,0,,156,0,0,
2018Q2,,S08000031,,S12000011,,All Day cases,,1,,167,0,0,,165,0,0,
2018Q3,,S08000031,,S12000011,,All Day cases,,1,,155,0,0,,154,0,0,
2018Q4,,S08000031,,S12000011,,All Day cases,,1,,169,0,0,,168,0,0,
2019Q1,,S08000031,,S12000011,,All Day cases,,1,,138,0,0,,138,0,0,
2019Q2,,S08000031,,S12000011,,All Day cases,,1,,137,0,0,,136,0,0,
2019Q3,,S08000031,,S12000011,,All Day cases,,1,,177,0,0,,174,0,0,
2019Q4,,S08000031,,S12000011,,All Day cases,,1,,145,0,0,,143,0,0,
2020Q1,,S08000031,,S12000011,,All Day cases,,1,,135,0,0,,135,0,0,
2020Q2,,S08000031,,S12000011,,All Day cases,,1,,40,0,0,,40,0,0,
2020Q3,,S08000031,,S12000011,,All Day cases,,1,,89,0,0,,88,0,0,
2020Q4,,S08000031,,S12000011,,All Day cases,,1,,118,0,0,,118,0,0,
2021Q1,,S08000031,,S12000011,,All Day cases,,1,,105,0,0,,104,0,0,
2021Q2,,S08000031,,S12000011,,All Day cases,,1,,141,0,0,,141,0,0,
2021Q3,,S08000031,,S12000011,,All Day cases,,1,,162,0,0,,162,0,0,
2021Q4,,S08000031,,S12000011,,All Day cases,,1,,132,0,0,,132,0,0,
2022Q1,,S08000031,,S12000011,,All Day cases,,1,,131,0,0,,130,0,0,
2022Q2,,S08000031,,S12000011,,All Day cases,,1,,143,0,0,,143,0,0,
2022Q3,,S08000031,,S12000011,,All Day cases,,1,,172,0,0,,169,0,0,
2022Q4,p,S08000031,,S12000011,,All Day cases,,1,,172,0,0,,172,0,0,
2017Q4,,S08000031,,S12000011,,All Day cases,,2,,277,0,0,,273,0,0,
2018Q1,,S08000031,,S12000011,,All Day cases,,2,,260,0,0,,259,0,0,
2018Q2,,S08000031,,S12000011,,All Day cases,,2,,268,0,0,,264,0,0,
2018Q3,,S08000031,,S12000011,,All Day cases,,2,,238,0,0,,237,0,0,
2018Q4,,S08000031,,S12000011,,All Day cases,,2,,281,0,0,,278,0,0,
2019Q1,,S08000031,,S12000011,,All Day cases,,2,,255,0,0,,255,0,0,
2019Q2,,S08000031,,S12000011,,All Day cases,,2,,265,0,0,,262,0,0,
2019Q3,,S08000031,,S12000011,,All Day cases,,2,,291,0,0,,290,0,0,
2019Q4,,S08000031,,S12000011,,All Day cases,,2,,264,0,0,,264,0,0,
2020Q1,,S08000031,,S12000011,,All Day cases,,2,,285,0,0,,282,0,0,
2020Q2,,S08000031,,S12000011,,All Day cases,,2,,86,0,0,,86,0,0,
2020Q3,,S08000031,,S12000011,,All Day cases,,2,,128,0,0,,124,0,0,
2020Q4,,S08000031,,S12000011,,All Day cases,,2,,184,0,0,,180,0,0,
2021Q1,,S08000031,,S12000011,,All Day cases,,2,,180,0,0,,180,0,0,
2021Q2,,S08000031,,S12000011,,All Day cases,,2,,235,0,0,,234,0,0,
2021Q3,,S08000031,,S12000011,,All Day cases,,2,,232,0,0,,231,0,0,
2021Q4,,S08000031,,S12000011,,All Day cases,,2,,252,0,0,,251,0,0,
2022Q1,,S08000031,,S12000011,,All Day cases,,2,,247,0,0,,247,0,0,
2022Q2,,S08000031,,S12000011,,All Day cases,,2,,306,0,0,,305,0,0,
2022Q3,,S08000031,,S12000011,,All Day cases,,2,,317,0,0,,316,0,0,
2022Q4,p,S08000031,,S12000011,,All Day cases,,2,,287,0,0,,286,0,0,
2017Q4,,S08000031,,S12000011,,All Day cases,,3,,262,0,0,,260,0,0,
2018Q1,,S08000031,,S12000011,,All Day cases,,3,,235,0,0,,233,0,0,
2018Q2,,S08000031,,S12000011,,All Day cases,,3,,229,0,0,,226,0,0,
2018Q3,,S08000031,,S12000011,,All Day cases,,3,,263,0,0,,258,0,0,
2018Q4,,S08000031,,S12000011,,All Day cases,,3,,254,0,0,,249,0,0,
2019Q1,,S08000031,,S12000011,,All Day cases,,3,,226,0,0,,225,0,0,
2019Q2,,S08000031,,S12000011,,All Day cases,,3,,262,0,0,,259,0,0,
2019Q3,,S08000031,,S12000011,,All Day cases,,3,,267,0,0,,265,0,0,
2019Q4,,S08000031,,S12000011,,All Day cases,,3,,229,0,0,,227,0,0,
2020Q1,,S08000031,,S12000011,,All Day cases,,3,,197,0,0,,196,0,0,
2020Q2,,S08000031,,S12000011,,All Day cases,,3,,58,0,0,,58,0,0,
2020Q3,,S08000031,,S12000011,,All Day cases,,3,,145,0,0,,144,0,0,
2020Q4,,S08000031,,S12000011,,All Day cases,,3,,145,0,0,,145,0,0,
2021Q1,,S08000031,,S12000011,,All Day cases,,3,,143,0,0,,143,0,0,
2021Q2,,S08000031,,S12000011,,All Day cases,,3,,214,0,0,,213,0,0,
2021Q3,,S08000031,,S12000011,,All Day cases,,3,,206,0,0,,205,0,0,
2021Q4,,S08000031,,S12000011,,All Day cases,,3,,188,0,0,,188,0,0,
2022Q1,,S08000031,,S12000011,,All Day cases,,3,,189,0,0,,187,0,0,
2022Q2,,S08000031,,S12000011,,All Day cases,,3,,218,0,0,,216,0,0,
2022Q3,,S08000031,,S12000011,,All Day cases,,3,,238,0,0,,238,0,0,
2022Q4,p,S08000031,,S12000011,,All Day cases,,3,,226,0,0,,226,0,0,
2017Q4,,S08000031,,S12000011,,All Day cases,,4,,510,0,0,,507,0,0,
2018Q1,,S08000031,,S12000011,,All Day cases,,4,,530,0,0,,522,0,0,
2018Q2,,S08000031,,S12000011,,All Day cases,,4,,530,0,0,,523,0,0,
2018Q3,,S08000031,,S12000011,,All Day cases,,4,,474,0,0,,471,0,0,
2018Q4,,S08000031,,S12000011,,All Day cases,,4,,475,0,0,,473,0,0,
2019Q1,,S08000031,,S12000011,,All Day cases,,4,,487,0,0,,476,0,0,
2019Q2,,S08000031,,S12000011,,All Day cases,,4,,541,0,0,,540,0,0,
2019Q3,,S08000031,,S12000011,,All Day cases,,4,,439,0,0,,439,0,0,
2019Q4,,S08000031,,S12000011,,All Day cases,,4,,582,0,0,,579,0,0,
2020Q1,,S08000031,,S12000011,,All Day cases,,4,,494,0,0,,492,0,0,
2020Q2,,S08000031,,S12000011,,All Day cases,,4,,138,0,0,,138,0,0,
2020Q3,,S08000031,,S12000011,,All Day cases,,4,,315,0,0,,311,0,0,
2020Q4,,S08000031,,S12000011,,All Day cases,,4,,366,0,0,,365,0,0,
2021Q1,,S08000031,,S12000011,,All Day cases,,4,,316,0,0,,310,0,0,
2021Q2,,S08000031,,S12000011,,All Day cases,,4,,424,0,0,,420,0,0,
2021Q3,,S08000031,,S12000011,,All Day cases,,4,,444,0,0,,443,0,0,
2021Q4,,S08000031,,S12000011,,All Day cases,,4,,432,0,0,,431,0,0,
2022Q1,,S08000031,,S12000011,,All Day cases,,4,,472,0,0,,468,0,0,
2022Q2,,S08000031,,S12000011,,All Day cases,,4,,510,0,0,,507,0,0,
2022Q3,,S08000031,,S12000011,,All Day cases,,4,,547,0,0,,545,0,0,
2022Q4,p,S08000031,,S12000011,,All Day cases,,4,,515,0,0,,514,0,0,
2017Q4,,S08000031,,S12000011,,All Day cases,,5,,1574,0,0,,1563,0,0,
2018Q1,,S08000031,,S12000011,,All Day cases,,5,,1571,0,0,,1559,0,0,
2018Q2,,S08000031,,S12000011,,All Day cases,,5,,1490,0,0,,1477,0,0,
2018Q3,,S08000031,,S12000011,,All Day cases,,5,,1471,0,0,,1454,0,0,
2018Q4,,S08000031,,S12000011,,All Day cases,,5,,1491,0,0,,1475,0,0,
2019Q1,,S08000031,,S12000011,,All Day cases,,5,,1547,0,0,,1537,0,0,
2019Q2,,S08000031,,S12000011,,All Day cases,,5,,1473,0,0,,1463,0,0,
2019Q3,,S08000031,,S12000011,,All Day cases,,5,,1548,0,0,,1536,0,0,
2019Q4,,S08000031,,S12000011,,All Day cases,,5,,1530,0,0,,1520,0,0,
2020Q1,,S08000031,,S12000011,,All Day cases,,5,,1352,0,0,,1344,0,0,
2020Q2,,S08000031,,S12000011,,All Day cases,,5,,463,0,0,,462,0,0,
2020Q3,,S08000031,,S12000011,,All Day cases,,5,,765,0,0,,761,0,0,
2020Q4,,S08000031,,S12000011,,All Day cases,,5,,990,0,0,,982,0,0,
2021Q1,,S08000031,,S12000011,,All Day cases,,5,,966,0,0,,963,0,0,
2021Q2,,S08000031,,S12000011,,All Day cases,,5,,1111,0,0,,1108,0,0,
2021Q3,,S08000031,,S12000011,,All Day cases,,5,,1111,0,0,,1103,0,0,
2021Q4,,S08000031,,S12000011,,All Day cases,,5,,1141,0,0,,1134,0,0,
2022Q1,,S08000031,,S12000011,,All Day cases,,5,,1226,0,0,,1216,0,0,
2022Q2,,S08000031,,S12000011,,All Day cases,,5,,1226,0,0,,1225,0,0,
2022Q3,,S08000031,,S12000011,,All Day cases,,5,,1292,0,0,,1285,0,0,
2022Q4,p,S08000031,,S12000011,,All Day cases,,5,,1309,0,0,,1301,0,0,
2017Q4,,S08000031,,S12000049,,All Day cases,,1,,7870,0,0,,7788,0,0,
2018Q1,,S08000031,,S12000049,,All Day cases,,1,,7760,0,0,,7707,0,0,
2018Q2,,S08000031,,S12000049,,All Day cases,,1,,7745,0,0,,7692,0,0,
2018Q3,,S08000031,,S12000049,,All Day cases,,1,,7536,0,0,,7489,0,0,
2018Q4,,S08000031,,S12000049,,All Day cases,,1,,7789,0,0,,7740,0,0,
2019Q1,,S08000031,,S12000049,,All Day cases,,1,,7787,0,0,,7726,0,0,
2019Q2,,S08000031,,S12000049,,All Day cases,,1,,7620,0,0,,7561,0,0,
2019Q3,,S08000031,,S12000049,,All Day cases,,1,,7923,0,0,,7862,0,0,
2019Q4,,S08000031,,S12000049,,All Day cases,,1,,8133,0,0,,8076,0,0,
2020Q1,,S08000031,,S12000049,,All Day cases,,1,,7522,0,0,,7469,0,0,
2020Q2,,S08000031,,S12000049,,All Day cases,,1,,2301,0,0,,2276,0,0,
2020Q3,,S08000031,,S12000049,,All Day cases,,1,,4514,0,0,,4479,0,0,
2020Q4,,S08000031,,S12000049,,All Day cases,,1,,5113,0,0,,5058,0,0,
2021Q1,,S08000031,,S12000049,,All Day cases,,1,,5000,0,0,,4969,0,0,
2021Q2,,S08000031,,S12000049,,All Day cases,,1,,5965,0,0,,5922,0,0,
2021Q3,,S08000031,,S12000049,,All Day cases,,1,,6338,0,0,,6296,0,0,
2021Q4,,S08000031,,S12000049,,All Day cases,,1,,6386,0,0,,6350,0,0,
2022Q1,,S08000031,,S12000049,,All Day cases,,1,,6065,0,0,,6038,0,0,
2022Q2,,S08000031,,S12000049,,All Day cases,,1,,6645,0,0,,6604,0,0,
2022Q3,,S08000031,,S12000049,,All Day cases,,1,,6805,0,0,,6764,0,0,
2022Q4,p,S08000031,,S12000049,,All Day cases,,1,,6640,0,0,,6609,0,0,
2017Q4,,S08000031,,S12000049,,All Day cases,,2,,2832,0,0,,2806,0,0,
2018Q1,,S08000031,,S12000049,,All Day cases,,2,,2776,0,0,,2758,0,0,
2018Q2,,S08000031,,S12000049,,All Day cases,,2,,2825,0,0,,2809,0,0,
2018Q3,,S08000031,,S12000049,,All Day cases,,2,,2838,0,0,,2818,0,0,
2018Q4,,S08000031,,S12000049,,All Day cases,,2,,2863,0,0,,2843,0,0,
2019Q1,,S08000031,,S12000049,,All Day cases,,2,,2869,0,0,,2847,0,0,
2019Q2,,S08000031,,S12000049,,All Day cases,,2,,2943,0,0,,2905,11,0.00378657487091222,
2019Q3,,S08000031,,S12000049,,All Day cases,,2,,2849,0,0,,2833,0,0,
2019Q4,,S08000031,,S12000049,,All Day cases,,2,,2852,0,0,,2827,0,0,
2020Q1,,S08000031,,S12000049,,All Day cases,,2,,2611,0,0,,2593,0,0,
2020Q2,,S08000031,,S12000049,,All Day cases,,2,,812,0,0,,804,0,0,
2020Q3,,S08000031,,S12000049,,All Day cases,,2,,1657,0,0,,1649,0,0,
2020Q4,,S08000031,,S12000049,,All Day cases,,2,,1956,0,0,,1948,0,0,
2021Q1,,S08000031,,S12000049,,All Day cases,,2,,1837,0,0,,1830,0,0,
2021Q2,,S08000031,,S12000049,,All Day cases,,2,,2247,0,0,,2236,0,0,
2021Q3,,S08000031,,S12000049,,All Day cases,,2,,2395,0,0,,2377,0,0,
2021Q4,,S08000031,,S12000049,,All Day cases,,2,,2453,0,0,,2433,0,0,
2022Q1,,S08000031,,S12000049,,All Day cases,,2,,2385,0,0,,2379,0,0,
2022Q2,,S08000031,,S12000049,,All Day cases,,2,,2575,0,0,,2559,0,0,
2022Q3,,S08000031,,S12000049,,All Day cases,,2,,2692,0,0,,2678,0,0,
2022Q4,p,S08000031,,S12000049,,All Day cases,,2,,2582,0,0,,2571,0,0,
2017Q4,,S08000031,,S12000049,,All Day cases,,3,,2044,0,0,,2022,0,0,
2018Q1,,S08000031,,S12000049,,All Day cases,,3,,1858,0,0,,1843,0,0,
2018Q2,,S08000031,,S12000049,,All Day cases,,3,,1947,0,0,,1934,0,0,
2018Q3,,S08000031,,S12000049,,All Day cases,,3,,1912,0,0,,1902,0,0,
2018Q4,,S08000031,,S12000049,,All Day cases,,3,,1911,0,0,,1902,0,0,
2019Q1,,S08000031,,S12000049,,All Day cases,,3,,2073,0,0,,2053,0,0,
2019Q2,,S08000031,,S12000049,,All Day cases,,3,,1931,0,0,,1910,0,0,
2019Q3,,S08000031,,S12000049,,All Day cases,,3,,2039,0,0,,2028,0,0,
2019Q4,,S08000031,,S12000049,,All Day cases,,3,,1913,0,0,,1894,0,0,
2020Q1,,S08000031,,S12000049,,All Day cases,,3,,1820,0,0,,1807,0,0,
2020Q2,,S08000031,,S12000049,,All Day cases,,3,,616,0,0,,608,0,0,
2020Q3,,S08000031,,S12000049,,All Day cases,,3,,1143,0,0,,1136,0,0,
2020Q4,,S08000031,,S12000049,,All Day cases,,3,,1234,0,0,,1221,0,0,
2021Q1,,S08000031,,S12000049,,All Day cases,,3,,1293,0,0,,1284,0,0,
2021Q2,,S08000031,,S12000049,,All Day cases,,3,,1643,0,0,,1636,0,0,
2021Q3,,S08000031,,S12000049,,All Day cases,,3,,1662,0,0,,1648,0,0,
2021Q4,,S08000031,,S12000049,,All Day cases,,3,,1717,0,0,,1710,0,0,
2022Q1,,S08000031,,S12000049,,All Day cases,,3,,1559,0,0,,1555,0,0,
2022Q2,,S08000031,,S12000049,,All Day cases,,3,,1645,0,0,,1630,0,0,
2022Q3,,S08000031,,S12000049,,All Day cases,,3,,1814,0,0,,1810,0,0,
2022Q4,p,S08000031,,S12000049,,All Day cases,,3,,1758,0,0,,1753,0,0,
2017Q4,,S08000031,,S12000049,,All Day cases,,4,,1735,0,0,,1718,0,0,
2018Q1,,S08000031,,S12000049,,All Day cases,,4,,1683,0,0,,1680,0,0,
2018Q2,,S08000031,,S12000049,,All Day cases,,4,,1734,0,0,,1721,0,0,
2018Q3,,S08000031,,S12000049,,All Day cases,,4,,1747,0,0,,1739,0,0,
2018Q4,,S08000031,,S12000049,,All Day cases,,4,,1717,0,0,,1709,0,0,
2019Q1,,S08000031,,S12000049,,All Day cases,,4,,1772,0,0,,1754,0,0,
2019Q2,,S08000031,,S12000049,,All Day cases,,4,,1758,0,0,,1751,0,0,
2019Q3,,S08000031,,S12000049,,All Day cases,,4,,1747,0,0,,1737,0,0,
2019Q4,,S08000031,,S12000049,,All Day cases,,4,,1941,0,0,,1932,0,0,
2020Q1,,S08000031,,S12000049,,All Day cases,,4,,1723,0,0,,1710,0,0,
2020Q2,,S08000031,,S12000049,,All Day cases,,4,,520,0,0,,517,0,0,
2020Q3,,S08000031,,S12000049,,All Day cases,,4,,947,0,0,,946,0,0,
2020Q4,,S08000031,,S12000049,,All Day cases,,4,,1173,0,0,,1166,0,0,
2021Q1,,S08000031,,S12000049,,All Day cases,,4,,1124,0,0,,1114,0,0,
2021Q2,,S08000031,,S12000049,,All Day cases,,4,,1472,0,0,,1466,0,0,
2021Q3,,S08000031,,S12000049,,All Day cases,,4,,1525,0,0,,1514,0,0,
2021Q4,,S08000031,,S12000049,,All Day cases,,4,,1545,0,0,,1538,0,0,
2022Q1,,S08000031,,S12000049,,All Day cases,,4,,1426,0,0,,1421,0,0,
2022Q2,,S08000031,,S12000049,,All Day cases,,4,,1605,0,0,,1598,0,0,
2022Q3,,S08000031,,S12000049,,All Day cases,,4,,1748,0,0,,1741,0,0,
2022Q4,p,S08000031,,S12000049,,All Day cases,,4,,1743,0,0,,1735,0,0,
2017Q4,,S08000031,,S12000049,,All Day cases,,5,,1557,0,0,,1545,0,0,
2018Q1,,S08000031,,S12000049,,All Day cases,,5,,1476,0,0,,1471,0,0,
2018Q2,,S08000031,,S12000049,,All Day cases,,5,,1586,0,0,,1572,0,0,
2018Q3,,S08000031,,S12000049,,All Day cases,,5,,1528,0,0,,1520,0,0,
2018Q4,,S08000031,,S12000049,,All Day cases,,5,,1605,0,0,,1601,0,0,
2019Q1,,S08000031,,S12000049,,All Day cases,,5,,1607,0,0,,1599,0,0,
2019Q2,,S08000031,,S12000049,,All Day cases,,5,,1601,0,0,,1596,0,0,
2019Q3,,S08000031,,S12000049,,All Day cases,,5,,1652,0,0,,1647,0,0,
2019Q4,,S08000031,,S12000049,,All Day cases,,5,,1633,0,0,,1622,0,0,
2020Q1,,S08000031,,S12000049,,All Day cases,,5,,1477,0,0,,1471,0,0,
2020Q2,,S08000031,,S12000049,,All Day cases,,5,,494,0,0,,493,0,0,
2020Q3,,S08000031,,S12000049,,All Day cases,,5,,950,0,0,,942,0,0,
2020Q4,,S08000031,,S12000049,,All Day cases,,5,,1159,0,0,,1154,0,0,
2021Q1,,S08000031,,S12000049,,All Day cases,,5,,1068,0,0,,1062,0,0,
2021Q2,,S08000031,,S12000049,,All Day cases,,5,,1339,0,0,,1330,0,0,
2021Q3,,S08000031,,S12000049,,All Day cases,,5,,1324,0,0,,1316,0,0,
2021Q4,,S08000031,,S12000049,,All Day cases,,5,,1403,0,0,,1394,0,0,
2022Q1,,S08000031,,S12000049,,All Day cases,,5,,1364,0,0,,1357,0,0,
2022Q2,,S08000031,,S12000049,,All Day cases,,5,,1424,0,0,,1417,0,0,
2022Q3,,S08000031,,S12000049,,All Day cases,,5,,1443,0,0,,1440,0,0,
2022Q4,p,S08000031,,S12000049,,All Day cases,,5,,1448,0,0,,1443,0,0,
2022Q3,,S08000031,,S12000049,,All Day cases,,,:,0,0,,z,0,0,,z
2022Q4,p,S08000031,,S12000049,,All Day cases,,,:,0,0,,z,0,0,,z
2017Q4,,S08000031,,S12000018,,All Day cases,,1,,1025,0,0,,1014,0,0,
2018Q1,,S08000031,,S12000018,,All Day cases,,1,,931,0,0,,923,0,0,
2018Q2,,S08000031,,S12000018,,All Day cases,,1,,954,0,0,,947,0,0,
2018Q3,,S08000031,,S12000018,,All Day cases,,1,,876,0,0,,871,0,0,
2018Q4,,S08000031,,S12000018,,All Day cases,,1,,963,0,0,,958,0,0,
2019Q1,,S08000031,,S12000018,,All Day cases,,1,,1057,0,0,,1043,0,0,
2019Q2,,S08000031,,S12000018,,All Day cases,,1,,938,0,0,,924,0,0,
2019Q3,,S08000031,,S12000018,,All Day cases,,1,,1033,0,0,,1024,0,0,
2019Q4,,S08000031,,S12000018,,All Day cases,,1,,979,0,0,,971,0,0,
2020Q1,,S08000031,,S12000018,,All Day cases,,1,,1020,0,0,,1009,0,0,
2020Q2,,S08000031,,S12000018,,All Day cases,,1,,237,0,0,,235,0,0,
2020Q3,,S08000031,,S12000018,,All Day cases,,1,,483,0,0,,481,0,0,
2020Q4,,S08000031,,S12000018,,All Day cases,,1,,745,0,0,,741,0,0,
2021Q1,,S08000031,,S12000018,,All Day cases,,1,,690,0,0,,684,0,0,
2021Q2,,S08000031,,S12000018,,All Day cases,,1,,833,0,0,,831,0,0,
2021Q3,,S08000031,,S12000018,,All Day cases,,1,,818,0,0,,809,0,0,
2021Q4,,S08000031,,S12000018,,All Day cases,,1,,864,0,0,,857,0,0,
2022Q1,,S08000031,,S12000018,,All Day cases,,1,,987,0,0,,982,0,0,
2022Q2,,S08000031,,S12000018,,All Day cases,,1,,1038,0,0,,1026,0,0,
2022Q3,,S08000031,,S12000018,,All Day cases,,1,,1080,0,0,,1074,0,0,
2022Q4,p,S08000031,,S12000018,,All Day cases,,1,,1060,0,0,,1059,0,0,
2017Q4,,S08000031,,S12000018,,All Day cases,,2,,249,0,0,,243,0,0,
2018Q1,,S08000031,,S12000018,,All Day cases,,2,,269,0,0,,268,0,0,
2018Q2,,S08000031,,S12000018,,All Day cases,,2,,244,0,0,,243,0,0,
2018Q3,,S08000031,,S12000018,,All Day cases,,2,,240,0,0,,234,0,0,
2018Q4,,S08000031,,S12000018,,All Day cases,,2,,248,0,0,,245,0,0,
2019Q1,,S08000031,,S12000018,,All Day cases,,2,,284,0,0,,280,0,0,
2019Q2,,S08000031,,S12000018,,All Day cases,,2,,236,0,0,,235,0,0,
2019Q3,,S08000031,,S12000018,,All Day cases,,2,,284,0,0,,281,0,0,
2019Q4,,S08000031,,S12000018,,All Day cases,,2,,260,0,0,,260,0,0,
2020Q1,,S08000031,,S12000018,,All Day cases,,2,,266,0,0,,266,0,0,
2020Q2,,S08000031,,S12000018,,All Day cases,,2,,59,0,0,,59,0,0,
2020Q3,,S08000031,,S12000018,,All Day cases,,2,,148,0,0,,147,0,0,
2020Q4,,S08000031,,S12000018,,All Day cases,,2,,230,0,0,,228,0,0,
2021Q1,,S08000031,,S12000018,,All Day cases,,2,,240,0,0,,240,0,0,
2021Q2,,S08000031,,S12000018,,All Day cases,,2,,229,0,0,,227,0,0,
2021Q3,,S08000031,,S12000018,,All Day cases,,2,,229,0,0,,228,0,0,
2021Q4,,S08000031,,S12000018,,All Day cases,,2,,282,0,0,,278,0,0,
2022Q1,,S08000031,,S12000018,,All Day cases,,2,,268,0,0,,264,0,0,
2022Q2,,S08000031,,S12000018,,All Day cases,,2,,273,0,0,,272,0,0,
2022Q3,,S08000031,,S12000018,,All Day cases,,2,,307,0,0,,305,0,0,
2022Q4,p,S08000031,,S12000018,,All Day cases,,2,,266,0,0,,262,0,0,
2017Q4,,S08000031,,S12000018,,All Day cases,,3,,321,0,0,,320,0,0,
2018Q1,,S08000031,,S12000018,,All Day cases,,3,,297,0,0,,294,0,0,
2018Q2,,S08000031,,S12000018,,All Day cases,,3,,323,0,0,,320,0,0,
2018Q3,,S08000031,,S12000018,,All Day cases,,3,,300,0,0,,299,0,0,
2018Q4,,S08000031,,S12000018,,All Day cases,,3,,319,0,0,,317,0,0,
2019Q1,,S08000031,,S12000018,,All Day cases,,3,,332,0,0,,330,0,0,
2019Q2,,S08000031,,S12000018,,All Day cases,,3,,287,0,0,,286,0,0,
2019Q3,,S08000031,,S12000018,,All Day cases,,3,,301,0,0,,298,0,0,
2019Q4,,S08000031,,S12000018,,All Day cases,,3,,314,0,0,,309,0,0,
2020Q1,,S08000031,,S12000018,,All Day cases,,3,,370,0,0,,369,0,0,
2020Q2,,S08000031,,S12000018,,All Day cases,,3,,143,0,0,,143,0,0,
2020Q3,,S08000031,,S12000018,,All Day cases,,3,,208,0,0,,208,0,0,
2020Q4,,S08000031,,S12000018,,All Day cases,,3,,295,0,0,,293,0,0,
2021Q1,,S08000031,,S12000018,,All Day cases,,3,,283,0,0,,283,0,0,
2021Q2,,S08000031,,S12000018,,All Day cases,,3,,305,0,0,,305,0,0,
2021Q3,,S08000031,,S12000018,,All Day cases,,3,,298,0,0,,296,0,0,
2021Q4,,S08000031,,S12000018,,All Day cases,,3,,261,0,0,,259,0,0,
2022Q1,,S08000031,,S12000018,,All Day cases,,3,,303,0,0,,303,0,0,
2022Q2,,S08000031,,S12000018,,All Day cases,,3,,361,0,0,,360,0,0,
2022Q3,,S08000031,,S12000018,,All Day cases,,3,,410,0,0,,408,0,0,
2022Q4,p,S08000031,,S12000018,,All Day cases,,3,,398,0,0,,394,0,0,
2017Q4,,S08000031,,S12000018,,All Day cases,,4,,305,0,0,,302,0,0,
2018Q1,,S08000031,,S12000018,,All Day cases,,4,,295,0,0,,294,0,0,
2018Q2,,S08000031,,S12000018,,All Day cases,,4,,309,0,0,,307,0,0,
2018Q3,,S08000031,,S12000018,,All Day cases,,4,,281,0,0,,272,0,0,
2018Q4,,S08000031,,S12000018,,All Day cases,,4,,258,0,0,,255,0,0,
2019Q1,,S08000031,,S12000018,,All Day cases,,4,,278,0,0,,276,0,0,
2019Q2,,S08000031,,S12000018,,All Day cases,,4,,258,0,0,,256,0,0,
2019Q3,,S08000031,,S12000018,,All Day cases,,4,,273,0,0,,270,0,0,
2019Q4,,S08000031,,S12000018,,All Day cases,,4,,291,0,0,,289,0,0,
2020Q1,,S08000031,,S12000018,,All Day cases,,4,,360,0,0,,358,0,0,
2020Q2,,S08000031,,S12000018,,All Day cases,,4,,94,0,0,,94,0,0,
2020Q3,,S08000031,,S12000018,,All Day cases,,4,,198,0,0,,193,0,0,
2020Q4,,S08000031,,S12000018,,All Day cases,,4,,274,0,0,,273,0,0,
2021Q1,,S08000031,,S12000018,,All Day cases,,4,,281,0,0,,280,0,0,
2021Q2,,S08000031,,S12000018,,All Day cases,,4,,260,0,0,,260,0,0,
2021Q3,,S08000031,,S12000018,,All Day cases,,4,,277,0,0,,276,0,0,
2021Q4,,S08000031,,S12000018,,All Day cases,,4,,306,0,0,,306,0,0,
2022Q1,,S08000031,,S12000018,,All Day cases,,4,,324,0,0,,324,0,0,
2022Q2,,S08000031,,S12000018,,All Day cases,,4,,361,0,0,,358,0,0,
2022Q3,,S08000031,,S12000018,,All Day cases,,4,,403,0,0,,403,0,0,
2022Q4,p,S08000031,,S12000018,,All Day cases,,4,,377,0,0,,373,0,0,
2017Q4,,S08000031,,S12000018,,All Day cases,,5,,343,0,0,,341,0,0,
2018Q1,,S08000031,,S12000018,,All Day cases,,5,,364,0,0,,363,0,0,
2018Q2,,S08000031,,S12000018,,All Day cases,,5,,419,0,0,,418,0,0,
2018Q3,,S08000031,,S12000018,,All Day cases,,5,,342,0,0,,341,0,0,
2018Q4,,S08000031,,S12000018,,All Day cases,,5,,291,0,0,,290,0,0,
2019Q1,,S08000031,,S12000018,,All Day cases,,5,,320,0,0,,315,0,0,
2019Q2,,S08000031,,S12000018,,All Day cases,,5,,285,0,0,,283,0,0,
2019Q3,,S08000031,,S12000018,,All Day cases,,5,,343,0,0,,340,0,0,
2019Q4,,S08000031,,S12000018,,All Day cases,,5,,340,0,0,,339,0,0,
2020Q1,,S08000031,,S12000018,,All Day cases,,5,,356,0,0,,356,0,0,
2020Q2,,S08000031,,S12000018,,All Day cases,,5,,120,0,0,,120,0,0,
2020Q3,,S08000031,,S12000018,,All Day cases,,5,,279,0,0,,278,0,0,
2020Q4,,S08000031,,S12000018,,All Day cases,,5,,327,0,0,,327,0,0,
2021Q1,,S08000031,,S12000018,,All Day cases,,5,,317,0,0,,316,0,0,
2021Q2,,S08000031,,S12000018,,All Day cases,,5,,379,0,0,,379,0,0,
2021Q3,,S08000031,,S12000018,,All Day cases,,5,,411,0,0,,411,0,0,
2021Q4,,S08000031,,S12000018,,All Day cases,,5,,403,0,0,,401,0,0,
2022Q1,,S08000031,,S12000018,,All Day cases,,5,,442,0,0,,439,0,0,
2022Q2,,S08000031,,S12000018,,All Day cases,,5,,390,0,0,,389,0,0,
2022Q3,,S08000031,,S12000018,,All Day cases,,5,,431,0,0,,431,0,0,
2022Q4,p,S08000031,,S12000018,,All Day cases,,5,,412,0,0,,409,0,0,
2022Q4,p,S08000031,,S12000018,,All Day cases,,,:,0,0,,z,0,0,,z
2017Q4,,S08000031,,S08000031,d,All Day cases,,1,,11353,0,0,,11246,0,0,
2018Q1,,S08000031,,S08000031,d,All Day cases,,1,,10989,0,0,,10908,0,0,
2018Q2,,S08000031,,S08000031,d,All Day cases,,1,,11085,0,0,,11005,0,0,
2018Q3,,S08000031,,S08000031,d,All Day cases,,1,,10745,0,0,,10685,0,0,
2018Q4,,S08000031,,S08000031,d,All Day cases,,1,,11128,0,0,,11059,0,0,
2019Q1,,S08000031,,S08000031,d,All Day cases,,1,,11421,0,0,,11326,0,0,
2019Q2,,S08000031,,S08000031,d,All Day cases,,1,,11102,0,0,,11010,0,0,
2019Q3,,S08000031,,S08000031,d,All Day cases,,1,,11519,0,0,,11429,0,0,
2019Q4,,S08000031,,S08000031,d,All Day cases,,1,,11647,0,0,,11566,0,0,
2020Q1,,S08000031,,S08000031,d,All Day cases,,1,,10686,0,0,,10606,0,0,
2020Q2,,S08000031,,S08000031,d,All Day cases,,1,,3199,0,0,,3163,0,0,
2020Q3,,S08000031,,S08000031,d,All Day cases,,1,,6449,0,0,,6401,0,0,
2020Q4,,S08000031,,S08000031,d,All Day cases,,1,,7732,0,0,,7665,0,0,
2021Q1,,S08000031,,S08000031,d,All Day cases,,1,,7517,0,0,,7470,0,0,
2021Q2,,S08000031,,S08000031,d,All Day cases,,1,,8994,0,0,,8930,0,0,
2021Q3,,S08000031,,S08000031,d,All Day cases,,1,,9374,0,0,,9310,0,0,
2021Q4,,S08000031,,S08000031,d,All Day cases,,1,,9333,0,0,,9281,0,0,
2022Q1,,S08000031,,S08000031,d,All Day cases,,1,,9149,0,0,,9108,0,0,
2022Q2,,S08000031,,S08000031,d,All Day cases,,1,,9930,0,0,,9866,0,0,
2022Q3,,S08000031,,S08000031,d,All Day cases,,1,,10315,0,0,,10254,0,0,
2022Q4,p,S08000031,,S08000031,d,All Day cases,,1,,10240,0,0,,10200,0,0,
2017Q4,,S08000031,,S08000031,d,All Day cases,,2,,5952,0,0,,5894,0,0,
2018Q1,,S08000031,,S08000031,d,All Day cases,,2,,5831,0,0,,5788,0,0,
2018Q2,,S08000031,,S08000031,d,All Day cases,,2,,6010,0,0,,5968,0,0,
2018Q3,,S08000031,,S08000031,d,All Day cases,,2,,5991,0,0,,5945,0,0,
2018Q4,,S08000031,,S08000031,d,All Day cases,,2,,6163,0,0,,6122,0,0,
2019Q1,,S08000031,,S08000031,d,All Day cases,,2,,6184,0,0,,6136,0,0,
2019Q2,,S08000031,,S08000031,d,All Day cases,,2,,6001,0,0,,5931,11,0.00185466194570899,
2019Q3,,S08000031,,S08000031,d,All Day cases,,2,,6129,0,0,,6101,0,0,
2019Q4,,S08000031,,S08000031,d,All Day cases,,2,,6258,0,0,,6214,0,0,
2020Q1,,S08000031,,S08000031,d,All Day cases,,2,,5703,0,0,,5662,0,0,
2020Q2,,S08000031,,S08000031,d,All Day cases,,2,,1712,0,0,,1697,0,0,
2020Q3,,S08000031,,S08000031,d,All Day cases,,2,,3340,0,0,,3316,0,0,
2020Q4,,S08000031,,S08000031,d,All Day cases,,2,,4269,0,0,,4243,0,0,
2021Q1,,S08000031,,S08000031,d,All Day cases,,2,,4131,0,0,,4109,0,0,
2021Q2,,S08000031,,S08000031,d,All Day cases,,2,,4929,0,0,,4899,0,0,
2021Q3,,S08000031,,S08000031,d,All Day cases,,2,,4887,0,0,,4858,0,0,
2021Q4,,S08000031,,S08000031,d,All Day cases,,2,,5126,0,0,,5087,0,0,
2022Q1,,S08000031,,S08000031,d,All Day cases,,2,,5134,0,0,,5108,0,0,
2022Q2,,S08000031,,S08000031,d,All Day cases,,2,,5506,0,0,,5482,0,0,
2022Q3,,S08000031,,S08000031,d,All Day cases,,2,,5875,0,0,,5846,0,0,
2022Q4,p,S08000031,,S08000031,d,All Day cases,,2,,5649,0,0,,5618,0,0,
2017Q4,,S08000031,,S08000031,d,All Day cases,,3,,4163,0,0,,4129,0,0,
2018Q1,,S08000031,,S08000031,d,All Day cases,,3,,3905,0,0,,3869,0,0,
2018Q2,,S08000031,,S08000031,d,All Day cases,,3,,4123,0,0,,4093,0,0,
2018Q3,,S08000031,,S08000031,d,All Day cases,,3,,4105,0,0,,4082,0,0,
2018Q4,,S08000031,,S08000031,d,All Day cases,,3,,4076,0,0,,4052,0,0,
2019Q1,,S08000031,,S08000031,d,All Day cases,,3,,4238,0,0,,4204,0,0,
2019Q2,,S08000031,,S08000031,d,All Day cases,,3,,4090,0,0,,4060,0,0,
2019Q3,,S08000031,,S08000031,d,All Day cases,,3,,4421,0,0,,4394,0,0,
2019Q4,,S08000031,,S08000031,d,All Day cases,,3,,4180,0,0,,4148,0,0,
2020Q1,,S08000031,,S08000031,d,All Day cases,,3,,3891,0,0,,3860,0,0,
2020Q2,,S08000031,,S08000031,d,All Day cases,,3,,1248,0,0,,1236,0,0,
2020Q3,,S08000031,,S08000031,d,All Day cases,,3,,2426,0,0,,2410,0,0,
2020Q4,,S08000031,,S08000031,d,All Day cases,,3,,2911,0,0,,2883,0,0,
2021Q1,,S08000031,,S08000031,d,All Day cases,,3,,2962,0,0,,2941,0,0,
2021Q2,,S08000031,,S08000031,d,All Day cases,,3,,3581,0,0,,3565,0,0,
2021Q3,,S08000031,,S08000031,d,All Day cases,,3,,3581,0,0,,3554,0,0,
2021Q4,,S08000031,,S08000031,d,All Day cases,,3,,3612,0,0,,3601,0,0,
2022Q1,,S08000031,,S08000031,d,All Day cases,,3,,3412,0,0,,3398,0,0,
2022Q2,,S08000031,,S08000031,d,All Day cases,,3,,3675,0,0,,3650,0,0,
2022Q3,,S08000031,,S08000031,d,All Day cases,,3,,4017,0,0,,4003,0,0,
2022Q4,p,S08000031,,S08000031,d,All Day cases,,3,,3988,0,0,,3978,0,0,
2017Q4,,S08000031,,S08000031,d,All Day cases,,4,,4301,0,0,,4264,0,0,
2018Q1,,S08000031,,S08000031,d,All Day cases,,4,,4229,0,0,,4210,0,0,
2018Q2,,S08000031,,S08000031,d,All Day cases,,4,,4438,0,0,,4405,0,0,
2018Q3,,S08000031,,S08000031,d,All Day cases,,4,,4332,0,0,,4294,0,0,
2018Q4,,S08000031,,S08000031,d,All Day cases,,4,,4152,0,0,,4122,0,0,
2019Q1,,S08000031,,S08000031,d,All Day cases,,4,,4385,0,0,,4339,0,0,
2019Q2,,S08000031,,S08000031,d,All Day cases,,4,,4370,0,0,,4352,0,0,
2019Q3,,S08000031,,S08000031,d,All Day cases,,4,,4284,0,0,,4262,0,0,
2019Q4,,S08000031,,S08000031,d,All Day cases,,4,,4652,0,0,,4628,0,0,
2020Q1,,S08000031,,S08000031,d,All Day cases,,4,,4346,0,0,,4317,0,0,
2020Q2,,S08000031,,S08000031,d,All Day cases,,4,,1261,0,0,,1249,0,0,
2020Q3,,S08000031,,S08000031,d,All Day cases,,4,,2437,0,0,,2420,0,0,
2020Q4,,S08000031,,S08000031,d,All Day cases,,4,,3122,0,0,,3106,0,0,
2021Q1,,S08000031,,S08000031,d,All Day cases,,4,,2954,0,0,,2931,0,0,
2021Q2,,S08000031,,S08000031,d,All Day cases,,4,,3633,0,0,,3616,0,0,
2021Q3,,S08000031,,S08000031,d,All Day cases,,4,,3693,0,0,,3673,0,0,
2021Q4,,S08000031,,S08000031,d,All Day cases,,4,,3940,0,0,,3927,0,0,
2022Q1,,S08000031,,S08000031,d,All Day cases,,4,,3691,0,0,,3675,0,0,
2022Q2,,S08000031,,S08000031,d,All Day cases,,4,,4014,0,0,,3994,0,0,
2022Q3,,S08000031,,S08000031,d,All Day cases,,4,,4449,0,0,,4434,0,0,
2022Q4,p,S08000031,,S08000031,d,All Day cases,,4,,4438,0,0,,4417,0,0,
2017Q4,,S08000031,,S08000031,d,All Day cases,,5,,6438,0,0,,6395,0,0,
2018Q1,,S08000031,,S08000031,d,All Day cases,,5,,6391,0,0,,6354,0,0,
2018Q2,,S08000031,,S08000031,d,All Day cases,,5,,6586,0,0,,6538,0,0,
2018Q3,,S08000031,,S08000031,d,All Day cases,,5,,6408,0,0,,6358,0,0,
2018Q4,,S08000031,,S08000031,d,All Day cases,,5,,6496,0,0,,6460,0,0,
2019Q1,,S08000031,,S08000031,d,All Day cases,,5,,6908,0,0,,6861,0,0,
2019Q2,,S08000031,,S08000031,d,All Day cases,,5,,6419,0,0,,6384,0,0,
2019Q3,,S08000031,,S08000031,d,All Day cases,,5,,6682,0,0,,6642,0,0,
2019Q4,,S08000031,,S08000031,d,All Day cases,,5,,6575,0,0,,6537,0,0,
2020Q1,,S08000031,,S08000031,d,All Day cases,,5,,6143,0,0,,6109,0,0,
2020Q2,,S08000031,,S08000031,d,All Day cases,,5,,1991,0,0,,1984,0,0,
2020Q3,,S08000031,,S08000031,d,All Day cases,,5,,3853,0,0,,3824,0,0,
2020Q4,,S08000031,,S08000031,d,All Day cases,,5,,4659,0,0,,4634,0,0,
2021Q1,,S08000031,,S08000031,d,All Day cases,,5,,4378,0,0,,4358,0,0,
2021Q2,,S08000031,,S08000031,d,All Day cases,,5,,5130,0,0,,5107,0,0,
2021Q3,,S08000031,,S08000031,d,All Day cases,,5,,5384,0,0,,5356,0,0,
2021Q4,,S08000031,,S08000031,d,All Day cases,,5,,5623,0,0,,5597,0,0,
2022Q1,,S08000031,,S08000031,d,All Day cases,,5,,5795,0,0,,5762,0,0,
2022Q2,,S08000031,,S08000031,d,All Day cases,,5,,5774,0,0,,5753,0,0,
2022Q3,,S08000031,,S08000031,d,All Day cases,,5,,6115,0,0,,6089,0,0,
2022Q4,p,S08000031,,S08000031,d,All Day cases,,5,,6047,0,0,,6022,0,0,
2022Q3,,S08000031,,S08000031,d,All Day cases,,,:,0,0,,z,0,0,,z
2022Q4,p,S08000031,,S08000031,d,All Day cases,,,:,11,0,0,,11,0,0,
2017Q4,,S08000031,,S12000038,,All Day cases,,1,,1070,0,0,,1065,0,0,
2018Q1,,S08000031,,S12000038,,All Day cases,,1,,1008,0,0,,1001,0,0,
2018Q2,,S08000031,,S12000038,,All Day cases,,1,,1116,0,0,,1110,0,0,
2018Q3,,S08000031,,S12000038,,All Day cases,,1,,1058,0,0,,1054,0,0,
2018Q4,,S08000031,,S12000038,,All Day cases,,1,,1071,0,0,,1064,0,0,
2019Q1,,S08000031,,S12000038,,All Day cases,,1,,1252,0,0,,1236,0,0,
2019Q2,,S08000031,,S12000038,,All Day cases,,1,,1098,0,0,,1092,0,0,
2019Q3,,S08000031,,S12000038,,All Day cases,,1,,1150,0,0,,1145,0,0,
2019Q4,,S08000031,,S12000038,,All Day cases,,1,,1192,0,0,,1181,0,0,
2020Q1,,S08000031,,S12000038,,All Day cases,,1,,996,0,0,,986,0,0,
2020Q2,,S08000031,,S12000038,,All Day cases,,1,,327,0,0,,323,0,0,
2020Q3,,S08000031,,S12000038,,All Day cases,,1,,674,0,0,,664,0,0,
2020Q4,,S08000031,,S12000038,,All Day cases,,1,,863,0,0,,858,0,0,
2021Q1,,S08000031,,S12000038,,All Day cases,,1,,803,0,0,,798,0,0,
2021Q2,,S08000031,,S12000038,,All Day cases,,1,,1048,0,0,,1037,0,0,
2021Q3,,S08000031,,S12000038,,All Day cases,,1,,1010,0,0,,1002,0,0,
2021Q4,,S08000031,,S12000038,,All Day cases,,1,,964,0,0,,958,0,0,
2022Q1,,S08000031,,S12000038,,All Day cases,,1,,979,0,0,,977,0,0,
2022Q2,,S08000031,,S12000038,,All Day cases,,1,,1017,0,0,,1011,0,0,
2022Q3,,S08000031,,S12000038,,All Day cases,,1,,1130,0,0,,1126,0,0,
2022Q4,p,S08000031,,S12000038,,All Day cases,,1,,1163,0,0,,1159,0,0,
2017Q4,,S08000031,,S12000038,,All Day cases,,2,,1157,0,0,,1144,0,0,
2018Q1,,S08000031,,S12000038,,All Day cases,,2,,1113,0,0,,1099,0,0,
2018Q2,,S08000031,,S12000038,,All Day cases,,2,,1204,0,0,,1191,0,0,
2018Q3,,S08000031,,S12000038,,All Day cases,,2,,1172,0,0,,1164,0,0,
2018Q4,,S08000031,,S12000038,,All Day cases,,2,,1249,0,0,,1242,0,0,
2019Q1,,S08000031,,S12000038,,All Day cases,,2,,1308,0,0,,1295,0,0,
2019Q2,,S08000031,,S12000038,,All Day cases,,2,,1209,0,0,,1195,0,0,
2019Q3,,S08000031,,S12000038,,All Day cases,,2,,1288,0,0,,1283,0,0,
2019Q4,,S08000031,,S12000038,,All Day cases,,2,,1315,0,0,,1300,0,0,
2020Q1,,S08000031,,S12000038,,All Day cases,,2,,1157,0,0,,1145,0,0,
2020Q2,,S08000031,,S12000038,,All Day cases,,2,,333,0,0,,331,0,0,
2020Q3,,S08000031,,S12000038,,All Day cases,,2,,604,0,0,,597,0,0,
2020Q4,,S08000031,,S12000038,,All Day cases,,2,,805,0,0,,801,0,0,
2021Q1,,S08000031,,S12000038,,All Day cases,,2,,780,0,0,,773,0,0,
2021Q2,,S08000031,,S12000038,,All Day cases,,2,,956,0,0,,948,0,0,
2021Q3,,S08000031,,S12000038,,All Day cases,,2,,895,0,0,,891,0,0,
2021Q4,,S08000031,,S12000038,,All Day cases,,2,,906,0,0,,895,0,0,
2022Q1,,S08000031,,S12000038,,All Day cases,,2,,943,0,0,,934,0,0,
2022Q2,,S08000031,,S12000038,,All Day cases,,2,,958,0,0,,953,0,0,
2022Q3,,S08000031,,S12000038,,All Day cases,,2,,1028,0,0,,1024,0,0,
2022Q4,p,S08000031,,S12000038,,All Day cases,,2,,1108,0,0,,1102,0,0,
2017Q4,,S08000031,,S12000038,,All Day cases,,3,,810,0,0,,804,0,0,
2018Q1,,S08000031,,S12000038,,All Day cases,,3,,818,0,0,,811,0,0,
2018Q2,,S08000031,,S12000038,,All Day cases,,3,,827,0,0,,822,0,0,
2018Q3,,S08000031,,S12000038,,All Day cases,,3,,817,0,0,,813,0,0,
2018Q4,,S08000031,,S12000038,,All Day cases,,3,,872,0,0,,866,0,0,
2019Q1,,S08000031,,S12000038,,All Day cases,,3,,851,0,0,,841,0,0,
2019Q2,,S08000031,,S12000038,,All Day cases,,3,,785,0,0,,783,0,0,
2019Q3,,S08000031,,S12000038,,All Day cases,,3,,964,0,0,,956,0,0,
2019Q4,,S08000031,,S12000038,,All Day cases,,3,,862,0,0,,860,0,0,
2020Q1,,S08000031,,S12000038,,All Day cases,,3,,784,0,0,,775,0,0,
2020Q2,,S08000031,,S12000038,,All Day cases,,3,,228,0,0,,226,0,0,
2020Q3,,S08000031,,S12000038,,All Day cases,,3,,457,0,0,,454,0,0,
2020Q4,,S08000031,,S12000038,,All Day cases,,3,,609,0,0,,602,0,0,
2021Q1,,S08000031,,S12000038,,All Day cases,,3,,680,0,0,,675,0,0,
2021Q2,,S08000031,,S12000038,,All Day cases,,3,,751,0,0,,744,0,0,
2021Q3,,S08000031,,S12000038,,All Day cases,,3,,704,0,0,,700,0,0,
2021Q4,,S08000031,,S12000038,,All Day cases,,3,,749,0,0,,747,0,0,
2022Q1,,S08000031,,S12000038,,All Day cases,,3,,690,0,0,,686,0,0,
2022Q2,,S08000031,,S12000038,,All Day cases,,3,,752,0,0,,746,0,0,
2022Q3,,S08000031,,S12000038,,All Day cases,,3,,798,0,0,,794,0,0,
2022Q4,p,S08000031,,S12000038,,All Day cases,,3,,826,0,0,,826,0,0,
2017Q4,,S08000031,,S12000038,,All Day cases,,4,,732,0,0,,724,0,0,
2018Q1,,S08000031,,S12000038,,All Day cases,,4,,723,0,0,,719,0,0,
2018Q2,,S08000031,,S12000038,,All Day cases,,4,,754,0,0,,749,0,0,
2018Q3,,S08000031,,S12000038,,All Day cases,,4,,762,0,0,,758,0,0,
2018Q4,,S08000031,,S12000038,,All Day cases,,4,,778,0,0,,771,0,0,
2019Q1,,S08000031,,S12000038,,All Day cases,,4,,835,0,0,,827,0,0,
2019Q2,,S08000031,,S12000038,,All Day cases,,4,,764,0,0,,759,0,0,
2019Q3,,S08000031,,S12000038,,All Day cases,,4,,845,0,0,,841,0,0,
2019Q4,,S08000031,,S12000038,,All Day cases,,4,,793,0,0,,788,0,0,
2020Q1,,S08000031,,S12000038,,All Day cases,,4,,773,0,0,,767,0,0,
2020Q2,,S08000031,,S12000038,,All Day cases,,4,,252,0,0,,245,0,0,
2020Q3,,S08000031,,S12000038,,All Day cases,,4,,422,0,0,,418,0,0,
2020Q4,,S08000031,,S12000038,,All Day cases,,4,,540,0,0,,537,0,0,
2021Q1,,S08000031,,S12000038,,All Day cases,,4,,541,0,0,,539,0,0,
2021Q2,,S08000031,,S12000038,,All Day cases,,4,,669,0,0,,667,0,0,
2021Q3,,S08000031,,S12000038,,All Day cases,,4,,587,0,0,,586,0,0,
2021Q4,,S08000031,,S12000038,,All Day cases,,4,,702,0,0,,698,0,0,
2022Q1,,S08000031,,S12000038,,All Day cases,,4,,627,0,0,,625,0,0,
2022Q2,,S08000031,,S12000038,,All Day cases,,4,,661,0,0,,658,0,0,
2022Q3,,S08000031,,S12000038,,All Day cases,,4,,783,0,0,,781,0,0,
2022Q4,p,S08000031,,S12000038,,All Day cases,,4,,740,0,0,,738,0,0,
2017Q4,,S08000031,,S12000038,,All Day cases,,5,,1033,0,0,,1026,0,0,
2018Q1,,S08000031,,S12000038,,All Day cases,,5,,1082,0,0,,1073,0,0,
2018Q2,,S08000031,,S12000038,,All Day cases,,5,,1037,0,0,,1032,0,0,
2018Q3,,S08000031,,S12000038,,All Day cases,,5,,1060,0,0,,1053,0,0,
2018Q4,,S08000031,,S12000038,,All Day cases,,5,,1199,0,0,,1197,0,0,
2019Q1,,S08000031,,S12000038,,All Day cases,,5,,1390,0,0,,1383,0,0,
2019Q2,,S08000031,,S12000038,,All Day cases,,5,,1128,0,0,,1120,0,0,
2019Q3,,S08000031,,S12000038,,All Day cases,,5,,1119,0,0,,1112,0,0,
2019Q4,,S08000031,,S12000038,,All Day cases,,5,,1088,0,0,,1077,0,0,
2020Q1,,S08000031,,S12000038,,All Day cases,,5,,1069,0,0,,1060,0,0,
2020Q2,,S08000031,,S12000038,,All Day cases,,5,,351,0,0,,348,0,0,
2020Q3,,S08000031,,S12000038,,All Day cases,,5,,636,0,0,,625,0,0,
2020Q4,,S08000031,,S12000038,,All Day cases,,5,,790,0,0,,784,0,0,
2021Q1,,S08000031,,S12000038,,All Day cases,,5,,683,0,0,,679,0,0,
2021Q2,,S08000031,,S12000038,,All Day cases,,5,,771,0,0,,767,0,0,
2021Q3,,S08000031,,S12000038,,All Day cases,,5,,880,0,0,,874,0,0,
2021Q4,,S08000031,,S12000038,,All Day cases,,5,,1005,0,0,,1001,0,0,
2022Q1,,S08000031,,S12000038,,All Day cases,,5,,1017,0,0,,1013,0,0,
2022Q2,,S08000031,,S12000038,,All Day cases,,5,,983,0,0,,979,0,0,
2022Q3,,S08000031,,S12000038,,All Day cases,,5,,1113,0,0,,1104,0,0,
2022Q4,p,S08000031,,S12000038,,All Day cases,,5,,1001,0,0,,996,0,0,
2017Q4,,S08000031,,S12000039,,All Day cases,,1,,1063,0,0,,1059,0,0,
2018Q1,,S08000031,,S12000039,,All Day cases,,1,,1033,0,0,,1020,0,0,
2018Q2,,S08000031,,S12000039,,All Day cases,,1,,975,0,0,,966,0,0,
2018Q3,,S08000031,,S12000039,,All Day cases,,1,,987,0,0,,985,0,0,
2018Q4,,S08000031,,S12000039,,All Day cases,,1,,1021,0,0,,1014,0,0,
2019Q1,,S08000031,,S12000039,,All Day cases,,1,,1072,0,0,,1069,0,0,
2019Q2,,S08000031,,S12000039,,All Day cases,,1,,1193,0,0,,1182,0,0,
2019Q3,,S08000031,,S12000039,,All Day cases,,1,,1108,0,0,,1096,0,0,
2019Q4,,S08000031,,S12000039,,All Day cases,,1,,1041,0,0,,1038,0,0,
2020Q1,,S08000031,,S12000039,,All Day cases,,1,,877,0,0,,873,0,0,
2020Q2,,S08000031,,S12000039,,All Day cases,,1,,276,0,0,,272,0,0,
2020Q3,,S08000031,,S12000039,,All Day cases,,1,,626,0,0,,626,0,0,
2020Q4,,S08000031,,S12000039,,All Day cases,,1,,793,0,0,,791,0,0,
2021Q1,,S08000031,,S12000039,,All Day cases,,1,,818,0,0,,814,0,0,
2021Q2,,S08000031,,S12000039,,All Day cases,,1,,899,0,0,,891,0,0,
2021Q3,,S08000031,,S12000039,,All Day cases,,1,,928,0,0,,923,0,0,
2021Q4,,S08000031,,S12000039,,All Day cases,,1,,863,0,0,,861,0,0,
2022Q1,,S08000031,,S12000039,,All Day cases,,1,,872,0,0,,867,0,0,
2022Q2,,S08000031,,S12000039,,All Day cases,,1,,963,0,0,,958,0,0,
2022Q3,,S08000031,,S12000039,,All Day cases,,1,,994,0,0,,987,0,0,
2022Q4,p,S08000031,,S12000039,,All Day cases,,1,,1056,0,0,,1052,0,0,
2017Q4,,S08000031,,S12000039,,All Day cases,,2,,787,0,0,,784,0,0,
2018Q1,,S08000031,,S12000039,,All Day cases,,2,,792,0,0,,788,0,0,
2018Q2,,S08000031,,S12000039,,All Day cases,,2,,777,0,0,,773,0,0,
2018Q3,,S08000031,,S12000039,,All Day cases,,2,,816,0,0,,810,0,0,
2018Q4,,S08000031,,S12000039,,All Day cases,,2,,813,0,0,,806,0,0,
2019Q1,,S08000031,,S12000039,,All Day cases,,2,,811,0,0,,805,0,0,
2019Q2,,S08000031,,S12000039,,All Day cases,,2,,774,0,0,,763,0,0,
2019Q3,,S08000031,,S12000039,,All Day cases,,2,,810,0,0,,807,0,0,
2019Q4,,S08000031,,S12000039,,All Day cases,,2,,846,0,0,,843,0,0,
2020Q1,,S08000031,,S12000039,,All Day cases,,2,,817,0,0,,813,0,0,
2020Q2,,S08000031,,S12000039,,All Day cases,,2,,254,0,0,,252,0,0,
2020Q3,,S08000031,,S12000039,,All Day cases,,2,,472,0,0,,468,0,0,
2020Q4,,S08000031,,S12000039,,All Day cases,,2,,656,0,0,,652,0,0,
2021Q1,,S08000031,,S12000039,,All Day cases,,2,,693,0,0,,688,0,0,
2021Q2,,S08000031,,S12000039,,All Day cases,,2,,794,0,0,,788,0,0,
2021Q3,,S08000031,,S12000039,,All Day cases,,2,,716,0,0,,713,0,0,
2021Q4,,S08000031,,S12000039,,All Day cases,,2,,665,0,0,,663,0,0,
2022Q1,,S08000031,,S12000039,,All Day cases,,2,,768,0,0,,766,0,0,
2022Q2,,S08000031,,S12000039,,All Day cases,,2,,787,0,0,,786,0,0,
2022Q3,,S08000031,,S12000039,,All Day cases,,2,,930,0,0,,924,0,0,
2022Q4,p,S08000031,,S12000039,,All Day cases,,2,,796,0,0,,787,0,0,
2017Q4,,S08000031,,S12000039,,All Day cases,,3,,465,0,0,,463,0,0,
2018Q1,,S08000031,,S12000039,,All Day cases,,3,,436,0,0,,430,0,0,
2018Q2,,S08000031,,S12000039,,All Day cases,,3,,514,0,0,,508,0,0,
2018Q3,,S08000031,,S12000039,,All Day cases,,3,,521,0,0,,518,0,0,
2018Q4,,S08000031,,S12000039,,All Day cases,,3,,472,0,0,,470,0,0,
2019Q1,,S08000031,,S12000039,,All Day cases,,3,,507,0,0,,506,0,0,
2019Q2,,S08000031,,S12000039,,All Day cases,,3,,562,0,0,,560,0,0,
2019Q3,,S08000031,,S12000039,,All Day cases,,3,,574,0,0,,572,0,0,
2019Q4,,S08000031,,S12000039,,All Day cases,,3,,554,0,0,,552,0,0,
2020Q1,,S08000031,,S12000039,,All Day cases,,3,,483,0,0,,478,0,0,
2020Q2,,S08000031,,S12000039,,All Day cases,,3,,148,0,0,,147,0,0,
2020Q3,,S08000031,,S12000039,,All Day cases,,3,,317,0,0,,317,0,0,
2020Q4,,S08000031,,S12000039,,All Day cases,,3,,423,0,0,,419,0,0,
2021Q1,,S08000031,,S12000039,,All Day cases,,3,,398,0,0,,393,0,0,
2021Q2,,S08000031,,S12000039,,All Day cases,,3,,466,0,0,,465,0,0,
2021Q3,,S08000031,,S12000039,,All Day cases,,3,,480,0,0,,477,0,0,
2021Q4,,S08000031,,S12000039,,All Day cases,,3,,463,0,0,,463,0,0,
2022Q1,,S08000031,,S12000039,,All Day cases,,3,,451,0,0,,447,0,0,
2022Q2,,S08000031,,S12000039,,All Day cases,,3,,492,0,0,,491,0,0,
2022Q3,,S08000031,,S12000039,,All Day cases,,3,,534,0,0,,531,0,0,
2022Q4,p,S08000031,,S12000039,,All Day cases,,3,,552,0,0,,551,0,0,
2017Q4,,S08000031,,S12000039,,All Day cases,,4,,253,0,0,,253,0,0,
2018Q1,,S08000031,,S12000039,,All Day cases,,4,,252,0,0,,252,0,0,
2018Q2,,S08000031,,S12000039,,All Day cases,,4,,291,0,0,,287,0,0,
2018Q3,,S08000031,,S12000039,,All Day cases,,4,,269,0,0,,268,0,0,
2018Q4,,S08000031,,S12000039,,All Day cases,,4,,240,0,0,,237,0,0,
2019Q1,,S08000031,,S12000039,,All Day cases,,4,,275,0,0,,275,0,0,
2019Q2,,S08000031,,S12000039,,All Day cases,,4,,271,0,0,,271,0,0,
2019Q3,,S08000031,,S12000039,,All Day cases,,4,,278,0,0,,277,0,0,
2019Q4,,S08000031,,S12000039,,All Day cases,,4,,290,0,0,,288,0,0,
2020Q1,,S08000031,,S12000039,,All Day cases,,4,,261,0,0,,260,0,0,
2020Q2,,S08000031,,S12000039,,All Day cases,,4,,44,0,0,,43,0,0,
2020Q3,,S08000031,,S12000039,,All Day cases,,4,,126,0,0,,126,0,0,
2020Q4,,S08000031,,S12000039,,All Day cases,,4,,200,0,0,,198,0,0,
2021Q1,,S08000031,,S12000039,,All Day cases,,4,,170,0,0,,168,0,0,
2021Q2,,S08000031,,S12000039,,All Day cases,,4,,225,0,0,,224,0,0,
2021Q3,,S08000031,,S12000039,,All Day cases,,4,,223,0,0,,220,0,0,
2021Q4,,S08000031,,S12000039,,All Day cases,,4,,213,0,0,,212,0,0,
2022Q1,,S08000031,,S12000039,,All Day cases,,4,,216,0,0,,214,0,0,
2022Q2,,S08000031,,S12000039,,All Day cases,,4,,251,0,0,,250,0,0,
2022Q3,,S08000031,,S12000039,,All Day cases,,4,,300,0,0,,300,0,0,
2022Q4,p,S08000031,,S12000039,,All Day cases,,4,,299,0,0,,297,0,0,
2017Q4,,S08000031,,S12000039,,All Day cases,,5,,148,0,0,,148,0,0,
2018Q1,,S08000031,,S12000039,,All Day cases,,5,,152,0,0,,151,0,0,
2018Q2,,S08000031,,S12000039,,All Day cases,,5,,154,0,0,,154,0,0,
2018Q3,,S08000031,,S12000039,,All Day cases,,5,,156,0,0,,155,0,0,
2018Q4,,S08000031,,S12000039,,All Day cases,,5,,148,0,0,,147,0,0,
2019Q1,,S08000031,,S12000039,,All Day cases,,5,,149,0,0,,149,0,0,
2019Q2,,S08000031,,S12000039,,All Day cases,,5,,177,0,0,,177,0,0,
2019Q3,,S08000031,,S12000039,,All Day cases,,5,,195,0,0,,194,0,0,
2019Q4,,S08000031,,S12000039,,All Day cases,,5,,160,0,0,,160,0,0,
2020Q1,,S08000031,,S12000039,,All Day cases,,5,,145,0,0,,144,0,0,
2020Q2,,S08000031,,S12000039,,All Day cases,,5,,50,0,0,,45,0,0,
2020Q3,,S08000031,,S12000039,,All Day cases,,5,,98,0,0,,98,0,0,
2020Q4,,S08000031,,S12000039,,All Day cases,,5,,116,0,0,,116,0,0,
2021Q1,,S08000031,,S12000039,,All Day cases,,5,,109,0,0,,108,0,0,
2021Q2,,S08000031,,S12000039,,All Day cases,,5,,128,0,0,,128,0,0,
2021Q3,,S08000031,,S12000039,,All Day cases,,5,,119,0,0,,119,0,0,
2021Q4,,S08000031,,S12000039,,All Day cases,,5,,116,0,0,,115,0,0,
2022Q1,,S08000031,,S12000039,,All Day cases,,5,,153,0,0,,153,0,0,
2022Q2,,S08000031,,S12000039,,All Day cases,,5,,138,0,0,,136,0,0,
2022Q3,,S08000031,,S12000039,,All Day cases,,5,,181,0,0,,181,0,0,
2022Q4,p,S08000031,,S12000039,,All Day cases,,5,,165,0,0,,165,0,0,
2022Q4,p,S08000031,,S12000039,,All Day cases,,,:,10,0,0,,10,0,0,
2017Q4,,S08000022,,S12000035,,All Day cases,,1,,198,0,0,,197,0,0,
2018Q1,,S08000022,,S12000035,,All Day cases,,1,,199,0,0,,196,0,0,
2018Q2,,S08000022,,S12000035,,All Day cases,,1,,182,0,0,,177,0,0,
2018Q3,,S08000022,,S12000035,,All Day cases,,1,,185,0,0,,183,0,0,
2018Q4,,S08000022,,S12000035,,All Day cases,,1,,191,0,0,,191,0,0,
2019Q1,,S08000022,,S12000035,,All Day cases,,1,,186,0,0,,184,0,0,
2019Q2,,S08000022,,S12000035,,All Day cases,,1,,184,0,0,,181,0,0,
2019Q3,,S08000022,,S12000035,,All Day cases,,1,,193,0,0,,190,0,0,
2019Q4,,S08000022,,S12000035,,All Day cases,,1,,180,0,0,,177,0,0,
2020Q1,,S08000022,,S12000035,,All Day cases,,1,,172,0,0,,171,0,0,
2020Q2,,S08000022,,S12000035,,All Day cases,,1,,32,0,0,,32,0,0,
2020Q3,,S08000022,,S12000035,,All Day cases,,1,,108,0,0,,107,0,0,
2020Q4,,S08000022,,S12000035,,All Day cases,,1,,122,0,0,,121,0,0,
2021Q1,,S08000022,,S12000035,,All Day cases,,1,,142,0,0,,140,0,0,
2021Q2,,S08000022,,S12000035,,All Day cases,,1,,188,0,0,,186,0,0,
2021Q3,,S08000022,,S12000035,,All Day cases,,1,,174,0,0,,172,0,0,
2021Q4,,S08000022,,S12000035,,All Day cases,,1,,134,0,0,,133,0,0,
2022Q1,,S08000022,,S12000035,,All Day cases,,1,,153,0,0,,153,0,0,
2022Q2,,S08000022,,S12000035,,All Day cases,,1,,173,0,0,,169,0,0,
2022Q3,,S08000022,,S12000035,,All Day cases,,1,,178,0,0,,176,0,0,
2022Q4,p,S08000022,,S12000035,,All Day cases,,1,,205,0,0,,205,0,0,
2017Q4,,S08000022,,S12000035,,All Day cases,,2,,295,0,0,,291,0,0,
2018Q1,,S08000022,,S12000035,,All Day cases,,2,,314,0,0,,314,0,0,
2018Q2,,S08000022,,S12000035,,All Day cases,,2,,318,0,0,,313,0,0,
2018Q3,,S08000022,,S12000035,,All Day cases,,2,,286,0,0,,286,0,0,
2018Q4,,S08000022,,S12000035,,All Day cases,,2,,274,0,0,,269,0,0,
2019Q1,,S08000022,,S12000035,,All Day cases,,2,,286,0,0,,283,0,0,
2019Q2,,S08000022,,S12000035,,All Day cases,,2,,318,0,0,,316,0,0,
2019Q3,,S08000022,,S12000035,,All Day cases,,2,,295,0,0,,294,0,0,
2019Q4,,S08000022,,S12000035,,All Day cases,,2,,259,0,0,,255,0,0,
2020Q1,,S08000022,,S12000035,,All Day cases,,2,,289,0,0,,288,0,0,
2020Q2,,S08000022,,S12000035,,All Day cases,,2,,56,0,0,,56,0,0,
2020Q3,,S08000022,,S12000035,,All Day cases,,2,,145,0,0,,145,0,0,
2020Q4,,S08000022,,S12000035,,All Day cases,,2,,239,0,0,,235,0,0,
2021Q1,,S08000022,,S12000035,,All Day cases,,2,,237,0,0,,236,0,0,
2021Q2,,S08000022,,S12000035,,All Day cases,,2,,271,0,0,,268,0,0,
2021Q3,,S08000022,,S12000035,,All Day cases,,2,,230,0,0,,230,0,0,
2021Q4,,S08000022,,S12000035,,All Day cases,,2,,222,0,0,,222,0,0,
2022Q1,,S08000022,,S12000035,,All Day cases,,2,,268,0,0,,268,0,0,
2022Q2,,S08000022,,S12000035,,All Day cases,,2,,279,0,0,,276,0,0,
2022Q3,,S08000022,,S12000035,,All Day cases,,2,,334,0,0,,331,0,0,
2022Q4,p,S08000022,,S12000035,,All Day cases,,2,,341,0,0,,336,0,0,
2017Q4,,S08000022,,S12000035,,All Day cases,,3,,790,0,0,,781,0,0,
2018Q1,,S08000022,,S12000035,,All Day cases,,3,,804,0,0,,798,0,0,
2018Q2,,S08000022,,S12000035,,All Day cases,,3,,748,0,0,,736,0,0,
2018Q3,,S08000022,,S12000035,,All Day cases,,3,,741,0,0,,730,0,0,
2018Q4,,S08000022,,S12000035,,All Day cases,,3,,765,0,0,,754,0,0,
2019Q1,,S08000022,,S12000035,,All Day cases,,3,,759,0,0,,754,0,0,
2019Q2,,S08000022,,S12000035,,All Day cases,,3,,719,0,0,,712,0,0,
2019Q3,,S08000022,,S12000035,,All Day cases,,3,,735,0,0,,728,0,0,
2019Q4,,S08000022,,S12000035,,All Day cases,,3,,720,0,0,,712,0,0,
2020Q1,,S08000022,,S12000035,,All Day cases,,3,,784,0,0,,780,0,0,
2020Q2,,S08000022,,S12000035,,All Day cases,,3,,251,0,0,,250,0,0,
2020Q3,,S08000022,,S12000035,,All Day cases,,3,,487,0,0,,479,0,0,
2020Q4,,S08000022,,S12000035,,All Day cases,,3,,629,0,0,,627,0,0,
2021Q1,,S08000022,,S12000035,,All Day cases,,3,,548,0,0,,544,0,0,
2021Q2,,S08000022,,S12000035,,All Day cases,,3,,722,0,0,,716,0,0,
2021Q3,,S08000022,,S12000035,,All Day cases,,3,,686,0,0,,681,0,0,
2021Q4,,S08000022,,S12000035,,All Day cases,,3,,710,0,0,,707,0,0,
2022Q1,,S08000022,,S12000035,,All Day cases,,3,,904,0,0,,898,0,0,
2022Q2,,S08000022,,S12000035,,All Day cases,,3,,853,0,0,,846,0,0,
2022Q3,,S08000022,,S12000035,,All Day cases,,3,,983,0,0,,978,0,0,
2022Q4,p,S08000022,,S12000035,,All Day cases,,3,,860,0,0,,851,0,0,
2017Q4,,S08000022,,S12000035,,All Day cases,,4,,416,0,0,,411,0,0,
2018Q1,,S08000022,,S12000035,,All Day cases,,4,,443,0,0,,439,0,0,
2018Q2,,S08000022,,S12000035,,All Day cases,,4,,383,0,0,,383,0,0,
2018Q3,,S08000022,,S12000035,,All Day cases,,4,,448,0,0,,448,0,0,
2018Q4,,S08000022,,S12000035,,All Day cases,,4,,449,0,0,,447,0,0,
2019Q1,,S08000022,,S12000035,,All Day cases,,4,,449,0,0,,444,0,0,
2019Q2,,S08000022,,S12000035,,All Day cases,,4,,417,0,0,,416,0,0,
2019Q3,,S08000022,,S12000035,,All Day cases,,4,,438,0,0,,437,0,0,
2019Q4,,S08000022,,S12000035,,All Day cases,,4,,405,0,0,,397,0,0,
2020Q1,,S08000022,,S12000035,,All Day cases,,4,,378,0,0,,374,0,0,
2020Q2,,S08000022,,S12000035,,All Day cases,,4,,137,0,0,,134,0,0,
2020Q3,,S08000022,,S12000035,,All Day cases,,4,,278,0,0,,273,0,0,
2020Q4,,S08000022,,S12000035,,All Day cases,,4,,363,0,0,,360,0,0,
2021Q1,,S08000022,,S12000035,,All Day cases,,4,,345,0,0,,344,0,0,
2021Q2,,S08000022,,S12000035,,All Day cases,,4,,470,0,0,,469,0,0,
2021Q3,,S08000022,,S12000035,,All Day cases,,4,,466,0,0,,460,0,0,
2021Q4,,S08000022,,S12000035,,All Day cases,,4,,414,0,0,,406,0,0,
2022Q1,,S08000022,,S12000035,,All Day cases,,4,,468,0,0,,462,0,0,
2022Q2,,S08000022,,S12000035,,All Day cases,,4,,430,0,0,,429,0,0,
2022Q3,,S08000022,,S12000035,,All Day cases,,4,,482,0,0,,480,0,0,
2022Q4,p,S08000022,,S12000035,,All Day cases,,4,,470,0,0,,467,0,0,
2017Q4,,S08000022,,S12000035,,All Day cases,,5,,260,0,0,,260,0,0,
2018Q1,,S08000022,,S12000035,,All Day cases,,5,,295,0,0,,288,0,0,
2018Q2,,S08000022,,S12000035,,All Day cases,,5,,288,0,0,,285,0,0,
2018Q3,,S08000022,,S12000035,,All Day cases,,5,,300,0,0,,299,0,0,
2018Q4,,S08000022,,S12000035,,All Day cases,,5,,350,0,0,,349,0,0,
2019Q1,,S08000022,,S12000035,,All Day cases,,5,,327,0,0,,326,0,0,
2019Q2,,S08000022,,S12000035,,All Day cases,,5,,321,0,0,,319,0,0,
2019Q3,,S08000022,,S12000035,,All Day cases,,5,,309,0,0,,309,0,0,
2019Q4,,S08000022,,S12000035,,All Day cases,,5,,285,0,0,,285,0,0,
2020Q1,,S08000022,,S12000035,,All Day cases,,5,,247,0,0,,246,0,0,
2020Q2,,S08000022,,S12000035,,All Day cases,,5,,81,0,0,,79,0,0,
2020Q3,,S08000022,,S12000035,,All Day cases,,5,,166,0,0,,165,0,0,
2020Q4,,S08000022,,S12000035,,All Day cases,,5,,175,0,0,,175,0,0,
2021Q1,,S08000022,,S12000035,,All Day cases,,5,,176,0,0,,176,0,0,
2021Q2,,S08000022,,S12000035,,All Day cases,,5,,257,0,0,,255,0,0,
2021Q3,,S08000022,,S12000035,,All Day cases,,5,,221,0,0,,221,0,0,
2021Q4,,S08000022,,S12000035,,All Day cases,,5,,253,0,0,,252,0,0,
2022Q1,,S08000022,,S12000035,,All Day cases,,5,,292,0,0,,292,0,0,
2022Q2,,S08000022,,S12000035,,All Day cases,,5,,273,0,0,,272,0,0,
2022Q3,,S08000022,,S12000035,,All Day cases,,5,,289,0,0,,288,0,0,
2022Q4,p,S08000022,,S12000035,,All Day cases,,5,,297,0,0,,294,0,0,
2017Q4,,S08000022,,S12000017,,All Day cases,,1,,371,0,0,,343,0,0,
2018Q1,,S08000022,,S12000017,,All Day cases,,1,,347,0,0,,320,0,0,
2018Q2,,S08000022,,S12000017,,All Day cases,,1,,447,0,0,,427,0,0,
2018Q3,,S08000022,,S12000017,,All Day cases,,1,,412,0,0,,393,0,0,
2018Q4,,S08000022,,S12000017,,All Day cases,,1,,425,0,0,,388,0,0,
2019Q1,,S08000022,,S12000017,,All Day cases,,1,,464,0,0,,434,0,0,
2019Q2,,S08000022,,S12000017,,All Day cases,,1,,481,0,0,,434,0,0,
2019Q3,,S08000022,,S12000017,,All Day cases,,1,,514,0,0,,462,0,0,
2019Q4,,S08000022,,S12000017,,All Day cases,,1,,521,0,0,,480,0,0,
2020Q1,,S08000022,,S12000017,,All Day cases,,1,,452,0,0,,411,0,0,
2020Q2,,S08000022,,S12000017,,All Day cases,,1,,226,0,0,,211,0,0,
2020Q3,,S08000022,,S12000017,,All Day cases,,1,,374,0,0,,358,0,0,
2020Q4,,S08000022,,S12000017,,All Day cases,,1,,354,0,0,,327,0,0,
2021Q1,,S08000022,,S12000017,,All Day cases,,1,,350,0,0,,316,0,0,
2021Q2,,S08000022,,S12000017,,All Day cases,,1,,356,0,0,,314,0,0,
2021Q3,,S08000022,,S12000017,,All Day cases,,1,,363,0,0,,325,0,0,
2021Q4,,S08000022,,S12000017,,All Day cases,,1,,386,0,0,,339,0,0,
2022Q1,,S08000022,,S12000017,,All Day cases,,1,,421,0,0,,382,0,0,
2022Q2,,S08000022,,S12000017,,All Day cases,,1,,399,0,0,,369,0,0,
2022Q3,,S08000022,,S12000017,,All Day cases,,1,,452,0,0,,417,0,0,
2022Q4,p,S08000022,,S12000017,,All Day cases,,1,,361,0,0,,341,0,0,
2017Q4,,S08000022,,S12000017,,All Day cases,,2,,831,0,0,,787,0,0,
2018Q1,,S08000022,,S12000017,,All Day cases,,2,,808,0,0,,758,0,0,
2018Q2,,S08000022,,S12000017,,All Day cases,,2,,838,0,0,,803,0,0,
2018Q3,,S08000022,,S12000017,,All Day cases,,2,,871,0,0,,806,0,0,
2018Q4,,S08000022,,S12000017,,All Day cases,,2,,887,0,0,,828,0,0,
2019Q1,,S08000022,,S12000017,,All Day cases,,2,,922,0,0,,834,0,0,
2019Q2,,S08000022,,S12000017,,All Day cases,,2,,873,0,0,,803,0,0,
2019Q3,,S08000022,,S12000017,,All Day cases,,2,,889,0,0,,820,0,0,
2019Q4,,S08000022,,S12000017,,All Day cases,,2,,955,0,0,,882,0,0,
2020Q1,,S08000022,,S12000017,,All Day cases,,2,,765,0,0,,686,0,0,
2020Q2,,S08000022,,S12000017,,All Day cases,,2,,391,0,0,,370,0,0,
2020Q3,,S08000022,,S12000017,,All Day cases,,2,,707,0,0,,654,0,0,
2020Q4,,S08000022,,S12000017,,All Day cases,,2,,630,0,0,,589,0,0,
2021Q1,,S08000022,,S12000017,,All Day cases,,2,,574,0,0,,528,0,0,
2021Q2,,S08000022,,S12000017,,All Day cases,,2,,705,0,0,,651,0,0,
2021Q3,,S08000022,,S12000017,,All Day cases,,2,,661,0,0,,608,0,0,
2021Q4,,S08000022,,S12000017,,All Day cases,,2,,675,0,0,,617,0,0,
2022Q1,,S08000022,,S12000017,,All Day cases,,2,,685,0,0,,645,0,0,
2022Q2,,S08000022,,S12000017,,All Day cases,,2,,641,0,0,,593,0,0,
2022Q3,,S08000022,,S12000017,,All Day cases,,2,,683,0,0,,640,0,0,
2022Q4,p,S08000022,,S12000017,,All Day cases,,2,,593,0,0,,554,0,0,
2017Q4,,S08000022,,S12000017,,All Day cases,,3,,1444,0,0,,1365,0,0,
2018Q1,,S08000022,,S12000017,,All Day cases,,3,,1516,0,0,,1446,0,0,
2018Q2,,S08000022,,S12000017,,All Day cases,,3,,1606,0,0,,1544,0,0,
2018Q3,,S08000022,,S12000017,,All Day cases,,3,,1452,0,0,,1368,0,0,
2018Q4,,S08000022,,S12000017,,All Day cases,,3,,1688,0,0,,1579,5,0.00316656111462951,
2019Q1,,S08000022,,S12000017,,All Day cases,,3,,1840,0,0,,1712,5,0.00292056074766355,
2019Q2,,S08000022,,S12000017,,All Day cases,,3,,1720,0,0,,1589,0,0,
2019Q3,,S08000022,,S12000017,,All Day cases,,3,,1701,0,0,,1573,0,0,
2019Q4,,S08000022,,S12000017,,All Day cases,,3,,1806,0,0,,1677,0,0,
2020Q1,,S08000022,,S12000017,,All Day cases,,3,,1636,0,0,,1506,0,0,
2020Q2,,S08000022,,S12000017,,All Day cases,,3,,712,0,0,,670,0,0,
2020Q3,,S08000022,,S12000017,,All Day cases,,3,,1441,0,0,,1360,0,0,
2020Q4,,S08000022,,S12000017,,All Day cases,,3,,1398,0,0,,1315,0,0,
2021Q1,,S08000022,,S12000017,,All Day cases,,3,,1143,0,0,,1063,0,0,
2021Q2,,S08000022,,S12000017,,All Day cases,,3,,1476,0,0,,1354,0,0,
2021Q3,,S08000022,,S12000017,,All Day cases,,3,,1391,0,0,,1307,0,0,
2021Q4,,S08000022,,S12000017,,All Day cases,,3,,1457,0,0,,1351,0,0,
2022Q1,,S08000022,,S12000017,,All Day cases,,3,,1466,0,0,,1365,0,0,
2022Q2,,S08000022,,S12000017,,All Day cases,,3,,1530,0,0,,1417,5,0.00352858151023289,
2022Q3,,S08000022,,S12000017,,All Day cases,,3,,1539,0,0,,1433,0,0,
2022Q4,p,S08000022,,S12000017,,All Day cases,,3,,1416,0,0,,1342,0,0,
2017Q4,,S08000022,,S12000017,,All Day cases,,4,,1276,0,0,,1220,0,0,
2018Q1,,S08000022,,S12000017,,All Day cases,,4,,1284,0,0,,1219,0,0,
2018Q2,,S08000022,,S12000017,,All Day cases,,4,,1396,0,0,,1345,0,0,
2018Q3,,S08000022,,S12000017,,All Day cases,,4,,1410,0,0,,1346,0,0,
2018Q4,,S08000022,,S12000017,,All Day cases,,4,,1442,0,0,,1337,5,0.0037397157816006,
2019Q1,,S08000022,,S12000017,,All Day cases,,4,,1592,0,0,,1459,5,0.00342700479780672,
2019Q2,,S08000022,,S12000017,,All Day cases,,4,,1626,0,0,,1482,0,0,
2019Q3,,S08000022,,S12000017,,All Day cases,,4,,1554,0,0,,1455,0,0,
2019Q4,,S08000022,,S12000017,,All Day cases,,4,,1483,0,0,,1364,0,0,
2020Q1,,S08000022,,S12000017,,All Day cases,,4,,1416,0,0,,1302,0,0,
2020Q2,,S08000022,,S12000017,,All Day cases,,4,,620,0,0,,588,0,0,
2020Q3,,S08000022,,S12000017,,All Day cases,,4,,1058,0,0,,996,0,0,
2020Q4,,S08000022,,S12000017,,All Day cases,,4,,1158,0,0,,1100,0,0,
2021Q1,,S08000022,,S12000017,,All Day cases,,4,,988,0,0,,908,0,0,
2021Q2,,S08000022,,S12000017,,All Day cases,,4,,1241,0,0,,1124,0,0,
2021Q3,,S08000022,,S12000017,,All Day cases,,4,,1179,0,0,,1077,5,0.00464252553389044,
2021Q4,,S08000022,,S12000017,,All Day cases,,4,,1229,0,0,,1126,0,0,
2022Q1,,S08000022,,S12000017,,All Day cases,,4,,1284,0,0,,1193,0,0,
2022Q2,,S08000022,,S12000017,,All Day cases,,4,,1295,0,0,,1201,0,0,
2022Q3,,S08000022,,S12000017,,All Day cases,,4,,1304,0,0,,1217,5,0.00410846343467543,
2022Q4,p,S08000022,,S12000017,,All Day cases,,4,,1158,0,0,,1064,5,0.00469924812030075,
2017Q4,,S08000022,,S12000017,,All Day cases,,5,,349,0,0,,325,0,0,
2018Q1,,S08000022,,S12000017,,All Day cases,,5,,405,0,0,,382,0,0,
2018Q2,,S08000022,,S12000017,,All Day cases,,5,,403,0,0,,392,0,0,
2018Q3,,S08000022,,S12000017,,All Day cases,,5,,347,0,0,,332,0,0,
2018Q4,,S08000022,,S12000017,,All Day cases,,5,,358,0,0,,330,0,0,
2019Q1,,S08000022,,S12000017,,All Day cases,,5,,394,0,0,,357,0,0,
2019Q2,,S08000022,,S12000017,,All Day cases,,5,,459,0,0,,417,0,0,
2019Q3,,S08000022,,S12000017,,All Day cases,,5,,445,0,0,,422,0,0,
2019Q4,,S08000022,,S12000017,,All Day cases,,5,,469,0,0,,443,0,0,
2020Q1,,S08000022,,S12000017,,All Day cases,,5,,367,0,0,,346,0,0,
2020Q2,,S08000022,,S12000017,,All Day cases,,5,,207,0,0,,196,0,0,
2020Q3,,S08000022,,S12000017,,All Day cases,,5,,321,0,0,,308,0,0,
2020Q4,,S08000022,,S12000017,,All Day cases,,5,,349,0,0,,334,0,0,
2021Q1,,S08000022,,S12000017,,All Day cases,,5,,289,0,0,,274,0,0,
2021Q2,,S08000022,,S12000017,,All Day cases,,5,,347,0,0,,312,0,0,
2021Q3,,S08000022,,S12000017,,All Day cases,,5,,314,0,0,,296,0,0,
2021Q4,,S08000022,,S12000017,,All Day cases,,5,,306,0,0,,282,0,0,
2022Q1,,S08000022,,S12000017,,All Day cases,,5,,344,0,0,,326,0,0,
2022Q2,,S08000022,,S12000017,,All Day cases,,5,,383,0,0,,356,0,0,
2022Q3,,S08000022,,S12000017,,All Day cases,,5,,361,0,0,,344,0,0,
2022Q4,p,S08000022,,S12000017,,All Day cases,,5,,261,0,0,,243,0,0,
2017Q4,,S08000022,,S08000022,d,All Day cases,,1,,569,0,0,,540,0,0,
2018Q1,,S08000022,,S08000022,d,All Day cases,,1,,546,0,0,,516,0,0,
2018Q2,,S08000022,,S08000022,d,All Day cases,,1,,629,0,0,,604,0,0,
2018Q3,,S08000022,,S08000022,d,All Day cases,,1,,597,0,0,,576,0,0,
2018Q4,,S08000022,,S08000022,d,All Day cases,,1,,616,0,0,,579,0,0,
2019Q1,,S08000022,,S08000022,d,All Day cases,,1,,650,0,0,,618,0,0,
2019Q2,,S08000022,,S08000022,d,All Day cases,,1,,665,0,0,,615,0,0,
2019Q3,,S08000022,,S08000022,d,All Day cases,,1,,707,0,0,,652,0,0,
2019Q4,,S08000022,,S08000022,d,All Day cases,,1,,701,0,0,,657,0,0,
2020Q1,,S08000022,,S08000022,d,All Day cases,,1,,624,0,0,,582,0,0,
2020Q2,,S08000022,,S08000022,d,All Day cases,,1,,258,0,0,,243,0,0,
2020Q3,,S08000022,,S08000022,d,All Day cases,,1,,482,0,0,,465,0,0,
2020Q4,,S08000022,,S08000022,d,All Day cases,,1,,476,0,0,,448,0,0,
2021Q1,,S08000022,,S08000022,d,All Day cases,,1,,492,0,0,,456,0,0,
2021Q2,,S08000022,,S08000022,d,All Day cases,,1,,544,0,0,,500,0,0,
2021Q3,,S08000022,,S08000022,d,All Day cases,,1,,537,0,0,,497,0,0,
2021Q4,,S08000022,,S08000022,d,All Day cases,,1,,520,0,0,,472,0,0,
2022Q1,,S08000022,,S08000022,d,All Day cases,,1,,574,0,0,,535,0,0,
2022Q2,,S08000022,,S08000022,d,All Day cases,,1,,572,0,0,,538,0,0,
2022Q3,,S08000022,,S08000022,d,All Day cases,,1,,630,0,0,,593,0,0,
2022Q4,p,S08000022,,S08000022,d,All Day cases,,1,,566,0,0,,546,0,0,
2017Q4,,S08000022,,S08000022,d,All Day cases,,2,,1126,0,0,,1078,0,0,
2018Q1,,S08000022,,S08000022,d,All Day cases,,2,,1122,0,0,,1072,0,0,
2018Q2,,S08000022,,S08000022,d,All Day cases,,2,,1156,0,0,,1116,0,0,
2018Q3,,S08000022,,S08000022,d,All Day cases,,2,,1157,0,0,,1092,0,0,
2018Q4,,S08000022,,S08000022,d,All Day cases,,2,,1161,0,0,,1097,0,0,
2019Q1,,S08000022,,S08000022,d,All Day cases,,2,,1208,0,0,,1117,0,0,
2019Q2,,S08000022,,S08000022,d,All Day cases,,2,,1191,0,0,,1119,0,0,
2019Q3,,S08000022,,S08000022,d,All Day cases,,2,,1184,0,0,,1114,0,0,
2019Q4,,S08000022,,S08000022,d,All Day cases,,2,,1214,0,0,,1137,0,0,
2020Q1,,S08000022,,S08000022,d,All Day cases,,2,,1054,0,0,,974,0,0,
2020Q2,,S08000022,,S08000022,d,All Day cases,,2,,447,0,0,,426,0,0,
2020Q3,,S08000022,,S08000022,d,All Day cases,,2,,852,0,0,,799,0,0,
2020Q4,,S08000022,,S08000022,d,All Day cases,,2,,869,0,0,,824,0,0,
2021Q1,,S08000022,,S08000022,d,All Day cases,,2,,811,0,0,,764,0,0,
2021Q2,,S08000022,,S08000022,d,All Day cases,,2,,976,0,0,,919,0,0,
2021Q3,,S08000022,,S08000022,d,All Day cases,,2,,891,0,0,,838,0,0,
2021Q4,,S08000022,,S08000022,d,All Day cases,,2,,897,0,0,,839,0,0,
2022Q1,,S08000022,,S08000022,d,All Day cases,,2,,953,0,0,,913,0,0,
2022Q2,,S08000022,,S08000022,d,All Day cases,,2,,920,0,0,,869,0,0,
2022Q3,,S08000022,,S08000022,d,All Day cases,,2,,1017,0,0,,971,0,0,
2022Q4,p,S08000022,,S08000022,d,All Day cases,,2,,934,0,0,,890,0,0,
2017Q4,,S08000022,,S08000022,d,All Day cases,,3,,2234,0,0,,2146,0,0,
2018Q1,,S08000022,,S08000022,d,All Day cases,,3,,2320,0,0,,2244,0,0,
2018Q2,,S08000022,,S08000022,d,All Day cases,,3,,2354,0,0,,2280,0,0,
2018Q3,,S08000022,,S08000022,d,All Day cases,,3,,2193,0,0,,2098,0,0,
2018Q4,,S08000022,,S08000022,d,All Day cases,,3,,2453,0,0,,2333,5,0.00214316330904415,
2019Q1,,S08000022,,S08000022,d,All Day cases,,3,,2599,0,0,,2466,5,0.00202757502027575,
2019Q2,,S08000022,,S08000022,d,All Day cases,,3,,2439,0,0,,2301,0,0,
2019Q3,,S08000022,,S08000022,d,All Day cases,,3,,2436,0,0,,2301,0,0,
2019Q4,,S08000022,,S08000022,d,All Day cases,,3,,2526,0,0,,2389,0,0,
2020Q1,,S08000022,,S08000022,d,All Day cases,,3,,2420,0,0,,2286,0,0,
2020Q2,,S08000022,,S08000022,d,All Day cases,,3,,963,0,0,,920,0,0,
2020Q3,,S08000022,,S08000022,d,All Day cases,,3,,1928,0,0,,1839,0,0,
2020Q4,,S08000022,,S08000022,d,All Day cases,,3,,2027,0,0,,1942,0,0,
2021Q1,,S08000022,,S08000022,d,All Day cases,,3,,1691,0,0,,1607,0,0,
2021Q2,,S08000022,,S08000022,d,All Day cases,,3,,2198,0,0,,2070,0,0,
2021Q3,,S08000022,,S08000022,d,All Day cases,,3,,2077,0,0,,1988,0,0,
2021Q4,,S08000022,,S08000022,d,All Day cases,,3,,2167,0,0,,2058,0,0,
2022Q1,,S08000022,,S08000022,d,All Day cases,,3,,2370,0,0,,2263,0,0,
2022Q2,,S08000022,,S08000022,d,All Day cases,,3,,2383,0,0,,2263,5,0.00220945647370747,
2022Q3,,S08000022,,S08000022,d,All Day cases,,3,,2522,0,0,,2411,0,0,
2022Q4,p,S08000022,,S08000022,d,All Day cases,,3,,2276,0,0,,2193,0,0,
2017Q4,,S08000022,,S08000022,d,All Day cases,,4,,1692,0,0,,1631,0,0,
2018Q1,,S08000022,,S08000022,d,All Day cases,,4,,1727,0,0,,1658,0,0,
2018Q2,,S08000022,,S08000022,d,All Day cases,,4,,1779,0,0,,1728,0,0,
2018Q3,,S08000022,,S08000022,d,All Day cases,,4,,1858,0,0,,1794,0,0,
2018Q4,,S08000022,,S08000022,d,All Day cases,,4,,1891,0,0,,1784,5,0.00280269058295964,
2019Q1,,S08000022,,S08000022,d,All Day cases,,4,,2041,0,0,,1903,5,0.00262743037309511,
2019Q2,,S08000022,,S08000022,d,All Day cases,,4,,2043,0,0,,1898,0,0,
2019Q3,,S08000022,,S08000022,d,All Day cases,,4,,1992,0,0,,1892,0,0,
2019Q4,,S08000022,,S08000022,d,All Day cases,,4,,1888,0,0,,1761,0,0,
2020Q1,,S08000022,,S08000022,d,All Day cases,,4,,1794,0,0,,1676,0,0,
2020Q2,,S08000022,,S08000022,d,All Day cases,,4,,757,0,0,,722,0,0,
2020Q3,,S08000022,,S08000022,d,All Day cases,,4,,1336,0,0,,1269,0,0,
2020Q4,,S08000022,,S08000022,d,All Day cases,,4,,1521,0,0,,1460,0,0,
2021Q1,,S08000022,,S08000022,d,All Day cases,,4,,1333,0,0,,1252,0,0,
2021Q2,,S08000022,,S08000022,d,All Day cases,,4,,1711,0,0,,1593,0,0,
2021Q3,,S08000022,,S08000022,d,All Day cases,,4,,1645,0,0,,1537,5,0.00325309043591412,
2021Q4,,S08000022,,S08000022,d,All Day cases,,4,,1643,0,0,,1532,0,0,
2022Q1,,S08000022,,S08000022,d,All Day cases,,4,,1752,0,0,,1655,0,0,
2022Q2,,S08000022,,S08000022,d,All Day cases,,4,,1725,0,0,,1630,0,0,
2022Q3,,S08000022,,S08000022,d,All Day cases,,4,,1786,0,0,,1697,5,0.00294637595757219,
2022Q4,p,S08000022,,S08000022,d,All Day cases,,4,,1628,0,0,,1531,5,0.00326583932070542,
2017Q4,,S08000022,,S08000022,d,All Day cases,,5,,609,0,0,,585,0,0,
2018Q1,,S08000022,,S08000022,d,All Day cases,,5,,700,0,0,,670,0,0,
2018Q2,,S08000022,,S08000022,d,All Day cases,,5,,691,0,0,,677,0,0,
2018Q3,,S08000022,,S08000022,d,All Day cases,,5,,647,0,0,,631,0,0,
2018Q4,,S08000022,,S08000022,d,All Day cases,,5,,708,0,0,,679,0,0,
2019Q1,,S08000022,,S08000022,d,All Day cases,,5,,721,0,0,,683,0,0,
2019Q2,,S08000022,,S08000022,d,All Day cases,,5,,780,0,0,,736,0,0,
2019Q3,,S08000022,,S08000022,d,All Day cases,,5,,754,0,0,,731,0,0,
2019Q4,,S08000022,,S08000022,d,All Day cases,,5,,754,0,0,,728,0,0,
2020Q1,,S08000022,,S08000022,d,All Day cases,,5,,614,0,0,,592,0,0,
2020Q2,,S08000022,,S08000022,d,All Day cases,,5,,288,0,0,,275,0,0,
2020Q3,,S08000022,,S08000022,d,All Day cases,,5,,487,0,0,,473,0,0,
2020Q4,,S08000022,,S08000022,d,All Day cases,,5,,524,0,0,,509,0,0,
2021Q1,,S08000022,,S08000022,d,All Day cases,,5,,465,0,0,,450,0,0,
2021Q2,,S08000022,,S08000022,d,All Day cases,,5,,604,0,0,,567,0,0,
2021Q3,,S08000022,,S08000022,d,All Day cases,,5,,535,0,0,,517,0,0,
2021Q4,,S08000022,,S08000022,d,All Day cases,,5,,559,0,0,,534,0,0,
2022Q1,,S08000022,,S08000022,d,All Day cases,,5,,636,0,0,,618,0,0,
2022Q2,,S08000022,,S08000022,d,All Day cases,,5,,656,0,0,,628,0,0,
2022Q3,,S08000022,,S08000022,d,All Day cases,,5,,650,0,0,,632,0,0,
2022Q4,p,S08000022,,S08000022,d,All Day cases,,5,,558,0,0,,537,0,0,
2017Q4,,S08000032,,S08000032,d,All Day cases,,1,,4724,0,0,,4629,0,0,
2018Q1,,S08000032,,S08000032,d,All Day cases,,1,,4433,0,0,,4366,0,0,
2018Q2,,S08000032,,S08000032,d,All Day cases,,1,,4919,0,0,,4849,0,0,
2018Q3,,S08000032,,S08000032,d,All Day cases,,1,,4577,0,0,,4508,0,0,
2018Q4,,S08000032,,S08000032,d,All Day cases,,1,,4687,0,0,,4611,0,0,
2019Q1,,S08000032,,S08000032,d,All Day cases,,1,,5032,0,0,,4944,0,0,
2019Q2,,S08000032,,S08000032,d,All Day cases,,1,,4860,0,0,,4776,0,0,
2019Q3,,S08000032,,S08000032,d,All Day cases,,1,,5013,0,0,,4927,0,0,
2019Q4,,S08000032,,S08000032,d,All Day cases,,1,,4693,0,0,,4652,0,0,
2020Q1,,S08000032,,S08000032,d,All Day cases,,1,,4124,0,0,,4082,0,0,
2020Q2,,S08000032,,S08000032,d,All Day cases,,1,,1025,0,0,,1008,0,0,
2020Q3,,S08000032,,S08000032,d,All Day cases,,1,,2095,0,0,,2063,0,0,
2020Q4,,S08000032,,S08000032,d,All Day cases,,1,,2887,0,0,,2849,0,0,
2021Q1,,S08000032,,S08000032,d,All Day cases,,1,,2623,0,0,,2585,0,0,
2021Q2,,S08000032,,S08000032,d,All Day cases,,1,,3207,0,0,,3166,0,0,
2021Q3,,S08000032,,S08000032,d,All Day cases,,1,,3136,0,0,,3106,0,0,
2021Q4,,S08000032,,S08000032,d,All Day cases,,1,,3279,0,0,,3253,0,0,
2022Q1,,S08000032,,S08000032,d,All Day cases,,1,,3324,0,0,,3299,0,0,
2022Q2,,S08000032,,S08000032,d,All Day cases,,1,,3394,0,0,,3367,0,0,
2022Q3,,S08000032,,S08000032,d,All Day cases,,1,,3477,0,0,,3441,0,0,
2022Q4,p,S08000032,,S08000032,d,All Day cases,,1,,3619,0,0,,3598,0,0,
2017Q4,,S08000032,,S08000032,d,All Day cases,,2,,4694,0,0,,4619,0,0,
2018Q1,,S08000032,,S08000032,d,All Day cases,,2,,4465,0,0,,4388,0,0,
2018Q2,,S08000032,,S08000032,d,All Day cases,,2,,4744,0,0,,4679,0,0,
2018Q3,,S08000032,,S08000032,d,All Day cases,,2,,4584,0,0,,4505,0,0,
2018Q4,,S08000032,,S08000032,d,All Day cases,,2,,4765,0,0,,4706,0,0,
2019Q1,,S08000032,,S08000032,d,All Day cases,,2,,5176,0,0,,5096,0,0,
2019Q2,,S08000032,,S08000032,d,All Day cases,,2,,4883,0,0,,4815,0,0,
2019Q3,,S08000032,,S08000032,d,All Day cases,,2,,4963,0,0,,4891,0,0,
2019Q4,,S08000032,,S08000032,d,All Day cases,,2,,4673,0,0,,4613,0,0,
2020Q1,,S08000032,,S08000032,d,All Day cases,,2,,4153,0,0,,4110,0,0,
2020Q2,,S08000032,,S08000032,d,All Day cases,,2,,1005,0,0,,985,0,0,
2020Q3,,S08000032,,S08000032,d,All Day cases,,2,,2067,0,0,,2038,0,0,
2020Q4,,S08000032,,S08000032,d,All Day cases,,2,,3072,0,0,,3035,0,0,
2021Q1,,S08000032,,S08000032,d,All Day cases,,2,,2867,0,0,,2843,0,0,
2021Q2,,S08000032,,S08000032,d,All Day cases,,2,,3465,0,0,,3430,0,0,
2021Q3,,S08000032,,S08000032,d,All Day cases,,2,,3384,0,0,,3355,0,0,
2021Q4,,S08000032,,S08000032,d,All Day cases,,2,,3512,0,0,,3492,0,0,
2022Q1,,S08000032,,S08000032,d,All Day cases,,2,,3460,0,0,,3436,0,0,
2022Q2,,S08000032,,S08000032,d,All Day cases,,2,,3518,0,0,,3501,0,0,
2022Q3,,S08000032,,S08000032,d,All Day cases,,2,,3618,0,0,,3597,0,0,
2022Q4,p,S08000032,,S08000032,d,All Day cases,,2,,3682,0,0,,3659,0,0,
2017Q4,,S08000032,,S08000032,d,All Day cases,,3,,2912,0,0,,2859,0,0,
2018Q1,,S08000032,,S08000032,d,All Day cases,,3,,2803,0,0,,2747,0,0,
2018Q2,,S08000032,,S08000032,d,All Day cases,,3,,3079,0,0,,3027,0,0,
2018Q3,,S08000032,,S08000032,d,All Day cases,,3,,2951,0,0,,2902,0,0,
2018Q4,,S08000032,,S08000032,d,All Day cases,,3,,3020,0,0,,2978,0,0,
2019Q1,,S08000032,,S08000032,d,All Day cases,,3,,3150,0,0,,3114,0,0,
2019Q2,,S08000032,,S08000032,d,All Day cases,,3,,2956,0,0,,2903,0,0,
2019Q3,,S08000032,,S08000032,d,All Day cases,,3,,3113,0,0,,3064,0,0,
2019Q4,,S08000032,,S08000032,d,All Day cases,,3,,3095,0,0,,3069,0,0,
2020Q1,,S08000032,,S08000032,d,All Day cases,,3,,2822,0,0,,2791,0,0,
2020Q2,,S08000032,,S08000032,d,All Day cases,,3,,809,0,0,,792,0,0,
2020Q3,,S08000032,,S08000032,d,All Day cases,,3,,1557,0,0,,1530,0,0,
2020Q4,,S08000032,,S08000032,d,All Day cases,,3,,2059,0,0,,2039,0,0,
2021Q1,,S08000032,,S08000032,d,All Day cases,,3,,1874,0,0,,1852,0,0,
2021Q2,,S08000032,,S08000032,d,All Day cases,,3,,2246,0,0,,2221,0,0,
2021Q3,,S08000032,,S08000032,d,All Day cases,,3,,2067,0,0,,2042,0,0,
2021Q4,,S08000032,,S08000032,d,All Day cases,,3,,2152,0,0,,2126,0,0,
2022Q1,,S08000032,,S08000032,d,All Day cases,,3,,2289,0,0,,2277,0,0,
2022Q2,,S08000032,,S08000032,d,All Day cases,,3,,2356,0,0,,2348,0,0,
2022Q3,,S08000032,,S08000032,d,All Day cases,,3,,2300,0,0,,2289,0,0,
2022Q4,p,S08000032,,S08000032,d,All Day cases,,3,,2523,0,0,,2508,0,0,
2017Q4,,S08000032,,S08000032,d,All Day cases,,4,,2729,0,0,,2694,0,0,
2018Q1,,S08000032,,S08000032,d,All Day cases,,4,,2643,0,0,,2609,0,0,
2018Q2,,S08000032,,S08000032,d,All Day cases,,4,,2857,0,0,,2814,0,0,
2018Q3,,S08000032,,S08000032,d,All Day cases,,4,,2810,0,0,,2775,0,0,
2018Q4,,S08000032,,S08000032,d,All Day cases,,4,,2837,0,0,,2794,0,0,
2019Q1,,S08000032,,S08000032,d,All Day cases,,4,,3126,0,0,,3087,0,0,
2019Q2,,S08000032,,S08000032,d,All Day cases,,4,,2942,0,0,,2901,0,0,
2019Q3,,S08000032,,S08000032,d,All Day cases,,4,,2826,0,0,,2791,0,0,
2019Q4,,S08000032,,S08000032,d,All Day cases,,4,,2915,0,0,,2883,0,0,
2020Q1,,S08000032,,S08000032,d,All Day cases,,4,,2637,0,0,,2607,0,0,
2020Q2,,S08000032,,S08000032,d,All Day cases,,4,,860,0,0,,850,0,0,
2020Q3,,S08000032,,S08000032,d,All Day cases,,4,,1420,0,0,,1394,0,0,
2020Q4,,S08000032,,S08000032,d,All Day cases,,4,,1917,0,0,,1902,0,0,
2021Q1,,S08000032,,S08000032,d,All Day cases,,4,,1826,0,0,,1813,0,0,
2021Q2,,S08000032,,S08000032,d,All Day cases,,4,,2388,0,0,,2366,0,0,
2021Q3,,S08000032,,S08000032,d,All Day cases,,4,,2148,0,0,,2129,0,0,
2021Q4,,S08000032,,S08000032,d,All Day cases,,4,,2293,0,0,,2276,0,0,
2022Q1,,S08000032,,S08000032,d,All Day cases,,4,,2175,0,0,,2159,0,0,
2022Q2,,S08000032,,S08000032,d,All Day cases,,4,,2394,0,0,,2378,0,0,
2022Q3,,S08000032,,S08000032,d,All Day cases,,4,,2395,0,0,,2378,0,0,
2022Q4,p,S08000032,,S08000032,d,All Day cases,,4,,2476,0,0,,2468,0,0,
2017Q4,,S08000032,,S08000032,d,All Day cases,,5,,2145,0,0,,2113,0,0,
2018Q1,,S08000032,,S08000032,d,All Day cases,,5,,2078,0,0,,2047,0,0,
2018Q2,,S08000032,,S08000032,d,All Day cases,,5,,2227,0,0,,2202,0,0,
2018Q3,,S08000032,,S08000032,d,All Day cases,,5,,2097,0,0,,2063,0,0,
2018Q4,,S08000032,,S08000032,d,All Day cases,,5,,2288,0,0,,2252,0,0,
2019Q1,,S08000032,,S08000032,d,All Day cases,,5,,2301,0,0,,2279,0,0,
2019Q2,,S08000032,,S08000032,d,All Day cases,,5,,2202,0,0,,2169,0,0,
2019Q3,,S08000032,,S08000032,d,All Day cases,,5,,2224,0,0,,2199,0,0,
2019Q4,,S08000032,,S08000032,d,All Day cases,,5,,2173,0,0,,2161,0,0,
2020Q1,,S08000032,,S08000032,d,All Day cases,,5,,2039,0,0,,2014,0,0,
2020Q2,,S08000032,,S08000032,d,All Day cases,,5,,549,0,0,,541,0,0,
2020Q3,,S08000032,,S08000032,d,All Day cases,,5,,1010,0,0,,997,0,0,
2020Q4,,S08000032,,S08000032,d,All Day cases,,5,,1508,0,0,,1488,0,0,
2021Q1,,S08000032,,S08000032,d,All Day cases,,5,,1388,0,0,,1376,0,0,
2021Q2,,S08000032,,S08000032,d,All Day cases,,5,,1687,0,0,,1672,0,0,
2021Q3,,S08000032,,S08000032,d,All Day cases,,5,,1561,0,0,,1550,0,0,
2021Q4,,S08000032,,S08000032,d,All Day cases,,5,,1696,0,0,,1679,0,0,
2022Q1,,S08000032,,S08000032,d,All Day cases,,5,,1808,0,0,,1797,0,0,
2022Q2,,S08000032,,S08000032,d,All Day cases,,5,,1727,0,0,,1723,0,0,
2022Q3,,S08000032,,S08000032,d,All Day cases,,5,,1874,0,0,,1868,0,0,
2022Q4,p,S08000032,,S08000032,d,All Day cases,,5,,2002,0,0,,1996,0,0,
2022Q4,p,S08000032,,S08000032,d,All Day cases,,,:,5,0,0,,5,0,0,
2017Q4,,S08000032,,S12000050,,All Day cases,,1,,2971,0,0,,2915,0,0,
2018Q1,,S08000032,,S12000050,,All Day cases,,1,,2782,0,0,,2738,0,0,
2018Q2,,S08000032,,S12000050,,All Day cases,,1,,3028,0,0,,2984,0,0,
2018Q3,,S08000032,,S12000050,,All Day cases,,1,,2780,0,0,,2739,0,0,
2018Q4,,S08000032,,S12000050,,All Day cases,,1,,2914,0,0,,2868,0,0,
2019Q1,,S08000032,,S12000050,,All Day cases,,1,,3146,0,0,,3082,0,0,
2019Q2,,S08000032,,S12000050,,All Day cases,,1,,3017,0,0,,2971,0,0,
2019Q3,,S08000032,,S12000050,,All Day cases,,1,,3088,0,0,,3041,0,0,
2019Q4,,S08000032,,S12000050,,All Day cases,,1,,2794,0,0,,2764,0,0,
2020Q1,,S08000032,,S12000050,,All Day cases,,1,,2488,0,0,,2456,0,0,
2020Q2,,S08000032,,S12000050,,All Day cases,,1,,537,0,0,,526,0,0,
2020Q3,,S08000032,,S12000050,,All Day cases,,1,,1210,0,0,,1190,0,0,
2020Q4,,S08000032,,S12000050,,All Day cases,,1,,1705,0,0,,1680,0,0,
2021Q1,,S08000032,,S12000050,,All Day cases,,1,,1564,0,0,,1545,0,0,
2021Q2,,S08000032,,S12000050,,All Day cases,,1,,1930,0,0,,1904,0,0,
2021Q3,,S08000032,,S12000050,,All Day cases,,1,,1852,0,0,,1830,0,0,
2021Q4,,S08000032,,S12000050,,All Day cases,,1,,1965,0,0,,1948,0,0,
2022Q1,,S08000032,,S12000050,,All Day cases,,1,,2013,0,0,,1998,0,0,
2022Q2,,S08000032,,S12000050,,All Day cases,,1,,2042,0,0,,2026,0,0,
2022Q3,,S08000032,,S12000050,,All Day cases,,1,,2139,0,0,,2113,0,0,
2022Q4,p,S08000032,,S12000050,,All Day cases,,1,,2246,0,0,,2233,0,0,
2017Q4,,S08000032,,S12000050,,All Day cases,,2,,2677,0,0,,2632,0,0,
2018Q1,,S08000032,,S12000050,,All Day cases,,2,,2518,0,0,,2472,0,0,
2018Q2,,S08000032,,S12000050,,All Day cases,,2,,2760,0,0,,2724,0,0,
2018Q3,,S08000032,,S12000050,,All Day cases,,2,,2690,0,0,,2651,0,0,
2018Q4,,S08000032,,S12000050,,All Day cases,,2,,2733,0,0,,2700,0,0,
2019Q1,,S08000032,,S12000050,,All Day cases,,2,,2982,0,0,,2943,0,0,
2019Q2,,S08000032,,S12000050,,All Day cases,,2,,2731,0,0,,2704,0,0,
2019Q3,,S08000032,,S12000050,,All Day cases,,2,,2756,0,0,,2718,0,0,
2019Q4,,S08000032,,S12000050,,All Day cases,,2,,2621,0,0,,2590,0,0,
2020Q1,,S08000032,,S12000050,,All Day cases,,2,,2377,0,0,,2353,0,0,
2020Q2,,S08000032,,S12000050,,All Day cases,,2,,625,0,0,,613,0,0,
2020Q3,,S08000032,,S12000050,,All Day cases,,2,,1185,0,0,,1172,0,0,
2020Q4,,S08000032,,S12000050,,All Day cases,,2,,1815,0,0,,1794,0,0,
2021Q1,,S08000032,,S12000050,,All Day cases,,2,,1614,0,0,,1602,0,0,
2021Q2,,S08000032,,S12000050,,All Day cases,,2,,1936,0,0,,1915,0,0,
2021Q3,,S08000032,,S12000050,,All Day cases,,2,,1918,0,0,,1907,0,0,
2021Q4,,S08000032,,S12000050,,All Day cases,,2,,1993,0,0,,1983,0,0,
2022Q1,,S08000032,,S12000050,,All Day cases,,2,,1888,0,0,,1874,0,0,
2022Q2,,S08000032,,S12000050,,All Day cases,,2,,2044,0,0,,2033,0,0,
2022Q3,,S08000032,,S12000050,,All Day cases,,2,,2086,0,0,,2078,0,0,
2022Q4,p,S08000032,,S12000050,,All Day cases,,2,,2135,0,0,,2117,0,0,
2017Q4,,S08000032,,S12000050,,All Day cases,,3,,1289,0,0,,1261,0,0,
2018Q1,,S08000032,,S12000050,,All Day cases,,3,,1206,0,0,,1178,0,0,
2018Q2,,S08000032,,S12000050,,All Day cases,,3,,1260,0,0,,1241,0,0,
2018Q3,,S08000032,,S12000050,,All Day cases,,3,,1259,0,0,,1237,0,0,
2018Q4,,S08000032,,S12000050,,All Day cases,,3,,1285,0,0,,1268,0,0,
2019Q1,,S08000032,,S12000050,,All Day cases,,3,,1362,0,0,,1347,0,0,
2019Q2,,S08000032,,S12000050,,All Day cases,,3,,1232,0,0,,1215,0,0,
2019Q3,,S08000032,,S12000050,,All Day cases,,3,,1320,0,0,,1306,0,0,
2019Q4,,S08000032,,S12000050,,All Day cases,,3,,1271,0,0,,1258,0,0,
2020Q1,,S08000032,,S12000050,,All Day cases,,3,,1193,0,0,,1183,0,0,
2020Q2,,S08000032,,S12000050,,All Day cases,,3,,295,0,0,,291,0,0,
2020Q3,,S08000032,,S12000050,,All Day cases,,3,,623,0,0,,619,0,0,
2020Q4,,S08000032,,S12000050,,All Day cases,,3,,910,0,0,,904,0,0,
2021Q1,,S08000032,,S12000050,,All Day cases,,3,,860,0,0,,849,0,0,
2021Q2,,S08000032,,S12000050,,All Day cases,,3,,981,0,0,,968,0,0,
2021Q3,,S08000032,,S12000050,,All Day cases,,3,,886,0,0,,879,0,0,
2021Q4,,S08000032,,S12000050,,All Day cases,,3,,978,0,0,,966,0,0,
2022Q1,,S08000032,,S12000050,,All Day cases,,3,,983,0,0,,977,0,0,
2022Q2,,S08000032,,S12000050,,All Day cases,,3,,933,0,0,,930,0,0,
2022Q3,,S08000032,,S12000050,,All Day cases,,3,,966,0,0,,958,0,0,
2022Q4,p,S08000032,,S12000050,,All Day cases,,3,,1061,0,0,,1056,0,0,
2017Q4,,S08000032,,S12000050,,All Day cases,,4,,1345,0,0,,1326,0,0,
2018Q1,,S08000032,,S12000050,,All Day cases,,4,,1376,0,0,,1356,0,0,
2018Q2,,S08000032,,S12000050,,All Day cases,,4,,1418,0,0,,1400,0,0,
2018Q3,,S08000032,,S12000050,,All Day cases,,4,,1422,0,0,,1403,0,0,
2018Q4,,S08000032,,S12000050,,All Day cases,,4,,1341,0,0,,1321,0,0,
2019Q1,,S08000032,,S12000050,,All Day cases,,4,,1474,0,0,,1452,0,0,
2019Q2,,S08000032,,S12000050,,All Day cases,,4,,1356,0,0,,1331,0,0,
2019Q3,,S08000032,,S12000050,,All Day cases,,4,,1326,0,0,,1311,0,0,
2019Q4,,S08000032,,S12000050,,All Day cases,,4,,1382,0,0,,1366,0,0,
2020Q1,,S08000032,,S12000050,,All Day cases,,4,,1195,0,0,,1187,0,0,
2020Q2,,S08000032,,S12000050,,All Day cases,,4,,383,0,0,,377,0,0,
2020Q3,,S08000032,,S12000050,,All Day cases,,4,,669,0,0,,655,0,0,
2020Q4,,S08000032,,S12000050,,All Day cases,,4,,885,0,0,,880,0,0,
2021Q1,,S08000032,,S12000050,,All Day cases,,4,,855,0,0,,850,0,0,
2021Q2,,S08000032,,S12000050,,All Day cases,,4,,1153,0,0,,1144,0,0,
2021Q3,,S08000032,,S12000050,,All Day cases,,4,,1030,0,0,,1019,0,0,
2021Q4,,S08000032,,S12000050,,All Day cases,,4,,1089,0,0,,1082,0,0,
2022Q1,,S08000032,,S12000050,,All Day cases,,4,,1028,0,0,,1024,0,0,
2022Q2,,S08000032,,S12000050,,All Day cases,,4,,1144,0,0,,1136,0,0,
2022Q3,,S08000032,,S12000050,,All Day cases,,4,,1105,0,0,,1098,0,0,
2022Q4,p,S08000032,,S12000050,,All Day cases,,4,,1180,0,0,,1178,0,0,
2017Q4,,S08000032,,S12000050,,All Day cases,,5,,900,0,0,,886,0,0,
2018Q1,,S08000032,,S12000050,,All Day cases,,5,,877,0,0,,862,0,0,
2018Q2,,S08000032,,S12000050,,All Day cases,,5,,978,0,0,,966,0,0,
2018Q3,,S08000032,,S12000050,,All Day cases,,5,,912,0,0,,902,0,0,
2018Q4,,S08000032,,S12000050,,All Day cases,,5,,941,0,0,,929,0,0,
2019Q1,,S08000032,,S12000050,,All Day cases,,5,,983,0,0,,975,0,0,
2019Q2,,S08000032,,S12000050,,All Day cases,,5,,933,0,0,,922,0,0,
2019Q3,,S08000032,,S12000050,,All Day cases,,5,,905,0,0,,895,0,0,
2019Q4,,S08000032,,S12000050,,All Day cases,,5,,841,0,0,,839,0,0,
2020Q1,,S08000032,,S12000050,,All Day cases,,5,,813,0,0,,803,0,0,
2020Q2,,S08000032,,S12000050,,All Day cases,,5,,232,0,0,,230,0,0,
2020Q3,,S08000032,,S12000050,,All Day cases,,5,,411,0,0,,409,0,0,
2020Q4,,S08000032,,S12000050,,All Day cases,,5,,641,0,0,,632,0,0,
2021Q1,,S08000032,,S12000050,,All Day cases,,5,,545,0,0,,541,0,0,
2021Q2,,S08000032,,S12000050,,All Day cases,,5,,638,0,0,,631,0,0,
2021Q3,,S08000032,,S12000050,,All Day cases,,5,,601,0,0,,598,0,0,
2021Q4,,S08000032,,S12000050,,All Day cases,,5,,691,0,0,,687,0,0,
2022Q1,,S08000032,,S12000050,,All Day cases,,5,,692,0,0,,688,0,0,
2022Q2,,S08000032,,S12000050,,All Day cases,,5,,688,0,0,,686,0,0,
2022Q3,,S08000032,,S12000050,,All Day cases,,5,,750,0,0,,747,0,0,
2022Q4,p,S08000032,,S12000050,,All Day cases,,5,,802,0,0,,800,0,0,
2022Q4,p,S08000032,,S12000050,,All Day cases,,,:,5,0,0,,5,0,0,
2017Q4,,S08000032,,S12000029,,All Day cases,,1,,1753,0,0,,1714,0,0,
2018Q1,,S08000032,,S12000029,,All Day cases,,1,,1651,0,0,,1628,0,0,
2018Q2,,S08000032,,S12000029,,All Day cases,,1,,1891,0,0,,1865,0,0,
2018Q3,,S08000032,,S12000029,,All Day cases,,1,,1797,0,0,,1769,0,0,
2018Q4,,S08000032,,S12000029,,All Day cases,,1,,1773,0,0,,1743,0,0,
2019Q1,,S08000032,,S12000029,,All Day cases,,1,,1886,0,0,,1862,0,0,
2019Q2,,S08000032,,S12000029,,All Day cases,,1,,1843,0,0,,1805,0,0,
2019Q3,,S08000032,,S12000029,,All Day cases,,1,,1925,0,0,,1886,0,0,
2019Q4,,S08000032,,S12000029,,All Day cases,,1,,1899,0,0,,1888,0,0,
2020Q1,,S08000032,,S12000029,,All Day cases,,1,,1636,0,0,,1626,0,0,
2020Q2,,S08000032,,S12000029,,All Day cases,,1,,488,0,0,,482,0,0,
2020Q3,,S08000032,,S12000029,,All Day cases,,1,,885,0,0,,873,0,0,
2020Q4,,S08000032,,S12000029,,All Day cases,,1,,1182,0,0,,1169,0,0,
2021Q1,,S08000032,,S12000029,,All Day cases,,1,,1059,0,0,,1040,0,0,
2021Q2,,S08000032,,S12000029,,All Day cases,,1,,1277,0,0,,1262,0,0,
2021Q3,,S08000032,,S12000029,,All Day cases,,1,,1284,0,0,,1276,0,0,
2021Q4,,S08000032,,S12000029,,All Day cases,,1,,1314,0,0,,1305,0,0,
2022Q1,,S08000032,,S12000029,,All Day cases,,1,,1311,0,0,,1301,0,0,
2022Q2,,S08000032,,S12000029,,All Day cases,,1,,1352,0,0,,1341,0,0,
2022Q3,,S08000032,,S12000029,,All Day cases,,1,,1338,0,0,,1328,0,0,
2022Q4,p,S08000032,,S12000029,,All Day cases,,1,,1373,0,0,,1365,0,0,
2017Q4,,S08000032,,S12000029,,All Day cases,,2,,2017,0,0,,1987,0,0,
2018Q1,,S08000032,,S12000029,,All Day cases,,2,,1947,0,0,,1916,0,0,
2018Q2,,S08000032,,S12000029,,All Day cases,,2,,1984,0,0,,1955,0,0,
2018Q3,,S08000032,,S12000029,,All Day cases,,2,,1894,0,0,,1854,0,0,
2018Q4,,S08000032,,S12000029,,All Day cases,,2,,2032,0,0,,2006,0,0,
2019Q1,,S08000032,,S12000029,,All Day cases,,2,,2194,0,0,,2153,0,0,
2019Q2,,S08000032,,S12000029,,All Day cases,,2,,2152,0,0,,2111,0,0,
2019Q3,,S08000032,,S12000029,,All Day cases,,2,,2207,0,0,,2173,0,0,
2019Q4,,S08000032,,S12000029,,All Day cases,,2,,2052,0,0,,2023,0,0,
2020Q1,,S08000032,,S12000029,,All Day cases,,2,,1776,0,0,,1757,0,0,
2020Q2,,S08000032,,S12000029,,All Day cases,,2,,380,0,0,,372,0,0,
2020Q3,,S08000032,,S12000029,,All Day cases,,2,,882,0,0,,866,0,0,
2020Q4,,S08000032,,S12000029,,All Day cases,,2,,1257,0,0,,1241,0,0,
2021Q1,,S08000032,,S12000029,,All Day cases,,2,,1253,0,0,,1241,0,0,
2021Q2,,S08000032,,S12000029,,All Day cases,,2,,1529,0,0,,1515,0,0,
2021Q3,,S08000032,,S12000029,,All Day cases,,2,,1466,0,0,,1448,0,0,
2021Q4,,S08000032,,S12000029,,All Day cases,,2,,1519,0,0,,1509,0,0,
2022Q1,,S08000032,,S12000029,,All Day cases,,2,,1572,0,0,,1562,0,0,
2022Q2,,S08000032,,S12000029,,All Day cases,,2,,1474,0,0,,1468,0,0,
2022Q3,,S08000032,,S12000029,,All Day cases,,2,,1532,0,0,,1519,0,0,
2022Q4,p,S08000032,,S12000029,,All Day cases,,2,,1547,0,0,,1542,0,0,
2017Q4,,S08000032,,S12000029,,All Day cases,,3,,1623,0,0,,1598,0,0,
2018Q1,,S08000032,,S12000029,,All Day cases,,3,,1597,0,0,,1569,0,0,
2018Q2,,S08000032,,S12000029,,All Day cases,,3,,1819,0,0,,1786,0,0,
2018Q3,,S08000032,,S12000029,,All Day cases,,3,,1692,0,0,,1665,0,0,
2018Q4,,S08000032,,S12000029,,All Day cases,,3,,1735,0,0,,1710,0,0,
2019Q1,,S08000032,,S12000029,,All Day cases,,3,,1788,0,0,,1767,0,0,
2019Q2,,S08000032,,S12000029,,All Day cases,,3,,1724,0,0,,1688,0,0,
2019Q3,,S08000032,,S12000029,,All Day cases,,3,,1793,0,0,,1758,0,0,
2019Q4,,S08000032,,S12000029,,All Day cases,,3,,1824,0,0,,1811,0,0,
2020Q1,,S08000032,,S12000029,,All Day cases,,3,,1629,0,0,,1608,0,0,
2020Q2,,S08000032,,S12000029,,All Day cases,,3,,514,0,0,,501,0,0,
2020Q3,,S08000032,,S12000029,,All Day cases,,3,,934,0,0,,911,0,0,
2020Q4,,S08000032,,S12000029,,All Day cases,,3,,1149,0,0,,1135,0,0,
2021Q1,,S08000032,,S12000029,,All Day cases,,3,,1014,0,0,,1003,0,0,
2021Q2,,S08000032,,S12000029,,All Day cases,,3,,1265,0,0,,1253,0,0,
2021Q3,,S08000032,,S12000029,,All Day cases,,3,,1181,0,0,,1163,0,0,
2021Q4,,S08000032,,S12000029,,All Day cases,,3,,1174,0,0,,1160,0,0,
2022Q1,,S08000032,,S12000029,,All Day cases,,3,,1306,0,0,,1300,0,0,
2022Q2,,S08000032,,S12000029,,All Day cases,,3,,1423,0,0,,1418,0,0,
2022Q3,,S08000032,,S12000029,,All Day cases,,3,,1334,0,0,,1331,0,0,
2022Q4,p,S08000032,,S12000029,,All Day cases,,3,,1462,0,0,,1452,0,0,
2017Q4,,S08000032,,S12000029,,All Day cases,,4,,1384,0,0,,1368,0,0,
2018Q1,,S08000032,,S12000029,,All Day cases,,4,,1267,0,0,,1253,0,0,
2018Q2,,S08000032,,S12000029,,All Day cases,,4,,1439,0,0,,1414,0,0,
2018Q3,,S08000032,,S12000029,,All Day cases,,4,,1388,0,0,,1372,0,0,
2018Q4,,S08000032,,S12000029,,All Day cases,,4,,1496,0,0,,1473,0,0,
2019Q1,,S08000032,,S12000029,,All Day cases,,4,,1652,0,0,,1635,0,0,
2019Q2,,S08000032,,S12000029,,All Day cases,,4,,1586,0,0,,1570,0,0,
2019Q3,,S08000032,,S12000029,,All Day cases,,4,,1500,0,0,,1480,0,0,
2019Q4,,S08000032,,S12000029,,All Day cases,,4,,1533,0,0,,1517,0,0,
2020Q1,,S08000032,,S12000029,,All Day cases,,4,,1442,0,0,,1420,0,0,
2020Q2,,S08000032,,S12000029,,All Day cases,,4,,477,0,0,,473,0,0,
2020Q3,,S08000032,,S12000029,,All Day cases,,4,,751,0,0,,739,0,0,
2020Q4,,S08000032,,S12000029,,All Day cases,,4,,1032,0,0,,1022,0,0,
2021Q1,,S08000032,,S12000029,,All Day cases,,4,,971,0,0,,963,0,0,
2021Q2,,S08000032,,S12000029,,All Day cases,,4,,1235,0,0,,1222,0,0,
2021Q3,,S08000032,,S12000029,,All Day cases,,4,,1118,0,0,,1110,0,0,
2021Q4,,S08000032,,S12000029,,All Day cases,,4,,1204,0,0,,1194,0,0,
2022Q1,,S08000032,,S12000029,,All Day cases,,4,,1147,0,0,,1135,0,0,
2022Q2,,S08000032,,S12000029,,All Day cases,,4,,1250,0,0,,1242,0,0,
2022Q3,,S08000032,,S12000029,,All Day cases,,4,,1290,0,0,,1280,0,0,
2022Q4,p,S08000032,,S12000029,,All Day cases,,4,,1296,0,0,,1290,0,0,
2017Q4,,S08000032,,S12000029,,All Day cases,,5,,1245,0,0,,1227,0,0,
2018Q1,,S08000032,,S12000029,,All Day cases,,5,,1201,0,0,,1185,0,0,
2018Q2,,S08000032,,S12000029,,All Day cases,,5,,1249,0,0,,1236,0,0,
2018Q3,,S08000032,,S12000029,,All Day cases,,5,,1185,0,0,,1161,0,0,
2018Q4,,S08000032,,S12000029,,All Day cases,,5,,1347,0,0,,1323,0,0,
2019Q1,,S08000032,,S12000029,,All Day cases,,5,,1318,0,0,,1304,0,0,
2019Q2,,S08000032,,S12000029,,All Day cases,,5,,1269,0,0,,1247,0,0,
2019Q3,,S08000032,,S12000029,,All Day cases,,5,,1319,0,0,,1304,0,0,
2019Q4,,S08000032,,S12000029,,All Day cases,,5,,1332,0,0,,1322,0,0,
2020Q1,,S08000032,,S12000029,,All Day cases,,5,,1226,0,0,,1211,0,0,
2020Q2,,S08000032,,S12000029,,All Day cases,,5,,317,0,0,,311,0,0,
2020Q3,,S08000032,,S12000029,,All Day cases,,5,,599,0,0,,588,0,0,
2020Q4,,S08000032,,S12000029,,All Day cases,,5,,867,0,0,,856,0,0,
2021Q1,,S08000032,,S12000029,,All Day cases,,5,,843,0,0,,835,0,0,
2021Q2,,S08000032,,S12000029,,All Day cases,,5,,1049,0,0,,1041,0,0,
2021Q3,,S08000032,,S12000029,,All Day cases,,5,,960,0,0,,952,0,0,
2021Q4,,S08000032,,S12000029,,All Day cases,,5,,1005,0,0,,992,0,0,
2022Q1,,S08000032,,S12000029,,All Day cases,,5,,1116,0,0,,1109,0,0,
2022Q2,,S08000032,,S12000029,,All Day cases,,5,,1039,0,0,,1037,0,0,
2022Q3,,S08000032,,S12000029,,All Day cases,,5,,1124,0,0,,1121,0,0,
2022Q4,p,S08000032,,S12000029,,All Day cases,,5,,1200,0,0,,1196,0,0,
2017Q4,,S08000024,,S12000010,,All Day cases,,1,,110,0,0,,109,0,0,
2018Q1,,S08000024,,S12000010,,All Day cases,,1,,80,0,0,,79,0,0,
2018Q2,,S08000024,,S12000010,,All Day cases,,1,,125,0,0,,124,0,0,
2018Q3,,S08000024,,S12000010,,All Day cases,,1,,141,0,0,,137,0,0,
2018Q4,,S08000024,,S12000010,,All Day cases,,1,,104,0,0,,100,0,0,
2019Q1,,S08000024,,S12000010,,All Day cases,,1,,123,0,0,,121,0,0,
2019Q2,,S08000024,,S12000010,,All Day cases,,1,,145,0,0,,144,0,0,
2019Q3,,S08000024,,S12000010,,All Day cases,,1,,121,0,0,,119,0,0,
2019Q4,,S08000024,,S12000010,,All Day cases,,1,,106,0,0,,106,0,0,
2020Q1,,S08000024,,S12000010,,All Day cases,,1,,109,0,0,,108,0,0,
2020Q2,,S08000024,,S12000010,,All Day cases,,1,,70,0,0,,65,0,0,
2020Q3,,S08000024,,S12000010,,All Day cases,,1,,89,0,0,,89,0,0,
2020Q4,,S08000024,,S12000010,,All Day cases,,1,,85,0,0,,85,0,0,
2021Q1,,S08000024,,S12000010,,All Day cases,,1,,78,0,0,,77,0,0,
2021Q2,,S08000024,,S12000010,,All Day cases,,1,,93,0,0,,92,0,0,
2021Q3,,S08000024,,S12000010,,All Day cases,,1,,102,0,0,,101,0,0,
2021Q4,,S08000024,,S12000010,,All Day cases,,1,,101,0,0,,100,0,0,
2022Q1,,S08000024,,S12000010,,All Day cases,,1,,101,0,0,,99,0,0,
2022Q2,,S08000024,,S12000010,,All Day cases,,1,,127,0,0,,124,0,0,
2022Q3,,S08000024,,S12000010,,All Day cases,,1,,135,0,0,,130,0,0,
2022Q4,p,S08000024,,S12000010,,All Day cases,,1,,126,0,0,,126,0,0,
2017Q4,,S08000024,,S12000010,,All Day cases,,2,,549,0,0,,546,0,0,
2018Q1,,S08000024,,S12000010,,All Day cases,,2,,517,0,0,,511,0,0,
2018Q2,,S08000024,,S12000010,,All Day cases,,2,,626,0,0,,621,0,0,
2018Q3,,S08000024,,S12000010,,All Day cases,,2,,578,0,0,,574,0,0,
2018Q4,,S08000024,,S12000010,,All Day cases,,2,,542,0,0,,524,0,0,
2019Q1,,S08000024,,S12000010,,All Day cases,,2,,597,0,0,,594,0,0,
2019Q2,,S08000024,,S12000010,,All Day cases,,2,,675,0,0,,674,0,0,
2019Q3,,S08000024,,S12000010,,All Day cases,,2,,579,0,0,,571,0,0,
2019Q4,,S08000024,,S12000010,,All Day cases,,2,,564,0,0,,554,0,0,
2020Q1,,S08000024,,S12000010,,All Day cases,,2,,549,0,0,,542,0,0,
2020Q2,,S08000024,,S12000010,,All Day cases,,2,,316,0,0,,306,0,0,
2020Q3,,S08000024,,S12000010,,All Day cases,,2,,473,0,0,,471,0,0,
2020Q4,,S08000024,,S12000010,,All Day cases,,2,,470,0,0,,468,0,0,
2021Q1,,S08000024,,S12000010,,All Day cases,,2,,434,0,0,,428,0,0,
2021Q2,,S08000024,,S12000010,,All Day cases,,2,,535,0,0,,531,0,0,
2021Q3,,S08000024,,S12000010,,All Day cases,,2,,558,0,0,,552,0,0,
2021Q4,,S08000024,,S12000010,,All Day cases,,2,,597,0,0,,585,0,0,
2022Q1,,S08000024,,S12000010,,All Day cases,,2,,499,0,0,,497,0,0,
2022Q2,,S08000024,,S12000010,,All Day cases,,2,,558,0,0,,542,0,0,
2022Q3,,S08000024,,S12000010,,All Day cases,,2,,602,0,0,,587,0,0,
2022Q4,p,S08000024,,S12000010,,All Day cases,,2,,604,0,0,,592,0,0,
2017Q4,,S08000024,,S12000010,,All Day cases,,3,,476,0,0,,474,0,0,
2018Q1,,S08000024,,S12000010,,All Day cases,,3,,465,0,0,,461,0,0,
2018Q2,,S08000024,,S12000010,,All Day cases,,3,,540,0,0,,535,0,0,
2018Q3,,S08000024,,S12000010,,All Day cases,,3,,515,0,0,,512,0,0,
2018Q4,,S08000024,,S12000010,,All Day cases,,3,,524,0,0,,523,0,0,
2019Q1,,S08000024,,S12000010,,All Day cases,,3,,537,0,0,,535,0,0,
2019Q2,,S08000024,,S12000010,,All Day cases,,3,,477,0,0,,468,0,0,
2019Q3,,S08000024,,S12000010,,All Day cases,,3,,479,0,0,,476,0,0,
2019Q4,,S08000024,,S12000010,,All Day cases,,3,,516,0,0,,507,0,0,
2020Q1,,S08000024,,S12000010,,All Day cases,,3,,428,0,0,,426,0,0,
2020Q2,,S08000024,,S12000010,,All Day cases,,3,,238,0,0,,235,0,0,
2020Q3,,S08000024,,S12000010,,All Day cases,,3,,327,0,0,,321,0,0,
2020Q4,,S08000024,,S12000010,,All Day cases,,3,,324,0,0,,321,0,0,
2021Q1,,S08000024,,S12000010,,All Day cases,,3,,356,0,0,,351,0,0,
2021Q2,,S08000024,,S12000010,,All Day cases,,3,,407,0,0,,404,0,0,
2021Q3,,S08000024,,S12000010,,All Day cases,,3,,418,0,0,,409,0,0,
2021Q4,,S08000024,,S12000010,,All Day cases,,3,,395,0,0,,389,0,0,
2022Q1,,S08000024,,S12000010,,All Day cases,,3,,466,0,0,,459,0,0,
2022Q2,,S08000024,,S12000010,,All Day cases,,3,,504,0,0,,501,0,0,
2022Q3,,S08000024,,S12000010,,All Day cases,,3,,453,0,0,,444,0,0,
2022Q4,p,S08000024,,S12000010,,All Day cases,,3,,468,0,0,,462,0,0,
2017Q4,,S08000024,,S12000010,,All Day cases,,4,,401,0,0,,394,0,0,
2018Q1,,S08000024,,S12000010,,All Day cases,,4,,384,0,0,,381,0,0,
2018Q2,,S08000024,,S12000010,,All Day cases,,4,,448,0,0,,445,0,0,
2018Q3,,S08000024,,S12000010,,All Day cases,,4,,495,0,0,,488,0,0,
2018Q4,,S08000024,,S12000010,,All Day cases,,4,,449,0,0,,447,0,0,
2019Q1,,S08000024,,S12000010,,All Day cases,,4,,453,0,0,,448,0,0,
2019Q2,,S08000024,,S12000010,,All Day cases,,4,,495,0,0,,492,0,0,
2019Q3,,S08000024,,S12000010,,All Day cases,,4,,461,0,0,,459,0,0,
2019Q4,,S08000024,,S12000010,,All Day cases,,4,,404,0,0,,401,0,0,
2020Q1,,S08000024,,S12000010,,All Day cases,,4,,412,0,0,,409,0,0,
2020Q2,,S08000024,,S12000010,,All Day cases,,4,,259,0,0,,256,0,0,
2020Q3,,S08000024,,S12000010,,All Day cases,,4,,300,0,0,,295,0,0,
2020Q4,,S08000024,,S12000010,,All Day cases,,4,,359,0,0,,354,0,0,
2021Q1,,S08000024,,S12000010,,All Day cases,,4,,367,0,0,,365,0,0,
2021Q2,,S08000024,,S12000010,,All Day cases,,4,,455,0,0,,451,0,0,
2021Q3,,S08000024,,S12000010,,All Day cases,,4,,446,0,0,,443,0,0,
2021Q4,,S08000024,,S12000010,,All Day cases,,4,,426,0,0,,422,0,0,
2022Q1,,S08000024,,S12000010,,All Day cases,,4,,480,0,0,,473,0,0,
2022Q2,,S08000024,,S12000010,,All Day cases,,4,,494,0,0,,489,0,0,
2022Q3,,S08000024,,S12000010,,All Day cases,,4,,566,0,0,,557,0,0,
2022Q4,p,S08000024,,S12000010,,All Day cases,,4,,643,0,0,,625,0,0,
2017Q4,,S08000024,,S12000010,,All Day cases,,5,,308,0,0,,305,0,0,
2018Q1,,S08000024,,S12000010,,All Day cases,,5,,280,0,0,,279,0,0,
2018Q2,,S08000024,,S12000010,,All Day cases,,5,,342,0,0,,337,0,0,
2018Q3,,S08000024,,S12000010,,All Day cases,,5,,327,0,0,,324,0,0,
2018Q4,,S08000024,,S12000010,,All Day cases,,5,,379,0,0,,376,0,0,
2019Q1,,S08000024,,S12000010,,All Day cases,,5,,351,0,0,,347,0,0,
2019Q2,,S08000024,,S12000010,,All Day cases,,5,,398,0,0,,394,0,0,
2019Q3,,S08000024,,S12000010,,All Day cases,,5,,313,0,0,,313,0,0,
2019Q4,,S08000024,,S12000010,,All Day cases,,5,,358,0,0,,355,0,0,
2020Q1,,S08000024,,S12000010,,All Day cases,,5,,315,0,0,,304,0,0,
2020Q2,,S08000024,,S12000010,,All Day cases,,5,,124,0,0,,119,0,0,
2020Q3,,S08000024,,S12000010,,All Day cases,,5,,253,0,0,,252,0,0,
2020Q4,,S08000024,,S12000010,,All Day cases,,5,,262,0,0,,258,0,0,
2021Q1,,S08000024,,S12000010,,All Day cases,,5,,303,0,0,,297,0,0,
2021Q2,,S08000024,,S12000010,,All Day cases,,5,,277,0,0,,272,0,0,
2021Q3,,S08000024,,S12000010,,All Day cases,,5,,316,0,0,,313,0,0,
2021Q4,,S08000024,,S12000010,,All Day cases,,5,,290,0,0,,287,0,0,
2022Q1,,S08000024,,S12000010,,All Day cases,,5,,347,0,0,,344,0,0,
2022Q2,,S08000024,,S12000010,,All Day cases,,5,,395,0,0,,393,0,0,
2022Q3,,S08000024,,S12000010,,All Day cases,,5,,354,0,0,,351,0,0,
2022Q4,p,S08000024,,S12000010,,All Day cases,,5,,376,0,0,,370,0,0,
2022Q4,p,S08000024,,S12000010,,All Day cases,,,:,43,0,0,,43,0,0,
2017Q4,,S08000024,,S12000036,,All Day cases,,1,,1023,0,0,,1012,0,0,
2018Q1,,S08000024,,S12000036,,All Day cases,,1,,987,0,0,,977,0,0,
2018Q2,,S08000024,,S12000036,,All Day cases,,1,,972,0,0,,965,0,0,
2018Q3,,S08000024,,S12000036,,All Day cases,,1,,952,0,0,,948,0,0,
2018Q4,,S08000024,,S12000036,,All Day cases,,1,,951,0,0,,938,0,0,
2019Q1,,S08000024,,S12000036,,All Day cases,,1,,1013,0,0,,1006,0,0,
2019Q2,,S08000024,,S12000036,,All Day cases,,1,,952,0,0,,942,0,0,
2019Q3,,S08000024,,S12000036,,All Day cases,,1,,927,0,0,,918,0,0,
2019Q4,,S08000024,,S12000036,,All Day cases,,1,,946,0,0,,932,0,0,
2020Q1,,S08000024,,S12000036,,All Day cases,,1,,911,0,0,,895,0,0,
2020Q2,,S08000024,,S12000036,,All Day cases,,1,,532,0,0,,522,0,0,
2020Q3,,S08000024,,S12000036,,All Day cases,,1,,669,0,0,,664,0,0,
2020Q4,,S08000024,,S12000036,,All Day cases,,1,,788,0,0,,776,0,0,
2021Q1,,S08000024,,S12000036,,All Day cases,,1,,854,0,0,,847,0,0,
2021Q2,,S08000024,,S12000036,,All Day cases,,1,,867,0,0,,855,0,0,
2021Q3,,S08000024,,S12000036,,All Day cases,,1,,819,0,0,,809,0,0,
2021Q4,,S08000024,,S12000036,,All Day cases,,1,,735,0,0,,726,0,0,
2022Q1,,S08000024,,S12000036,,All Day cases,,1,,811,0,0,,795,0,0,
2022Q2,,S08000024,,S12000036,,All Day cases,,1,,933,0,0,,917,0,0,
2022Q3,,S08000024,,S12000036,,All Day cases,,1,,910,0,0,,885,7,0.00790960451977401,
2022Q4,p,S08000024,,S12000036,,All Day cases,,1,,906,0,0,,887,5,0.0056369785794814,
2017Q4,,S08000024,,S12000036,,All Day cases,,2,,1134,0,0,,1124,0,0,
2018Q1,,S08000024,,S12000036,,All Day cases,,2,,1128,0,0,,1120,0,0,
2018Q2,,S08000024,,S12000036,,All Day cases,,2,,1255,0,0,,1242,0,0,
2018Q3,,S08000024,,S12000036,,All Day cases,,2,,1151,0,0,,1142,0,0,
2018Q4,,S08000024,,S12000036,,All Day cases,,2,,1059,0,0,,1048,0,0,
2019Q1,,S08000024,,S12000036,,All Day cases,,2,,1082,0,0,,1061,0,0,
2019Q2,,S08000024,,S12000036,,All Day cases,,2,,1134,0,0,,1128,0,0,
2019Q3,,S08000024,,S12000036,,All Day cases,,2,,1031,0,0,,1016,0,0,
2019Q4,,S08000024,,S12000036,,All Day cases,,2,,1024,0,0,,1010,0,0,
2020Q1,,S08000024,,S12000036,,All Day cases,,2,,987,0,0,,974,0,0,
2020Q2,,S08000024,,S12000036,,All Day cases,,2,,535,0,0,,526,0,0,
2020Q3,,S08000024,,S12000036,,All Day cases,,2,,675,0,0,,664,0,0,
2020Q4,,S08000024,,S12000036,,All Day cases,,2,,928,0,0,,914,0,0,
2021Q1,,S08000024,,S12000036,,All Day cases,,2,,880,0,0,,865,0,0,
2021Q2,,S08000024,,S12000036,,All Day cases,,2,,906,0,0,,894,0,0,
2021Q3,,S08000024,,S12000036,,All Day cases,,2,,846,0,0,,841,0,0,
2021Q4,,S08000024,,S12000036,,All Day cases,,2,,860,0,0,,850,0,0,
2022Q1,,S08000024,,S12000036,,All Day cases,,2,,928,0,0,,913,0,0,
2022Q2,,S08000024,,S12000036,,All Day cases,,2,,984,0,0,,969,0,0,
2022Q3,,S08000024,,S12000036,,All Day cases,,2,,1074,0,0,,1058,5,0.00472589792060491,
2022Q4,p,S08000024,,S12000036,,All Day cases,,2,,1089,0,0,,1078,0,0,
2017Q4,,S08000024,,S12000036,,All Day cases,,3,,853,0,0,,848,0,0,
2018Q1,,S08000024,,S12000036,,All Day cases,,3,,832,0,0,,828,0,0,
2018Q2,,S08000024,,S12000036,,All Day cases,,3,,876,0,0,,872,0,0,
2018Q3,,S08000024,,S12000036,,All Day cases,,3,,917,0,0,,908,0,0,
2018Q4,,S08000024,,S12000036,,All Day cases,,3,,987,0,0,,980,0,0,
2019Q1,,S08000024,,S12000036,,All Day cases,,3,,868,0,0,,863,0,0,
2019Q2,,S08000024,,S12000036,,All Day cases,,3,,1006,0,0,,993,0,0,
2019Q3,,S08000024,,S12000036,,All Day cases,,3,,947,0,0,,933,0,0,
2019Q4,,S08000024,,S12000036,,All Day cases,,3,,981,0,0,,963,0,0,
2020Q1,,S08000024,,S12000036,,All Day cases,,3,,980,0,0,,972,0,0,
2020Q2,,S08000024,,S12000036,,All Day cases,,3,,553,0,0,,528,0,0,
2020Q3,,S08000024,,S12000036,,All Day cases,,3,,715,0,0,,706,0,0,
2020Q4,,S08000024,,S12000036,,All Day cases,,3,,847,0,0,,841,0,0,
2021Q1,,S08000024,,S12000036,,All Day cases,,3,,810,0,0,,795,0,0,
2021Q2,,S08000024,,S12000036,,All Day cases,,3,,863,0,0,,849,0,0,
2021Q3,,S08000024,,S12000036,,All Day cases,,3,,860,0,0,,845,5,0.00591715976331361,
2021Q4,,S08000024,,S12000036,,All Day cases,,3,,754,0,0,,740,5,0.00675675675675676,
2022Q1,,S08000024,,S12000036,,All Day cases,,3,,805,0,0,,794,0,0,
2022Q2,,S08000024,,S12000036,,All Day cases,,3,,744,0,0,,739,5,0.006765899864682,
2022Q3,,S08000024,,S12000036,,All Day cases,,3,,827,0,0,,820,0,0,
2022Q4,p,S08000024,,S12000036,,All Day cases,,3,,874,0,0,,850,0,0,
2017Q4,,S08000024,,S12000036,,All Day cases,,4,,1405,0,0,,1395,0,0,
2018Q1,,S08000024,,S12000036,,All Day cases,,4,,1273,0,0,,1259,0,0,
2018Q2,,S08000024,,S12000036,,All Day cases,,4,,1332,0,0,,1320,0,0,
2018Q3,,S08000024,,S12000036,,All Day cases,,4,,1399,0,0,,1389,0,0,
2018Q4,,S08000024,,S12000036,,All Day cases,,4,,1333,0,0,,1325,0,0,
2019Q1,,S08000024,,S12000036,,All Day cases,,4,,1352,0,0,,1343,0,0,
2019Q2,,S08000024,,S12000036,,All Day cases,,4,,1438,0,0,,1420,0,0,
2019Q3,,S08000024,,S12000036,,All Day cases,,4,,1379,0,0,,1361,0,0,
2019Q4,,S08000024,,S12000036,,All Day cases,,4,,1413,0,0,,1397,0,0,
2020Q1,,S08000024,,S12000036,,All Day cases,,4,,1217,0,0,,1208,0,0,
2020Q2,,S08000024,,S12000036,,All Day cases,,4,,788,0,0,,773,0,0,
2020Q3,,S08000024,,S12000036,,All Day cases,,4,,1070,0,0,,1062,0,0,
2020Q4,,S08000024,,S12000036,,All Day cases,,4,,1278,0,0,,1265,0,0,
2021Q1,,S08000024,,S12000036,,All Day cases,,4,,1241,0,0,,1229,0,0,
2021Q2,,S08000024,,S12000036,,All Day cases,,4,,1264,0,0,,1256,0,0,
2021Q3,,S08000024,,S12000036,,All Day cases,,4,,1361,0,0,,1347,0,0,
2021Q4,,S08000024,,S12000036,,All Day cases,,4,,1392,0,0,,1375,5,0.00363636363636364,
2022Q1,,S08000024,,S12000036,,All Day cases,,4,,1409,0,0,,1383,7,0.00506146059291396,
2022Q2,,S08000024,,S12000036,,All Day cases,,4,,1386,0,0,,1366,5,0.00366032210834553,
2022Q3,,S08000024,,S12000036,,All Day cases,,4,,1366,0,0,,1347,7,0.00519673348181143,
2022Q4,p,S08000024,,S12000036,,All Day cases,,4,,1382,0,0,,1362,0,0,
2017Q4,,S08000024,,S12000036,,All Day cases,,5,,3533,0,0,,3509,0,0,
2018Q1,,S08000024,,S12000036,,All Day cases,,5,,3588,0,0,,3564,0,0,
2018Q2,,S08000024,,S12000036,,All Day cases,,5,,3874,0,0,,3847,0,0,
2018Q3,,S08000024,,S12000036,,All Day cases,,5,,3701,0,0,,3680,0,0,
2018Q4,,S08000024,,S12000036,,All Day cases,,5,,3992,0,0,,3963,0,0,
2019Q1,,S08000024,,S12000036,,All Day cases,,5,,3835,0,0,,3811,0,0,
2019Q2,,S08000024,,S12000036,,All Day cases,,5,,3910,0,0,,3871,0,0,
2019Q3,,S08000024,,S12000036,,All Day cases,,5,,3765,0,0,,3732,0,0,
2019Q4,,S08000024,,S12000036,,All Day cases,,5,,3874,0,0,,3835,0,0,
2020Q1,,S08000024,,S12000036,,All Day cases,,5,,3516,0,0,,3478,0,0,
2020Q2,,S08000024,,S12000036,,All Day cases,,5,,1867,0,0,,1845,0,0,
2020Q3,,S08000024,,S12000036,,All Day cases,,5,,2718,0,0,,2684,0,0,
2020Q4,,S08000024,,S12000036,,All Day cases,,5,,3075,0,0,,3049,0,0,
2021Q1,,S08000024,,S12000036,,All Day cases,,5,,2990,0,0,,2963,0,0,
2021Q2,,S08000024,,S12000036,,All Day cases,,5,,3296,0,0,,3266,0,0,
2021Q3,,S08000024,,S12000036,,All Day cases,,5,,3285,0,0,,3260,5,0.00153374233128834,
2021Q4,,S08000024,,S12000036,,All Day cases,,5,,3431,0,0,,3404,5,0.00146886016451234,
2022Q1,,S08000024,,S12000036,,All Day cases,,5,,3695,0,0,,3632,7,0.0019273127753304,
2022Q2,,S08000024,,S12000036,,All Day cases,,5,,3691,0,0,,3637,16,0.00439923013472642,
2022Q3,,S08000024,,S12000036,,All Day cases,,5,,4000,0,0,,3911,5,0.00127844541038098,
2022Q4,p,S08000024,,S12000036,,All Day cases,,5,,3919,0,0,,3852,0,0,
2022Q3,,S08000024,,S12000036,,All Day cases,,,:,0,0,,z,0,0,,z
2017Q4,,S08000024,,S12000019,,All Day cases,,1,,136,0,0,,134,0,0,
2018Q1,,S08000024,,S12000019,,All Day cases,,1,,119,0,0,,117,0,0,
2018Q2,,S08000024,,S12000019,,All Day cases,,1,,148,0,0,,145,0,0,
2018Q3,,S08000024,,S12000019,,All Day cases,,1,,147,0,0,,146,0,0,
2018Q4,,S08000024,,S12000019,,All Day cases,,1,,145,0,0,,143,0,0,
2019Q1,,S08000024,,S12000019,,All Day cases,,1,,160,0,0,,158,0,0,
2019Q2,,S08000024,,S12000019,,All Day cases,,1,,148,0,0,,148,0,0,
2019Q3,,S08000024,,S12000019,,All Day cases,,1,,121,0,0,,120,0,0,
2019Q4,,S08000024,,S12000019,,All Day cases,,1,,146,0,0,,145,0,0,
2020Q1,,S08000024,,S12000019,,All Day cases,,1,,149,0,0,,147,0,0,
2020Q2,,S08000024,,S12000019,,All Day cases,,1,,70,0,0,,70,0,0,
2020Q3,,S08000024,,S12000019,,All Day cases,,1,,83,0,0,,82,0,0,
2020Q4,,S08000024,,S12000019,,All Day cases,,1,,100,0,0,,96,0,0,
2021Q1,,S08000024,,S12000019,,All Day cases,,1,,126,0,0,,126,0,0,
2021Q2,,S08000024,,S12000019,,All Day cases,,1,,147,0,0,,146,0,0,
2021Q3,,S08000024,,S12000019,,All Day cases,,1,,137,0,0,,135,0,0,
2021Q4,,S08000024,,S12000019,,All Day cases,,1,,122,0,0,,120,0,0,
2022Q1,,S08000024,,S12000019,,All Day cases,,1,,123,0,0,,120,0,0,
2022Q2,,S08000024,,S12000019,,All Day cases,,1,,132,0,0,,122,5,0.040983606557377,
2022Q3,,S08000024,,S12000019,,All Day cases,,1,,111,0,0,,104,7,0.0673076923076923,
2022Q4,p,S08000024,,S12000019,,All Day cases,,1,,110,0,0,,110,0,0,
2017Q4,,S08000024,,S12000019,,All Day cases,,2,,633,0,0,,631,0,0,
2018Q1,,S08000024,,S12000019,,All Day cases,,2,,614,0,0,,605,0,0,
2018Q2,,S08000024,,S12000019,,All Day cases,,2,,605,0,0,,602,0,0,
2018Q3,,S08000024,,S12000019,,All Day cases,,2,,641,0,0,,633,0,0,
2018Q4,,S08000024,,S12000019,,All Day cases,,2,,560,0,0,,552,0,0,
2019Q1,,S08000024,,S12000019,,All Day cases,,2,,652,0,0,,646,0,0,
2019Q2,,S08000024,,S12000019,,All Day cases,,2,,671,0,0,,668,0,0,
2019Q3,,S08000024,,S12000019,,All Day cases,,2,,629,0,0,,619,0,0,
2019Q4,,S08000024,,S12000019,,All Day cases,,2,,587,0,0,,582,0,0,
2020Q1,,S08000024,,S12000019,,All Day cases,,2,,577,0,0,,571,0,0,
2020Q2,,S08000024,,S12000019,,All Day cases,,2,,331,0,0,,321,0,0,
2020Q3,,S08000024,,S12000019,,All Day cases,,2,,426,0,0,,423,0,0,
2020Q4,,S08000024,,S12000019,,All Day cases,,2,,439,0,0,,435,0,0,
2021Q1,,S08000024,,S12000019,,All Day cases,,2,,426,0,0,,420,0,0,
2021Q2,,S08000024,,S12000019,,All Day cases,,2,,579,0,0,,574,0,0,
2021Q3,,S08000024,,S12000019,,All Day cases,,2,,495,0,0,,485,0,0,
2021Q4,,S08000024,,S12000019,,All Day cases,,2,,506,0,0,,496,11,0.0221774193548387,
2022Q1,,S08000024,,S12000019,,All Day cases,,2,,549,0,0,,535,8,0.0149532710280374,
2022Q2,,S08000024,,S12000019,,All Day cases,,2,,480,0,0,,475,0,0,
2022Q3,,S08000024,,S12000019,,All Day cases,,2,,505,0,0,,489,5,0.0102249488752556,
2022Q4,p,S08000024,,S12000019,,All Day cases,,2,,588,0,0,,580,0,0,
2017Q4,,S08000024,,S12000019,,All Day cases,,3,,470,0,0,,469,0,0,
2018Q1,,S08000024,,S12000019,,All Day cases,,3,,449,0,0,,445,0,0,
2018Q2,,S08000024,,S12000019,,All Day cases,,3,,422,0,0,,422,0,0,
2018Q3,,S08000024,,S12000019,,All Day cases,,3,,405,0,0,,403,0,0,
2018Q4,,S08000024,,S12000019,,All Day cases,,3,,482,0,0,,478,0,0,
2019Q1,,S08000024,,S12000019,,All Day cases,,3,,407,0,0,,405,0,0,
2019Q2,,S08000024,,S12000019,,All Day cases,,3,,503,0,0,,498,0,0,
2019Q3,,S08000024,,S12000019,,All Day cases,,3,,476,0,0,,471,0,0,
2019Q4,,S08000024,,S12000019,,All Day cases,,3,,451,0,0,,448,0,0,
2020Q1,,S08000024,,S12000019,,All Day cases,,3,,450,0,0,,444,0,0,
2020Q2,,S08000024,,S12000019,,All Day cases,,3,,181,0,0,,181,0,0,
2020Q3,,S08000024,,S12000019,,All Day cases,,3,,320,0,0,,316,0,0,
2020Q4,,S08000024,,S12000019,,All Day cases,,3,,347,0,0,,341,0,0,
2021Q1,,S08000024,,S12000019,,All Day cases,,3,,385,0,0,,385,0,0,
2021Q2,,S08000024,,S12000019,,All Day cases,,3,,454,0,0,,449,0,0,
2021Q3,,S08000024,,S12000019,,All Day cases,,3,,432,0,0,,427,0,0,
2021Q4,,S08000024,,S12000019,,All Day cases,,3,,364,0,0,,363,0,0,
2022Q1,,S08000024,,S12000019,,All Day cases,,3,,393,0,0,,388,0,0,
2022Q2,,S08000024,,S12000019,,All Day cases,,3,,360,0,0,,356,0,0,
2022Q3,,S08000024,,S12000019,,All Day cases,,3,,422,0,0,,415,0,0,
2022Q4,p,S08000024,,S12000019,,All Day cases,,3,,419,0,0,,413,0,0,
2017Q4,,S08000024,,S12000019,,All Day cases,,4,,244,0,0,,243,0,0,
2018Q1,,S08000024,,S12000019,,All Day cases,,4,,290,0,0,,286,0,0,
2018Q2,,S08000024,,S12000019,,All Day cases,,4,,283,0,0,,283,0,0,
2018Q3,,S08000024,,S12000019,,All Day cases,,4,,288,0,0,,284,0,0,
2018Q4,,S08000024,,S12000019,,All Day cases,,4,,353,0,0,,349,0,0,
2019Q1,,S08000024,,S12000019,,All Day cases,,4,,354,0,0,,352,0,0,
2019Q2,,S08000024,,S12000019,,All Day cases,,4,,308,0,0,,306,0,0,
2019Q3,,S08000024,,S12000019,,All Day cases,,4,,322,0,0,,321,0,0,
2019Q4,,S08000024,,S12000019,,All Day cases,,4,,328,0,0,,326,0,0,
2020Q1,,S08000024,,S12000019,,All Day cases,,4,,306,0,0,,303,0,0,
2020Q2,,S08000024,,S12000019,,All Day cases,,4,,156,0,0,,156,0,0,
2020Q3,,S08000024,,S12000019,,All Day cases,,4,,263,0,0,,262,0,0,
2020Q4,,S08000024,,S12000019,,All Day cases,,4,,243,0,0,,240,0,0,
2021Q1,,S08000024,,S12000019,,All Day cases,,4,,238,0,0,,237,0,0,
2021Q2,,S08000024,,S12000019,,All Day cases,,4,,340,0,0,,336,0,0,
2021Q3,,S08000024,,S12000019,,All Day cases,,4,,279,0,0,,278,0,0,
2021Q4,,S08000024,,S12000019,,All Day cases,,4,,265,0,0,,263,0,0,
2022Q1,,S08000024,,S12000019,,All Day cases,,4,,285,0,0,,277,0,0,
2022Q2,,S08000024,,S12000019,,All Day cases,,4,,300,0,0,,298,0,0,
2022Q3,,S08000024,,S12000019,,All Day cases,,4,,331,0,0,,321,0,0,
2022Q4,p,S08000024,,S12000019,,All Day cases,,4,,376,0,0,,366,0,0,
2017Q4,,S08000024,,S12000019,,All Day cases,,5,,197,0,0,,197,0,0,
2018Q1,,S08000024,,S12000019,,All Day cases,,5,,234,0,0,,233,0,0,
2018Q2,,S08000024,,S12000019,,All Day cases,,5,,199,0,0,,196,0,0,
2018Q3,,S08000024,,S12000019,,All Day cases,,5,,195,0,0,,195,0,0,
2018Q4,,S08000024,,S12000019,,All Day cases,,5,,214,0,0,,213,0,0,
2019Q1,,S08000024,,S12000019,,All Day cases,,5,,245,0,0,,242,0,0,
2019Q2,,S08000024,,S12000019,,All Day cases,,5,,198,0,0,,198,0,0,
2019Q3,,S08000024,,S12000019,,All Day cases,,5,,238,0,0,,232,0,0,
2019Q4,,S08000024,,S12000019,,All Day cases,,5,,237,0,0,,237,0,0,
2020Q1,,S08000024,,S12000019,,All Day cases,,5,,176,0,0,,173,0,0,
2020Q2,,S08000024,,S12000019,,All Day cases,,5,,85,0,0,,83,0,0,
2020Q3,,S08000024,,S12000019,,All Day cases,,5,,133,0,0,,133,0,0,
2020Q4,,S08000024,,S12000019,,All Day cases,,5,,169,0,0,,168,0,0,
2021Q1,,S08000024,,S12000019,,All Day cases,,5,,205,0,0,,202,0,0,
2021Q2,,S08000024,,S12000019,,All Day cases,,5,,216,0,0,,216,0,0,
2021Q3,,S08000024,,S12000019,,All Day cases,,5,,178,0,0,,177,0,0,
2021Q4,,S08000024,,S12000019,,All Day cases,,5,,191,0,0,,187,0,0,
2022Q1,,S08000024,,S12000019,,All Day cases,,5,,234,0,0,,231,0,0,
2022Q2,,S08000024,,S12000019,,All Day cases,,5,,199,0,0,,195,0,0,
2022Q3,,S08000024,,S12000019,,All Day cases,,5,,227,0,0,,227,0,0,
2022Q4,p,S08000024,,S12000019,,All Day cases,,5,,265,0,0,,263,0,0,
2022Q4,p,S08000024,,S12000019,,All Day cases,,,:,0,0,,z,0,0,,z
2017Q4,,S08000024,,S08000024,d,All Day cases,,1,,1672,0,0,,1653,0,0,
2018Q1,,S08000024,,S08000024,d,All Day cases,,1,,1605,0,0,,1588,0,0,
2018Q2,,S08000024,,S08000024,d,All Day cases,,1,,1712,0,0,,1696,0,0,
2018Q3,,S08000024,,S08000024,d,All Day cases,,1,,1661,0,0,,1650,0,0,
2018Q4,,S08000024,,S08000024,d,All Day cases,,1,,1627,0,0,,1606,0,0,
2019Q1,,S08000024,,S08000024,d,All Day cases,,1,,1775,0,0,,1760,0,0,
2019Q2,,S08000024,,S08000024,d,All Day cases,,1,,1727,0,0,,1712,0,0,
2019Q3,,S08000024,,S08000024,d,All Day cases,,1,,1629,0,0,,1614,0,0,
2019Q4,,S08000024,,S08000024,d,All Day cases,,1,,1720,0,0,,1699,0,0,
2020Q1,,S08000024,,S08000024,d,All Day cases,,1,,1693,0,0,,1670,0,0,
2020Q2,,S08000024,,S08000024,d,All Day cases,,1,,964,0,0,,945,0,0,
2020Q3,,S08000024,,S08000024,d,All Day cases,,1,,1233,0,0,,1219,0,0,
2020Q4,,S08000024,,S08000024,d,All Day cases,,1,,1437,0,0,,1420,0,0,
2021Q1,,S08000024,,S08000024,d,All Day cases,,1,,1546,0,0,,1532,0,0,
2021Q2,,S08000024,,S08000024,d,All Day cases,,1,,1640,0,0,,1623,0,0,
2021Q3,,S08000024,,S08000024,d,All Day cases,,1,,1550,0,0,,1531,0,0,
2021Q4,,S08000024,,S08000024,d,All Day cases,,1,,1347,0,0,,1332,5,0.00375375375375375,
2022Q1,,S08000024,,S08000024,d,All Day cases,,1,,1490,0,0,,1468,0,0,
2022Q2,,S08000024,,S08000024,d,All Day cases,,1,,1652,0,0,,1617,10,0.00618429189857761,
2022Q3,,S08000024,,S08000024,d,All Day cases,,1,,1657,0,0,,1613,18,0.0111593304401736,
2022Q4,p,S08000024,,S08000024,d,All Day cases,,1,,1631,0,0,,1601,5,0.00312304809494066,
2017Q4,,S08000024,,S08000024,d,All Day cases,,2,,3286,0,0,,3266,0,0,
2018Q1,,S08000024,,S08000024,d,All Day cases,,2,,3200,0,0,,3172,0,0,
2018Q2,,S08000024,,S08000024,d,All Day cases,,2,,3518,0,0,,3490,0,0,
2018Q3,,S08000024,,S08000024,d,All Day cases,,2,,3387,0,0,,3354,0,0,
2018Q4,,S08000024,,S08000024,d,All Day cases,,2,,3043,0,0,,2999,0,0,
2019Q1,,S08000024,,S08000024,d,All Day cases,,2,,3186,0,0,,3146,0,0,
2019Q2,,S08000024,,S08000024,d,All Day cases,,2,,3370,0,0,,3348,0,0,
2019Q3,,S08000024,,S08000024,d,All Day cases,,2,,3182,0,0,,3142,0,0,
2019Q4,,S08000024,,S08000024,d,All Day cases,,2,,3210,0,0,,3175,0,0,
2020Q1,,S08000024,,S08000024,d,All Day cases,,2,,3180,0,0,,3148,0,0,
2020Q2,,S08000024,,S08000024,d,All Day cases,,2,,1764,0,0,,1726,0,0,
2020Q3,,S08000024,,S08000024,d,All Day cases,,2,,2355,0,0,,2323,0,0,
2020Q4,,S08000024,,S08000024,d,All Day cases,,2,,2714,0,0,,2686,0,0,
2021Q1,,S08000024,,S08000024,d,All Day cases,,2,,2764,0,0,,2733,0,0,
2021Q2,,S08000024,,S08000024,d,All Day cases,,2,,2992,0,0,,2966,0,0,
2021Q3,,S08000024,,S08000024,d,All Day cases,,2,,3013,0,0,,2975,8,0.0026890756302521,
2021Q4,,S08000024,,S08000024,d,All Day cases,,2,,3069,0,0,,3022,17,0.00562541363335539,
2022Q1,,S08000024,,S08000024,d,All Day cases,,2,,3045,0,0,,2997,21,0.00700700700700701,
2022Q2,,S08000024,,S08000024,d,All Day cases,,2,,3090,0,0,,3032,19,0.0062664907651715,
2022Q3,,S08000024,,S08000024,d,All Day cases,,2,,3274,0,0,,3211,11,0.00342572407349735,
2022Q4,p,S08000024,,S08000024,d,All Day cases,,2,,3342,0,0,,3296,5,0.00151699029126214,
2017Q4,,S08000024,,S08000024,d,All Day cases,,3,,2475,0,0,,2465,0,0,
2018Q1,,S08000024,,S08000024,d,All Day cases,,3,,2397,0,0,,2380,0,0,
2018Q2,,S08000024,,S08000024,d,All Day cases,,3,,2469,0,0,,2447,0,0,
2018Q3,,S08000024,,S08000024,d,All Day cases,,3,,2477,0,0,,2457,0,0,
2018Q4,,S08000024,,S08000024,d,All Day cases,,3,,2629,0,0,,2613,0,0,
2019Q1,,S08000024,,S08000024,d,All Day cases,,3,,2375,0,0,,2363,0,0,
2019Q2,,S08000024,,S08000024,d,All Day cases,,3,,2612,0,0,,2578,0,0,
2019Q3,,S08000024,,S08000024,d,All Day cases,,3,,2595,0,0,,2569,0,0,
2019Q4,,S08000024,,S08000024,d,All Day cases,,3,,2659,0,0,,2621,0,0,
2020Q1,,S08000024,,S08000024,d,All Day cases,,3,,2644,0,0,,2621,0,0,
2020Q2,,S08000024,,S08000024,d,All Day cases,,3,,1469,0,0,,1431,0,0,
2020Q3,,S08000024,,S08000024,d,All Day cases,,3,,1968,0,0,,1943,0,0,
2020Q4,,S08000024,,S08000024,d,All Day cases,,3,,2217,0,0,,2196,0,0,
2021Q1,,S08000024,,S08000024,d,All Day cases,,3,,2237,0,0,,2213,0,0,
2021Q2,,S08000024,,S08000024,d,All Day cases,,3,,2505,0,0,,2475,0,0,
2021Q3,,S08000024,,S08000024,d,All Day cases,,3,,2532,0,0,,2492,8,0.00321027287319422,
2021Q4,,S08000024,,S08000024,d,All Day cases,,3,,2120,0,0,,2091,10,0.00478240076518412,
2022Q1,,S08000024,,S08000024,d,All Day cases,,3,,2346,0,0,,2313,5,0.00216169476869866,
2022Q2,,S08000024,,S08000024,d,All Day cases,,3,,2295,0,0,,2272,7,0.00308098591549296,
2022Q3,,S08000024,,S08000024,d,All Day cases,,3,,2421,0,0,,2389,6,0.00251151109250733,
2022Q4,p,S08000024,,S08000024,d,All Day cases,,3,,2594,0,0,,2549,0,0,
2017Q4,,S08000024,,S08000024,d,All Day cases,,4,,2683,0,0,,2662,0,0,
2018Q1,,S08000024,,S08000024,d,All Day cases,,4,,2572,0,0,,2544,0,0,
2018Q2,,S08000024,,S08000024,d,All Day cases,,4,,2648,0,0,,2630,0,0,
2018Q3,,S08000024,,S08000024,d,All Day cases,,4,,2776,0,0,,2750,0,0,
2018Q4,,S08000024,,S08000024,d,All Day cases,,4,,2653,0,0,,2637,0,0,
2019Q1,,S08000024,,S08000024,d,All Day cases,,4,,2668,0,0,,2649,0,0,
2019Q2,,S08000024,,S08000024,d,All Day cases,,4,,2820,0,0,,2792,0,0,
2019Q3,,S08000024,,S08000024,d,All Day cases,,4,,2700,0,0,,2678,0,0,
2019Q4,,S08000024,,S08000024,d,All Day cases,,4,,2653,0,0,,2632,0,0,
2020Q1,,S08000024,,S08000024,d,All Day cases,,4,,2584,0,0,,2562,0,0,
2020Q2,,S08000024,,S08000024,d,All Day cases,,4,,1562,0,0,,1537,0,0,
2020Q3,,S08000024,,S08000024,d,All Day cases,,4,,2066,0,0,,2049,0,0,
2020Q4,,S08000024,,S08000024,d,All Day cases,,4,,2425,0,0,,2396,0,0,
2021Q1,,S08000024,,S08000024,d,All Day cases,,4,,2399,0,0,,2376,0,0,
2021Q2,,S08000024,,S08000024,d,All Day cases,,4,,2645,0,0,,2622,0,0,
2021Q3,,S08000024,,S08000024,d,All Day cases,,4,,2690,0,0,,2666,5,0.0018754688672168,
2021Q4,,S08000024,,S08000024,d,All Day cases,,4,,2720,0,0,,2689,9,0.00334696913350688,
2022Q1,,S08000024,,S08000024,d,All Day cases,,4,,2948,0,0,,2901,12,0.00413650465356774,
2022Q2,,S08000024,,S08000024,d,All Day cases,,4,,2948,0,0,,2913,10,0.00343288705801579,
2022Q3,,S08000024,,S08000024,d,All Day cases,,4,,3043,0,0,,2999,11,0.00366788929643214,
2022Q4,p,S08000024,,S08000024,d,All Day cases,,4,,3150,0,0,,3095,0,0,
2017Q4,,S08000024,,S08000024,d,All Day cases,,5,,4599,0,0,,4568,0,0,
2018Q1,,S08000024,,S08000024,d,All Day cases,,5,,4603,0,0,,4572,0,0,
2018Q2,,S08000024,,S08000024,d,All Day cases,,5,,4979,0,0,,4941,0,0,
2018Q3,,S08000024,,S08000024,d,All Day cases,,5,,4745,0,0,,4716,0,0,
2018Q4,,S08000024,,S08000024,d,All Day cases,,5,,5119,0,0,,5081,0,0,
2019Q1,,S08000024,,S08000024,d,All Day cases,,5,,4952,0,0,,4918,0,0,
2019Q2,,S08000024,,S08000024,d,All Day cases,,5,,5050,0,0,,5001,0,0,
2019Q3,,S08000024,,S08000024,d,All Day cases,,5,,4847,0,0,,4805,0,0,
2019Q4,,S08000024,,S08000024,d,All Day cases,,5,,5056,0,0,,5009,0,0,
2020Q1,,S08000024,,S08000024,d,All Day cases,,5,,4567,0,0,,4508,0,0,
2020Q2,,S08000024,,S08000024,d,All Day cases,,5,,2350,0,0,,2321,0,0,
2020Q3,,S08000024,,S08000024,d,All Day cases,,5,,3565,0,0,,3520,0,0,
2020Q4,,S08000024,,S08000024,d,All Day cases,,5,,4068,0,0,,4035,0,0,
2021Q1,,S08000024,,S08000024,d,All Day cases,,5,,4108,0,0,,4069,0,0,
2021Q2,,S08000024,,S08000024,d,All Day cases,,5,,4414,0,0,,4373,0,0,
2021Q3,,S08000024,,S08000024,d,All Day cases,,5,,4450,0,0,,4409,7,0.00158766160127013,
2021Q4,,S08000024,,S08000024,d,All Day cases,,5,,4484,0,0,,4440,8,0.0018018018018018,
2022Q1,,S08000024,,S08000024,d,All Day cases,,5,,4974,0,0,,4894,13,0.00265631385369841,
2022Q2,,S08000024,,S08000024,d,All Day cases,,5,,4998,0,0,,4928,23,0.00466720779220779,
2022Q3,,S08000024,,S08000024,d,All Day cases,,5,,5149,0,0,,5044,9,0.00178429817605075,
2022Q4,p,S08000024,,S08000024,d,All Day cases,,5,,5271,0,0,,5188,0,0,
2022Q3,,S08000024,,S08000024,d,All Day cases,,,:,0,0,,z,0,0,,z
2022Q4,p,S08000024,,S08000024,d,All Day cases,,,:,45,0,0,,45,0,0,
2017Q4,,S08000024,,S12000040,,All Day cases,,1,,403,0,0,,398,0,0,
2018Q1,,S08000024,,S12000040,,All Day cases,,1,,419,0,0,,415,0,0,
2018Q2,,S08000024,,S12000040,,All Day cases,,1,,467,0,0,,462,0,0,
2018Q3,,S08000024,,S12000040,,All Day cases,,1,,421,0,0,,419,0,0,
2018Q4,,S08000024,,S12000040,,All Day cases,,1,,427,0,0,,425,0,0,
2019Q1,,S08000024,,S12000040,,All Day cases,,1,,479,0,0,,475,0,0,
2019Q2,,S08000024,,S12000040,,All Day cases,,1,,482,0,0,,478,0,0,
2019Q3,,S08000024,,S12000040,,All Day cases,,1,,460,0,0,,457,0,0,
2019Q4,,S08000024,,S12000040,,All Day cases,,1,,522,0,0,,516,0,0,
2020Q1,,S08000024,,S12000040,,All Day cases,,1,,524,0,0,,520,0,0,
2020Q2,,S08000024,,S12000040,,All Day cases,,1,,291,0,0,,286,0,0,
2020Q3,,S08000024,,S12000040,,All Day cases,,1,,392,0,0,,384,0,0,
2020Q4,,S08000024,,S12000040,,All Day cases,,1,,464,0,0,,463,0,0,
2021Q1,,S08000024,,S12000040,,All Day cases,,1,,488,0,0,,482,0,0,
2021Q2,,S08000024,,S12000040,,All Day cases,,1,,533,0,0,,530,0,0,
2021Q3,,S08000024,,S12000040,,All Day cases,,1,,492,0,0,,486,0,0,
2021Q4,,S08000024,,S12000040,,All Day cases,,1,,389,0,0,,386,0,0,
2022Q1,,S08000024,,S12000040,,All Day cases,,1,,455,0,0,,454,0,0,
2022Q2,,S08000024,,S12000040,,All Day cases,,1,,460,0,0,,454,0,0,
2022Q3,,S08000024,,S12000040,,All Day cases,,1,,501,0,0,,494,5,0.0101214574898785,
2022Q4,p,S08000024,,S12000040,,All Day cases,,1,,489,0,0,,478,0,0,
2017Q4,,S08000024,,S12000040,,All Day cases,,2,,970,0,0,,965,0,0,
2018Q1,,S08000024,,S12000040,,All Day cases,,2,,941,0,0,,936,0,0,
2018Q2,,S08000024,,S12000040,,All Day cases,,2,,1032,0,0,,1025,0,0,
2018Q3,,S08000024,,S12000040,,All Day cases,,2,,1017,0,0,,1005,0,0,
2018Q4,,S08000024,,S12000040,,All Day cases,,2,,882,0,0,,875,0,0,
2019Q1,,S08000024,,S12000040,,All Day cases,,2,,855,0,0,,845,0,0,
2019Q2,,S08000024,,S12000040,,All Day cases,,2,,890,0,0,,878,0,0,
2019Q3,,S08000024,,S12000040,,All Day cases,,2,,943,0,0,,936,0,0,
2019Q4,,S08000024,,S12000040,,All Day cases,,2,,1035,0,0,,1029,0,0,
2020Q1,,S08000024,,S12000040,,All Day cases,,2,,1067,0,0,,1061,0,0,
2020Q2,,S08000024,,S12000040,,All Day cases,,2,,582,0,0,,573,0,0,
2020Q3,,S08000024,,S12000040,,All Day cases,,2,,781,0,0,,765,0,0,
2020Q4,,S08000024,,S12000040,,All Day cases,,2,,877,0,0,,869,0,0,
2021Q1,,S08000024,,S12000040,,All Day cases,,2,,1024,0,0,,1020,0,0,
2021Q2,,S08000024,,S12000040,,All Day cases,,2,,972,0,0,,967,0,0,
2021Q3,,S08000024,,S12000040,,All Day cases,,2,,1114,0,0,,1097,8,0.0072926162260711,
2021Q4,,S08000024,,S12000040,,All Day cases,,2,,1106,0,0,,1091,5,0.00458295142071494,
2022Q1,,S08000024,,S12000040,,All Day cases,,2,,1069,0,0,,1052,11,0.0104562737642586,
2022Q2,,S08000024,,S12000040,,All Day cases,,2,,1068,0,0,,1046,16,0.0152963671128107,
2022Q3,,S08000024,,S12000040,,All Day cases,,2,,1093,0,0,,1077,5,0.00464252553389044,
2022Q4,p,S08000024,,S12000040,,All Day cases,,2,,1061,0,0,,1046,0,0,
2017Q4,,S08000024,,S12000040,,All Day cases,,3,,676,0,0,,674,0,0,
2018Q1,,S08000024,,S12000040,,All Day cases,,3,,651,0,0,,646,0,0,
2018Q2,,S08000024,,S12000040,,All Day cases,,3,,631,0,0,,618,0,0,
2018Q3,,S08000024,,S12000040,,All Day cases,,3,,640,0,0,,634,0,0,
2018Q4,,S08000024,,S12000040,,All Day cases,,3,,636,0,0,,632,0,0,
2019Q1,,S08000024,,S12000040,,All Day cases,,3,,563,0,0,,560,0,0,
2019Q2,,S08000024,,S12000040,,All Day cases,,3,,626,0,0,,619,0,0,
2019Q3,,S08000024,,S12000040,,All Day cases,,3,,693,0,0,,689,0,0,
2019Q4,,S08000024,,S12000040,,All Day cases,,3,,711,0,0,,703,0,0,
2020Q1,,S08000024,,S12000040,,All Day cases,,3,,786,0,0,,779,0,0,
2020Q2,,S08000024,,S12000040,,All Day cases,,3,,497,0,0,,487,0,0,
2020Q3,,S08000024,,S12000040,,All Day cases,,3,,606,0,0,,600,0,0,
2020Q4,,S08000024,,S12000040,,All Day cases,,3,,699,0,0,,693,0,0,
2021Q1,,S08000024,,S12000040,,All Day cases,,3,,686,0,0,,682,0,0,
2021Q2,,S08000024,,S12000040,,All Day cases,,3,,781,0,0,,773,0,0,
2021Q3,,S08000024,,S12000040,,All Day cases,,3,,822,0,0,,811,5,0.0061652281134402,
2021Q4,,S08000024,,S12000040,,All Day cases,,3,,607,0,0,,599,5,0.00834724540901502,
2022Q1,,S08000024,,S12000040,,All Day cases,,3,,682,0,0,,672,0,0,
2022Q2,,S08000024,,S12000040,,All Day cases,,3,,687,0,0,,676,5,0.00739644970414201,
2022Q3,,S08000024,,S12000040,,All Day cases,,3,,719,0,0,,710,0,0,
2022Q4,p,S08000024,,S12000040,,All Day cases,,3,,833,0,0,,824,0,0,
2017Q4,,S08000024,,S12000040,,All Day cases,,4,,633,0,0,,630,0,0,
2018Q1,,S08000024,,S12000040,,All Day cases,,4,,625,0,0,,618,0,0,
2018Q2,,S08000024,,S12000040,,All Day cases,,4,,585,0,0,,582,0,0,
2018Q3,,S08000024,,S12000040,,All Day cases,,4,,594,0,0,,589,0,0,
2018Q4,,S08000024,,S12000040,,All Day cases,,4,,518,0,0,,516,0,0,
2019Q1,,S08000024,,S12000040,,All Day cases,,4,,509,0,0,,506,0,0,
2019Q2,,S08000024,,S12000040,,All Day cases,,4,,579,0,0,,574,0,0,
2019Q3,,S08000024,,S12000040,,All Day cases,,4,,538,0,0,,537,0,0,
2019Q4,,S08000024,,S12000040,,All Day cases,,4,,508,0,0,,508,0,0,
2020Q1,,S08000024,,S12000040,,All Day cases,,4,,649,0,0,,642,0,0,
2020Q2,,S08000024,,S12000040,,All Day cases,,4,,359,0,0,,352,0,0,
2020Q3,,S08000024,,S12000040,,All Day cases,,4,,433,0,0,,430,0,0,
2020Q4,,S08000024,,S12000040,,All Day cases,,4,,545,0,0,,537,0,0,
2021Q1,,S08000024,,S12000040,,All Day cases,,4,,553,0,0,,545,0,0,
2021Q2,,S08000024,,S12000040,,All Day cases,,4,,586,0,0,,579,0,0,
2021Q3,,S08000024,,S12000040,,All Day cases,,4,,604,0,0,,598,0,0,
2021Q4,,S08000024,,S12000040,,All Day cases,,4,,637,0,0,,629,5,0.00794912559618442,
2022Q1,,S08000024,,S12000040,,All Day cases,,4,,774,0,0,,768,5,0.00651041666666667,
2022Q2,,S08000024,,S12000040,,All Day cases,,4,,768,0,0,,760,5,0.00657894736842105,
2022Q3,,S08000024,,S12000040,,All Day cases,,4,,780,0,0,,774,5,0.00645994832041344,
2022Q4,p,S08000024,,S12000040,,All Day cases,,4,,749,0,0,,742,0,0,
2017Q4,,S08000024,,S12000040,,All Day cases,,5,,561,0,0,,557,0,0,
2018Q1,,S08000024,,S12000040,,All Day cases,,5,,501,0,0,,496,0,0,
2018Q2,,S08000024,,S12000040,,All Day cases,,5,,564,0,0,,561,0,0,
2018Q3,,S08000024,,S12000040,,All Day cases,,5,,522,0,0,,517,0,0,
2018Q4,,S08000024,,S12000040,,All Day cases,,5,,534,0,0,,529,0,0,
2019Q1,,S08000024,,S12000040,,All Day cases,,5,,521,0,0,,518,0,0,
2019Q2,,S08000024,,S12000040,,All Day cases,,5,,544,0,0,,538,0,0,
2019Q3,,S08000024,,S12000040,,All Day cases,,5,,531,0,0,,528,0,0,
2019Q4,,S08000024,,S12000040,,All Day cases,,5,,587,0,0,,582,0,0,
2020Q1,,S08000024,,S12000040,,All Day cases,,5,,560,0,0,,553,0,0,
2020Q2,,S08000024,,S12000040,,All Day cases,,5,,274,0,0,,274,0,0,
2020Q3,,S08000024,,S12000040,,All Day cases,,5,,461,0,0,,451,0,0,
2020Q4,,S08000024,,S12000040,,All Day cases,,5,,562,0,0,,560,0,0,
2021Q1,,S08000024,,S12000040,,All Day cases,,5,,610,0,0,,607,0,0,
2021Q2,,S08000024,,S12000040,,All Day cases,,5,,625,0,0,,619,0,0,
2021Q3,,S08000024,,S12000040,,All Day cases,,5,,671,0,0,,659,5,0.00758725341426404,
2021Q4,,S08000024,,S12000040,,All Day cases,,5,,572,0,0,,562,5,0.00889679715302491,
2022Q1,,S08000024,,S12000040,,All Day cases,,5,,698,0,0,,687,5,0.00727802037845706,
2022Q2,,S08000024,,S12000040,,All Day cases,,5,,713,0,0,,703,5,0.00711237553342817,
2022Q3,,S08000024,,S12000040,,All Day cases,,5,,568,0,0,,555,5,0.00900900900900901,
2022Q4,p,S08000024,,S12000040,,All Day cases,,5,,711,0,0,,703,0,0,
2022Q4,p,S08000024,,S12000040,,All Day cases,,,:,0,0,,z,0,0,,z
2017Q4,,S08000025,,S08000025,d,All Day cases,,2,,125,0,0,,125,0,0,
2018Q1,,S08000025,,S08000025,d,All Day cases,,2,,126,0,0,,124,0,0,
2018Q2,,S08000025,,S08000025,d,All Day cases,,2,,101,0,0,,101,0,0,
2018Q3,,S08000025,,S08000025,d,All Day cases,,2,,124,0,0,,123,0,0,
2018Q4,,S08000025,,S08000025,d,All Day cases,,2,,139,0,0,,137,0,0,
2019Q1,,S08000025,,S08000025,d,All Day cases,,2,,128,0,0,,128,0,0,
2019Q2,,S08000025,,S08000025,d,All Day cases,,2,,101,0,0,,100,0,0,
2019Q3,,S08000025,,S08000025,d,All Day cases,,2,,131,0,0,,130,0,0,
2019Q4,,S08000025,,S08000025,d,All Day cases,,2,,144,0,0,,144,0,0,
2020Q1,,S08000025,,S08000025,d,All Day cases,,2,,106,0,0,,105,0,0,
2020Q2,,S08000025,,S08000025,d,All Day cases,,2,,75,0,0,,75,0,0,
2020Q3,,S08000025,,S08000025,d,All Day cases,,2,,116,0,0,,116,0,0,
2020Q4,,S08000025,,S08000025,d,All Day cases,,2,,132,0,0,,131,0,0,
2021Q1,,S08000025,,S08000025,d,All Day cases,,2,,136,0,0,,134,0,0,
2021Q2,,S08000025,,S08000025,d,All Day cases,,2,,125,0,0,,123,0,0,
2021Q3,,S08000025,,S08000025,d,All Day cases,,2,,136,0,0,,134,0,0,
2021Q4,,S08000025,,S08000025,d,All Day cases,,2,,125,0,0,,125,0,0,
2022Q1,,S08000025,,S08000025,d,All Day cases,,2,,120,0,0,,120,0,0,
2022Q2,,S08000025,,S08000025,d,All Day cases,,2,,156,0,0,,155,0,0,
2022Q3,,S08000025,,S08000025,d,All Day cases,,2,,126,0,0,,123,0,0,
2022Q4,p,S08000025,,S08000025,d,All Day cases,,2,,111,0,0,,111,0,0,
2017Q4,,S08000025,,S08000025,d,All Day cases,,3,,88,0,0,,88,0,0,
2018Q1,,S08000025,,S08000025,d,All Day cases,,3,,127,0,0,,127,0,0,
2018Q2,,S08000025,,S08000025,d,All Day cases,,3,,122,0,0,,120,0,0,
2018Q3,,S08000025,,S08000025,d,All Day cases,,3,,117,0,0,,116,0,0,
2018Q4,,S08000025,,S08000025,d,All Day cases,,3,,123,0,0,,121,0,0,
2019Q1,,S08000025,,S08000025,d,All Day cases,,3,,118,0,0,,115,0,0,
2019Q2,,S08000025,,S08000025,d,All Day cases,,3,,130,0,0,,127,0,0,
2019Q3,,S08000025,,S08000025,d,All Day cases,,3,,155,0,0,,155,0,0,
2019Q4,,S08000025,,S08000025,d,All Day cases,,3,,161,0,0,,159,0,0,
2020Q1,,S08000025,,S08000025,d,All Day cases,,3,,143,0,0,,143,0,0,
2020Q2,,S08000025,,S08000025,d,All Day cases,,3,,89,0,0,,89,0,0,
2020Q3,,S08000025,,S08000025,d,All Day cases,,3,,113,0,0,,113,0,0,
2020Q4,,S08000025,,S08000025,d,All Day cases,,3,,98,0,0,,98,0,0,
2021Q1,,S08000025,,S08000025,d,All Day cases,,3,,126,0,0,,123,0,0,
2021Q2,,S08000025,,S08000025,d,All Day cases,,3,,127,0,0,,122,0,0,
2021Q3,,S08000025,,S08000025,d,All Day cases,,3,,158,0,0,,155,0,0,
2021Q4,,S08000025,,S08000025,d,All Day cases,,3,,160,0,0,,159,0,0,
2022Q1,,S08000025,,S08000025,d,All Day cases,,3,,158,0,0,,158,0,0,
2022Q2,,S08000025,,S08000025,d,All Day cases,,3,,158,0,0,,158,0,0,
2022Q3,,S08000025,,S08000025,d,All Day cases,,3,,125,0,0,,125,0,0,
2022Q4,p,S08000025,,S08000025,d,All Day cases,,3,,129,0,0,,128,0,0,
2017Q4,,S08000025,,S08000025,d,All Day cases,,4,,368,0,0,,365,0,0,
2018Q1,,S08000025,,S08000025,d,All Day cases,,4,,386,0,0,,383,0,0,
2018Q2,,S08000025,,S08000025,d,All Day cases,,4,,351,0,0,,349,0,0,
2018Q3,,S08000025,,S08000025,d,All Day cases,,4,,369,0,0,,368,0,0,
2018Q4,,S08000025,,S08000025,d,All Day cases,,4,,390,0,0,,386,0,0,
2019Q1,,S08000025,,S08000025,d,All Day cases,,4,,405,0,0,,400,0,0,
2019Q2,,S08000025,,S08000025,d,All Day cases,,4,,439,0,0,,436,0,0,
2019Q3,,S08000025,,S08000025,d,All Day cases,,4,,542,0,0,,538,0,0,
2019Q4,,S08000025,,S08000025,d,All Day cases,,4,,505,0,0,,500,0,0,
2020Q1,,S08000025,,S08000025,d,All Day cases,,4,,465,0,0,,456,0,0,
2020Q2,,S08000025,,S08000025,d,All Day cases,,4,,264,0,0,,260,0,0,
2020Q3,,S08000025,,S08000025,d,All Day cases,,4,,412,0,0,,411,0,0,
2020Q4,,S08000025,,S08000025,d,All Day cases,,4,,458,0,0,,457,0,0,
2021Q1,,S08000025,,S08000025,d,All Day cases,,4,,402,0,0,,401,0,0,
2021Q2,,S08000025,,S08000025,d,All Day cases,,4,,466,0,0,,457,0,0,
2021Q3,,S08000025,,S08000025,d,All Day cases,,4,,468,0,0,,464,0,0,
2021Q4,,S08000025,,S08000025,d,All Day cases,,4,,513,0,0,,510,0,0,
2022Q1,,S08000025,,S08000025,d,All Day cases,,4,,545,0,0,,542,0,0,
2022Q2,,S08000025,,S08000025,d,All Day cases,,4,,504,0,0,,503,0,0,
2022Q3,,S08000025,,S08000025,d,All Day cases,,4,,477,0,0,,475,0,0,
2022Q4,p,S08000025,,S08000025,d,All Day cases,,4,,488,0,0,,486,0,0,
2017Q4,,S08000025,,S12000023,,All Day cases,,2,,125,0,0,,125,0,0,
2018Q1,,S08000025,,S12000023,,All Day cases,,2,,126,0,0,,124,0,0,
2018Q2,,S08000025,,S12000023,,All Day cases,,2,,101,0,0,,101,0,0,
2018Q3,,S08000025,,S12000023,,All Day cases,,2,,124,0,0,,123,0,0,
2018Q4,,S08000025,,S12000023,,All Day cases,,2,,139,0,0,,137,0,0,
2019Q1,,S08000025,,S12000023,,All Day cases,,2,,128,0,0,,128,0,0,
2019Q2,,S08000025,,S12000023,,All Day cases,,2,,101,0,0,,100,0,0,
2019Q3,,S08000025,,S12000023,,All Day cases,,2,,131,0,0,,130,0,0,
2019Q4,,S08000025,,S12000023,,All Day cases,,2,,144,0,0,,144,0,0,
2020Q1,,S08000025,,S12000023,,All Day cases,,2,,106,0,0,,105,0,0,
2020Q2,,S08000025,,S12000023,,All Day cases,,2,,75,0,0,,75,0,0,
2020Q3,,S08000025,,S12000023,,All Day cases,,2,,116,0,0,,116,0,0,
2020Q4,,S08000025,,S12000023,,All Day cases,,2,,132,0,0,,131,0,0,
2021Q1,,S08000025,,S12000023,,All Day cases,,2,,136,0,0,,134,0,0,
2021Q2,,S08000025,,S12000023,,All Day cases,,2,,125,0,0,,123,0,0,
2021Q3,,S08000025,,S12000023,,All Day cases,,2,,136,0,0,,134,0,0,
2021Q4,,S08000025,,S12000023,,All Day cases,,2,,125,0,0,,125,0,0,
2022Q1,,S08000025,,S12000023,,All Day cases,,2,,120,0,0,,120,0,0,
2022Q2,,S08000025,,S12000023,,All Day cases,,2,,156,0,0,,155,0,0,
2022Q3,,S08000025,,S12000023,,All Day cases,,2,,126,0,0,,123,0,0,
2022Q4,p,S08000025,,S12000023,,All Day cases,,2,,111,0,0,,111,0,0,
2017Q4,,S08000025,,S12000023,,All Day cases,,3,,88,0,0,,88,0,0,
2018Q1,,S08000025,,S12000023,,All Day cases,,3,,127,0,0,,127,0,0,
2018Q2,,S08000025,,S12000023,,All Day cases,,3,,122,0,0,,120,0,0,
2018Q3,,S08000025,,S12000023,,All Day cases,,3,,117,0,0,,116,0,0,
2018Q4,,S08000025,,S12000023,,All Day cases,,3,,123,0,0,,121,0,0,
2019Q1,,S08000025,,S12000023,,All Day cases,,3,,118,0,0,,115,0,0,
2019Q2,,S08000025,,S12000023,,All Day cases,,3,,130,0,0,,127,0,0,
2019Q3,,S08000025,,S12000023,,All Day cases,,3,,155,0,0,,155,0,0,
2019Q4,,S08000025,,S12000023,,All Day cases,,3,,161,0,0,,159,0,0,
2020Q1,,S08000025,,S12000023,,All Day cases,,3,,143,0,0,,143,0,0,
2020Q2,,S08000025,,S12000023,,All Day cases,,3,,89,0,0,,89,0,0,
2020Q3,,S08000025,,S12000023,,All Day cases,,3,,113,0,0,,113,0,0,
2020Q4,,S08000025,,S12000023,,All Day cases,,3,,98,0,0,,98,0,0,
2021Q1,,S08000025,,S12000023,,All Day cases,,3,,126,0,0,,123,0,0,
2021Q2,,S08000025,,S12000023,,All Day cases,,3,,127,0,0,,122,0,0,
2021Q3,,S08000025,,S12000023,,All Day cases,,3,,158,0,0,,155,0,0,
2021Q4,,S08000025,,S12000023,,All Day cases,,3,,160,0,0,,159,0,0,
2022Q1,,S08000025,,S12000023,,All Day cases,,3,,158,0,0,,158,0,0,
2022Q2,,S08000025,,S12000023,,All Day cases,,3,,158,0,0,,158,0,0,
2022Q3,,S08000025,,S12000023,,All Day cases,,3,,125,0,0,,125,0,0,
2022Q4,p,S08000025,,S12000023,,All Day cases,,3,,129,0,0,,128,0,0,
2017Q4,,S08000025,,S12000023,,All Day cases,,4,,368,0,0,,365,0,0,
2018Q1,,S08000025,,S12000023,,All Day cases,,4,,386,0,0,,383,0,0,
2018Q2,,S08000025,,S12000023,,All Day cases,,4,,351,0,0,,349,0,0,
2018Q3,,S08000025,,S12000023,,All Day cases,,4,,369,0,0,,368,0,0,
2018Q4,,S08000025,,S12000023,,All Day cases,,4,,390,0,0,,386,0,0,
2019Q1,,S08000025,,S12000023,,All Day cases,,4,,405,0,0,,400,0,0,
2019Q2,,S08000025,,S12000023,,All Day cases,,4,,439,0,0,,436,0,0,
2019Q3,,S08000025,,S12000023,,All Day cases,,4,,542,0,0,,538,0,0,
2019Q4,,S08000025,,S12000023,,All Day cases,,4,,505,0,0,,500,0,0,
2020Q1,,S08000025,,S12000023,,All Day cases,,4,,465,0,0,,456,0,0,
2020Q2,,S08000025,,S12000023,,All Day cases,,4,,264,0,0,,260,0,0,
2020Q3,,S08000025,,S12000023,,All Day cases,,4,,412,0,0,,411,0,0,
2020Q4,,S08000025,,S12000023,,All Day cases,,4,,458,0,0,,457,0,0,
2021Q1,,S08000025,,S12000023,,All Day cases,,4,,402,0,0,,401,0,0,
2021Q2,,S08000025,,S12000023,,All Day cases,,4,,466,0,0,,457,0,0,
2021Q3,,S08000025,,S12000023,,All Day cases,,4,,468,0,0,,464,0,0,
2021Q4,,S08000025,,S12000023,,All Day cases,,4,,513,0,0,,510,0,0,
2022Q1,,S08000025,,S12000023,,All Day cases,,4,,545,0,0,,542,0,0,
2022Q2,,S08000025,,S12000023,,All Day cases,,4,,504,0,0,,503,0,0,
2022Q3,,S08000025,,S12000023,,All Day cases,,4,,477,0,0,,475,0,0,
2022Q4,p,S08000025,,S12000023,,All Day cases,,4,,488,0,0,,486,0,0,
2017Q4,,S08000026,,S08000026,d,All Day cases,,2,,42,0,0,,40,0,0,
2018Q1,,S08000026,,S08000026,d,All Day cases,,2,,33,0,0,,30,0,0,
2018Q2,,S08000026,,S08000026,d,All Day cases,,2,,36,0,0,,35,0,0,
2018Q3,,S08000026,,S08000026,d,All Day cases,,2,,34,0,0,,34,0,0,
2018Q4,,S08000026,,S08000026,d,All Day cases,,2,,41,0,0,,41,0,0,
2019Q1,,S08000026,,S08000026,d,All Day cases,,2,,37,0,0,,37,0,0,
2019Q2,,S08000026,,S08000026,d,All Day cases,,2,,46,0,0,,46,0,0,
2019Q3,,S08000026,,S08000026,d,All Day cases,,2,,34,0,0,,35,0,0,
2019Q4,,S08000026,,S08000026,d,All Day cases,,2,,33,0,0,,33,0,0,
2020Q1,,S08000026,,S08000026,d,All Day cases,,2,,42,0,0,,40,0,0,
2020Q2,,S08000026,,S08000026,d,All Day cases,,2,,5,0,0,,5,0,0,
2020Q3,,S08000026,,S08000026,d,All Day cases,,2,,15,0,0,,15,0,0,
2020Q4,,S08000026,,S08000026,d,All Day cases,,2,,23,0,0,,25,0,0,
2021Q1,,S08000026,,S08000026,d,All Day cases,,2,,27,0,0,,25,0,0,
2021Q2,,S08000026,,S08000026,d,All Day cases,,2,,31,0,0,,31,0,0,
2021Q3,,S08000026,,S08000026,d,All Day cases,,2,,32,0,0,,30,0,0,
2021Q4,,S08000026,,S08000026,d,All Day cases,,2,,31,0,0,,30,0,0,
2022Q1,,S08000026,,S08000026,d,All Day cases,,2,,35,0,0,,35,0,0,
2022Q2,,S08000026,,S08000026,d,All Day cases,,2,,26,0,0,,25,0,0,
2022Q3,,S08000026,,S08000026,d,All Day cases,,2,,26,0,0,,25,0,0,
2022Q4,p,S08000026,,S08000026,d,All Day cases,,2,,24,0,0,,25,0,0,
2017Q4,,S08000026,,S08000026,d,All Day cases,,3,,276,0,0,,274,0,0,
2018Q1,,S08000026,,S08000026,d,All Day cases,,3,,270,0,0,,267,0,0,
2018Q2,,S08000026,,S08000026,d,All Day cases,,3,,320,0,0,,318,0,0,
2018Q3,,S08000026,,S08000026,d,All Day cases,,3,,314,0,0,,311,0,0,
2018Q4,,S08000026,,S08000026,d,All Day cases,,3,,305,0,0,,305,0,0,
2019Q1,,S08000026,,S08000026,d,All Day cases,,3,,296,0,0,,295,0,0,
2019Q2,,S08000026,,S08000026,d,All Day cases,,3,,295,0,0,,292,0,0,
2019Q3,,S08000026,,S08000026,d,All Day cases,,3,,253,0,0,,252,0,0,
2019Q4,,S08000026,,S08000026,d,All Day cases,,3,,277,0,0,,276,0,0,
2020Q1,,S08000026,,S08000026,d,All Day cases,,3,,239,0,0,,237,0,0,
2020Q2,,S08000026,,S08000026,d,All Day cases,,3,,67,0,0,,67,0,0,
2020Q3,,S08000026,,S08000026,d,All Day cases,,3,,142,0,0,,140,0,0,
2020Q4,,S08000026,,S08000026,d,All Day cases,,3,,151,0,0,,148,0,0,
2021Q1,,S08000026,,S08000026,d,All Day cases,,3,,173,0,0,,173,0,0,
2021Q2,,S08000026,,S08000026,d,All Day cases,,3,,215,0,0,,212,0,0,
2021Q3,,S08000026,,S08000026,d,All Day cases,,3,,187,0,0,,183,0,0,
2021Q4,,S08000026,,S08000026,d,All Day cases,,3,,194,0,0,,192,0,0,
2022Q1,,S08000026,,S08000026,d,All Day cases,,3,,236,0,0,,235,0,0,
2022Q2,,S08000026,,S08000026,d,All Day cases,,3,,193,0,0,,192,0,0,
2022Q3,,S08000026,,S08000026,d,All Day cases,,3,,246,0,0,,244,0,0,
2022Q4,p,S08000026,,S08000026,d,All Day cases,,3,,215,0,0,,213,0,0,
2017Q4,,S08000026,,S08000026,d,All Day cases,,4,,356,0,0,,356,0,0,
2018Q1,,S08000026,,S08000026,d,All Day cases,,4,,298,0,0,,298,0,0,
2018Q2,,S08000026,,S08000026,d,All Day cases,,4,,364,0,0,,362,0,0,
2018Q3,,S08000026,,S08000026,d,All Day cases,,4,,326,0,0,,323,0,0,
2018Q4,,S08000026,,S08000026,d,All Day cases,,4,,314,0,0,,314,0,0,
2019Q1,,S08000026,,S08000026,d,All Day cases,,4,,351,0,0,,349,0,0,
2019Q2,,S08000026,,S08000026,d,All Day cases,,4,,341,0,0,,341,0,0,
2019Q3,,S08000026,,S08000026,d,All Day cases,,4,,310,0,0,,308,0,0,
2019Q4,,S08000026,,S08000026,d,All Day cases,,4,,370,0,0,,367,0,0,
2020Q1,,S08000026,,S08000026,d,All Day cases,,4,,326,0,0,,326,0,0,
2020Q2,,S08000026,,S08000026,d,All Day cases,,4,,87,0,0,,87,0,0,
2020Q3,,S08000026,,S08000026,d,All Day cases,,4,,184,0,0,,183,0,0,
2020Q4,,S08000026,,S08000026,d,All Day cases,,4,,204,0,0,,204,0,0,
2021Q1,,S08000026,,S08000026,d,All Day cases,,4,,242,0,0,,242,0,0,
2021Q2,,S08000026,,S08000026,d,All Day cases,,4,,280,0,0,,279,0,0,
2021Q3,,S08000026,,S08000026,d,All Day cases,,4,,199,0,0,,198,0,0,
2021Q4,,S08000026,,S08000026,d,All Day cases,,4,,271,0,0,,271,0,0,
2022Q1,,S08000026,,S08000026,d,All Day cases,,4,,313,0,0,,311,0,0,
2022Q2,,S08000026,,S08000026,d,All Day cases,,4,,275,0,0,,274,0,0,
2022Q3,,S08000026,,S08000026,d,All Day cases,,4,,302,0,0,,297,0,0,
2022Q4,p,S08000026,,S08000026,d,All Day cases,,4,,307,0,0,,304,0,0,
2017Q4,,S08000026,,S12000027,,All Day cases,,2,,42,0,0,,40,0,0,
2018Q1,,S08000026,,S12000027,,All Day cases,,2,,33,0,0,,30,0,0,
2018Q2,,S08000026,,S12000027,,All Day cases,,2,,36,0,0,,35,0,0,
2018Q3,,S08000026,,S12000027,,All Day cases,,2,,34,0,0,,34,0,0,
2018Q4,,S08000026,,S12000027,,All Day cases,,2,,41,0,0,,41,0,0,
2019Q1,,S08000026,,S12000027,,All Day cases,,2,,37,0,0,,37,0,0,
2019Q2,,S08000026,,S12000027,,All Day cases,,2,,46,0,0,,46,0,0,
2019Q3,,S08000026,,S12000027,,All Day cases,,2,,34,0,0,,35,0,0,
2019Q4,,S08000026,,S12000027,,All Day cases,,2,,33,0,0,,33,0,0,
2020Q1,,S08000026,,S12000027,,All Day cases,,2,,42,0,0,,40,0,0,
2020Q2,,S08000026,,S12000027,,All Day cases,,2,,5,0,0,,5,0,0,
2020Q3,,S08000026,,S12000027,,All Day cases,,2,,15,0,0,,15,0,0,
2020Q4,,S08000026,,S12000027,,All Day cases,,2,,23,0,0,,25,0,0,
2021Q1,,S08000026,,S12000027,,All Day cases,,2,,27,0,0,,25,0,0,
2021Q2,,S08000026,,S12000027,,All Day cases,,2,,31,0,0,,31,0,0,
2021Q3,,S08000026,,S12000027,,All Day cases,,2,,32,0,0,,30,0,0,
2021Q4,,S08000026,,S12000027,,All Day cases,,2,,31,0,0,,30,0,0,
2022Q1,,S08000026,,S12000027,,All Day cases,,2,,35,0,0,,35,0,0,
2022Q2,,S08000026,,S12000027,,All Day cases,,2,,26,0,0,,25,0,0,
2022Q3,,S08000026,,S12000027,,All Day cases,,2,,26,0,0,,25,0,0,
2022Q4,p,S08000026,,S12000027,,All Day cases,,2,,24,0,0,,25,0,0,
2017Q4,,S08000026,,S12000027,,All Day cases,,3,,276,0,0,,274,0,0,
2018Q1,,S08000026,,S12000027,,All Day cases,,3,,270,0,0,,267,0,0,
2018Q2,,S08000026,,S12000027,,All Day cases,,3,,320,0,0,,318,0,0,
2018Q3,,S08000026,,S12000027,,All Day cases,,3,,314,0,0,,311,0,0,
2018Q4,,S08000026,,S12000027,,All Day cases,,3,,305,0,0,,305,0,0,
2019Q1,,S08000026,,S12000027,,All Day cases,,3,,296,0,0,,295,0,0,
2019Q2,,S08000026,,S12000027,,All Day cases,,3,,295,0,0,,292,0,0,
2019Q3,,S08000026,,S12000027,,All Day cases,,3,,253,0,0,,252,0,0,
2019Q4,,S08000026,,S12000027,,All Day cases,,3,,277,0,0,,276,0,0,
2020Q1,,S08000026,,S12000027,,All Day cases,,3,,239,0,0,,237,0,0,
2020Q2,,S08000026,,S12000027,,All Day cases,,3,,67,0,0,,67,0,0,
2020Q3,,S08000026,,S12000027,,All Day cases,,3,,142,0,0,,140,0,0,
2020Q4,,S08000026,,S12000027,,All Day cases,,3,,151,0,0,,148,0,0,
2021Q1,,S08000026,,S12000027,,All Day cases,,3,,173,0,0,,173,0,0,
2021Q2,,S08000026,,S12000027,,All Day cases,,3,,215,0,0,,212,0,0,
2021Q3,,S08000026,,S12000027,,All Day cases,,3,,187,0,0,,183,0,0,
2021Q4,,S08000026,,S12000027,,All Day cases,,3,,194,0,0,,192,0,0,
2022Q1,,S08000026,,S12000027,,All Day cases,,3,,236,0,0,,235,0,0,
2022Q2,,S08000026,,S12000027,,All Day cases,,3,,193,0,0,,192,0,0,
2022Q3,,S08000026,,S12000027,,All Day cases,,3,,246,0,0,,244,0,0,
2022Q4,p,S08000026,,S12000027,,All Day cases,,3,,215,0,0,,213,0,0,
2017Q4,,S08000026,,S12000027,,All Day cases,,4,,356,0,0,,356,0,0,
2018Q1,,S08000026,,S12000027,,All Day cases,,4,,298,0,0,,298,0,0,
2018Q2,,S08000026,,S12000027,,All Day cases,,4,,364,0,0,,362,0,0,
2018Q3,,S08000026,,S12000027,,All Day cases,,4,,326,0,0,,323,0,0,
2018Q4,,S08000026,,S12000027,,All Day cases,,4,,314,0,0,,314,0,0,
2019Q1,,S08000026,,S12000027,,All Day cases,,4,,351,0,0,,349,0,0,
2019Q2,,S08000026,,S12000027,,All Day cases,,4,,341,0,0,,341,0,0,
2019Q3,,S08000026,,S12000027,,All Day cases,,4,,310,0,0,,308,0,0,
2019Q4,,S08000026,,S12000027,,All Day cases,,4,,370,0,0,,367,0,0,
2020Q1,,S08000026,,S12000027,,All Day cases,,4,,326,0,0,,326,0,0,
2020Q2,,S08000026,,S12000027,,All Day cases,,4,,87,0,0,,87,0,0,
2020Q3,,S08000026,,S12000027,,All Day cases,,4,,184,0,0,,183,0,0,
2020Q4,,S08000026,,S12000027,,All Day cases,,4,,204,0,0,,204,0,0,
2021Q1,,S08000026,,S12000027,,All Day cases,,4,,242,0,0,,242,0,0,
2021Q2,,S08000026,,S12000027,,All Day cases,,4,,280,0,0,,279,0,0,
2021Q3,,S08000026,,S12000027,,All Day cases,,4,,199,0,0,,198,0,0,
2021Q4,,S08000026,,S12000027,,All Day cases,,4,,271,0,0,,271,0,0,
2022Q1,,S08000026,,S12000027,,All Day cases,,4,,313,0,0,,311,0,0,
2022Q2,,S08000026,,S12000027,,All Day cases,,4,,275,0,0,,274,0,0,
2022Q3,,S08000026,,S12000027,,All Day cases,,4,,302,0,0,,297,0,0,
2022Q4,p,S08000026,,S12000027,,All Day cases,,4,,307,0,0,,304,0,0,
2017Q4,,S08000030,,S12000041,,All Day cases,,1,,55,0,0,,54,0,0,
2018Q1,,S08000030,,S12000041,,All Day cases,,1,,62,0,0,,62,0,0,
2018Q2,,S08000030,,S12000041,,All Day cases,,1,,70,0,0,,70,0,0,
2018Q3,,S08000030,,S12000041,,All Day cases,,1,,67,0,0,,67,0,0,
2018Q4,,S08000030,,S12000041,,All Day cases,,1,,65,0,0,,65,0,0,
2019Q1,,S08000030,,S12000041,,All Day cases,,1,,67,0,0,,67,0,0,
2019Q2,,S08000030,,S12000041,,All Day cases,,1,,81,0,0,,81,0,0,
2019Q3,,S08000030,,S12000041,,All Day cases,,1,,83,0,0,,83,0,0,
2019Q4,,S08000030,,S12000041,,All Day cases,,1,,74,0,0,,73,0,0,
2020Q1,,S08000030,,S12000041,,All Day cases,,1,,75,0,0,,74,0,0,
2020Q2,,S08000030,,S12000041,,All Day cases,,1,,5,0,0,,5,0,0,
2020Q3,,S08000030,,S12000041,,All Day cases,,1,,41,0,0,,41,0,0,
2020Q4,,S08000030,,S12000041,,All Day cases,,1,,41,0,0,,41,0,0,
2021Q1,,S08000030,,S12000041,,All Day cases,,1,,41,0,0,,41,0,0,
2021Q2,,S08000030,,S12000041,,All Day cases,,1,,78,0,0,,78,0,0,
2021Q3,,S08000030,,S12000041,,All Day cases,,1,,66,0,0,,63,0,0,
2021Q4,,S08000030,,S12000041,,All Day cases,,1,,58,0,0,,58,0,0,
2022Q1,,S08000030,,S12000041,,All Day cases,,1,,62,0,0,,61,0,0,
2022Q2,,S08000030,,S12000041,,All Day cases,,1,,56,0,0,,56,0,0,
2022Q3,,S08000030,,S12000041,,All Day cases,,1,,69,0,0,,67,0,0,
2022Q4,p,S08000030,,S12000041,,All Day cases,,1,,60,0,0,,60,0,0,
2017Q4,,S08000030,,S12000041,,All Day cases,,2,,181,0,0,,180,0,0,
2018Q1,,S08000030,,S12000041,,All Day cases,,2,,174,0,0,,175,0,0,
2018Q2,,S08000030,,S12000041,,All Day cases,,2,,232,0,0,,232,0,0,
2018Q3,,S08000030,,S12000041,,All Day cases,,2,,178,0,0,,175,0,0,
2018Q4,,S08000030,,S12000041,,All Day cases,,2,,163,0,0,,160,0,0,
2019Q1,,S08000030,,S12000041,,All Day cases,,2,,209,0,0,,207,0,0,
2019Q2,,S08000030,,S12000041,,All Day cases,,2,,196,0,0,,194,0,0,
2019Q3,,S08000030,,S12000041,,All Day cases,,2,,209,0,0,,208,0,0,
2019Q4,,S08000030,,S12000041,,All Day cases,,2,,190,0,0,,190,0,0,
2020Q1,,S08000030,,S12000041,,All Day cases,,2,,194,0,0,,193,0,0,
2020Q2,,S08000030,,S12000041,,All Day cases,,2,,16,0,0,,15,0,0,
2020Q3,,S08000030,,S12000041,,All Day cases,,2,,141,0,0,,139,0,0,
2020Q4,,S08000030,,S12000041,,All Day cases,,2,,167,0,0,,166,0,0,
2021Q1,,S08000030,,S12000041,,All Day cases,,2,,115,0,0,,113,0,0,
2021Q2,,S08000030,,S12000041,,All Day cases,,2,,161,0,0,,160,0,0,
2021Q3,,S08000030,,S12000041,,All Day cases,,2,,156,0,0,,155,0,0,
2021Q4,,S08000030,,S12000041,,All Day cases,,2,,195,0,0,,192,0,0,
2022Q1,,S08000030,,S12000041,,All Day cases,,2,,180,0,0,,178,0,0,
2022Q2,,S08000030,,S12000041,,All Day cases,,2,,188,0,0,,187,0,0,
2022Q3,,S08000030,,S12000041,,All Day cases,,2,,195,0,0,,194,0,0,
2022Q4,p,S08000030,,S12000041,,All Day cases,,2,,164,0,0,,159,0,0,
2017Q4,,S08000030,,S12000041,,All Day cases,,3,,287,0,0,,284,0,0,
2018Q1,,S08000030,,S12000041,,All Day cases,,3,,300,0,0,,299,0,0,
2018Q2,,S08000030,,S12000041,,All Day cases,,3,,299,0,0,,296,0,0,
2018Q3,,S08000030,,S12000041,,All Day cases,,3,,250,0,0,,249,0,0,
2018Q4,,S08000030,,S12000041,,All Day cases,,3,,287,0,0,,279,0,0,
2019Q1,,S08000030,,S12000041,,All Day cases,,3,,270,0,0,,268,0,0,
2019Q2,,S08000030,,S12000041,,All Day cases,,3,,313,0,0,,309,0,0,
2019Q3,,S08000030,,S12000041,,All Day cases,,3,,316,0,0,,314,0,0,
2019Q4,,S08000030,,S12000041,,All Day cases,,3,,262,0,0,,256,0,0,
2020Q1,,S08000030,,S12000041,,All Day cases,,3,,286,0,0,,285,0,0,
2020Q2,,S08000030,,S12000041,,All Day cases,,3,,46,0,0,,45,0,0,
2020Q3,,S08000030,,S12000041,,All Day cases,,3,,205,0,0,,205,0,0,
2020Q4,,S08000030,,S12000041,,All Day cases,,3,,246,0,0,,243,0,0,
2021Q1,,S08000030,,S12000041,,All Day cases,,3,,185,0,0,,184,0,0,
2021Q2,,S08000030,,S12000041,,All Day cases,,3,,264,0,0,,260,0,0,
2021Q3,,S08000030,,S12000041,,All Day cases,,3,,244,0,0,,239,0,0,
2021Q4,,S08000030,,S12000041,,All Day cases,,3,,275,0,0,,271,0,0,
2022Q1,,S08000030,,S12000041,,All Day cases,,3,,279,0,0,,277,0,0,
2022Q2,,S08000030,,S12000041,,All Day cases,,3,,267,0,0,,265,0,0,
2022Q3,,S08000030,,S12000041,,All Day cases,,3,,297,0,0,,295,0,0,
2022Q4,p,S08000030,,S12000041,,All Day cases,,3,,310,0,0,,305,0,0,
2017Q4,,S08000030,,S12000041,,All Day cases,,4,,257,0,0,,256,0,0,
2018Q1,,S08000030,,S12000041,,All Day cases,,4,,286,0,0,,285,0,0,
2018Q2,,S08000030,,S12000041,,All Day cases,,4,,290,0,0,,289,0,0,
2018Q3,,S08000030,,S12000041,,All Day cases,,4,,289,0,0,,287,0,0,
2018Q4,,S08000030,,S12000041,,All Day cases,,4,,278,0,0,,276,0,0,
2019Q1,,S08000030,,S12000041,,All Day cases,,4,,348,0,0,,345,0,0,
2019Q2,,S08000030,,S12000041,,All Day cases,,4,,350,0,0,,347,0,0,
2019Q3,,S08000030,,S12000041,,All Day cases,,4,,289,0,0,,289,0,0,
2019Q4,,S08000030,,S12000041,,All Day cases,,4,,306,0,0,,303,0,0,
2020Q1,,S08000030,,S12000041,,All Day cases,,4,,336,0,0,,333,0,0,
2020Q2,,S08000030,,S12000041,,All Day cases,,4,,47,0,0,,45,0,0,
2020Q3,,S08000030,,S12000041,,All Day cases,,4,,209,0,0,,209,0,0,
2020Q4,,S08000030,,S12000041,,All Day cases,,4,,228,0,0,,227,0,0,
2021Q1,,S08000030,,S12000041,,All Day cases,,4,,219,0,0,,214,0,0,
2021Q2,,S08000030,,S12000041,,All Day cases,,4,,256,0,0,,252,0,0,
2021Q3,,S08000030,,S12000041,,All Day cases,,4,,281,0,0,,277,0,0,
2021Q4,,S08000030,,S12000041,,All Day cases,,4,,274,0,0,,268,0,0,
2022Q1,,S08000030,,S12000041,,All Day cases,,4,,283,0,0,,282,0,0,
2022Q2,,S08000030,,S12000041,,All Day cases,,4,,306,0,0,,304,0,0,
2022Q3,,S08000030,,S12000041,,All Day cases,,4,,291,0,0,,291,0,0,
2022Q4,p,S08000030,,S12000041,,All Day cases,,4,,265,0,0,,262,0,0,
2017Q4,,S08000030,,S12000041,,All Day cases,,5,,112,0,0,,109,0,0,
2018Q1,,S08000030,,S12000041,,All Day cases,,5,,134,0,0,,134,0,0,
2018Q2,,S08000030,,S12000041,,All Day cases,,5,,125,0,0,,124,0,0,
2018Q3,,S08000030,,S12000041,,All Day cases,,5,,97,0,0,,97,0,0,
2018Q4,,S08000030,,S12000041,,All Day cases,,5,,101,0,0,,101,0,0,
2019Q1,,S08000030,,S12000041,,All Day cases,,5,,111,0,0,,110,0,0,
2019Q2,,S08000030,,S12000041,,All Day cases,,5,,138,0,0,,137,0,0,
2019Q3,,S08000030,,S12000041,,All Day cases,,5,,102,0,0,,100,0,0,
2019Q4,,S08000030,,S12000041,,All Day cases,,5,,114,0,0,,114,0,0,
2020Q1,,S08000030,,S12000041,,All Day cases,,5,,121,0,0,,121,0,0,
2020Q2,,S08000030,,S12000041,,All Day cases,,5,,22,0,0,,21,0,0,
2020Q3,,S08000030,,S12000041,,All Day cases,,5,,91,0,0,,91,0,0,
2020Q4,,S08000030,,S12000041,,All Day cases,,5,,99,0,0,,99,0,0,
2021Q1,,S08000030,,S12000041,,All Day cases,,5,,102,0,0,,101,0,0,
2021Q2,,S08000030,,S12000041,,All Day cases,,5,,100,0,0,,99,0,0,
2021Q3,,S08000030,,S12000041,,All Day cases,,5,,103,0,0,,99,0,0,
2021Q4,,S08000030,,S12000041,,All Day cases,,5,,138,0,0,,137,0,0,
2022Q1,,S08000030,,S12000041,,All Day cases,,5,,142,0,0,,140,0,0,
2022Q2,,S08000030,,S12000041,,All Day cases,,5,,143,0,0,,139,0,0,
2022Q3,,S08000030,,S12000041,,All Day cases,,5,,155,0,0,,152,0,0,
2022Q4,p,S08000030,,S12000041,,All Day cases,,5,,151,0,0,,149,0,0,
2017Q4,,S08000030,,S12000042,,All Day cases,,1,,301,0,0,,293,0,0,
2018Q1,,S08000030,,S12000042,,All Day cases,,1,,321,0,0,,316,0,0,
2018Q2,,S08000030,,S12000042,,All Day cases,,1,,404,0,0,,398,0,0,
2018Q3,,S08000030,,S12000042,,All Day cases,,1,,328,0,0,,324,0,0,
2018Q4,,S08000030,,S12000042,,All Day cases,,1,,325,0,0,,321,0,0,
2019Q1,,S08000030,,S12000042,,All Day cases,,1,,363,0,0,,359,0,0,
2019Q2,,S08000030,,S12000042,,All Day cases,,1,,412,0,0,,409,0,0,
2019Q3,,S08000030,,S12000042,,All Day cases,,1,,404,0,0,,399,0,0,
2019Q4,,S08000030,,S12000042,,All Day cases,,1,,339,0,0,,336,0,0,
2020Q1,,S08000030,,S12000042,,All Day cases,,1,,394,0,0,,390,0,0,
2020Q2,,S08000030,,S12000042,,All Day cases,,1,,57,0,0,,55,0,0,
2020Q3,,S08000030,,S12000042,,All Day cases,,1,,243,0,0,,241,0,0,
2020Q4,,S08000030,,S12000042,,All Day cases,,1,,278,0,0,,278,0,0,
2021Q1,,S08000030,,S12000042,,All Day cases,,1,,230,0,0,,229,0,0,
2021Q2,,S08000030,,S12000042,,All Day cases,,1,,330,0,0,,326,0,0,
2021Q3,,S08000030,,S12000042,,All Day cases,,1,,329,0,0,,324,0,0,
2021Q4,,S08000030,,S12000042,,All Day cases,,1,,301,0,0,,292,5,0.0171232876712329,
2022Q1,,S08000030,,S12000042,,All Day cases,,1,,357,0,0,,350,5,0.0142857142857143,
2022Q2,,S08000030,,S12000042,,All Day cases,,1,,367,0,0,,358,0,0,
2022Q3,,S08000030,,S12000042,,All Day cases,,1,,372,0,0,,368,0,0,
2022Q4,p,S08000030,,S12000042,,All Day cases,,1,,349,0,0,,344,0,0,
2017Q4,,S08000030,,S12000042,,All Day cases,,2,,199,0,0,,199,0,0,
2018Q1,,S08000030,,S12000042,,All Day cases,,2,,216,0,0,,213,0,0,
2018Q2,,S08000030,,S12000042,,All Day cases,,2,,225,0,0,,223,0,0,
2018Q3,,S08000030,,S12000042,,All Day cases,,2,,179,0,0,,177,0,0,
2018Q4,,S08000030,,S12000042,,All Day cases,,2,,181,0,0,,175,0,0,
2019Q1,,S08000030,,S12000042,,All Day cases,,2,,193,0,0,,189,0,0,
2019Q2,,S08000030,,S12000042,,All Day cases,,2,,228,0,0,,228,0,0,
2019Q3,,S08000030,,S12000042,,All Day cases,,2,,238,0,0,,235,0,0,
2019Q4,,S08000030,,S12000042,,All Day cases,,2,,209,0,0,,208,0,0,
2020Q1,,S08000030,,S12000042,,All Day cases,,2,,263,0,0,,263,0,0,
2020Q2,,S08000030,,S12000042,,All Day cases,,2,,44,0,0,,45,0,0,
2020Q3,,S08000030,,S12000042,,All Day cases,,2,,172,0,0,,169,0,0,
2020Q4,,S08000030,,S12000042,,All Day cases,,2,,171,0,0,,168,0,0,
2021Q1,,S08000030,,S12000042,,All Day cases,,2,,130,0,0,,130,0,0,
2021Q2,,S08000030,,S12000042,,All Day cases,,2,,166,0,0,,164,0,0,
2021Q3,,S08000030,,S12000042,,All Day cases,,2,,167,0,0,,165,0,0,
2021Q4,,S08000030,,S12000042,,All Day cases,,2,,184,0,0,,180,0,0,
2022Q1,,S08000030,,S12000042,,All Day cases,,2,,190,0,0,,189,0,0,
2022Q2,,S08000030,,S12000042,,All Day cases,,2,,208,0,0,,208,0,0,
2022Q3,,S08000030,,S12000042,,All Day cases,,2,,211,0,0,,211,0,0,
2022Q4,p,S08000030,,S12000042,,All Day cases,,2,,179,0,0,,174,0,0,
2017Q4,,S08000030,,S12000042,,All Day cases,,3,,92,0,0,,92,0,0,
2018Q1,,S08000030,,S12000042,,All Day cases,,3,,99,0,0,,97,0,0,
2018Q2,,S08000030,,S12000042,,All Day cases,,3,,118,0,0,,117,0,0,
2018Q3,,S08000030,,S12000042,,All Day cases,,3,,96,0,0,,94,0,0,
2018Q4,,S08000030,,S12000042,,All Day cases,,3,,90,0,0,,89,0,0,
2019Q1,,S08000030,,S12000042,,All Day cases,,3,,113,0,0,,112,0,0,
2019Q2,,S08000030,,S12000042,,All Day cases,,3,,86,0,0,,86,0,0,
2019Q3,,S08000030,,S12000042,,All Day cases,,3,,124,0,0,,124,0,0,
2019Q4,,S08000030,,S12000042,,All Day cases,,3,,96,0,0,,96,0,0,
2020Q1,,S08000030,,S12000042,,All Day cases,,3,,105,0,0,,103,0,0,
2020Q2,,S08000030,,S12000042,,All Day cases,,3,,12,0,0,,10,0,0,
2020Q3,,S08000030,,S12000042,,All Day cases,,3,,67,0,0,,66,0,0,
2020Q4,,S08000030,,S12000042,,All Day cases,,3,,79,0,0,,79,0,0,
2021Q1,,S08000030,,S12000042,,All Day cases,,3,,65,0,0,,65,0,0,
2021Q2,,S08000030,,S12000042,,All Day cases,,3,,78,0,0,,76,0,0,
2021Q3,,S08000030,,S12000042,,All Day cases,,3,,86,0,0,,86,0,0,
2021Q4,,S08000030,,S12000042,,All Day cases,,3,,101,0,0,,101,0,0,
2022Q1,,S08000030,,S12000042,,All Day cases,,3,,102,0,0,,102,0,0,
2022Q2,,S08000030,,S12000042,,All Day cases,,3,,100,0,0,,99,0,0,
2022Q3,,S08000030,,S12000042,,All Day cases,,3,,108,0,0,,104,0,0,
2022Q4,p,S08000030,,S12000042,,All Day cases,,3,,102,0,0,,102,0,0,
2017Q4,,S08000030,,S12000042,,All Day cases,,4,,135,0,0,,133,0,0,
2018Q1,,S08000030,,S12000042,,All Day cases,,4,,160,0,0,,155,0,0,
2018Q2,,S08000030,,S12000042,,All Day cases,,4,,169,0,0,,165,0,0,
2018Q3,,S08000030,,S12000042,,All Day cases,,4,,140,0,0,,139,0,0,
2018Q4,,S08000030,,S12000042,,All Day cases,,4,,110,0,0,,109,0,0,
2019Q1,,S08000030,,S12000042,,All Day cases,,4,,150,0,0,,149,0,0,
2019Q2,,S08000030,,S12000042,,All Day cases,,4,,181,0,0,,179,0,0,
2019Q3,,S08000030,,S12000042,,All Day cases,,4,,151,0,0,,150,0,0,
2019Q4,,S08000030,,S12000042,,All Day cases,,4,,150,0,0,,148,0,0,
2020Q1,,S08000030,,S12000042,,All Day cases,,4,,173,0,0,,168,0,0,
2020Q2,,S08000030,,S12000042,,All Day cases,,4,,26,0,0,,25,0,0,
2020Q3,,S08000030,,S12000042,,All Day cases,,4,,104,0,0,,103,0,0,
2020Q4,,S08000030,,S12000042,,All Day cases,,4,,131,0,0,,130,0,0,
2021Q1,,S08000030,,S12000042,,All Day cases,,4,,137,0,0,,135,0,0,
2021Q2,,S08000030,,S12000042,,All Day cases,,4,,138,0,0,,136,0,0,
2021Q3,,S08000030,,S12000042,,All Day cases,,4,,128,0,0,,127,0,0,
2021Q4,,S08000030,,S12000042,,All Day cases,,4,,131,0,0,,129,0,0,
2022Q1,,S08000030,,S12000042,,All Day cases,,4,,164,0,0,,161,0,0,
2022Q2,,S08000030,,S12000042,,All Day cases,,4,,156,0,0,,154,0,0,
2022Q3,,S08000030,,S12000042,,All Day cases,,4,,144,0,0,,141,0,0,
2022Q4,p,S08000030,,S12000042,,All Day cases,,4,,157,0,0,,156,0,0,
2017Q4,,S08000030,,S12000042,,All Day cases,,5,,178,0,0,,177,0,0,
2018Q1,,S08000030,,S12000042,,All Day cases,,5,,185,0,0,,185,0,0,
2018Q2,,S08000030,,S12000042,,All Day cases,,5,,222,0,0,,220,0,0,
2018Q3,,S08000030,,S12000042,,All Day cases,,5,,200,0,0,,197,0,0,
2018Q4,,S08000030,,S12000042,,All Day cases,,5,,175,0,0,,172,0,0,
2019Q1,,S08000030,,S12000042,,All Day cases,,5,,184,0,0,,182,0,0,
2019Q2,,S08000030,,S12000042,,All Day cases,,5,,199,0,0,,198,0,0,
2019Q3,,S08000030,,S12000042,,All Day cases,,5,,210,0,0,,210,0,0,
2019Q4,,S08000030,,S12000042,,All Day cases,,5,,186,0,0,,185,0,0,
2020Q1,,S08000030,,S12000042,,All Day cases,,5,,226,0,0,,225,0,0,
2020Q2,,S08000030,,S12000042,,All Day cases,,5,,42,0,0,,42,0,0,
2020Q3,,S08000030,,S12000042,,All Day cases,,5,,165,0,0,,164,0,0,
2020Q4,,S08000030,,S12000042,,All Day cases,,5,,194,0,0,,193,0,0,
2021Q1,,S08000030,,S12000042,,All Day cases,,5,,123,0,0,,122,0,0,
2021Q2,,S08000030,,S12000042,,All Day cases,,5,,162,0,0,,159,0,0,
2021Q3,,S08000030,,S12000042,,All Day cases,,5,,143,0,0,,142,0,0,
2021Q4,,S08000030,,S12000042,,All Day cases,,5,,179,0,0,,175,0,0,
2022Q1,,S08000030,,S12000042,,All Day cases,,5,,191,0,0,,191,0,0,
2022Q2,,S08000030,,S12000042,,All Day cases,,5,,206,0,0,,203,0,0,
2022Q3,,S08000030,,S12000042,,All Day cases,,5,,191,0,0,,191,0,0,
2022Q4,p,S08000030,,S12000042,,All Day cases,,5,,192,0,0,,189,0,0,
2017Q4,,S08000030,,S08000030,d,All Day cases,,1,,462,0,0,,452,0,0,
2018Q1,,S08000030,,S08000030,d,All Day cases,,1,,480,0,0,,470,0,0,
2018Q2,,S08000030,,S08000030,d,All Day cases,,1,,536,0,0,,530,0,0,
2018Q3,,S08000030,,S08000030,d,All Day cases,,1,,466,0,0,,460,0,0,
2018Q4,,S08000030,,S08000030,d,All Day cases,,1,,461,0,0,,456,0,0,
2019Q1,,S08000030,,S08000030,d,All Day cases,,1,,493,0,0,,486,0,0,
2019Q2,,S08000030,,S08000030,d,All Day cases,,1,,550,0,0,,547,0,0,
2019Q3,,S08000030,,S08000030,d,All Day cases,,1,,557,0,0,,551,0,0,
2019Q4,,S08000030,,S08000030,d,All Day cases,,1,,490,0,0,,486,0,0,
2020Q1,,S08000030,,S08000030,d,All Day cases,,1,,532,0,0,,525,0,0,
2020Q2,,S08000030,,S08000030,d,All Day cases,,1,,75,0,0,,72,0,0,
2020Q3,,S08000030,,S08000030,d,All Day cases,,1,,320,0,0,,317,0,0,
2020Q4,,S08000030,,S08000030,d,All Day cases,,1,,368,0,0,,366,0,0,
2021Q1,,S08000030,,S08000030,d,All Day cases,,1,,307,0,0,,305,0,0,
2021Q2,,S08000030,,S08000030,d,All Day cases,,1,,470,0,0,,465,0,0,
2021Q3,,S08000030,,S08000030,d,All Day cases,,1,,436,0,0,,427,0,0,
2021Q4,,S08000030,,S08000030,d,All Day cases,,1,,414,0,0,,404,5,0.0123762376237624,
2022Q1,,S08000030,,S08000030,d,All Day cases,,1,,466,0,0,,458,5,0.0109170305676856,
2022Q2,,S08000030,,S08000030,d,All Day cases,,1,,480,0,0,,471,0,0,
2022Q3,,S08000030,,S08000030,d,All Day cases,,1,,506,0,0,,499,0,0,
2022Q4,p,S08000030,,S08000030,d,All Day cases,,1,,470,0,0,,464,0,0,
2017Q4,,S08000030,,S08000030,d,All Day cases,,2,,483,0,0,,481,0,0,
2018Q1,,S08000030,,S08000030,d,All Day cases,,2,,499,0,0,,493,0,0,
2018Q2,,S08000030,,S08000030,d,All Day cases,,2,,579,0,0,,577,0,0,
2018Q3,,S08000030,,S08000030,d,All Day cases,,2,,450,0,0,,444,0,0,
2018Q4,,S08000030,,S08000030,d,All Day cases,,2,,454,0,0,,445,0,0,
2019Q1,,S08000030,,S08000030,d,All Day cases,,2,,530,0,0,,522,0,0,
2019Q2,,S08000030,,S08000030,d,All Day cases,,2,,558,0,0,,555,0,0,
2019Q3,,S08000030,,S08000030,d,All Day cases,,2,,577,0,0,,572,0,0,
2019Q4,,S08000030,,S08000030,d,All Day cases,,2,,535,0,0,,533,0,0,
2020Q1,,S08000030,,S08000030,d,All Day cases,,2,,594,0,0,,593,0,0,
2020Q2,,S08000030,,S08000030,d,All Day cases,,2,,96,0,0,,94,0,0,
2020Q3,,S08000030,,S08000030,d,All Day cases,,2,,408,0,0,,403,0,0,
2020Q4,,S08000030,,S08000030,d,All Day cases,,2,,431,0,0,,425,0,0,
2021Q1,,S08000030,,S08000030,d,All Day cases,,2,,337,0,0,,334,0,0,
2021Q2,,S08000030,,S08000030,d,All Day cases,,2,,446,0,0,,442,0,0,
2021Q3,,S08000030,,S08000030,d,All Day cases,,2,,432,0,0,,427,0,0,
2021Q4,,S08000030,,S08000030,d,All Day cases,,2,,498,0,0,,490,0,0,
2022Q1,,S08000030,,S08000030,d,All Day cases,,2,,489,0,0,,482,5,0.0103734439834025,
2022Q2,,S08000030,,S08000030,d,All Day cases,,2,,503,0,0,,500,0,0,
2022Q3,,S08000030,,S08000030,d,All Day cases,,2,,536,0,0,,531,0,0,
2022Q4,p,S08000030,,S08000030,d,All Day cases,,2,,461,0,0,,451,0,0,
2017Q4,,S08000030,,S08000030,d,All Day cases,,3,,583,0,0,,578,0,0,
2018Q1,,S08000030,,S08000030,d,All Day cases,,3,,627,0,0,,621,0,0,
2018Q2,,S08000030,,S08000030,d,All Day cases,,3,,674,0,0,,669,0,0,
2018Q3,,S08000030,,S08000030,d,All Day cases,,3,,573,0,0,,564,0,0,
2018Q4,,S08000030,,S08000030,d,All Day cases,,3,,616,0,0,,600,0,0,
2019Q1,,S08000030,,S08000030,d,All Day cases,,3,,623,0,0,,615,0,0,
2019Q2,,S08000030,,S08000030,d,All Day cases,,3,,666,0,0,,658,0,0,
2019Q3,,S08000030,,S08000030,d,All Day cases,,3,,730,0,0,,725,0,0,
2019Q4,,S08000030,,S08000030,d,All Day cases,,3,,620,0,0,,611,0,0,
2020Q1,,S08000030,,S08000030,d,All Day cases,,3,,686,0,0,,678,0,0,
2020Q2,,S08000030,,S08000030,d,All Day cases,,3,,123,0,0,,123,0,0,
2020Q3,,S08000030,,S08000030,d,All Day cases,,3,,479,0,0,,477,0,0,
2020Q4,,S08000030,,S08000030,d,All Day cases,,3,,540,0,0,,534,0,0,
2021Q1,,S08000030,,S08000030,d,All Day cases,,3,,416,0,0,,415,0,0,
2021Q2,,S08000030,,S08000030,d,All Day cases,,3,,552,0,0,,544,0,0,
2021Q3,,S08000030,,S08000030,d,All Day cases,,3,,528,0,0,,519,0,0,
2021Q4,,S08000030,,S08000030,d,All Day cases,,3,,593,0,0,,585,0,0,
2022Q1,,S08000030,,S08000030,d,All Day cases,,3,,666,0,0,,660,0,0,
2022Q2,,S08000030,,S08000030,d,All Day cases,,3,,648,0,0,,640,0,0,
2022Q3,,S08000030,,S08000030,d,All Day cases,,3,,695,0,0,,685,0,0,
2022Q4,p,S08000030,,S08000030,d,All Day cases,,3,,677,0,0,,668,0,0,
2017Q4,,S08000030,,S08000030,d,All Day cases,,4,,763,0,0,,752,0,0,
2018Q1,,S08000030,,S08000030,d,All Day cases,,4,,820,0,0,,808,0,0,
2018Q2,,S08000030,,S08000030,d,All Day cases,,4,,846,0,0,,837,0,0,
2018Q3,,S08000030,,S08000030,d,All Day cases,,4,,755,0,0,,750,0,0,
2018Q4,,S08000030,,S08000030,d,All Day cases,,4,,800,0,0,,791,0,0,
2019Q1,,S08000030,,S08000030,d,All Day cases,,4,,889,0,0,,876,0,0,
2019Q2,,S08000030,,S08000030,d,All Day cases,,4,,976,0,0,,961,0,0,
2019Q3,,S08000030,,S08000030,d,All Day cases,,4,,831,0,0,,825,0,0,
2019Q4,,S08000030,,S08000030,d,All Day cases,,4,,874,0,0,,867,0,0,
2020Q1,,S08000030,,S08000030,d,All Day cases,,4,,999,0,0,,979,0,0,
2020Q2,,S08000030,,S08000030,d,All Day cases,,4,,175,0,0,,169,0,0,
2020Q3,,S08000030,,S08000030,d,All Day cases,,4,,630,0,0,,628,0,0,
2020Q4,,S08000030,,S08000030,d,All Day cases,,4,,738,0,0,,732,0,0,
2021Q1,,S08000030,,S08000030,d,All Day cases,,4,,683,0,0,,672,0,0,
2021Q2,,S08000030,,S08000030,d,All Day cases,,4,,772,0,0,,765,0,0,
2021Q3,,S08000030,,S08000030,d,All Day cases,,4,,748,0,0,,737,0,0,
2021Q4,,S08000030,,S08000030,d,All Day cases,,4,,789,0,0,,778,0,0,
2022Q1,,S08000030,,S08000030,d,All Day cases,,4,,851,0,0,,841,0,0,
2022Q2,,S08000030,,S08000030,d,All Day cases,,4,,877,0,0,,863,0,0,
2022Q3,,S08000030,,S08000030,d,All Day cases,,4,,886,0,0,,876,0,0,
2022Q4,p,S08000030,,S08000030,d,All Day cases,,4,,842,0,0,,835,0,0,
2017Q4,,S08000030,,S08000030,d,All Day cases,,5,,558,0,0,,552,0,0,
2018Q1,,S08000030,,S08000030,d,All Day cases,,5,,577,0,0,,573,0,0,
2018Q2,,S08000030,,S08000030,d,All Day cases,,5,,607,0,0,,601,0,0,
2018Q3,,S08000030,,S08000030,d,All Day cases,,5,,498,0,0,,490,0,0,
2018Q4,,S08000030,,S08000030,d,All Day cases,,5,,508,0,0,,501,0,0,
2019Q1,,S08000030,,S08000030,d,All Day cases,,5,,548,0,0,,542,0,0,
2019Q2,,S08000030,,S08000030,d,All Day cases,,5,,608,0,0,,602,0,0,
2019Q3,,S08000030,,S08000030,d,All Day cases,,5,,589,0,0,,582,0,0,
2019Q4,,S08000030,,S08000030,d,All Day cases,,5,,610,0,0,,602,0,0,
2020Q1,,S08000030,,S08000030,d,All Day cases,,5,,649,0,0,,642,0,0,
2020Q2,,S08000030,,S08000030,d,All Day cases,,5,,131,0,0,,129,0,0,
2020Q3,,S08000030,,S08000030,d,All Day cases,,5,,512,0,0,,504,0,0,
2020Q4,,S08000030,,S08000030,d,All Day cases,,5,,567,0,0,,563,0,0,
2021Q1,,S08000030,,S08000030,d,All Day cases,,5,,456,0,0,,450,0,0,
2021Q2,,S08000030,,S08000030,d,All Day cases,,5,,524,0,0,,518,0,0,
2021Q3,,S08000030,,S08000030,d,All Day cases,,5,,482,0,0,,475,0,0,
2021Q4,,S08000030,,S08000030,d,All Day cases,,5,,577,0,0,,571,0,0,
2022Q1,,S08000030,,S08000030,d,All Day cases,,5,,601,0,0,,596,0,0,
2022Q2,,S08000030,,S08000030,d,All Day cases,,5,,600,0,0,,590,0,0,
2022Q3,,S08000030,,S08000030,d,All Day cases,,5,,609,0,0,,602,0,0,
2022Q4,p,S08000030,,S08000030,d,All Day cases,,5,,632,0,0,,627,0,0,
2017Q4,,S08000030,,S12000048,,All Day cases,,1,,106,0,0,,105,0,0,
2018Q1,,S08000030,,S12000048,,All Day cases,,1,,97,0,0,,92,0,0,
2018Q2,,S08000030,,S12000048,,All Day cases,,1,,62,0,0,,62,0,0,
2018Q3,,S08000030,,S12000048,,All Day cases,,1,,71,0,0,,69,0,0,
2018Q4,,S08000030,,S12000048,,All Day cases,,1,,71,0,0,,70,0,0,
2019Q1,,S08000030,,S12000048,,All Day cases,,1,,63,0,0,,60,0,0,
2019Q2,,S08000030,,S12000048,,All Day cases,,1,,57,0,0,,57,0,0,
2019Q3,,S08000030,,S12000048,,All Day cases,,1,,70,0,0,,69,0,0,
2019Q4,,S08000030,,S12000048,,All Day cases,,1,,77,0,0,,77,0,0,
2020Q1,,S08000030,,S12000048,,All Day cases,,1,,63,0,0,,61,0,0,
2020Q2,,S08000030,,S12000048,,All Day cases,,1,,10,0,0,,10,0,0,
2020Q3,,S08000030,,S12000048,,All Day cases,,1,,36,0,0,,35,0,0,
2020Q4,,S08000030,,S12000048,,All Day cases,,1,,49,0,0,,47,0,0,
2021Q1,,S08000030,,S12000048,,All Day cases,,1,,36,0,0,,35,0,0,
2021Q2,,S08000030,,S12000048,,All Day cases,,1,,62,0,0,,61,0,0,
2021Q3,,S08000030,,S12000048,,All Day cases,,1,,41,0,0,,40,0,0,
2021Q4,,S08000030,,S12000048,,All Day cases,,1,,55,0,0,,54,0,0,
2022Q1,,S08000030,,S12000048,,All Day cases,,1,,47,0,0,,47,0,0,
2022Q2,,S08000030,,S12000048,,All Day cases,,1,,57,0,0,,57,0,0,
2022Q3,,S08000030,,S12000048,,All Day cases,,1,,65,0,0,,64,0,0,
2022Q4,p,S08000030,,S12000048,,All Day cases,,1,,61,0,0,,60,0,0,
2017Q4,,S08000030,,S12000048,,All Day cases,,2,,103,0,0,,100,0,0,
2018Q1,,S08000030,,S12000048,,All Day cases,,2,,109,0,0,,105,0,0,
2018Q2,,S08000030,,S12000048,,All Day cases,,2,,122,0,0,,122,0,0,
2018Q3,,S08000030,,S12000048,,All Day cases,,2,,93,0,0,,90,0,0,
2018Q4,,S08000030,,S12000048,,All Day cases,,2,,110,0,0,,110,0,0,
2019Q1,,S08000030,,S12000048,,All Day cases,,2,,128,0,0,,126,0,0,
2019Q2,,S08000030,,S12000048,,All Day cases,,2,,134,0,0,,133,0,0,
2019Q3,,S08000030,,S12000048,,All Day cases,,2,,130,0,0,,129,0,0,
2019Q4,,S08000030,,S12000048,,All Day cases,,2,,136,0,0,,135,0,0,
2020Q1,,S08000030,,S12000048,,All Day cases,,2,,137,0,0,,137,0,0,
2020Q2,,S08000030,,S12000048,,All Day cases,,2,,36,0,0,,35,0,0,
2020Q3,,S08000030,,S12000048,,All Day cases,,2,,95,0,0,,95,0,0,
2020Q4,,S08000030,,S12000048,,All Day cases,,2,,93,0,0,,91,0,0,
2021Q1,,S08000030,,S12000048,,All Day cases,,2,,92,0,0,,91,0,0,
2021Q2,,S08000030,,S12000048,,All Day cases,,2,,119,0,0,,118,0,0,
2021Q3,,S08000030,,S12000048,,All Day cases,,2,,109,0,0,,107,0,0,
2021Q4,,S08000030,,S12000048,,All Day cases,,2,,119,0,0,,118,0,0,
2022Q1,,S08000030,,S12000048,,All Day cases,,2,,119,0,0,,115,5,0.0434782608695652,
2022Q2,,S08000030,,S12000048,,All Day cases,,2,,107,0,0,,105,0,0,
2022Q3,,S08000030,,S12000048,,All Day cases,,2,,130,0,0,,126,0,0,
2022Q4,p,S08000030,,S12000048,,All Day cases,,2,,118,0,0,,118,0,0,
2017Q4,,S08000030,,S12000048,,All Day cases,,3,,204,0,0,,200,0,0,
2018Q1,,S08000030,,S12000048,,All Day cases,,3,,228,0,0,,225,0,0,
2018Q2,,S08000030,,S12000048,,All Day cases,,3,,257,0,0,,256,0,0,
2018Q3,,S08000030,,S12000048,,All Day cases,,3,,227,0,0,,221,0,0,
2018Q4,,S08000030,,S12000048,,All Day cases,,3,,239,0,0,,232,0,0,
2019Q1,,S08000030,,S12000048,,All Day cases,,3,,240,0,0,,235,0,0,
2019Q2,,S08000030,,S12000048,,All Day cases,,3,,267,0,0,,263,0,0,
2019Q3,,S08000030,,S12000048,,All Day cases,,3,,290,0,0,,287,0,0,
2019Q4,,S08000030,,S12000048,,All Day cases,,3,,262,0,0,,259,0,0,
2020Q1,,S08000030,,S12000048,,All Day cases,,3,,295,0,0,,290,0,0,
2020Q2,,S08000030,,S12000048,,All Day cases,,3,,65,0,0,,65,0,0,
2020Q3,,S08000030,,S12000048,,All Day cases,,3,,207,0,0,,206,0,0,
2020Q4,,S08000030,,S12000048,,All Day cases,,3,,215,0,0,,212,0,0,
2021Q1,,S08000030,,S12000048,,All Day cases,,3,,166,0,0,,166,0,0,
2021Q2,,S08000030,,S12000048,,All Day cases,,3,,210,0,0,,208,0,0,
2021Q3,,S08000030,,S12000048,,All Day cases,,3,,198,0,0,,194,0,0,
2021Q4,,S08000030,,S12000048,,All Day cases,,3,,217,0,0,,213,0,0,
2022Q1,,S08000030,,S12000048,,All Day cases,,3,,285,0,0,,281,0,0,
2022Q2,,S08000030,,S12000048,,All Day cases,,3,,281,0,0,,276,0,0,
2022Q3,,S08000030,,S12000048,,All Day cases,,3,,290,0,0,,286,0,0,
2022Q4,p,S08000030,,S12000048,,All Day cases,,3,,265,0,0,,261,0,0,
2017Q4,,S08000030,,S12000048,,All Day cases,,4,,371,0,0,,363,0,0,
2018Q1,,S08000030,,S12000048,,All Day cases,,4,,374,0,0,,368,0,0,
2018Q2,,S08000030,,S12000048,,All Day cases,,4,,387,0,0,,383,0,0,
2018Q3,,S08000030,,S12000048,,All Day cases,,4,,326,0,0,,324,0,0,
2018Q4,,S08000030,,S12000048,,All Day cases,,4,,412,0,0,,406,0,0,
2019Q1,,S08000030,,S12000048,,All Day cases,,4,,391,0,0,,382,0,0,
2019Q2,,S08000030,,S12000048,,All Day cases,,4,,445,0,0,,435,0,0,
2019Q3,,S08000030,,S12000048,,All Day cases,,4,,391,0,0,,386,0,0,
2019Q4,,S08000030,,S12000048,,All Day cases,,4,,418,0,0,,416,0,0,
2020Q1,,S08000030,,S12000048,,All Day cases,,4,,490,0,0,,478,0,0,
2020Q2,,S08000030,,S12000048,,All Day cases,,4,,102,0,0,,100,0,0,
2020Q3,,S08000030,,S12000048,,All Day cases,,4,,317,0,0,,316,0,0,
2020Q4,,S08000030,,S12000048,,All Day cases,,4,,379,0,0,,375,0,0,
2021Q1,,S08000030,,S12000048,,All Day cases,,4,,327,0,0,,323,0,0,
2021Q2,,S08000030,,S12000048,,All Day cases,,4,,378,0,0,,377,0,0,
2021Q3,,S08000030,,S12000048,,All Day cases,,4,,339,0,0,,333,0,0,
2021Q4,,S08000030,,S12000048,,All Day cases,,4,,384,0,0,,381,0,0,
2022Q1,,S08000030,,S12000048,,All Day cases,,4,,404,0,0,,398,0,0,
2022Q2,,S08000030,,S12000048,,All Day cases,,4,,415,0,0,,405,0,0,
2022Q3,,S08000030,,S12000048,,All Day cases,,4,,451,0,0,,444,0,0,
2022Q4,p,S08000030,,S12000048,,All Day cases,,4,,420,0,0,,417,0,0,
2017Q4,,S08000030,,S12000048,,All Day cases,,5,,268,0,0,,266,0,0,
2018Q1,,S08000030,,S12000048,,All Day cases,,5,,258,0,0,,254,0,0,
2018Q2,,S08000030,,S12000048,,All Day cases,,5,,260,0,0,,257,0,0,
2018Q3,,S08000030,,S12000048,,All Day cases,,5,,201,0,0,,196,0,0,
2018Q4,,S08000030,,S12000048,,All Day cases,,5,,232,0,0,,228,0,0,
2019Q1,,S08000030,,S12000048,,All Day cases,,5,,253,0,0,,250,0,0,
2019Q2,,S08000030,,S12000048,,All Day cases,,5,,271,0,0,,267,0,0,
2019Q3,,S08000030,,S12000048,,All Day cases,,5,,277,0,0,,272,0,0,
2019Q4,,S08000030,,S12000048,,All Day cases,,5,,310,0,0,,303,0,0,
2020Q1,,S08000030,,S12000048,,All Day cases,,5,,302,0,0,,296,0,0,
2020Q2,,S08000030,,S12000048,,All Day cases,,5,,67,0,0,,66,0,0,
2020Q3,,S08000030,,S12000048,,All Day cases,,5,,256,0,0,,249,0,0,
2020Q4,,S08000030,,S12000048,,All Day cases,,5,,274,0,0,,271,0,0,
2021Q1,,S08000030,,S12000048,,All Day cases,,5,,231,0,0,,227,0,0,
2021Q2,,S08000030,,S12000048,,All Day cases,,5,,262,0,0,,260,0,0,
2021Q3,,S08000030,,S12000048,,All Day cases,,5,,236,0,0,,234,0,0,
2021Q4,,S08000030,,S12000048,,All Day cases,,5,,260,0,0,,259,0,0,
2022Q1,,S08000030,,S12000048,,All Day cases,,5,,268,0,0,,265,0,0,
2022Q2,,S08000030,,S12000048,,All Day cases,,5,,251,0,0,,248,0,0,
2022Q3,,S08000030,,S12000048,,All Day cases,,5,,263,0,0,,259,0,0,
2022Q4,p,S08000030,,S12000048,,All Day cases,,5,,289,0,0,,289,0,0,
2017Q4,,S08000028,,S08000028,d,All Day cases,,2,,115,0,0,,115,0,0,
2018Q1,,S08000028,,S08000028,d,All Day cases,,2,,113,0,0,,110,0,0,
2018Q2,,S08000028,,S08000028,d,All Day cases,,2,,104,0,0,,104,0,0,
2018Q3,,S08000028,,S08000028,d,All Day cases,,2,,84,0,0,,83,0,0,
2018Q4,,S08000028,,S08000028,d,All Day cases,,2,,89,0,0,,87,0,0,
2019Q1,,S08000028,,S08000028,d,All Day cases,,2,,99,0,0,,99,0,0,
2019Q2,,S08000028,,S08000028,d,All Day cases,,2,,122,0,0,,121,0,0,
2019Q3,,S08000028,,S08000028,d,All Day cases,,2,,132,0,0,,131,0,0,
2019Q4,,S08000028,,S08000028,d,All Day cases,,2,,104,0,0,,101,0,0,
2020Q1,,S08000028,,S08000028,d,All Day cases,,2,,108,0,0,,108,0,0,
2020Q2,,S08000028,,S08000028,d,All Day cases,,2,,25,0,0,,25,0,0,
2020Q3,,S08000028,,S08000028,d,All Day cases,,2,,61,0,0,,60,0,0,
2020Q4,,S08000028,,S08000028,d,All Day cases,,2,,73,0,0,,75,0,0,
2021Q1,,S08000028,,S08000028,d,All Day cases,,2,,52,0,0,,50,0,0,
2021Q2,,S08000028,,S08000028,d,All Day cases,,2,,82,0,0,,81,0,0,
2021Q3,,S08000028,,S08000028,d,All Day cases,,2,,84,0,0,,80,0,0,
2021Q4,,S08000028,,S08000028,d,All Day cases,,2,,65,0,0,,65,0,0,
2022Q1,,S08000028,,S08000028,d,All Day cases,,2,,89,0,0,,89,0,0,
2022Q2,,S08000028,,S08000028,d,All Day cases,,2,,68,0,0,,65,0,0,
2022Q3,,S08000028,,S08000028,d,All Day cases,,2,,100,0,0,,100,0,0,
2022Q4,p,S08000028,,S08000028,d,All Day cases,,2,,90,0,0,,90,0,0,
2017Q4,,S08000028,,S08000028,d,All Day cases,,3,,590,0,0,,589,0,0,
2018Q1,,S08000028,,S08000028,d,All Day cases,,3,,589,0,0,,584,0,0,
2018Q2,,S08000028,,S08000028,d,All Day cases,,3,,626,0,0,,619,0,0,
2018Q3,,S08000028,,S08000028,d,All Day cases,,3,,502,0,0,,498,0,0,
2018Q4,,S08000028,,S08000028,d,All Day cases,,3,,514,0,0,,512,0,0,
2019Q1,,S08000028,,S08000028,d,All Day cases,,3,,523,0,0,,522,0,0,
2019Q2,,S08000028,,S08000028,d,All Day cases,,3,,670,0,0,,664,0,0,
2019Q3,,S08000028,,S08000028,d,All Day cases,,3,,602,0,0,,597,0,0,
2019Q4,,S08000028,,S08000028,d,All Day cases,,3,,659,0,0,,650,0,0,
2020Q1,,S08000028,,S08000028,d,All Day cases,,3,,582,0,0,,578,0,0,
2020Q2,,S08000028,,S08000028,d,All Day cases,,3,,144,0,0,,143,0,0,
2020Q3,,S08000028,,S08000028,d,All Day cases,,3,,411,0,0,,407,0,0,
2020Q4,,S08000028,,S08000028,d,All Day cases,,3,,506,0,0,,501,0,0,
2021Q1,,S08000028,,S08000028,d,All Day cases,,3,,379,0,0,,375,0,0,
2021Q2,,S08000028,,S08000028,d,All Day cases,,3,,457,0,0,,455,0,0,
2021Q3,,S08000028,,S08000028,d,All Day cases,,3,,455,0,0,,445,0,0,
2021Q4,,S08000028,,S08000028,d,All Day cases,,3,,475,0,0,,467,0,0,
2022Q1,,S08000028,,S08000028,d,All Day cases,,3,,457,0,0,,450,0,0,
2022Q2,,S08000028,,S08000028,d,All Day cases,,3,,387,0,0,,377,0,0,
2022Q3,,S08000028,,S08000028,d,All Day cases,,3,,532,0,0,,525,0,0,
2022Q4,p,S08000028,,S08000028,d,All Day cases,,3,,536,0,0,,530,0,0,
2017Q4,,S08000028,,S12000013,,All Day cases,,2,,115,0,0,,115,0,0,
2018Q1,,S08000028,,S12000013,,All Day cases,,2,,113,0,0,,110,0,0,
2018Q2,,S08000028,,S12000013,,All Day cases,,2,,104,0,0,,104,0,0,
2018Q3,,S08000028,,S12000013,,All Day cases,,2,,84,0,0,,83,0,0,
2018Q4,,S08000028,,S12000013,,All Day cases,,2,,89,0,0,,87,0,0,
2019Q1,,S08000028,,S12000013,,All Day cases,,2,,99,0,0,,99,0,0,
2019Q2,,S08000028,,S12000013,,All Day cases,,2,,122,0,0,,121,0,0,
2019Q3,,S08000028,,S12000013,,All Day cases,,2,,132,0,0,,131,0,0,
2019Q4,,S08000028,,S12000013,,All Day cases,,2,,104,0,0,,101,0,0,
2020Q1,,S08000028,,S12000013,,All Day cases,,2,,108,0,0,,108,0,0,
2020Q2,,S08000028,,S12000013,,All Day cases,,2,,25,0,0,,25,0,0,
2020Q3,,S08000028,,S12000013,,All Day cases,,2,,61,0,0,,60,0,0,
2020Q4,,S08000028,,S12000013,,All Day cases,,2,,73,0,0,,75,0,0,
2021Q1,,S08000028,,S12000013,,All Day cases,,2,,52,0,0,,50,0,0,
2021Q2,,S08000028,,S12000013,,All Day cases,,2,,82,0,0,,81,0,0,
2021Q3,,S08000028,,S12000013,,All Day cases,,2,,84,0,0,,80,0,0,
2021Q4,,S08000028,,S12000013,,All Day cases,,2,,65,0,0,,65,0,0,
2022Q1,,S08000028,,S12000013,,All Day cases,,2,,89,0,0,,89,0,0,
2022Q2,,S08000028,,S12000013,,All Day cases,,2,,68,0,0,,65,0,0,
2022Q3,,S08000028,,S12000013,,All Day cases,,2,,100,0,0,,100,0,0,
2022Q4,p,S08000028,,S12000013,,All Day cases,,2,,90,0,0,,90,0,0,
2017Q4,,S08000028,,S12000013,,All Day cases,,3,,590,0,0,,589,0,0,
2018Q1,,S08000028,,S12000013,,All Day cases,,3,,589,0,0,,584,0,0,
2018Q2,,S08000028,,S12000013,,All Day cases,,3,,626,0,0,,619,0,0,
2018Q3,,S08000028,,S12000013,,All Day cases,,3,,502,0,0,,498,0,0,
2018Q4,,S08000028,,S12000013,,All Day cases,,3,,514,0,0,,512,0,0,
2019Q1,,S08000028,,S12000013,,All Day cases,,3,,523,0,0,,522,0,0,
2019Q2,,S08000028,,S12000013,,All Day cases,,3,,670,0,0,,664,0,0,
2019Q3,,S08000028,,S12000013,,All Day cases,,3,,602,0,0,,597,0,0,
2019Q4,,S08000028,,S12000013,,All Day cases,,3,,659,0,0,,650,0,0,
2020Q1,,S08000028,,S12000013,,All Day cases,,3,,582,0,0,,578,0,0,
2020Q2,,S08000028,,S12000013,,All Day cases,,3,,144,0,0,,143,0,0,
2020Q3,,S08000028,,S12000013,,All Day cases,,3,,411,0,0,,407,0,0,
2020Q4,,S08000028,,S12000013,,All Day cases,,3,,506,0,0,,501,0,0,
2021Q1,,S08000028,,S12000013,,All Day cases,,3,,379,0,0,,375,0,0,
2021Q2,,S08000028,,S12000013,,All Day cases,,3,,457,0,0,,455,0,0,
2021Q3,,S08000028,,S12000013,,All Day cases,,3,,455,0,0,,445,0,0,
2021Q4,,S08000028,,S12000013,,All Day cases,,3,,475,0,0,,467,0,0,
2022Q1,,S08000028,,S12000013,,All Day cases,,3,,457,0,0,,450,0,0,
2022Q2,,S08000028,,S12000013,,All Day cases,,3,,387,0,0,,377,0,0,
2022Q3,,S08000028,,S12000013,,All Day cases,,3,,532,0,0,,525,0,0,
2022Q4,p,S08000028,,S12000013,,All Day cases,,3,,536,0,0,,530,0,0,
2018Q3,,RA2701,,RA2701,,All Day cases,,,:,0,0,,z,0,0,,z
2022Q2,,RA2701,,RA2701,,All Day cases,,,:,0,0,,z,0,0,,z
2022Q3,,RA2701,,RA2701,,All Day cases,,,:,0,0,,z,0,0,,z
2022Q4,p,RA2701,,RA2701,,All Day cases,,,:,0,0,,z,0,0,,z
2017Q4,,RA2703,,RA2703,,All Day cases,,,:,5,0,0,,5,0,0,
2018Q1,,RA2703,,RA2703,,All Day cases,,,:,15,0,0,,14,0,0,
2018Q2,,RA2703,,RA2703,,All Day cases,,,:,15,0,0,,14,0,0,
2018Q3,,RA2703,,RA2703,,All Day cases,,,:,17,0,0,,15,0,0,
2018Q4,,RA2703,,RA2703,,All Day cases,,,:,15,0,0,,11,0,0,
2019Q1,,RA2703,,RA2703,,All Day cases,,,:,5,0,0,,5,0,0,
2019Q2,,RA2703,,RA2703,,All Day cases,,,:,20,0,0,,14,0,0,
2019Q3,,RA2703,,RA2703,,All Day cases,,,:,15,0,0,,5,0,0,
2019Q4,,RA2703,,RA2703,,All Day cases,,,:,5,0,0,,5,0,0,
2020Q1,,RA2703,,RA2703,,All Day cases,,,:,5,0,0,,5,0,0,
2021Q2,,RA2703,,RA2703,,All Day cases,,,:,5,0,0,,5,0,0,
2021Q3,,RA2703,,RA2703,,All Day cases,,,:,5,0,0,,0,0,,z
2021Q4,,RA2703,,RA2703,,All Day cases,,,:,5,0,0,,5,0,0,
2022Q1,,RA2703,,RA2703,,All Day cases,,,:,5,0,0,,5,0,0,
2022Q2,,RA2703,,RA2703,,All Day cases,,,:,10,0,0,,5,0,0,
2022Q3,,RA2703,,RA2703,,All Day cases,,,:,20,0,0,,10,0,0,
2022Q4,p,RA2703,,RA2703,,All Day cases,,,:,5,0,0,,5,0,0,
2017Q4,,RA2702,,RA2702,,All Day cases,,,:,121,0,0,,117,0,0,
2018Q1,,RA2702,,RA2702,,All Day cases,,,:,116,0,0,,113,0,0,
2018Q2,,RA2702,,RA2702,,All Day cases,,,:,106,0,0,,102,0,0,
2018Q3,,RA2702,,RA2702,,All Day cases,,,:,100,0,0,,94,0,0,
2018Q4,,RA2702,,RA2702,,All Day cases,,,:,115,0,0,,108,0,0,
2019Q1,,RA2702,,RA2702,,All Day cases,,,:,84,0,0,,74,0,0,
2019Q2,,RA2702,,RA2702,,All Day cases,,,:,107,0,0,,99,0,0,
2019Q3,,RA2702,,RA2702,,All Day cases,,,:,137,0,0,,120,0,0,
2019Q4,,RA2702,,RA2702,,All Day cases,,,:,106,0,0,,86,0,0,
2020Q1,,RA2702,,RA2702,,All Day cases,,,:,50,0,0,,48,0,0,
2020Q2,,RA2702,,RA2702,,All Day cases,,,:,15,0,0,,15,0,0,
2020Q3,,RA2702,,RA2702,,All Day cases,,,:,50,0,0,,48,0,0,
2020Q4,,RA2702,,RA2702,,All Day cases,,,:,50,0,0,,49,0,0,
2021Q1,,RA2702,,RA2702,,All Day cases,,,:,25,0,0,,26,0,0,
2021Q2,,RA2702,,RA2702,,All Day cases,,,:,62,0,0,,58,0,0,
2021Q3,,RA2702,,RA2702,,All Day cases,,,:,86,0,0,,76,0,0,
2021Q4,,RA2702,,RA2702,,All Day cases,,,:,62,0,0,,54,0,0,
2022Q1,,RA2702,,RA2702,,All Day cases,,,:,67,0,0,,60,0,0,
2022Q2,,RA2702,,RA2702,,All Day cases,,,:,74,0,0,,66,0,0,
2022Q3,,RA2702,,RA2702,,All Day cases,,,:,62,0,0,,52,0,0,
2022Q4,p,RA2702,,RA2702,,All Day cases,,,:,49,0,0,,42,0,0,
2017Q4,,S92000003,d,S92000003,d,All Day cases,,1,,23726,0,0,,23239,0,0,
2018Q1,,S92000003,d,S92000003,d,All Day cases,,1,,22912,0,0,,22491,0,0,
2018Q2,,S92000003,d,S92000003,d,All Day cases,,1,,24137,0,0,,23742,0,0,
2018Q3,,S92000003,d,S92000003,d,All Day cases,,1,,22964,0,0,,22566,0,0,
2018Q4,,S92000003,d,S92000003,d,All Day cases,,1,,23669,0,0,,23223,0,0,
2019Q1,,S92000003,d,S92000003,d,All Day cases,,1,,24920,0,0,,24434,0,0,
2019Q2,,S92000003,d,S92000003,d,All Day cases,,1,,24344,0,0,,23850,0,0,
2019Q3,,S92000003,d,S92000003,d,All Day cases,,1,,24712,0,0,,24215,5,2.0648358455502e-4,
2019Q4,,S92000003,d,S92000003,d,All Day cases,,1,,24651,0,0,,24229,0,0,
2020Q1,,S92000003,d,S92000003,d,All Day cases,,1,,22779,0,0,,22362,0,0,
2020Q2,,S92000003,d,S92000003,d,All Day cases,,1,,7373,0,0,,7187,0,0,
2020Q3,,S92000003,d,S92000003,d,All Day cases,,1,,14266,0,0,,13963,0,0,
2020Q4,,S92000003,d,S92000003,d,All Day cases,,1,,16900,0,0,,16566,0,0,
2021Q1,,S92000003,d,S92000003,d,All Day cases,,1,,16199,0,0,,15910,0,0,
2021Q2,,S92000003,d,S92000003,d,All Day cases,,1,,19390,0,0,,18972,0,0,
2021Q3,,S92000003,d,S92000003,d,All Day cases,,1,,19409,0,0,,19012,5,2.62991794656e-4,
2021Q4,,S92000003,d,S92000003,d,All Day cases,,1,,19216,0,0,,18838,11,5.8392610680539e-4,
2022Q1,,S92000003,d,S92000003,d,All Day cases,,1,,19366,0,0,,19053,5,2.6242586469322e-4,
2022Q2,,S92000003,d,S92000003,d,All Day cases,,1,,20638,0,0,,20282,11,5.4235282516517e-4,
2022Q3,,S92000003,d,S92000003,d,All Day cases,,1,,20988,0,0,,20607,19,9.2201679041102e-4,
2022Q4,p,S92000003,d,S92000003,d,All Day cases,,1,,21066,0,0,,20742,5,2.4105679298042e-4,
2017Q4,,S92000003,d,S92000003,d,All Day cases,,2,,22533,0,0,,22120,5,2.260397830018e-4,
2018Q1,,S92000003,d,S92000003,d,All Day cases,,2,,21966,0,0,,21531,0,0,
2018Q2,,S92000003,d,S92000003,d,All Day cases,,2,,23137,0,0,,22729,0,0,
2018Q3,,S92000003,d,S92000003,d,All Day cases,,2,,22429,0,0,,21928,5,2.280189711784e-4,
2018Q4,,S92000003,d,S92000003,d,All Day cases,,2,,22976,0,0,,22453,0,0,
2019Q1,,S92000003,d,S92000003,d,All Day cases,,2,,23911,0,0,,23404,0,0,
2019Q2,,S92000003,d,S92000003,d,All Day cases,,2,,23665,0,0,,23149,13,5.6157933388051e-4,
2019Q3,,S92000003,d,S92000003,d,All Day cases,,2,,23579,0,0,,23065,0,0,
2019Q4,,S92000003,d,S92000003,d,All Day cases,,2,,23463,0,0,,23022,0,0,
2020Q1,,S92000003,d,S92000003,d,All Day cases,,2,,21848,0,0,,21401,0,0,
2020Q2,,S92000003,d,S92000003,d,All Day cases,,2,,7648,0,0,,7437,0,0,
2020Q3,,S92000003,d,S92000003,d,All Day cases,,2,,13876,0,0,,13528,0,0,
2020Q4,,S92000003,d,S92000003,d,All Day cases,,2,,17042,0,0,,16672,0,0,
2021Q1,,S92000003,d,S92000003,d,All Day cases,,2,,16155,0,0,,15858,0,0,
2021Q2,,S92000003,d,S92000003,d,All Day cases,,2,,19282,0,0,,18888,0,0,
2021Q3,,S92000003,d,S92000003,d,All Day cases,,2,,18604,0,0,,18233,9,4.9361048648055e-4,
2021Q4,,S92000003,d,S92000003,d,All Day cases,,2,,19028,0,0,,18632,18,9.6607986260197e-4,
2022Q1,,S92000003,d,S92000003,d,All Day cases,,2,,19224,0,0,,18874,24,0.00127159054784359,
2022Q2,,S92000003,d,S92000003,d,All Day cases,,2,,20159,0,0,,19787,21,0.00106130287562541,
2022Q3,,S92000003,d,S92000003,d,All Day cases,,2,,20897,0,0,,20524,14,6.8212824010914e-4,
2022Q4,p,S92000003,d,S92000003,d,All Day cases,,2,,20326,0,0,,19993,5,2.5008753063572e-4,
2017Q4,,S92000003,d,S92000003,d,All Day cases,,3,,21100,0,0,,20707,0,0,
2018Q1,,S92000003,d,S92000003,d,All Day cases,,3,,20507,0,0,,20132,0,0,
2018Q2,,S92000003,d,S92000003,d,All Day cases,,3,,21499,0,0,,21117,0,0,
2018Q3,,S92000003,d,S92000003,d,All Day cases,,3,,20932,0,0,,20504,5,2.4385485758876e-4,
2018Q4,,S92000003,d,S92000003,d,All Day cases,,3,,21817,0,0,,21326,5,2.3445559411047e-4,
2019Q1,,S92000003,d,S92000003,d,All Day cases,,3,,22306,0,0,,21782,5,2.2954733265999e-4,
2019Q2,,S92000003,d,S92000003,d,All Day cases,,3,,22163,0,0,,21578,0,0,
2019Q3,,S92000003,d,S92000003,d,All Day cases,,3,,22484,0,0,,21952,0,0,
2019Q4,,S92000003,d,S92000003,d,All Day cases,,3,,22684,0,0,,22172,5,2.2550965181309e-4,
2020Q1,,S92000003,d,S92000003,d,All Day cases,,3,,21376,0,0,,20928,0,0,
2020Q2,,S92000003,d,S92000003,d,All Day cases,,3,,7629,0,0,,7425,0,0,
2020Q3,,S92000003,d,S92000003,d,All Day cases,,3,,14196,0,0,,13816,0,0,
2020Q4,,S92000003,d,S92000003,d,All Day cases,,3,,16822,0,0,,16427,0,0,
2021Q1,,S92000003,d,S92000003,d,All Day cases,,3,,15348,0,0,,15006,0,0,
2021Q2,,S92000003,d,S92000003,d,All Day cases,,3,,18899,0,0,,18431,0,0,
2021Q3,,S92000003,d,S92000003,d,All Day cases,,3,,18255,0,0,,17840,8,4.4843049327354e-4,
2021Q4,,S92000003,d,S92000003,d,All Day cases,,3,,18239,0,0,,17830,14,7.8519349411104e-4,
2022Q1,,S92000003,d,S92000003,d,All Day cases,,3,,18848,0,0,,18459,10,5.4174115607562e-4,
2022Q2,,S92000003,d,S92000003,d,All Day cases,,3,,19538,0,0,,19115,18,9.4166884645566e-4,
2022Q3,,S92000003,d,S92000003,d,All Day cases,,3,,20073,0,0,,19649,9,4.5803857702682e-4,
2022Q4,p,S92000003,d,S92000003,d,All Day cases,,3,,20307,0,0,,19919,5,2.5101661730006e-4,
2017Q4,,S92000003,d,S92000003,d,All Day cases,,4,,19956,0,0,,19650,0,0,
2018Q1,,S92000003,d,S92000003,d,All Day cases,,4,,19670,0,0,,19391,0,0,
2018Q2,,S92000003,d,S92000003,d,All Day cases,,4,,20297,0,0,,19979,5,2.5026277591471e-4,
2018Q3,,S92000003,d,S92000003,d,All Day cases,,4,,20029,0,0,,19700,0,0,
2018Q4,,S92000003,d,S92000003,d,All Day cases,,4,,19971,0,0,,19623,5,2.548030372522e-4,
2019Q1,,S92000003,d,S92000003,d,All Day cases,,4,,21405,0,0,,20991,6,2.8583678719451e-4,
2019Q2,,S92000003,d,S92000003,d,All Day cases,,4,,21249,0,0,,20828,0,0,
2019Q3,,S92000003,d,S92000003,d,All Day cases,,4,,20904,0,0,,20551,0,0,
2019Q4,,S92000003,d,S92000003,d,All Day cases,,4,,21391,0,0,,20986,0,0,
2020Q1,,S92000003,d,S92000003,d,All Day cases,,4,,20315,0,0,,19920,0,0,
2020Q2,,S92000003,d,S92000003,d,All Day cases,,4,,7465,0,0,,7307,0,0,
2020Q3,,S92000003,d,S92000003,d,All Day cases,,4,,13250,0,0,,12994,0,0,
2020Q4,,S92000003,d,S92000003,d,All Day cases,,4,,16109,0,0,,15839,0,0,
2021Q1,,S92000003,d,S92000003,d,All Day cases,,4,,15016,0,0,,14744,0,0,
2021Q2,,S92000003,d,S92000003,d,All Day cases,,4,,18219,0,0,,17827,0,0,
2021Q3,,S92000003,d,S92000003,d,All Day cases,,4,,17826,0,0,,17441,9,5.1602545725589e-4,
2021Q4,,S92000003,d,S92000003,d,All Day cases,,4,,18446,0,0,,18120,16,8.8300220750551e-4,
2022Q1,,S92000003,d,S92000003,d,All Day cases,,4,,18472,0,0,,18119,25,0.00137976709531431,
2022Q2,,S92000003,d,S92000003,d,All Day cases,,4,,19515,0,0,,19172,10,5.2159399123722e-4,
2022Q3,,S92000003,d,S92000003,d,All Day cases,,4,,20308,0,0,,19968,17,8.5136217948718e-4,
2022Q4,p,S92000003,d,S92000003,d,All Day cases,,4,,20351,0,0,,20002,9,4.4995500449955e-4,
2017Q4,,S92000003,d,S92000003,d,All Day cases,,5,,20338,0,0,,20129,5,2.4839783397088e-4,
2018Q1,,S92000003,d,S92000003,d,All Day cases,,5,,20041,0,0,,19800,0,0,
2018Q2,,S92000003,d,S92000003,d,All Day cases,,5,,20992,0,0,,20762,0,0,
2018Q3,,S92000003,d,S92000003,d,All Day cases,,5,,19969,0,0,,19724,0,0,
2018Q4,,S92000003,d,S92000003,d,All Day cases,,5,,20999,0,0,,20764,0,0,
2019Q1,,S92000003,d,S92000003,d,All Day cases,,5,,21602,0,0,,21342,0,0,
2019Q2,,S92000003,d,S92000003,d,All Day cases,,5,,21188,0,0,,20930,6,2.8666985188724e-4,
2019Q3,,S92000003,d,S92000003,d,All Day cases,,5,,21272,0,0,,21005,0,0,
2019Q4,,S92000003,d,S92000003,d,All Day cases,,5,,21641,0,0,,21399,0,0,
2020Q1,,S92000003,d,S92000003,d,All Day cases,,5,,20128,0,0,,19870,0,0,
2020Q2,,S92000003,d,S92000003,d,All Day cases,,5,,7362,0,0,,7265,0,0,
2020Q3,,S92000003,d,S92000003,d,All Day cases,,5,,13338,0,0,,13166,0,0,
2020Q4,,S92000003,d,S92000003,d,All Day cases,,5,,15940,0,0,,15744,0,0,
2021Q1,,S92000003,d,S92000003,d,All Day cases,,5,,15067,0,0,,14896,0,0,
2021Q2,,S92000003,d,S92000003,d,All Day cases,,5,,17638,0,0,,17376,0,0,
2021Q3,,S92000003,d,S92000003,d,All Day cases,,5,,17610,0,0,,17381,7,4.0273862263391e-4,
2021Q4,,S92000003,d,S92000003,d,All Day cases,,5,,17960,0,0,,17733,11,6.2031241188744e-4,
2022Q1,,S92000003,d,S92000003,d,All Day cases,,5,,19166,0,0,,18911,13,6.8743059594944e-4,
2022Q2,,S92000003,d,S92000003,d,All Day cases,,5,,19221,0,0,,18998,24,0.00126329087272344,
2022Q3,,S92000003,d,S92000003,d,All Day cases,,5,,20282,0,0,,20002,12,5.999400059994e-4,
2022Q4,p,S92000003,d,S92000003,d,All Day cases,,5,,20337,0,0,,20077,0,0,
2017Q4,,S92000003,d,S92000003,d,All Day cases,,,:,177,0,0,,173,0,0,
2018Q1,,S92000003,d,S92000003,d,All Day cases,,,:,176,0,0,,172,0,0,
2018Q2,,S92000003,d,S92000003,d,All Day cases,,,:,172,0,0,,166,0,0,
2018Q3,,S92000003,d,S92000003,d,All Day cases,,,:,152,0,0,,141,0,0,
2018Q4,,S92000003,d,S92000003,d,All Day cases,,,:,164,0,0,,154,0,0,
2019Q1,,S92000003,d,S92000003,d,All Day cases,,,:,136,0,0,,121,0,0,
2019Q2,,S92000003,d,S92000003,d,All Day cases,,,:,171,0,0,,156,0,0,
2019Q3,,S92000003,d,S92000003,d,All Day cases,,,:,193,0,0,,161,0,0,
2019Q4,,S92000003,d,S92000003,d,All Day cases,,,:,130,0,0,,109,0,0,
2020Q1,,S92000003,d,S92000003,d,All Day cases,,,:,93,0,0,,88,0,0,
2020Q2,,S92000003,d,S92000003,d,All Day cases,,,:,22,0,0,,22,0,0,
2020Q3,,S92000003,d,S92000003,d,All Day cases,,,:,70,0,0,,68,0,0,
2020Q4,,S92000003,d,S92000003,d,All Day cases,,,:,86,0,0,,84,0,0,
2021Q1,,S92000003,d,S92000003,d,All Day cases,,,:,51,0,0,,50,0,0,
2021Q2,,S92000003,d,S92000003,d,All Day cases,,,:,103,0,0,,99,0,0,
2021Q3,,S92000003,d,S92000003,d,All Day cases,,,:,125,0,0,,113,0,0,
2021Q4,,S92000003,d,S92000003,d,All Day cases,,,:,110,0,0,,102,0,0,
2022Q1,,S92000003,d,S92000003,d,All Day cases,,,:,104,0,0,,97,0,0,
2022Q2,,S92000003,d,S92000003,d,All Day cases,,,:,124,0,0,,113,0,0,
2022Q3,,S92000003,d,S92000003,d,All Day cases,,,:,118,0,0,,96,0,0,
2022Q4,p,S92000003,d,S92000003,d,All Day cases,,,:,144,0,0,,132,0,0,
2017Q4,,RA2704,,RA2704,,All Day cases,,,:,50,0,0,,50,0,0,
2018Q1,,RA2704,,RA2704,,All Day cases,,,:,45,0,0,,45,0,0,
2018Q2,,RA2704,,RA2704,,All Day cases,,,:,50,0,0,,50,0,0,
2018Q3,,RA2704,,RA2704,,All Day cases,,,:,35,0,0,,33,0,0,
2018Q4,,RA2704,,RA2704,,All Day cases,,,:,35,0,0,,35,0,0,
2019Q1,,RA2704,,RA2704,,All Day cases,,,:,45,0,0,,45,0,0,
2019Q2,,RA2704,,RA2704,,All Day cases,,,:,45,0,0,,43,0,0,
2019Q3,,RA2704,,RA2704,,All Day cases,,,:,40,0,0,,36,0,0,
2019Q4,,RA2704,,RA2704,,All Day cases,,,:,20,0,0,,20,0,0,
2020Q1,,RA2704,,RA2704,,All Day cases,,,:,40,0,0,,35,0,0,
2020Q2,,RA2704,,RA2704,,All Day cases,,,:,10,0,0,,10,0,0,
2020Q3,,RA2704,,RA2704,,All Day cases,,,:,20,0,0,,20,0,0,
2020Q4,,RA2704,,RA2704,,All Day cases,,,:,35,0,0,,35,0,0,
2021Q1,,RA2704,,RA2704,,All Day cases,,,:,25,0,0,,24,0,0,
2021Q2,,RA2704,,RA2704,,All Day cases,,,:,40,0,0,,40,0,0,
2021Q3,,RA2704,,RA2704,,All Day cases,,,:,35,0,0,,35,0,0,
2021Q4,,RA2704,,RA2704,,All Day cases,,,:,40,0,0,,40,0,0,
2022Q1,,RA2704,,RA2704,,All Day cases,,,:,30,0,0,,30,0,0,
2022Q2,,RA2704,,RA2704,,All Day cases,,,:,40,0,0,,39,0,0,
2022Q3,,RA2704,,RA2704,,All Day cases,,,:,30,0,0,,26,0,0,
2022Q4,p,RA2704,,RA2704,,All Day cases,,,:,20,0,0,,18,0,0,
2017Q4,,S08000015,,S12000008,,All Inpatients,d,1,,2872,10219,3.55814763231198,,1707,10405,6.09548916227299,
2018Q1,,S08000015,,S12000008,,All Inpatients,d,1,,2663,8974,3.36988358993616,,1672,8738,5.22607655502392,
2018Q2,,S08000015,,S12000008,,All Inpatients,d,1,,2642,9678,3.66313398940197,,1657,9823,5.92818346409173,
2018Q3,,S08000015,,S12000008,,All Inpatients,d,1,,2418,8628,3.5682382133995,,1511,8499,5.62475181998676,
2018Q4,,S08000015,,S12000008,,All Inpatients,d,1,,2594,9494,3.65998457979954,,1598,9238,5.78097622027534,
2019Q1,,S08000015,,S12000008,,All Inpatients,d,1,,2585,8720,3.37330754352031,,1630,9273,5.68895705521472,
2019Q2,,S08000015,,S12000008,,All Inpatients,d,1,,2713,9266,3.41540729819388,,1779,9368,5.26587970770096,
2019Q3,,S08000015,,S12000008,,All Inpatients,d,1,,2533,7872,3.10777733912357,,1609,8094,5.03045369794904,
2019Q4,,S08000015,,S12000008,,All Inpatients,d,1,,2573,9418,3.66031869413136,,1621,9476,5.84577421344849,
2020Q1,,S08000015,,S12000008,,All Inpatients,d,1,,2393,9438,3.944003343084,,1514,9867,6.51717305151915,
2020Q2,,S08000015,,S12000008,,All Inpatients,d,1,,1878,7060,3.75931842385517,,1146,7694,6.71378708551483,
2020Q3,,S08000015,,S12000008,,All Inpatients,d,1,,2133,7032,3.29676511954993,,1407,7351,5.22459132906894,
2020Q4,,S08000015,,S12000008,,All Inpatients,d,1,,2163,8885,4.1077207582062,,1377,8852,6.42846768336964,
2021Q1,,S08000015,,S12000008,,All Inpatients,d,1,,1977,9418,4.76378351036925,,1195,9118,7.63012552301255,
2021Q2,,S08000015,,S12000008,,All Inpatients,d,1,,2351,8882,3.77796682262867,,1476,9018,6.10975609756098,
2021Q3,,S08000015,,S12000008,,All Inpatients,d,1,,2310,8083,3.4991341991342,,1459,8257,5.65935572309801,
2021Q4,,S08000015,,S12000008,,All Inpatients,d,1,,2253,9804,4.35153129161119,,1398,10321,7.3826895565093,
2022Q1,,S08000015,,S12000008,,All Inpatients,d,1,,2006,8892,4.43270189431705,,1293,9717,7.51508120649652,
2022Q2,,S08000015,,S12000008,,All Inpatients,d,1,,1925,10190,5.29350649350649,,1311,10343,7.88939740655988,
2022Q3,,S08000015,,S12000008,,All Inpatients,d,1,,1927,9611,4.98754540736897,,1329,9929,7.47103085026336,
2022Q4,p,S08000015,,S12000008,,All Inpatients,d,1,,1929,8186,4.24364955935718,,1340,8975,6.69776119402985,
2017Q4,,S08000015,,S12000008,,All Inpatients,d,2,,2076,7848,3.78034682080925,,1246,7725,6.19983948635634,
2018Q1,,S08000015,,S12000008,,All Inpatients,d,2,,1988,7796,3.9215291750503,,1214,8431,6.94481054365733,
2018Q2,,S08000015,,S12000008,,All Inpatients,d,2,,1994,8798,4.41223671013039,,1226,8071,6.58319738988581,
2018Q3,,S08000015,,S12000008,,All Inpatients,d,2,,1989,7754,3.89844142785319,,1235,8323,6.73927125506073,
2018Q4,,S08000015,,S12000008,,All Inpatients,d,2,,1910,7218,3.77905759162304,,1186,7152,6.03035413153457,
2019Q1,,S08000015,,S12000008,,All Inpatients,d,2,,1995,7133,3.57543859649123,,1257,7285,5.79554494828958,
2019Q2,,S08000015,,S12000008,,All Inpatients,d,2,,1890,6513,3.44603174603175,,1196,6589,5.50919732441472,
2019Q3,,S08000015,,S12000008,,All Inpatients,d,2,,1912,6892,3.60460251046025,,1219,6885,5.64807219031993,
2019Q4,,S08000015,,S12000008,,All Inpatients,d,2,,1848,6801,3.6801948051948,,1201,6796,5.6586178184846,
2020Q1,,S08000015,,S12000008,,All Inpatients,d,2,,1639,6885,4.20073215375229,,1095,7344,6.70684931506849,
2020Q2,,S08000015,,S12000008,,All Inpatients,d,2,,1211,4847,4.00247729149463,,740,4836,6.53513513513514,
2020Q3,,S08000015,,S12000008,,All Inpatients,d,2,,1588,6693,4.2147355163728,,999,6137,6.14314314314314,
2020Q4,,S08000015,,S12000008,,All Inpatients,d,2,,1593,6839,4.293157564344,,973,6532,6.71325796505653,
2021Q1,,S08000015,,S12000008,,All Inpatients,d,2,,1486,7089,4.77052489905787,,910,7627,8.38131868131868,
2021Q2,,S08000015,,S12000008,,All Inpatients,d,2,,1712,6199,3.62091121495327,,1114,6254,5.61400359066427,
2021Q3,,S08000015,,S12000008,,All Inpatients,d,2,,1634,7187,4.3984088127295,,1053,7526,7.14719848053181,
2021Q4,,S08000015,,S12000008,,All Inpatients,d,2,,1530,6888,4.50196078431373,,965,6711,6.95440414507772,
2022Q1,,S08000015,,S12000008,,All Inpatients,d,2,,1469,7546,5.13682777399592,,932,7433,7.97532188841202,
2022Q2,,S08000015,,S12000008,,All Inpatients,d,2,,1532,7581,4.94843342036553,,995,7776,7.81507537688442,
2022Q3,,S08000015,,S12000008,,All Inpatients,d,2,,1465,7606,5.19180887372014,,977,8344,8.54042988741044,
2022Q4,p,S08000015,,S12000008,,All Inpatients,d,2,,1511,7930,5.24818001323627,,992,8170,8.23588709677419,
2017Q4,,S08000015,,S12000008,,All Inpatients,d,3,,1323,5581,4.21844293272865,,780,5280,6.76923076923077,
2018Q1,,S08000015,,S12000008,,All Inpatients,d,3,,1156,4535,3.92301038062284,,727,4525,6.2242090784044,
2018Q2,,S08000015,,S12000008,,All Inpatients,d,3,,1028,4184,4.07003891050584,,681,4521,6.63876651982379,
2018Q3,,S08000015,,S12000008,,All Inpatients,d,3,,1172,4300,3.66894197952218,,731,4348,5.94801641586867,
2018Q4,,S08000015,,S12000008,,All Inpatients,d,3,,1226,4152,3.38662316476346,,776,3958,5.10051546391753,
2019Q1,,S08000015,,S12000008,,All Inpatients,d,3,,1281,4609,3.59797033567525,,820,4696,5.72682926829268,
2019Q2,,S08000015,,S12000008,,All Inpatients,d,3,,1255,4333,3.45258964143426,,819,4424,5.4017094017094,
2019Q3,,S08000015,,S12000008,,All Inpatients,d,3,,1230,4607,3.74552845528455,,823,4864,5.91008505467801,
2019Q4,,S08000015,,S12000008,,All Inpatients,d,3,,1041,3699,3.55331412103746,,683,3743,5.48023426061493,
2020Q1,,S08000015,,S12000008,,All Inpatients,d,3,,1018,4348,4.27111984282908,,651,4559,7.00307219662058,
2020Q2,,S08000015,,S12000008,,All Inpatients,d,3,,750,2330,3.10666666666667,,447,2344,5.24384787472036,
2020Q3,,S08000015,,S12000008,,All Inpatients,d,3,,1025,3866,3.77170731707317,,656,3626,5.52743902439024,
2020Q4,,S08000015,,S12000008,,All Inpatients,d,3,,993,3902,3.92950654582075,,633,4097,6.47235387045814,
2021Q1,,S08000015,,S12000008,,All Inpatients,d,3,,898,4096,4.56124721603563,,575,4116,7.15826086956522,
2021Q2,,S08000015,,S12000008,,All Inpatients,d,3,,1018,4236,4.16110019646365,,675,4473,6.62666666666667,
2021Q3,,S08000015,,S12000008,,All Inpatients,d,3,,1068,4180,3.91385767790262,,695,4180,6.01438848920863,
2021Q4,,S08000015,,S12000008,,All Inpatients,d,3,,978,4436,4.53578732106339,,620,4564,7.36129032258065,
2022Q1,,S08000015,,S12000008,,All Inpatients,d,3,,865,4903,5.66820809248555,,589,5039,8.55517826825127,
2022Q2,,S08000015,,S12000008,,All Inpatients,d,3,,995,5164,5.18994974874372,,650,5121,7.87846153846154,
2022Q3,,S08000015,,S12000008,,All Inpatients,d,3,,974,4373,4.48973305954825,,650,4838,7.44307692307692,
2022Q4,p,S08000015,,S12000008,,All Inpatients,d,3,,952,5002,5.25420168067227,,652,5297,8.12423312883435,
2017Q4,,S08000015,,S12000008,,All Inpatients,d,4,,905,3104,3.42983425414365,,576,3181,5.52256944444444,
2018Q1,,S08000015,,S12000008,,All Inpatients,d,4,,800,3137,3.92125,,504,2993,5.93849206349206,
2018Q2,,S08000015,,S12000008,,All Inpatients,d,4,,861,3177,3.68989547038328,,557,3164,5.68043087971275,
2018Q3,,S08000015,,S12000008,,All Inpatients,d,4,,853,3625,4.24970691676436,,548,3452,6.2992700729927,
2018Q4,,S08000015,,S12000008,,All Inpatients,d,4,,887,3289,3.70800450958286,,566,3146,5.5583038869258,
2019Q1,,S08000015,,S12000008,,All Inpatients,d,4,,844,3077,3.6457345971564,,587,2803,4.77512776831346,
2019Q2,,S08000015,,S12000008,,All Inpatients,d,4,,809,3013,3.72435105067985,,557,3015,5.41292639138241,
2019Q3,,S08000015,,S12000008,,All Inpatients,d,4,,825,3448,4.17939393939394,,549,3478,6.33515482695811,
2019Q4,,S08000015,,S12000008,,All Inpatients,d,4,,784,2977,3.79719387755102,,505,3321,6.57623762376238,
2020Q1,,S08000015,,S12000008,,All Inpatients,d,4,,675,2673,3.96,,463,2578,5.56803455723542,
2020Q2,,S08000015,,S12000008,,All Inpatients,d,4,,520,2045,3.93269230769231,,325,1960,6.03076923076923,
2020Q3,,S08000015,,S12000008,,All Inpatients,d,4,,744,2452,3.29569892473118,,483,2506,5.18840579710145,
2020Q4,,S08000015,,S12000008,,All Inpatients,d,4,,728,2639,3.625,,487,2533,5.20123203285421,
2021Q1,,S08000015,,S12000008,,All Inpatients,d,4,,663,3116,4.69984917043741,,420,2910,6.92857142857143,
2021Q2,,S08000015,,S12000008,,All Inpatients,d,4,,794,3012,3.79345088161209,,534,3164,5.9250936329588,
2021Q3,,S08000015,,S12000008,,All Inpatients,d,4,,820,3771,4.59878048780488,,552,3558,6.44565217391304,
2021Q4,,S08000015,,S12000008,,All Inpatients,d,4,,705,3233,4.58581560283688,,448,3451,7.703125,
2022Q1,,S08000015,,S12000008,,All Inpatients,d,4,,657,3011,4.58295281582953,,443,2736,6.17607223476298,
2022Q2,,S08000015,,S12000008,,All Inpatients,d,4,,682,2953,4.32991202346041,,479,3322,6.93528183716075,
2022Q3,,S08000015,,S12000008,,All Inpatients,d,4,,629,2926,4.65182829888712,,416,2938,7.0625,
2022Q4,p,S08000015,,S12000008,,All Inpatients,d,4,,698,4021,5.76074498567335,,502,4453,8.87051792828685,
2017Q4,,S08000015,,S12000008,,All Inpatients,d,5,,545,2470,4.53211009174312,,349,2528,7.24355300859599,
2018Q1,,S08000015,,S12000008,,All Inpatients,d,5,,521,2318,4.44913627639155,,322,2400,7.45341614906832,
2018Q2,,S08000015,,S12000008,,All Inpatients,d,5,,543,2200,4.05156537753223,,347,2302,6.63400576368876,
2018Q3,,S08000015,,S12000008,,All Inpatients,d,5,,477,2032,4.25995807127883,,319,1910,5.98746081504702,
2018Q4,,S08000015,,S12000008,,All Inpatients,d,5,,513,1820,3.54775828460039,,365,1835,5.02739726027397,
2019Q1,,S08000015,,S12000008,,All Inpatients,d,5,,519,1749,3.36994219653179,,333,1566,4.7027027027027,
2019Q2,,S08000015,,S12000008,,All Inpatients,d,5,,573,2207,3.85165794066318,,375,2456,6.54933333333333,
2019Q3,,S08000015,,S12000008,,All Inpatients,d,5,,515,1719,3.3378640776699,,338,1718,5.08284023668639,
2019Q4,,S08000015,,S12000008,,All Inpatients,d,5,,474,1957,4.12869198312236,,320,2062,6.44375,
2020Q1,,S08000015,,S12000008,,All Inpatients,d,5,,433,1497,3.45727482678984,,294,1647,5.60204081632653,
2020Q2,,S08000015,,S12000008,,All Inpatients,d,5,,352,1269,3.60511363636364,,199,1232,6.19095477386935,
2020Q3,,S08000015,,S12000008,,All Inpatients,d,5,,459,1840,4.00871459694989,,298,1764,5.91946308724832,
2020Q4,,S08000015,,S12000008,,All Inpatients,d,5,,425,1860,4.37647058823529,,276,1846,6.68840579710145,
2021Q1,,S08000015,,S12000008,,All Inpatients,d,5,,435,2101,4.82988505747126,,273,2220,8.13186813186813,
2021Q2,,S08000015,,S12000008,,All Inpatients,d,5,,540,1895,3.50925925925926,,321,1868,5.81931464174455,
2021Q3,,S08000015,,S12000008,,All Inpatients,d,5,,509,2344,4.60510805500982,,328,2380,7.25609756097561,
2021Q4,,S08000015,,S12000008,,All Inpatients,d,5,,458,1904,4.15720524017467,,295,2140,7.25423728813559,
2022Q1,,S08000015,,S12000008,,All Inpatients,d,5,,374,1767,4.72459893048128,,252,1980,7.85714285714286,
2022Q2,,S08000015,,S12000008,,All Inpatients,d,5,,404,2016,4.99009900990099,,282,1947,6.90425531914894,
2022Q3,,S08000015,,S12000008,,All Inpatients,d,5,,403,2212,5.48883374689826,,284,2324,8.1830985915493,
2022Q4,p,S08000015,,S12000008,,All Inpatients,d,5,,420,2265,5.39285714285714,,301,2269,7.53820598006645,
2017Q4,,S08000015,,S08000015,d,All Inpatients,d,1,,8615,34573,4.01311665699362,,5265,35685,6.77777777777778,
2018Q1,,S08000015,,S08000015,d,All Inpatients,d,1,,8342,34704,4.16015344042196,,5143,33095,6.43496013999611,
2018Q2,,S08000015,,S08000015,d,All Inpatients,d,1,,8020,33084,4.12518703241895,,5041,32339,6.41519539773854,
2018Q3,,S08000015,,S08000015,d,All Inpatients,d,1,,7872,30999,3.93788109756098,,5007,31504,6.29199121230278,
2018Q4,,S08000015,,S08000015,d,All Inpatients,d,1,,8202,30884,3.7654230675445,,5157,30639,5.9412449098313,
2019Q1,,S08000015,,S08000015,d,All Inpatients,d,1,,8036,31599,3.93218018914883,,5159,31409,6.08819538670285,
2019Q2,,S08000015,,S08000015,d,All Inpatients,d,1,,8039,30619,3.80880706555542,,5239,30734,5.86638671502195,
2019Q3,,S08000015,,S08000015,d,All Inpatients,d,1,,7817,29475,3.77062811820391,,5093,30073,5.90477125466326,
2019Q4,,S08000015,,S08000015,d,All Inpatients,d,1,,7802,31306,4.01256088182517,,4885,29494,6.03766632548618,
2020Q1,,S08000015,,S08000015,d,All Inpatients,d,1,,7089,32748,4.61955141768938,,4524,33772,7.46507515473033,
2020Q2,,S08000015,,S08000015,d,All Inpatients,d,1,,5586,22213,3.9765485141425,,3409,24443,7.17013787034321,
2020Q3,,S08000015,,S08000015,d,All Inpatients,d,1,,6922,25767,3.72247905229702,,4445,25511,5.7392575928009,
2020Q4,,S08000015,,S08000015,d,All Inpatients,d,1,,6446,29519,4.57942910331989,,4077,29354,7.19990188864361,
2021Q1,,S08000015,,S08000015,d,All Inpatients,d,1,,6115,31110,5.0874897792314,,3719,28593,7.68835708523797,
2021Q2,,S08000015,,S08000015,d,All Inpatients,d,1,,6946,29240,4.20961704578175,,4470,30502,6.82371364653244,
2021Q3,,S08000015,,S08000015,d,All Inpatients,d,1,,6730,28398,4.21961367013373,,4271,29155,6.82627019433388,
2021Q4,,S08000015,,S08000015,d,All Inpatients,d,1,,6509,32289,4.96066984175757,,4078,33149,8.12873957822462,
2022Q1,,S08000015,,S08000015,d,All Inpatients,d,1,,5823,29529,5.07109737248841,,3755,29313,7.80639147802929,
2022Q2,,S08000015,,S08000015,d,All Inpatients,d,1,,5682,30805,5.42150651179162,,3812,31371,8.22953830010493,
2022Q3,,S08000015,,S08000015,d,All Inpatients,d,1,,5927,30831,5.20178842584782,,3986,31051,7.7900150526844,
2022Q4,p,S08000015,,S08000015,d,All Inpatients,d,1,,5797,30113,5.19458340520959,,3931,31101,7.91172729585347,
2017Q4,,S08000015,,S08000015,d,All Inpatients,d,2,,5916,24581,4.15500338066261,,3489,24247,6.94955574663227,
2018Q1,,S08000015,,S08000015,d,All Inpatients,d,2,,5696,24213,4.2508778089887604,,3414,24611,7.20884592852958,
2018Q2,,S08000015,,S08000015,d,All Inpatients,d,2,,5638,24994,4.43313231642426,,3491,25497,7.30363792609567,
2018Q3,,S08000015,,S08000015,d,All Inpatients,d,2,,5482,21290,3.88361911711054,,3419,22326,6.52997952617724,
2018Q4,,S08000015,,S08000015,d,All Inpatients,d,2,,5516,21281,3.858049311095,,3473,20702,5.96084077166715,
2019Q1,,S08000015,,S08000015,d,All Inpatients,d,2,,5627,22642,4.0238137551093,,3571,23665,6.62699523942873,
2019Q2,,S08000015,,S08000015,d,All Inpatients,d,2,,5287,20092,3.80026480045394,,3380,19980,5.9112426035503,
2019Q3,,S08000015,,S08000015,d,All Inpatients,d,2,,5461,21638,3.96227797106757,,3438,21954,6.38568935427574,
2019Q4,,S08000015,,S08000015,d,All Inpatients,d,2,,5488,23018,4.19424198250729,,3488,25534,7.32052752293578,
2020Q1,,S08000015,,S08000015,d,All Inpatients,d,2,,4802,21899,4.56039150354019,,3123,22811,7.30419468459814,
2020Q2,,S08000015,,S08000015,d,All Inpatients,d,2,,3628,15656,4.31532524807056,,2244,16125,7.18582887700535,
2020Q3,,S08000015,,S08000015,d,All Inpatients,d,2,,4809,18689,3.88625493865669,,3028,18597,6.14167767503303,
2020Q4,,S08000015,,S08000015,d,All Inpatients,d,2,,4630,20483,4.42397408207343,,2860,20723,7.2458041958042,
2021Q1,,S08000015,,S08000015,d,All Inpatients,d,2,,4352,20794,4.77803308823529,,2653,21079,7.94534489257444,
2021Q2,,S08000015,,S08000015,d,All Inpatients,d,2,,4888,20260,4.14484451718494,,3133,21155,6.75231407596553,
2021Q3,,S08000015,,S08000015,d,All Inpatients,d,2,,4798,21798,4.5431429762401,,3080,22445,7.28733766233766,
2021Q4,,S08000015,,S08000015,d,All Inpatients,d,2,,4533,22189,4.89499227884403,,2826,22278,7.88322717622081,
2022Q1,,S08000015,,S08000015,d,All Inpatients,d,2,,4043,21275,5.26218154835518,,2619,21463,8.19511263841161,
2022Q2,,S08000015,,S08000015,d,All Inpatients,d,2,,4351,23303,5.35578028039531,,2804,23655,8.43616262482168,
2022Q3,,S08000015,,S08000015,d,All Inpatients,d,2,,4084,22115,5.41503428011753,,2722,23122,8.49448934606907,
2022Q4,p,S08000015,,S08000015,d,All Inpatients,d,2,,4177,22788,5.45559013646158,,2773,24047,8.67183555715831,
2017Q4,,S08000015,,S08000015,d,All Inpatients,d,3,,4168,19180,4.60172744721689,,2413,18101,7.50145047658516,
2018Q1,,S08000015,,S08000015,d,All Inpatients,d,3,,3832,16356,4.26826722338205,,2371,17353,7.31885280472375,
2018Q2,,S08000015,,S08000015,d,All Inpatients,d,3,,3598,15455,4.29544191217343,,2269,16427,7.23975319524019,
2018Q3,,S08000015,,S08000015,d,All Inpatients,d,3,,3600,13893,3.85916666666667,,2253,13493,5.98890368397692,
2018Q4,,S08000015,,S08000015,d,All Inpatients,d,3,,3882,15491,3.99046883049974,,2472,15558,6.29368932038835,
2019Q1,,S08000015,,S08000015,d,All Inpatients,d,3,,3912,15820,4.0439672801636,,2484,15429,6.21135265700483,
2019Q2,,S08000015,,S08000015,d,All Inpatients,d,3,,4023,16096,4.00099428287348,,2542,16536,6.5051140833989,
2019Q3,,S08000015,,S08000015,d,All Inpatients,d,3,,3805,16183,4.25308804204993,,2493,16870,6.76694745286803,
2019Q4,,S08000015,,S08000015,d,All Inpatients,d,3,,3569,14986,4.19893527598767,,2251,15171,6.73967125721901,
2020Q1,,S08000015,,S08000015,d,All Inpatients,d,3,,3334,16214,4.86322735452909,,2123,16691,7.86198775317946,
2020Q2,,S08000015,,S08000015,d,All Inpatients,d,3,,2597,11185,4.30689256834809,,1567,11516,7.3490746649649,
2020Q3,,S08000015,,S08000015,d,All Inpatients,d,3,,3414,13905,4.07293497363796,,2185,13557,6.2045766590389,
2020Q4,,S08000015,,S08000015,d,All Inpatients,d,3,,3220,14265,4.43012422360248,,2001,14798,7.39530234882559,
2021Q1,,S08000015,,S08000015,d,All Inpatients,d,3,,2847,13938,4.89567966280295,,1764,14094,7.98979591836735,
2021Q2,,S08000015,,S08000015,d,All Inpatients,d,3,,3358,15172,4.51816557474687,,2128,15457,7.26362781954887,
2021Q3,,S08000015,,S08000015,d,All Inpatients,d,3,,3477,14674,4.22030486051194,,2156,14114,6.54638218923933,
2021Q4,,S08000015,,S08000015,d,All Inpatients,d,3,,3302,16547,5.01120533010297,,2093,16738,7.99713330148113,
2022Q1,,S08000015,,S08000015,d,All Inpatients,d,3,,2892,15970,5.52213001383126,,1889,16438,8.70195870831128,
2022Q2,,S08000015,,S08000015,d,All Inpatients,d,3,,3061,18087,5.90885331590983,,2021,18214,9.01237011380505,
2022Q3,,S08000015,,S08000015,d,All Inpatients,d,3,,3144,16366,5.20547073791349,,2065,16248,7.8682808716707,
2022Q4,p,S08000015,,S08000015,d,All Inpatients,d,3,,3092,16900,5.46571798188875,,2100,17530,8.34761904761905,
2017Q4,,S08000015,,S08000015,d,All Inpatients,d,4,,2920,12553,4.29897260273973,,1801,12317,6.83897834536369,
2018Q1,,S08000015,,S08000015,d,All Inpatients,d,4,,2783,12557,4.51203736974488,,1726,12463,7.220741599073,
2018Q2,,S08000015,,S08000015,d,All Inpatients,d,4,,2819,11535,4.09187655196878,,1787,11506,6.43872411863458,
2018Q3,,S08000015,,S08000015,d,All Inpatients,d,4,,2750,11364,4.13236363636364,,1718,11402,6.63678696158324,
2018Q4,,S08000015,,S08000015,d,All Inpatients,d,4,,2884,12667,4.39216366158114,,1805,12417,6.8792243767313,
2019Q1,,S08000015,,S08000015,d,All Inpatients,d,4,,2839,11880,4.18457203240578,,1815,10823,5.96308539944904,
2019Q2,,S08000015,,S08000015,d,All Inpatients,d,4,,2740,12874,4.6985401459854,,1784,11972,6.71076233183857,
2019Q3,,S08000015,,S08000015,d,All Inpatients,d,4,,2781,13043,4.69003955411722,,1753,12993,7.41186537364518,
2019Q4,,S08000015,,S08000015,d,All Inpatients,d,4,,2767,12413,4.48608601373328,,1723,12331,7.15670342426001,
2020Q1,,S08000015,,S08000015,d,All Inpatients,d,4,,2445,12272,5.01922290388548,,1601,12123,7.57214241099313,
2020Q2,,S08000015,,S08000015,d,All Inpatients,d,4,,1791,8191,4.57342266890006,,1092,8270,7.57326007326007,
2020Q3,,S08000015,,S08000015,d,All Inpatients,d,4,,2498,10440,4.17934347477982,,1544,10615,6.875,
2020Q4,,S08000015,,S08000015,d,All Inpatients,d,4,,2393,10649,4.45006268282491,,1509,9906,6.56461232604374,
2021Q1,,S08000015,,S08000015,d,All Inpatients,d,4,,2063,9895,4.79641299079011,,1290,9825,7.61627906976744,
2021Q2,,S08000015,,S08000015,d,All Inpatients,d,4,,2532,11227,4.43404423380727,,1659,11237,6.77335744424352,
2021Q3,,S08000015,,S08000015,d,All Inpatients,d,4,,2593,12397,4.78094870806016,,1697,11699,6.8939304655274,
2021Q4,,S08000015,,S08000015,d,All Inpatients,d,4,,2461,12337,5.01300284437221,,1498,11924,7.95994659546061,
2022Q1,,S08000015,,S08000015,d,All Inpatients,d,4,,2164,11431,5.28234750462107,,1432,11037,7.70740223463687,
2022Q2,,S08000015,,S08000015,d,All Inpatients,d,4,,2317,12569,5.42468709538196,,1511,11966,7.91925876902713,
2022Q3,,S08000015,,S08000015,d,All Inpatients,d,4,,2269,13101,5.77390921110621,,1462,13389,9.15800273597811,
2022Q4,p,S08000015,,S08000015,d,All Inpatients,d,4,,2357,14047,5.95969452694103,,1591,14394,9.04714016341923,
2017Q4,,S08000015,,S08000015,d,All Inpatients,d,5,,2455,11694,4.76334012219959,,1508,11818,7.8368700265252,
2018Q1,,S08000015,,S08000015,d,All Inpatients,d,5,,2585,10558,4.08433268858801,,1553,10225,6.58403090792015,
2018Q2,,S08000015,,S08000015,d,All Inpatients,d,5,,2487,11286,4.53799758745476,,1522,11381,7.47766097240473,
2018Q3,,S08000015,,S08000015,d,All Inpatients,d,5,,2315,10391,4.48855291576674,,1425,9680,6.79298245614035,
2018Q4,,S08000015,,S08000015,d,All Inpatients,d,5,,2439,10364,4.24928249282493,,1502,11191,7.45073235685752,
2019Q1,,S08000015,,S08000015,d,All Inpatients,d,5,,2467,10717,4.34414268342116,,1532,10241,6.68472584856397,
2019Q2,,S08000015,,S08000015,d,All Inpatients,d,5,,2484,11298,4.54830917874396,,1582,11696,7.39317319848293,
2019Q3,,S08000015,,S08000015,d,All Inpatients,d,5,,2276,10154,4.46133567662566,,1446,10669,7.37828492392808,
2019Q4,,S08000015,,S08000015,d,All Inpatients,d,5,,2268,9752,4.29982363315697,,1430,9587,6.7041958041958,
2020Q1,,S08000015,,S08000015,d,All Inpatients,d,5,,2139,9859,4.60916316035531,,1373,9497,6.9169701383831,
2020Q2,,S08000015,,S08000015,d,All Inpatients,d,5,,1562,7161,4.58450704225352,,940,6968,7.41276595744681,
2020Q3,,S08000015,,S08000015,d,All Inpatients,d,5,,2089,8989,4.30301579703207,,1276,9008,7.05956112852665,
2020Q4,,S08000015,,S08000015,d,All Inpatients,d,5,,2025,10187,5.03061728395062,,1247,9847,7.89655172413793,
2021Q1,,S08000015,,S08000015,d,All Inpatients,d,5,,1855,9845,5.30727762803235,,1128,9981,8.84840425531915,
2021Q2,,S08000015,,S08000015,d,All Inpatients,d,5,,2329,10295,4.42035208243882,,1469,9635,6.55888359428182,
2021Q3,,S08000015,,S08000015,d,All Inpatients,d,5,,2047,9471,4.62677088422081,,1278,8987,7.0320813771518,
2021Q4,,S08000015,,S08000015,d,All Inpatients,d,5,,2032,11679,5.74753937007874,,1290,11892,9.21860465116279,
2022Q1,,S08000015,,S08000015,d,All Inpatients,d,5,,1892,10717,5.66437632135307,,1182,10802,9.13874788494078,
2022Q2,,S08000015,,S08000015,d,All Inpatients,d,5,,1943,11455,5.8955223880597,,1235,10822,8.76275303643725,
2022Q3,,S08000015,,S08000015,d,All Inpatients,d,5,,1954,11881,6.08034800409417,,1241,11870,9.56486704270749,
2022Q4,p,S08000015,,S08000015,d,All Inpatients,d,5,,1962,11930,6.08053007135576,,1330,12130,9.1203007518797,
2022Q4,p,S08000015,,S08000015,d,All Inpatients,d,,:,10,12,1.2,,5,12,2.4,
2017Q4,,S08000015,,S12000021,,All Inpatients,d,1,,4088,18175,4.44593933463796,,2578,19020,7.377812257564,
2018Q1,,S08000015,,S12000021,,All Inpatients,d,1,,3959,17737,4.48017176054559,,2461,16910,6.87119057293783,
2018Q2,,S08000015,,S12000021,,All Inpatients,d,1,,3802,17169,4.51578116780642,,2420,15937,6.58553719008264,
2018Q3,,S08000015,,S12000021,,All Inpatients,d,1,,3818,16567,4.33918281822944,,2476,17071,6.89458804523425,
2018Q4,,S08000015,,S12000021,,All Inpatients,d,1,,4001,16125,4.03024243939015,,2562,16135,6.29781420765027,
2019Q1,,S08000015,,S12000021,,All Inpatients,d,1,,3879,16429,4.23536994070637,,2559,15930,6.22508792497069,
2019Q2,,S08000015,,S12000021,,All Inpatients,d,1,,3814,15224,3.99160985841636,,2510,15214,6.06135458167331,
2019Q3,,S08000015,,S12000021,,All Inpatients,d,1,,3745,15488,4.13564753004005,,2497,15438,6.18261914297157,
2019Q4,,S08000015,,S12000021,,All Inpatients,d,1,,3661,15727,4.29582081398525,,2341,14041,5.99786416061512,
2020Q1,,S08000015,,S12000021,,All Inpatients,d,1,,3280,15981,4.87225609756098,,2138,17039,7.96959775491113,
2020Q2,,S08000015,,S12000021,,All Inpatients,d,1,,2648,10814,4.08383685800604,,1580,11437,7.23860759493671,
2020Q3,,S08000015,,S12000021,,All Inpatients,d,1,,3353,13500,4.0262451535938,,2167,13100,6.04522381172127,
2020Q4,,S08000015,,S12000021,,All Inpatients,d,1,,2929,14239,4.86138613861386,,1864,14078,7.55257510729614,
2021Q1,,S08000015,,S12000021,,All Inpatients,d,1,,2917,14170,4.85773054508056,,1784,13287,7.44786995515695,
2021Q2,,S08000015,,S12000021,,All Inpatients,d,1,,3197,14901,4.66093212386612,,2095,15393,7.34749403341289,
2021Q3,,S08000015,,S12000021,,All Inpatients,d,1,,3072,15146,4.93033854166667,,1974,15003,7.60030395136778,
2021Q4,,S08000015,,S12000021,,All Inpatients,d,1,,2981,15550,5.21637034552164,,1899,15768,8.30331753554502,
2022Q1,,S08000015,,S12000021,,All Inpatients,d,1,,2607,14467,5.54929037207518,,1698,13784,8.11778563015312,
2022Q2,,S08000015,,S12000021,,All Inpatients,d,1,,2595,14261,5.49556840077071,,1757,14001,7.96869664200342,
2022Q3,,S08000015,,S12000021,,All Inpatients,d,1,,2834,15162,5.3500352858151,,1892,15103,7.98255813953488,
2022Q4,p,S08000015,,S12000021,,All Inpatients,d,1,,2758,16122,5.84554024655548,,1858,16006,8.61463939720129,
2017Q4,,S08000015,,S12000021,,All Inpatients,d,2,,1600,7359,4.599375,,999,7441,7.44844844844845,
2018Q1,,S08000015,,S12000021,,All Inpatients,d,2,,1587,7865,4.95589161940769,,986,7742,7.85192697768763,
2018Q2,,S08000015,,S12000021,,All Inpatients,d,2,,1569,7216,4.59910771191842,,1016,7336,7.22047244094488,
2018Q3,,S08000015,,S12000021,,All Inpatients,d,2,,1520,6149,4.04539473684211,,990,6158,6.22020202020202,
2018Q4,,S08000015,,S12000021,,All Inpatients,d,2,,1615,6564,4.06439628482972,,1049,6152,5.86463298379409,
2019Q1,,S08000015,,S12000021,,All Inpatients,d,2,,1577,6453,4.09194673430564,,1026,6307,6.14717348927875,
2019Q2,,S08000015,,S12000021,,All Inpatients,d,2,,1504,7278,4.83909574468085,,1009,6486,6.42814667988107,
2019Q3,,S08000015,,S12000021,,All Inpatients,d,2,,1586,7129,4.49495586380832,,1001,7335,7.32767232767233,
2019Q4,,S08000015,,S12000021,,All Inpatients,d,2,,1618,7190,4.44375772558714,,1015,7754,7.63940886699507,
2020Q1,,S08000015,,S12000021,,All Inpatients,d,2,,1435,6897,4.80627177700348,,955,6347,6.64607329842932,
2020Q2,,S08000015,,S12000021,,All Inpatients,d,2,,1089,5089,4.67309458218549,,690,5465,7.92028985507246,
2020Q3,,S08000015,,S12000021,,All Inpatients,d,2,,1427,5654,3.96215837421163,,909,5433,5.97689768976898,
2020Q4,,S08000015,,S12000021,,All Inpatients,d,2,,1359,6105,4.49227373068433,,870,6196,7.12183908045977,
2021Q1,,S08000015,,S12000021,,All Inpatients,d,2,,1231,6224,5.05605199025183,,752,5950,7.91223404255319,
2021Q2,,S08000015,,S12000021,,All Inpatients,d,2,,1407,6975,4.95735607675906,,922,7156,7.76138828633406,
2021Q3,,S08000015,,S12000021,,All Inpatients,d,2,,1318,6325,4.798937784522,,855,6332,7.40584795321637,
2021Q4,,S08000015,,S12000021,,All Inpatients,d,2,,1242,7029,5.65942028985507,,782,6802,8.69820971867008,
2022Q1,,S08000015,,S12000021,,All Inpatients,d,2,,1170,7209,6.16153846153846,,770,7218,9.37402597402597,
2022Q2,,S08000015,,S12000021,,All Inpatients,d,2,,1186,6656,5.61214165261383,,803,6801,8.4694894146949,
2022Q3,,S08000015,,S12000021,,All Inpatients,d,2,,1153,6996,6.06764960971379,,790,6803,8.61139240506329,
2022Q4,p,S08000015,,S12000021,,All Inpatients,d,2,,1130,6479,5.73362831858407,,782,6872,8.78772378516624,
2017Q4,,S08000015,,S12000021,,All Inpatients,d,3,,1188,6238,5.25084175084175,,699,6031,8.62804005722461,
2018Q1,,S08000015,,S12000021,,All Inpatients,d,3,,1080,5034,4.66111111111111,,686,5403,7.87609329446064,
2018Q2,,S08000015,,S12000021,,All Inpatients,d,3,,1063,5012,4.71495766698024,,675,5293,7.84148148148148,
2018Q3,,S08000015,,S12000021,,All Inpatients,d,3,,1008,4236,4.20238095238095,,646,4095,6.3390092879257,
2018Q4,,S08000015,,S12000021,,All Inpatients,d,3,,1119,4616,4.12511170688114,,720,4335,6.02083333333333,
2019Q1,,S08000015,,S12000021,,All Inpatients,d,3,,1134,5121,4.51587301587302,,732,4949,6.76092896174863,
2019Q2,,S08000015,,S12000021,,All Inpatients,d,3,,1191,6085,5.10915197313182,,749,5917,7.89986648865154,
2019Q3,,S08000015,,S12000021,,All Inpatients,d,3,,1166,5444,4.66895368782161,,746,5451,7.30697050938338,
2019Q4,,S08000015,,S12000021,,All Inpatients,d,3,,1161,5816,5.00947459086994,,717,5651,7.88145048814505,
2020Q1,,S08000015,,S12000021,,All Inpatients,d,3,,986,5711,5.7920892494929,,622,5566,8.94855305466238,
2020Q2,,S08000015,,S12000021,,All Inpatients,d,3,,804,4184,5.20398009950249,,465,3734,8.03010752688172,
2020Q3,,S08000015,,S12000021,,All Inpatients,d,3,,993,4545,4.57703927492447,,628,4335,6.90286624203822,
2020Q4,,S08000015,,S12000021,,All Inpatients,d,3,,976,5380,5.51229508196721,,588,5387,9.16156462585034,
2021Q1,,S08000015,,S12000021,,All Inpatients,d,3,,799,4020,5.03128911138924,,500,4072,8.144,
2021Q2,,S08000015,,S12000021,,All Inpatients,d,3,,971,5225,5.38105046343975,,601,5036,8.37936772046589,
2021Q3,,S08000015,,S12000021,,All Inpatients,d,3,,979,4871,4.97548518896834,,598,4445,7.43311036789298,
2021Q4,,S08000015,,S12000021,,All Inpatients,d,3,,940,4954,5.27021276595745,,593,4882,8.2327150084317,
2022Q1,,S08000015,,S12000021,,All Inpatients,d,3,,827,5020,6.07013301088271,,514,4527,8.80739299610895,
2022Q2,,S08000015,,S12000021,,All Inpatients,d,3,,899,6714,7.46829810901001,,588,6606,11.234693877551,
2022Q3,,S08000015,,S12000021,,All Inpatients,d,3,,954,5844,6.12578616352201,,616,5202,8.4448051948052,
2022Q4,p,S08000015,,S12000021,,All Inpatients,d,3,,965,5413,5.60932642487047,,640,5293,8.2703125,
2017Q4,,S08000015,,S12000021,,All Inpatients,d,4,,941,4682,4.97555791710946,,609,4302,7.064039408867,
2018Q1,,S08000015,,S12000021,,All Inpatients,d,4,,923,4348,4.71072589382449,,578,4420,7.64705882352941,
2018Q2,,S08000015,,S12000021,,All Inpatients,d,4,,948,3928,4.14345991561181,,609,3887,6.38259441707718,
2018Q3,,S08000015,,S12000021,,All Inpatients,d,4,,944,3405,3.60699152542373,,600,3472,5.78666666666667,
2018Q4,,S08000015,,S12000021,,All Inpatients,d,4,,999,4188,4.19219219219219,,635,4227,6.65669291338583,
2019Q1,,S08000015,,S12000021,,All Inpatients,d,4,,990,4228,4.27070707070707,,611,3507,5.73977086743044,
2019Q2,,S08000015,,S12000021,,All Inpatients,d,4,,942,4539,4.81847133757962,,619,4302,6.94991922455574,
2019Q3,,S08000015,,S12000021,,All Inpatients,d,4,,951,4450,4.67928496319664,,589,4340,7.36842105263158,
2019Q4,,S08000015,,S12000021,,All Inpatients,d,4,,933,3856,4.13290460878885,,582,3637,6.24914089347079,
2020Q1,,S08000015,,S12000021,,All Inpatients,d,4,,840,4261,5.07261904761905,,513,4231,8.24756335282651,
2020Q2,,S08000015,,S12000021,,All Inpatients,d,4,,595,2672,4.49075630252101,,359,2740,7.63231197771588,
2020Q3,,S08000015,,S12000021,,All Inpatients,d,4,,853,3997,4.68581477139508,,517,3745,7.24371373307544,
2020Q4,,S08000015,,S12000021,,All Inpatients,d,4,,802,4015,5.00623441396509,,483,3863,7.99792960662526,
2021Q1,,S08000015,,S12000021,,All Inpatients,d,4,,664,3432,5.16867469879518,,407,3315,8.14496314496314,
2021Q2,,S08000015,,S12000021,,All Inpatients,d,4,,877,4269,4.86773090079818,,557,4042,7.25673249551167,
2021Q3,,S08000015,,S12000021,,All Inpatients,d,4,,868,4218,4.8594470046083,,566,3935,6.95229681978799,
2021Q4,,S08000015,,S12000021,,All Inpatients,d,4,,853,4577,5.36576787807737,,507,4128,8.14201183431953,
2022Q1,,S08000015,,S12000021,,All Inpatients,d,4,,732,4498,6.1448087431694,,467,4260,9.1220556745182,
2022Q2,,S08000015,,S12000021,,All Inpatients,d,4,,782,4814,6.15601023017903,,516,4132,8.0077519379845,
2022Q3,,S08000015,,S12000021,,All Inpatients,d,4,,786,5145,6.54580152671756,,485,5624,11.5958762886598,
2022Q4,p,S08000015,,S12000021,,All Inpatients,d,4,,804,4817,5.99129353233831,,514,4394,8.54863813229572,
2017Q4,,S08000015,,S12000021,,All Inpatients,d,5,,610,3370,5.52459016393443,,374,3271,8.74598930481283,
2018Q1,,S08000015,,S12000021,,All Inpatients,d,5,,660,2755,4.17424242424242,,382,2554,6.68586387434555,
2018Q2,,S08000015,,S12000021,,All Inpatients,d,5,,613,2878,4.69494290375204,,365,2823,7.73424657534247,
2018Q3,,S08000015,,S12000021,,All Inpatients,d,5,,593,3381,5.70151770657673,,364,3397,9.33241758241758,
2018Q4,,S08000015,,S12000021,,All Inpatients,d,5,,612,3000,4.90196078431373,,352,3310,9.40340909090909,
2019Q1,,S08000015,,S12000021,,All Inpatients,d,5,,593,2898,4.88701517706577,,369,2711,7.34688346883469,
2019Q2,,S08000015,,S12000021,,All Inpatients,d,5,,593,3337,5.62731871838111,,364,3289,9.03571428571429,
2019Q3,,S08000015,,S12000021,,All Inpatients,d,5,,572,2327,4.06818181818182,,366,2798,7.6448087431694,
2019Q4,,S08000015,,S12000021,,All Inpatients,d,5,,548,2383,4.3485401459854,,331,2357,7.12084592145015,
2020Q1,,S08000015,,S12000021,,All Inpatients,d,5,,517,3100,5.99613152804642,,328,2867,8.74085365853658,
2020Q2,,S08000015,,S12000021,,All Inpatients,d,5,,380,1639,4.31315789473684,,219,1807,8.25114155251141,
2020Q3,,S08000015,,S12000021,,All Inpatients,d,5,,528,2260,4.28030303030303,,301,2085,6.92691029900332,
2020Q4,,S08000015,,S12000021,,All Inpatients,d,5,,558,3045,5.45698924731183,,340,3221,9.4735294117647,
2021Q1,,S08000015,,S12000021,,All Inpatients,d,5,,525,2811,5.35428571428571,,321,2793,8.70093457943925,
2021Q2,,S08000015,,S12000021,,All Inpatients,d,5,,573,3009,5.25130890052356,,371,2878,7.75741239892183,
2021Q3,,S08000015,,S12000021,,All Inpatients,d,5,,514,2369,4.60894941634241,,326,2196,6.7361963190184,
2021Q4,,S08000015,,S12000021,,All Inpatients,d,5,,478,3096,6.47698744769875,,322,3214,9.98136645962733,
2022Q1,,S08000015,,S12000021,,All Inpatients,d,5,,491,2811,5.72505091649695,,303,2994,9.88118811881188,
2022Q2,,S08000015,,S12000021,,All Inpatients,d,5,,529,3016,5.70132325141777,,325,2732,8.40615384615385,
2022Q3,,S08000015,,S12000021,,All Inpatients,d,5,,536,2859,5.3339552238806,,312,2837,9.09294871794872,
2022Q4,p,S08000015,,S12000021,,All Inpatients,d,5,,556,3572,6.42446043165468,,348,3680,10.5747126436782,
2022Q4,p,S08000015,,S12000021,,All Inpatients,d,,:,5,10,2,,5,10,2,
2017Q4,,S08000015,,S12000028,,All Inpatients,d,1,,1655,6179,3.73353474320242,,980,6260,6.38775510204082,
2018Q1,,S08000015,,S12000028,,All Inpatients,d,1,,1720,7993,4.64709302325581,,1010,7447,7.37326732673267,
2018Q2,,S08000015,,S12000028,,All Inpatients,d,1,,1576,6237,3.95748730964467,,964,6579,6.8246887966805,
2018Q3,,S08000015,,S12000028,,All Inpatients,d,1,,1636,5804,3.54767726161369,,1020,5934,5.81764705882353,
2018Q4,,S08000015,,S12000028,,All Inpatients,d,1,,1607,5265,3.27629122588675,,997,5266,5.28184553660983,
2019Q1,,S08000015,,S12000028,,All Inpatients,d,1,,1572,6450,4.1030534351145,,970,6206,6.3979381443299,
2019Q2,,S08000015,,S12000028,,All Inpatients,d,1,,1512,6129,4.05357142857143,,950,6152,6.47578947368421,
2019Q3,,S08000015,,S12000028,,All Inpatients,d,1,,1539,6115,3.97335932423652,,987,6541,6.62715298885512,
2019Q4,,S08000015,,S12000028,,All Inpatients,d,1,,1568,6161,3.92920918367347,,923,5977,6.47562296858071,
2020Q1,,S08000015,,S12000028,,All Inpatients,d,1,,1416,7329,5.17584745762712,,872,6866,7.87385321100917,
2020Q2,,S08000015,,S12000028,,All Inpatients,d,1,,1060,4339,4.09339622641509,,683,5312,7.77745241581259,
2020Q3,,S08000015,,S12000028,,All Inpatients,d,1,,1436,5235,3.64554317548746,,871,5060,5.80941446613088,
2020Q4,,S08000015,,S12000028,,All Inpatients,d,1,,1354,6395,4.72304283604136,,836,6424,7.68421052631579,
2021Q1,,S08000015,,S12000028,,All Inpatients,d,1,,1221,7522,6.16052416052416,,740,6188,8.36216216216216,
2021Q2,,S08000015,,S12000028,,All Inpatients,d,1,,1398,5457,3.90343347639485,,899,6091,6.77530589543938,
2021Q3,,S08000015,,S12000028,,All Inpatients,d,1,,1348,5169,3.83456973293769,,838,5895,7.0346062052506,
2021Q4,,S08000015,,S12000028,,All Inpatients,d,1,,1275,6935,5.43921568627451,,781,7060,9.03969270166453,
2022Q1,,S08000015,,S12000028,,All Inpatients,d,1,,1210,6170,5.09917355371901,,764,5812,7.60732984293194,
2022Q2,,S08000015,,S12000028,,All Inpatients,d,1,,1162,6354,5.46815834767642,,744,7027,9.44489247311828,
2022Q3,,S08000015,,S12000028,,All Inpatients,d,1,,1166,6058,5.19554030874786,,765,6019,7.86797385620915,
2022Q4,p,S08000015,,S12000028,,All Inpatients,d,1,,1110,5805,5.22972972972973,,733,6120,8.34924965893588,
2017Q4,,S08000015,,S12000028,,All Inpatients,d,2,,2240,9374,4.18482142857143,,1244,9081,7.29983922829582,
2018Q1,,S08000015,,S12000028,,All Inpatients,d,2,,2121,8552,4.03206034889203,,1214,8438,6.9505766062603,
2018Q2,,S08000015,,S12000028,,All Inpatients,d,2,,2075,8980,4.32771084337349,,1249,10090,8.07846277021617,
2018Q3,,S08000015,,S12000028,,All Inpatients,d,2,,1973,7387,3.74404460212874,,1194,7845,6.57035175879397,
2018Q4,,S08000015,,S12000028,,All Inpatients,d,2,,1991,7499,3.76644902059267,,1238,7398,5.97576736672052,
2019Q1,,S08000015,,S12000028,,All Inpatients,d,2,,2055,9056,4.40681265206813,,1288,10073,7.82065217391304,
2019Q2,,S08000015,,S12000028,,All Inpatients,d,2,,1893,6301,3.32857897517168,,1175,6905,5.87659574468085,
2019Q3,,S08000015,,S12000028,,All Inpatients,d,2,,1963,7617,3.88028527763627,,1218,7734,6.34975369458128,
2019Q4,,S08000015,,S12000028,,All Inpatients,d,2,,2022,9027,4.46439169139466,,1272,10984,8.63522012578616,
2020Q1,,S08000015,,S12000028,,All Inpatients,d,2,,1728,8117,4.69733796296296,,1073,9120,8.4995340167754,
2020Q2,,S08000015,,S12000028,,All Inpatients,d,2,,1328,5720,4.30722891566265,,814,5824,7.15479115479115,
2020Q3,,S08000015,,S12000028,,All Inpatients,d,2,,1794,6342,3.53511705685619,,1120,7027,6.27410714285714,
2020Q4,,S08000015,,S12000028,,All Inpatients,d,2,,1678,7539,4.49284862932062,,1017,7995,7.86135693215339,
2021Q1,,S08000015,,S12000028,,All Inpatients,d,2,,1635,7481,4.57553516819572,,991,7502,7.57013118062563,
2021Q2,,S08000015,,S12000028,,All Inpatients,d,2,,1769,7086,4.00565291124929,,1097,7745,7.06016408386509,
2021Q3,,S08000015,,S12000028,,All Inpatients,d,2,,1846,8286,4.48862405200433,,1172,8587,7.32679180887372,
2021Q4,,S08000015,,S12000028,,All Inpatients,d,2,,1761,8272,4.69733106189665,,1079,8765,8.12326227988879,
2022Q1,,S08000015,,S12000028,,All Inpatients,d,2,,1404,6520,4.64387464387464,,917,6812,7.42857142857143,
2022Q2,,S08000015,,S12000028,,All Inpatients,d,2,,1633,9066,5.5517452541335,,1006,9078,9.02385685884692,
2022Q3,,S08000015,,S12000028,,All Inpatients,d,2,,1466,7513,5.12482946793997,,955,7975,8.35078534031414,
2022Q4,p,S08000015,,S12000028,,All Inpatients,d,2,,1536,8379,5.455078125,,999,9005,9.01401401401401,
2017Q4,,S08000015,,S12000028,,All Inpatients,d,3,,1657,7361,4.44236572118286,,934,6790,7.26980728051392,
2018Q1,,S08000015,,S12000028,,All Inpatients,d,3,,1596,6787,4.25250626566416,,958,7425,7.75052192066806,
2018Q2,,S08000015,,S12000028,,All Inpatients,d,3,,1507,6259,4.15328467153285,,913,6613,7.24315443592552,
2018Q3,,S08000015,,S12000028,,All Inpatients,d,3,,1420,5357,3.77253521126761,,876,5050,5.7648401826484,
2018Q4,,S08000015,,S12000028,,All Inpatients,d,3,,1537,6723,4.37410540013012,,976,7265,7.44364754098361,
2019Q1,,S08000015,,S12000028,,All Inpatients,d,3,,1497,6090,4.06813627254509,,932,5784,6.20600858369099,
2019Q2,,S08000015,,S12000028,,All Inpatients,d,3,,1577,5678,3.6005072923272,,974,6195,6.36036960985626,
2019Q3,,S08000015,,S12000028,,All Inpatients,d,3,,1409,6132,4.35202271114265,,924,6555,7.09415584415584,
2019Q4,,S08000015,,S12000028,,All Inpatients,d,3,,1367,5471,4.00219458668617,,851,5777,6.78848413631022,
2020Q1,,S08000015,,S12000028,,All Inpatients,d,3,,1330,6155,4.62781954887218,,850,6566,7.72470588235294,
2020Q2,,S08000015,,S12000028,,All Inpatients,d,3,,1043,4671,4.4784276126558,,655,5438,8.30229007633588,
2020Q3,,S08000015,,S12000028,,All Inpatients,d,3,,1396,5494,3.93553008595989,,901,5596,6.21087680355161,
2020Q4,,S08000015,,S12000028,,All Inpatients,d,3,,1251,4983,3.9832134292566,,780,5314,6.81282051282051,
2021Q1,,S08000015,,S12000028,,All Inpatients,d,3,,1150,5822,5.06260869565217,,689,5906,8.57184325108853,
2021Q2,,S08000015,,S12000028,,All Inpatients,d,3,,1369,5711,4.17165814463112,,852,5948,6.981220657277,
2021Q3,,S08000015,,S12000028,,All Inpatients,d,3,,1430,5623,3.93216783216783,,863,5489,6.3603707995365,
2021Q4,,S08000015,,S12000028,,All Inpatients,d,3,,1384,7157,5.17124277456647,,880,7292,8.28636363636364,
2022Q1,,S08000015,,S12000028,,All Inpatients,d,3,,1200,6047,5.03916666666667,,786,6872,8.74300254452926,
2022Q2,,S08000015,,S12000028,,All Inpatients,d,3,,1167,6209,5.32047986289632,,783,6487,8.28480204342273,
2022Q3,,S08000015,,S12000028,,All Inpatients,d,3,,1216,6149,5.05674342105263,,799,6208,7.76971214017522,
2022Q4,p,S08000015,,S12000028,,All Inpatients,d,3,,1175,6485,5.51914893617021,,808,6940,8.58910891089109,
2017Q4,,S08000015,,S12000028,,All Inpatients,d,4,,1074,4767,4.43854748603352,,616,4834,7.8474025974026,
2018Q1,,S08000015,,S12000028,,All Inpatients,d,4,,1060,5072,4.78490566037736,,644,5050,7.8416149068323,
2018Q2,,S08000015,,S12000028,,All Inpatients,d,4,,1010,4430,4.38613861386139,,621,4455,7.17391304347826,
2018Q3,,S08000015,,S12000028,,All Inpatients,d,4,,953,4334,4.54774396642183,,570,4478,7.85614035087719,
2018Q4,,S08000015,,S12000028,,All Inpatients,d,4,,998,5190,5.20040080160321,,604,5044,8.35099337748344,
2019Q1,,S08000015,,S12000028,,All Inpatients,d,4,,1005,4575,4.55223880597015,,617,4513,7.31442463533225,
2019Q2,,S08000015,,S12000028,,All Inpatients,d,4,,989,5322,5.38119312436805,,608,4655,7.65625,
2019Q3,,S08000015,,S12000028,,All Inpatients,d,4,,1005,5145,5.11940298507463,,615,5175,8.41463414634146,
2019Q4,,S08000015,,S12000028,,All Inpatients,d,4,,1050,5580,5.31428571428571,,636,5373,8.44811320754717,
2020Q1,,S08000015,,S12000028,,All Inpatients,d,4,,930,5338,5.73978494623656,,625,5314,8.5024,
2020Q2,,S08000015,,S12000028,,All Inpatients,d,4,,676,3474,5.13905325443787,,408,3570,8.75,
2020Q3,,S08000015,,S12000028,,All Inpatients,d,4,,901,3991,4.42952275249722,,544,4364,8.02205882352941,
2020Q4,,S08000015,,S12000028,,All Inpatients,d,4,,863,3995,4.62920046349942,,539,3510,6.51205936920223,
2021Q1,,S08000015,,S12000028,,All Inpatients,d,4,,736,3347,4.54755434782609,,463,3600,7.77537796976242,
2021Q2,,S08000015,,S12000028,,All Inpatients,d,4,,861,3946,4.58304297328688,,568,4031,7.09683098591549,
2021Q3,,S08000015,,S12000028,,All Inpatients,d,4,,905,4408,4.8707182320442,,579,4206,7.26424870466321,
2021Q4,,S08000015,,S12000028,,All Inpatients,d,4,,903,4527,5.01328903654485,,543,4345,8.00184162062615,
2022Q1,,S08000015,,S12000028,,All Inpatients,d,4,,775,3922,5.06064516129032,,522,4041,7.74137931034483,
2022Q2,,S08000015,,S12000028,,All Inpatients,d,4,,853,4802,5.6295427901524,,516,4512,8.74418604651163,
2022Q3,,S08000015,,S12000028,,All Inpatients,d,4,,854,5030,5.88992974238876,,561,4827,8.60427807486631,
2022Q4,p,S08000015,,S12000028,,All Inpatients,d,4,,855,5209,6.09239766081871,,575,5547,9.64695652173913,
2017Q4,,S08000015,,S12000028,,All Inpatients,d,5,,1300,5854,4.50307692307692,,785,6019,7.66751592356688,
2018Q1,,S08000015,,S12000028,,All Inpatients,d,5,,1404,5485,3.90669515669516,,849,5271,6.20848056537102,
2018Q2,,S08000015,,S12000028,,All Inpatients,d,5,,1331,6208,4.664162283997,,810,6256,7.72345679012346,
2018Q3,,S08000015,,S12000028,,All Inpatients,d,5,,1245,4978,3.99839357429719,,742,4373,5.89353099730458,
2018Q4,,S08000015,,S12000028,,All Inpatients,d,5,,1314,5544,4.21917808219178,,785,6046,7.70191082802548,
2019Q1,,S08000015,,S12000028,,All Inpatients,d,5,,1355,6070,4.47970479704797,,830,5964,7.1855421686747,
2019Q2,,S08000015,,S12000028,,All Inpatients,d,5,,1318,5754,4.36570561456753,,843,5951,7.05931198102017,
2019Q3,,S08000015,,S12000028,,All Inpatients,d,5,,1189,6108,5.13708999158957,,742,6153,8.29245283018868,
2019Q4,,S08000015,,S12000028,,All Inpatients,d,5,,1246,5412,4.34349919743178,,779,5168,6.63414634146341,
2020Q1,,S08000015,,S12000028,,All Inpatients,d,5,,1189,5262,4.4255677039528996,,751,4983,6.63515312916112,
2020Q2,,S08000015,,S12000028,,All Inpatients,d,5,,830,4253,5.12409638554217,,522,3929,7.52681992337165,
2020Q3,,S08000015,,S12000028,,All Inpatients,d,5,,1102,4889,4.43647912885662,,677,5159,7.62038404726736,
2020Q4,,S08000015,,S12000028,,All Inpatients,d,5,,1042,5282,5.06909788867562,,631,4780,7.57527733755943,
2021Q1,,S08000015,,S12000028,,All Inpatients,d,5,,895,4933,5.51173184357542,,534,4968,9.30337078651685,
2021Q2,,S08000015,,S12000028,,All Inpatients,d,5,,1216,5391,4.43338815789474,,777,4889,6.29214929214929,
2021Q3,,S08000015,,S12000028,,All Inpatients,d,5,,1024,4758,4.646484375,,624,4411,7.06891025641026,
2021Q4,,S08000015,,S12000028,,All Inpatients,d,5,,1096,6679,6.09397810218978,,673,6538,9.7147102526003,
2022Q1,,S08000015,,S12000028,,All Inpatients,d,5,,1027,6139,5.9776046738072,,627,5828,9.29505582137161,
2022Q2,,S08000015,,S12000028,,All Inpatients,d,5,,1010,6423,6.35940594059406,,628,6143,9.78184713375796,
2022Q3,,S08000015,,S12000028,,All Inpatients,d,5,,1015,6810,6.70935960591133,,645,6709,10.4015503875969,
2022Q4,p,S08000015,,S12000028,,All Inpatients,d,5,,986,6093,6.17951318458418,,681,6181,9.07635829662261,
2022Q4,p,S08000015,,S12000028,,All Inpatients,d,,:,5,5,1,,5,5,1,
2017Q4,,S08000016,,S08000016,d,All Inpatients,d,1,,476,2110,4.4327731092437,,278,1952,7.02158273381295,
2018Q1,,S08000016,,S08000016,d,All Inpatients,d,1,,441,1855,4.20634920634921,,257,1921,7.47470817120623,
2018Q2,,S08000016,,S08000016,d,All Inpatients,d,1,,464,1702,3.66810344827586,,277,1654,5.97111913357401,
2018Q3,,S08000016,,S08000016,d,All Inpatients,d,1,,492,1836,3.73170731707317,,299,1834,6.13377926421405,
2018Q4,,S08000016,,S08000016,d,All Inpatients,d,1,,448,1396,3.11607142857143,,278,1482,5.33093525179856,
2019Q1,,S08000016,,S08000016,d,All Inpatients,d,1,,441,1783,4.04308390022676,,266,1903,7.15413533834586,
2019Q2,,S08000016,,S08000016,d,All Inpatients,d,1,,410,1352,3.29756097560976,,271,1212,4.47232472324723,
2019Q3,,S08000016,,S08000016,d,All Inpatients,d,1,,471,1897,4.0276008492569,,296,1911,6.45608108108108,
2019Q4,,S08000016,,S08000016,d,All Inpatients,d,1,,502,1711,3.40836653386454,,294,1579,5.37074829931973,
2020Q1,,S08000016,,S08000016,d,All Inpatients,d,1,,458,1422,3.10480349344978,,238,1524,6.40336134453782,
2020Q2,,S08000016,,S08000016,d,All Inpatients,d,1,,285,823,2.88771929824561,,151,848,5.6158940397351,
2020Q3,,S08000016,,S08000016,d,All Inpatients,d,1,,319,1068,3.34796238244514,,195,1039,5.32820512820513,
2020Q4,,S08000016,,S08000016,d,All Inpatients,d,1,,296,1146,3.87162162162162,,181,1106,6.11049723756906,
2021Q1,,S08000016,,S08000016,d,All Inpatients,d,1,,352,1425,4.04829545454545,,182,1455,7.9945054945055,
2021Q2,,S08000016,,S08000016,d,All Inpatients,d,1,,418,1441,3.44736842105263,,230,1395,6.06521739130435,
2021Q3,,S08000016,,S08000016,d,All Inpatients,d,1,,334,1349,4.03892215568862,,171,1305,7.63157894736842,
2021Q4,,S08000016,,S08000016,d,All Inpatients,d,1,,398,1716,4.31155778894472,,200,1586,7.93,
2022Q1,,S08000016,,S08000016,d,All Inpatients,d,1,,361,1608,4.45429362880886,,185,1866,10.0864864864865,
2022Q2,,S08000016,,S08000016,d,All Inpatients,d,1,,331,1291,3.90030211480363,,193,1285,6.6580310880829,
2022Q3,,S08000016,,S08000016,d,All Inpatients,d,1,,361,1546,4.28254847645429,,213,1237,5.8075117370892,
2022Q4,p,S08000016,,S08000016,d,All Inpatients,d,1,,291,1438,4.94158075601375,,175,1338,7.64571428571429,
2017Q4,,S08000016,,S08000016,d,All Inpatients,d,2,,1090,4520,4.14678899082569,,677,4749,7.01477104874446,
2018Q1,,S08000016,,S08000016,d,All Inpatients,d,2,,1011,4326,4.27893175074184,,573,4134,7.21465968586387,
2018Q2,,S08000016,,S08000016,d,All Inpatients,d,2,,1100,4101,3.72818181818182,,648,3928,6.06172839506173,
2018Q3,,S08000016,,S08000016,d,All Inpatients,d,2,,1182,4643,3.92808798646362,,657,5033,7.66057838660578,
2018Q4,,S08000016,,S08000016,d,All Inpatients,d,2,,1099,4189,3.81164695177434,,651,4007,6.15514592933948,
2019Q1,,S08000016,,S08000016,d,All Inpatients,d,2,,1175,3810,3.24255319148936,,688,4048,5.88372093023256,
2019Q2,,S08000016,,S08000016,d,All Inpatients,d,2,,1023,3416,3.33919843597263,,638,3491,5.4717868338558,
2019Q3,,S08000016,,S08000016,d,All Inpatients,d,2,,1087,3732,3.43330266789328,,667,3580,5.36731634182909,
2019Q4,,S08000016,,S08000016,d,All Inpatients,d,2,,1207,4372,3.62220381110191,,711,4382,6.16315049226442,
2020Q1,,S08000016,,S08000016,d,All Inpatients,d,2,,1081,3774,3.49121184088807,,592,3915,6.61317567567568,
2020Q2,,S08000016,,S08000016,d,All Inpatients,d,2,,844,2656,3.14691943127962,,408,2526,6.19117647058824,
2020Q3,,S08000016,,S08000016,d,All Inpatients,d,2,,957,3248,3.39393939393939,,520,3067,5.89807692307692,
2020Q4,,S08000016,,S08000016,d,All Inpatients,d,2,,878,3304,3.7630979498861,,540,3423,6.33888888888889,
2021Q1,,S08000016,,S08000016,d,All Inpatients,d,2,,893,3574,4.00223964165733,,475,3511,7.39157894736842,
2021Q2,,S08000016,,S08000016,d,All Inpatients,d,2,,972,3724,3.83127572016461,,537,3537,6.58659217877095,
2021Q3,,S08000016,,S08000016,d,All Inpatients,d,2,,960,3739,3.89479166666667,,492,3799,7.72154471544715,
2021Q4,,S08000016,,S08000016,d,All Inpatients,d,2,,923,4441,4.81148429035753,,476,4114,8.64285714285714,
2022Q1,,S08000016,,S08000016,d,All Inpatients,d,2,,812,4060,5,,449,3927,8.74610244988864,
2022Q2,,S08000016,,S08000016,d,All Inpatients,d,2,,834,3769,4.51918465227818,,461,3947,8.56182212581345,
2022Q3,,S08000016,,S08000016,d,All Inpatients,d,2,,832,3785,4.54927884615385,,485,3654,7.5340206185567,
2022Q4,p,S08000016,,S08000016,d,All Inpatients,d,2,,910,4951,5.44065934065934,,523,4376,8.36711281070746,
2017Q4,,S08000016,,S08000016,d,All Inpatients,d,3,,2090,8426,4.03157894736842,,1281,8278,6.46213895394223,
2018Q1,,S08000016,,S08000016,d,All Inpatients,d,3,,2202,9415,4.27565849227975,,1296,8675,6.69367283950617,
2018Q2,,S08000016,,S08000016,d,All Inpatients,d,3,,2290,8579,3.74628820960699,,1371,9066,6.61269146608315,
2018Q3,,S08000016,,S08000016,d,All Inpatients,d,3,,2234,8059,3.60743061772605,,1314,8401,6.39345509893455,
2018Q4,,S08000016,,S08000016,d,All Inpatients,d,3,,2316,8338,3.60017271157168,,1373,8214,5.98252002913329,
2019Q1,,S08000016,,S08000016,d,All Inpatients,d,3,,2316,8635,3.72841105354059,,1301,8173,6.28209069946195,
2019Q2,,S08000016,,S08000016,d,All Inpatients,d,3,,2229,8819,3.95648272768057,,1359,8550,6.29139072847682,
2019Q3,,S08000016,,S08000016,d,All Inpatients,d,3,,2078,7276,3.5014436958614,,1329,7443,5.60045146726862,
2019Q4,,S08000016,,S08000016,d,All Inpatients,d,3,,2352,7652,3.25340136054422,,1369,7373,5.38568298027757,
2020Q1,,S08000016,,S08000016,d,All Inpatients,d,3,,2225,8066,3.62516853932584,,1233,8185,6.63828061638281,
2020Q2,,S08000016,,S08000016,d,All Inpatients,d,3,,1757,5160,2.93682413204326,,906,5099,5.6280353200883,
2020Q3,,S08000016,,S08000016,d,All Inpatients,d,3,,1891,6167,3.26123744050767,,1068,6099,5.71067415730337,
2020Q4,,S08000016,,S08000016,d,All Inpatients,d,3,,1758,6902,3.92605233219568,,1047,6664,6.36485195797517,
2021Q1,,S08000016,,S08000016,d,All Inpatients,d,3,,1927,7988,4.14530358069538,,1020,8181,8.02058823529412,
2021Q2,,S08000016,,S08000016,d,All Inpatients,d,3,,2225,8331,3.74426966292135,,1196,8361,6.99080267558528,
2021Q3,,S08000016,,S08000016,d,All Inpatients,d,3,,1827,7138,3.90695128626163,,1021,7197,7.04897159647405,
2021Q4,,S08000016,,S08000016,d,All Inpatients,d,3,,1921,8211,4.27433628318584,,995,7787,7.82613065326633,
2022Q1,,S08000016,,S08000016,d,All Inpatients,d,3,,1886,8925,4.7322375397667,,987,8162,8.26950354609929,
2022Q2,,S08000016,,S08000016,d,All Inpatients,d,3,,1830,8770,4.79234972677596,,1035,9261,8.94782608695652,
2022Q3,,S08000016,,S08000016,d,All Inpatients,d,3,,1765,10103,5.72407932011331,,1037,9150,8.82352941176471,
2022Q4,p,S08000016,,S08000016,d,All Inpatients,d,3,,1803,8365,4.63948973932335,,1047,8277,7.9054441260745,
2017Q4,,S08000016,,S08000016,d,All Inpatients,d,4,,1288,5509,4.27717391304348,,794,5630,7.09068010075567,
2018Q1,,S08000016,,S08000016,d,All Inpatients,d,4,,1437,6485,4.51287404314544,,804,5984,7.44278606965174,
2018Q2,,S08000016,,S08000016,d,All Inpatients,d,4,,1523,6675,4.3827971109652,,877,6856,7.8175598631699,
2018Q3,,S08000016,,S08000016,d,All Inpatients,d,4,,1552,6166,3.9729381443299,,898,6480,7.21603563474387,
2018Q4,,S08000016,,S08000016,d,All Inpatients,d,4,,1632,6213,3.80698529411765,,931,6203,6.66272824919441,
2019Q1,,S08000016,,S08000016,d,All Inpatients,d,4,,1526,5284,3.46264744429882,,885,5483,6.1954802259887,
2019Q2,,S08000016,,S08000016,d,All Inpatients,d,4,,1473,5578,3.78682959945689,,881,5626,6.38592508513053,
2019Q3,,S08000016,,S08000016,d,All Inpatients,d,4,,1475,5768,3.91050847457627,,918,6003,6.53921568627451,
2019Q4,,S08000016,,S08000016,d,All Inpatients,d,4,,1530,5092,3.3281045751634,,878,5067,5.77107061503417,
2020Q1,,S08000016,,S08000016,d,All Inpatients,d,4,,1580,5314,3.36329113924051,,846,5273,6.23286052009456,
2020Q2,,S08000016,,S08000016,d,All Inpatients,d,4,,1078,3339,3.0974025974026,,564,3270,5.79787234042553,
2020Q3,,S08000016,,S08000016,d,All Inpatients,d,4,,1135,3929,3.46167400881057,,641,3875,6.04524180967239,
2020Q4,,S08000016,,S08000016,d,All Inpatients,d,4,,1151,4346,3.7758470894874,,673,4275,6.35215453194651,
2021Q1,,S08000016,,S08000016,d,All Inpatients,d,4,,1257,4954,3.94112967382657,,675,4866,7.20888888888889,
2021Q2,,S08000016,,S08000016,d,All Inpatients,d,4,,1544,5867,3.79987046632124,,816,5813,7.12377450980392,
2021Q3,,S08000016,,S08000016,d,All Inpatients,d,4,,1277,5510,4.31480031323414,,722,5612,7.77285318559557,
2021Q4,,S08000016,,S08000016,d,All Inpatients,d,4,,1345,6809,5.06245353159851,,730,5885,8.06164383561644,
2022Q1,,S08000016,,S08000016,d,All Inpatients,d,4,,1119,5541,4.95174262734584,,615,4942,8.03577235772358,
2022Q2,,S08000016,,S08000016,d,All Inpatients,d,4,,1192,5171,4.33808724832215,,677,5349,7.90103397341211,
2022Q3,,S08000016,,S08000016,d,All Inpatients,d,4,,1146,6689,5.83682373472949,,664,6631,9.98644578313253,
2022Q4,p,S08000016,,S08000016,d,All Inpatients,d,4,,1169,6308,5.39606501283148,,709,5946,8.38645980253879,
2017Q4,,S08000016,,S08000016,d,All Inpatients,d,5,,357,1360,3.80952380952381,,229,1456,6.35807860262009,
2018Q1,,S08000016,,S08000016,d,All Inpatients,d,5,,355,1743,4.90985915492958,,214,1742,8.14018691588785,
2018Q2,,S08000016,,S08000016,d,All Inpatients,d,5,,333,1140,3.42342342342342,,198,1185,5.98484848484848,
2018Q3,,S08000016,,S08000016,d,All Inpatients,d,5,,355,1219,3.43380281690141,,214,1306,6.10280373831776,
2018Q4,,S08000016,,S08000016,d,All Inpatients,d,5,,338,1121,3.31656804733728,,208,1058,5.08653846153846,
2019Q1,,S08000016,,S08000016,d,All Inpatients,d,5,,282,1091,3.86879432624113,,175,1132,6.46857142857143,
2019Q2,,S08000016,,S08000016,d,All Inpatients,d,5,,328,1192,3.63414634146341,,223,1381,6.19282511210762,
2019Q3,,S08000016,,S08000016,d,All Inpatients,d,5,,361,1194,3.30747922437673,,220,1145,5.20454545454545,
2019Q4,,S08000016,,S08000016,d,All Inpatients,d,5,,386,1264,3.27461139896373,,229,1295,5.65502183406114,
2020Q1,,S08000016,,S08000016,d,All Inpatients,d,5,,356,1387,3.89606741573034,,195,1416,7.26153846153846,
2020Q2,,S08000016,,S08000016,d,All Inpatients,d,5,,338,927,2.74260355029586,,167,955,5.7185628742515,
2020Q3,,S08000016,,S08000016,d,All Inpatients,d,5,,342,972,2.8421052631579,,193,1060,5.49222797927461,
2020Q4,,S08000016,,S08000016,d,All Inpatients,d,5,,324,1200,3.7037037037037,,186,994,5.34408602150538,
2021Q1,,S08000016,,S08000016,d,All Inpatients,d,5,,302,1306,4.32450331125828,,159,1478,9.29559748427673,
2021Q2,,S08000016,,S08000016,d,All Inpatients,d,5,,330,1003,3.03939393939394,,190,881,4.63684210526316,
2021Q3,,S08000016,,S08000016,d,All Inpatients,d,5,,325,1267,3.89846153846154,,185,1199,6.48108108108108,
2021Q4,,S08000016,,S08000016,d,All Inpatients,d,5,,319,1525,4.78056426332288,,180,1507,8.37222222222222,
2022Q1,,S08000016,,S08000016,d,All Inpatients,d,5,,355,1611,4.53802816901408,,186,1361,7.31720430107527,
2022Q2,,S08000016,,S08000016,d,All Inpatients,d,5,,318,1606,5.0503144654088,,180,1599,8.88333333333333,
2022Q3,,S08000016,,S08000016,d,All Inpatients,d,5,,326,1444,4.42944785276074,,185,1783,9.63783783783784,
2022Q4,p,S08000016,,S08000016,d,All Inpatients,d,5,,284,1193,4.20070422535211,,171,1202,7.02923976608187,
2017Q4,,S08000016,,S12000026,,All Inpatients,d,1,,476,2110,4.4327731092437,,278,1952,7.02158273381295,
2018Q1,,S08000016,,S12000026,,All Inpatients,d,1,,441,1855,4.20634920634921,,257,1921,7.47470817120623,
2018Q2,,S08000016,,S12000026,,All Inpatients,d,1,,464,1702,3.66810344827586,,277,1654,5.97111913357401,
2018Q3,,S08000016,,S12000026,,All Inpatients,d,1,,492,1836,3.73170731707317,,299,1834,6.13377926421405,
2018Q4,,S08000016,,S12000026,,All Inpatients,d,1,,448,1396,3.11607142857143,,278,1482,5.33093525179856,
2019Q1,,S08000016,,S12000026,,All Inpatients,d,1,,441,1783,4.04308390022676,,266,1903,7.15413533834586,
2019Q2,,S08000016,,S12000026,,All Inpatients,d,1,,410,1352,3.29756097560976,,271,1212,4.47232472324723,
2019Q3,,S08000016,,S12000026,,All Inpatients,d,1,,471,1897,4.0276008492569,,296,1911,6.45608108108108,
2019Q4,,S08000016,,S12000026,,All Inpatients,d,1,,502,1711,3.40836653386454,,294,1579,5.37074829931973,
2020Q1,,S08000016,,S12000026,,All Inpatients,d,1,,458,1422,3.10480349344978,,238,1524,6.40336134453782,
2020Q2,,S08000016,,S12000026,,All Inpatients,d,1,,285,823,2.88771929824561,,151,848,5.6158940397351,
2020Q3,,S08000016,,S12000026,,All Inpatients,d,1,,319,1068,3.34796238244514,,195,1039,5.32820512820513,
2020Q4,,S08000016,,S12000026,,All Inpatients,d,1,,296,1146,3.87162162162162,,181,1106,6.11049723756906,
2021Q1,,S08000016,,S12000026,,All Inpatients,d,1,,352,1425,4.04829545454545,,182,1455,7.9945054945055,
2021Q2,,S08000016,,S12000026,,All Inpatients,d,1,,418,1441,3.44736842105263,,230,1395,6.06521739130435,
2021Q3,,S08000016,,S12000026,,All Inpatients,d,1,,334,1349,4.03892215568862,,171,1305,7.63157894736842,
2021Q4,,S08000016,,S12000026,,All Inpatients,d,1,,398,1716,4.31155778894472,,200,1586,7.93,
2022Q1,,S08000016,,S12000026,,All Inpatients,d,1,,361,1608,4.45429362880886,,185,1866,10.0864864864865,
2022Q2,,S08000016,,S12000026,,All Inpatients,d,1,,331,1291,3.90030211480363,,193,1285,6.6580310880829,
2022Q3,,S08000016,,S12000026,,All Inpatients,d,1,,361,1546,4.28254847645429,,213,1237,5.8075117370892,
2022Q4,p,S08000016,,S12000026,,All Inpatients,d,1,,291,1438,4.94158075601375,,175,1338,7.64571428571429,
2017Q4,,S08000016,,S12000026,,All Inpatients,d,2,,1090,4520,4.14678899082569,,677,4749,7.01477104874446,
2018Q1,,S08000016,,S12000026,,All Inpatients,d,2,,1011,4326,4.27893175074184,,573,4134,7.21465968586387,
2018Q2,,S08000016,,S12000026,,All Inpatients,d,2,,1100,4101,3.72818181818182,,648,3928,6.06172839506173,
2018Q3,,S08000016,,S12000026,,All Inpatients,d,2,,1182,4643,3.92808798646362,,657,5033,7.66057838660578,
2018Q4,,S08000016,,S12000026,,All Inpatients,d,2,,1099,4189,3.81164695177434,,651,4007,6.15514592933948,
2019Q1,,S08000016,,S12000026,,All Inpatients,d,2,,1175,3810,3.24255319148936,,688,4048,5.88372093023256,
2019Q2,,S08000016,,S12000026,,All Inpatients,d,2,,1023,3416,3.33919843597263,,638,3491,5.4717868338558,
2019Q3,,S08000016,,S12000026,,All Inpatients,d,2,,1087,3732,3.43330266789328,,667,3580,5.36731634182909,
2019Q4,,S08000016,,S12000026,,All Inpatients,d,2,,1207,4372,3.62220381110191,,711,4382,6.16315049226442,
2020Q1,,S08000016,,S12000026,,All Inpatients,d,2,,1081,3774,3.49121184088807,,592,3915,6.61317567567568,
2020Q2,,S08000016,,S12000026,,All Inpatients,d,2,,844,2656,3.14691943127962,,408,2526,6.19117647058824,
2020Q3,,S08000016,,S12000026,,All Inpatients,d,2,,957,3248,3.39393939393939,,520,3067,5.89807692307692,
2020Q4,,S08000016,,S12000026,,All Inpatients,d,2,,878,3304,3.7630979498861,,540,3423,6.33888888888889,
2021Q1,,S08000016,,S12000026,,All Inpatients,d,2,,893,3574,4.00223964165733,,475,3511,7.39157894736842,
2021Q2,,S08000016,,S12000026,,All Inpatients,d,2,,972,3724,3.83127572016461,,537,3537,6.58659217877095,
2021Q3,,S08000016,,S12000026,,All Inpatients,d,2,,960,3739,3.89479166666667,,492,3799,7.72154471544715,
2021Q4,,S08000016,,S12000026,,All Inpatients,d,2,,923,4441,4.81148429035753,,476,4114,8.64285714285714,
2022Q1,,S08000016,,S12000026,,All Inpatients,d,2,,812,4060,5,,449,3927,8.74610244988864,
2022Q2,,S08000016,,S12000026,,All Inpatients,d,2,,834,3769,4.51918465227818,,461,3947,8.56182212581345,
2022Q3,,S08000016,,S12000026,,All Inpatients,d,2,,832,3785,4.54927884615385,,485,3654,7.5340206185567,
2022Q4,p,S08000016,,S12000026,,All Inpatients,d,2,,910,4951,5.44065934065934,,523,4376,8.36711281070746,
2017Q4,,S08000016,,S12000026,,All Inpatients,d,3,,2090,8426,4.03157894736842,,1281,8278,6.46213895394223,
2018Q1,,S08000016,,S12000026,,All Inpatients,d,3,,2202,9415,4.27565849227975,,1296,8675,6.69367283950617,
2018Q2,,S08000016,,S12000026,,All Inpatients,d,3,,2290,8579,3.74628820960699,,1371,9066,6.61269146608315,
2018Q3,,S08000016,,S12000026,,All Inpatients,d,3,,2234,8059,3.60743061772605,,1314,8401,6.39345509893455,
2018Q4,,S08000016,,S12000026,,All Inpatients,d,3,,2316,8338,3.60017271157168,,1373,8214,5.98252002913329,
2019Q1,,S08000016,,S12000026,,All Inpatients,d,3,,2316,8635,3.72841105354059,,1301,8173,6.28209069946195,
2019Q2,,S08000016,,S12000026,,All Inpatients,d,3,,2229,8819,3.95648272768057,,1359,8550,6.29139072847682,
2019Q3,,S08000016,,S12000026,,All Inpatients,d,3,,2078,7276,3.5014436958614,,1329,7443,5.60045146726862,
2019Q4,,S08000016,,S12000026,,All Inpatients,d,3,,2352,7652,3.25340136054422,,1369,7373,5.38568298027757,
2020Q1,,S08000016,,S12000026,,All Inpatients,d,3,,2225,8066,3.62516853932584,,1233,8185,6.63828061638281,
2020Q2,,S08000016,,S12000026,,All Inpatients,d,3,,1757,5160,2.93682413204326,,906,5099,5.6280353200883,
2020Q3,,S08000016,,S12000026,,All Inpatients,d,3,,1891,6167,3.26123744050767,,1068,6099,5.71067415730337,
2020Q4,,S08000016,,S12000026,,All Inpatients,d,3,,1758,6902,3.92605233219568,,1047,6664,6.36485195797517,
2021Q1,,S08000016,,S12000026,,All Inpatients,d,3,,1927,7988,4.14530358069538,,1020,8181,8.02058823529412,
2021Q2,,S08000016,,S12000026,,All Inpatients,d,3,,2225,8331,3.74426966292135,,1196,8361,6.99080267558528,
2021Q3,,S08000016,,S12000026,,All Inpatients,d,3,,1827,7138,3.90695128626163,,1021,7197,7.04897159647405,
2021Q4,,S08000016,,S12000026,,All Inpatients,d,3,,1921,8211,4.27433628318584,,995,7787,7.82613065326633,
2022Q1,,S08000016,,S12000026,,All Inpatients,d,3,,1886,8925,4.7322375397667,,987,8162,8.26950354609929,
2022Q2,,S08000016,,S12000026,,All Inpatients,d,3,,1830,8770,4.79234972677596,,1035,9261,8.94782608695652,
2022Q3,,S08000016,,S12000026,,All Inpatients,d,3,,1765,10103,5.72407932011331,,1037,9150,8.82352941176471,
2022Q4,p,S08000016,,S12000026,,All Inpatients,d,3,,1803,8365,4.63948973932335,,1047,8277,7.9054441260745,
2017Q4,,S08000016,,S12000026,,All Inpatients,d,4,,1288,5509,4.27717391304348,,794,5630,7.09068010075567,
2018Q1,,S08000016,,S12000026,,All Inpatients,d,4,,1437,6485,4.51287404314544,,804,5984,7.44278606965174,
2018Q2,,S08000016,,S12000026,,All Inpatients,d,4,,1523,6675,4.3827971109652,,877,6856,7.8175598631699,
2018Q3,,S08000016,,S12000026,,All Inpatients,d,4,,1552,6166,3.9729381443299,,898,6480,7.21603563474387,
2018Q4,,S08000016,,S12000026,,All Inpatients,d,4,,1632,6213,3.80698529411765,,931,6203,6.66272824919441,
2019Q1,,S08000016,,S12000026,,All Inpatients,d,4,,1526,5284,3.46264744429882,,885,5483,6.1954802259887,
2019Q2,,S08000016,,S12000026,,All Inpatients,d,4,,1473,5578,3.78682959945689,,881,5626,6.38592508513053,
2019Q3,,S08000016,,S12000026,,All Inpatients,d,4,,1475,5768,3.91050847457627,,918,6003,6.53921568627451,
2019Q4,,S08000016,,S12000026,,All Inpatients,d,4,,1530,5092,3.3281045751634,,878,5067,5.77107061503417,
2020Q1,,S08000016,,S12000026,,All Inpatients,d,4,,1580,5314,3.36329113924051,,846,5273,6.23286052009456,
2020Q2,,S08000016,,S12000026,,All Inpatients,d,4,,1078,3339,3.0974025974026,,564,3270,5.79787234042553,
2020Q3,,S08000016,,S12000026,,All Inpatients,d,4,,1135,3929,3.46167400881057,,641,3875,6.04524180967239,
2020Q4,,S08000016,,S12000026,,All Inpatients,d,4,,1151,4346,3.7758470894874,,673,4275,6.35215453194651,
2021Q1,,S08000016,,S12000026,,All Inpatients,d,4,,1257,4954,3.94112967382657,,675,4866,7.20888888888889,
2021Q2,,S08000016,,S12000026,,All Inpatients,d,4,,1544,5867,3.79987046632124,,816,5813,7.12377450980392,
2021Q3,,S08000016,,S12000026,,All Inpatients,d,4,,1277,5510,4.31480031323414,,722,5612,7.77285318559557,
2021Q4,,S08000016,,S12000026,,All Inpatients,d,4,,1345,6809,5.06245353159851,,730,5885,8.06164383561644,
2022Q1,,S08000016,,S12000026,,All Inpatients,d,4,,1119,5541,4.95174262734584,,615,4942,8.03577235772358,
2022Q2,,S08000016,,S12000026,,All Inpatients,d,4,,1192,5171,4.33808724832215,,677,5349,7.90103397341211,
2022Q3,,S08000016,,S12000026,,All Inpatients,d,4,,1146,6689,5.83682373472949,,664,6631,9.98644578313253,
2022Q4,p,S08000016,,S12000026,,All Inpatients,d,4,,1169,6308,5.39606501283148,,709,5946,8.38645980253879,
2017Q4,,S08000016,,S12000026,,All Inpatients,d,5,,357,1360,3.80952380952381,,229,1456,6.35807860262009,
2018Q1,,S08000016,,S12000026,,All Inpatients,d,5,,355,1743,4.90985915492958,,214,1742,8.14018691588785,
2018Q2,,S08000016,,S12000026,,All Inpatients,d,5,,333,1140,3.42342342342342,,198,1185,5.98484848484848,
2018Q3,,S08000016,,S12000026,,All Inpatients,d,5,,355,1219,3.43380281690141,,214,1306,6.10280373831776,
2018Q4,,S08000016,,S12000026,,All Inpatients,d,5,,338,1121,3.31656804733728,,208,1058,5.08653846153846,
2019Q1,,S08000016,,S12000026,,All Inpatients,d,5,,282,1091,3.86879432624113,,175,1132,6.46857142857143,
2019Q2,,S08000016,,S12000026,,All Inpatients,d,5,,328,1192,3.63414634146341,,223,1381,6.19282511210762,
2019Q3,,S08000016,,S12000026,,All Inpatients,d,5,,361,1194,3.30747922437673,,220,1145,5.20454545454545,
2019Q4,,S08000016,,S12000026,,All Inpatients,d,5,,386,1264,3.27461139896373,,229,1295,5.65502183406114,
2020Q1,,S08000016,,S12000026,,All Inpatients,d,5,,356,1387,3.89606741573034,,195,1416,7.26153846153846,
2020Q2,,S08000016,,S12000026,,All Inpatients,d,5,,338,927,2.74260355029586,,167,955,5.7185628742515,
2020Q3,,S08000016,,S12000026,,All Inpatients,d,5,,342,972,2.8421052631579,,193,1060,5.49222797927461,
2020Q4,,S08000016,,S12000026,,All Inpatients,d,5,,324,1200,3.7037037037037,,186,994,5.34408602150538,
2021Q1,,S08000016,,S12000026,,All Inpatients,d,5,,302,1306,4.32450331125828,,159,1478,9.29559748427673,
2021Q2,,S08000016,,S12000026,,All Inpatients,d,5,,330,1003,3.03939393939394,,190,881,4.63684210526316,
2021Q3,,S08000016,,S12000026,,All Inpatients,d,5,,325,1267,3.89846153846154,,185,1199,6.48108108108108,
2021Q4,,S08000016,,S12000026,,All Inpatients,d,5,,319,1525,4.78056426332288,,180,1507,8.37222222222222,
2022Q1,,S08000016,,S12000026,,All Inpatients,d,5,,355,1611,4.53802816901408,,186,1361,7.31720430107527,
2022Q2,,S08000016,,S12000026,,All Inpatients,d,5,,318,1606,5.0503144654088,,180,1599,8.88333333333333,
2022Q3,,S08000016,,S12000026,,All Inpatients,d,5,,326,1444,4.42944785276074,,185,1783,9.63783783783784,
2022Q4,p,S08000016,,S12000026,,All Inpatients,d,5,,284,1193,4.20070422535211,,171,1202,7.02923976608187,
2017Q4,,S08000017,,S12000006,,All Inpatients,d,1,,806,2856,3.54342431761787,,453,2615,5.77262693156733,
2018Q1,,S08000017,,S12000006,,All Inpatients,d,1,,784,3357,4.28188775510204,,488,3504,7.18032786885246,
2018Q2,,S08000017,,S12000006,,All Inpatients,d,1,,863,2824,3.27230590961761,,490,2682,5.4734693877551,
2018Q3,,S08000017,,S12000006,,All Inpatients,d,1,,787,2873,3.65057179161372,,486,3112,6.40329218106996,
2018Q4,,S08000017,,S12000006,,All Inpatients,d,1,,845,2822,3.3396449704142,,467,2617,5.60385438972163,
2019Q1,,S08000017,,S12000006,,All Inpatients,d,1,,945,3123,3.3047619047619,,501,3161,6.30938123752495,
2019Q2,,S08000017,,S12000006,,All Inpatients,d,1,,968,3377,3.48863636363636,,548,3536,6.45255474452555,
2019Q3,,S08000017,,S12000006,,All Inpatients,d,1,,925,3591,3.88216216216216,,509,3570,7.01375245579568,
2019Q4,,S08000017,,S12000006,,All Inpatients,d,1,,919,3119,3.39390642002176,,489,2850,5.82822085889571,
2020Q1,,S08000017,,S12000006,,All Inpatients,d,1,,776,3547,4.57087628865979,,456,4208,9.2280701754386,
2020Q2,,S08000017,,S12000006,,All Inpatients,d,1,,637,2017,3.16640502354788,,329,1646,5.00303951367781,
2020Q3,,S08000017,,S12000006,,All Inpatients,d,1,,706,3241,4.59065155807365,,423,3032,7.16784869976359,
2020Q4,,S08000017,,S12000006,,All Inpatients,d,1,,738,2648,3.58807588075881,,437,2583,5.91075514874142,
2021Q1,,S08000017,,S12000006,,All Inpatients,d,1,,680,2218,3.26176470588235,,392,2435,6.21173469387755,
2021Q2,,S08000017,,S12000006,,All Inpatients,d,1,,831,2812,3.38387484957882,,481,2918,6.06652806652807,
2021Q3,,S08000017,,S12000006,,All Inpatients,d,1,,844,3452,4.09004739336493,,494,3293,6.66599190283401,
2021Q4,,S08000017,,S12000006,,All Inpatients,d,1,,604,2768,4.58278145695364,,382,3241,8.48429319371728,
2022Q1,,S08000017,,S12000006,,All Inpatients,d,1,,653,2215,3.39203675344564,,372,2387,6.41666666666667,
2022Q2,,S08000017,,S12000006,,All Inpatients,d,1,,727,2633,3.62173314993122,,421,3461,8.2209026128266,
2022Q3,,S08000017,,S12000006,,All Inpatients,d,1,,665,2920,4.39097744360902,,405,3882,9.58518518518519,
2022Q4,p,S08000017,,S12000006,,All Inpatients,d,1,,604,2226,3.68543046357616,,358,2642,7.37988826815642,
2017Q4,,S08000017,,S12000006,,All Inpatients,d,2,,2153,9897,4.59684161634928,,1220,10129,8.30245901639344,
2018Q1,,S08000017,,S12000006,,All Inpatients,d,2,,2130,8416,3.95117370892019,,1209,8853,7.32258064516129,
2018Q2,,S08000017,,S12000006,,All Inpatients,d,2,,2149,9056,4.21405304792927,,1195,9176,7.67866108786611,
2018Q3,,S08000017,,S12000006,,All Inpatients,d,2,,2208,8860,4.01268115942029,,1230,10022,8.1479674796748,
2018Q4,,S08000017,,S12000006,,All Inpatients,d,2,,2295,8948,3.89891067538126,,1304,8866,6.79907975460123,
2019Q1,,S08000017,,S12000006,,All Inpatients,d,2,,2392,8610,3.5994983277592,,1266,9478,7.48657187993681,
2019Q2,,S08000017,,S12000006,,All Inpatients,d,2,,2364,8314,3.51692047377327,,1259,9098,7.2263701350278,
2019Q3,,S08000017,,S12000006,,All Inpatients,d,2,,2341,9610,4.10508329773601,,1291,9618,7.45003872966693,
2019Q4,,S08000017,,S12000006,,All Inpatients,d,2,,2250,9486,4.216,,1214,9825,8.09308072487644,
2020Q1,,S08000017,,S12000006,,All Inpatients,d,2,,2175,9352,4.29977011494253,,1169,10783,9.2241231822070109,
2020Q2,,S08000017,,S12000006,,All Inpatients,d,2,,1468,5530,3.76702997275204,,790,5336,6.75443037974684,
2020Q3,,S08000017,,S12000006,,All Inpatients,d,2,,1929,7836,4.06220839813375,,1039,8251,7.94128970163619,
2020Q4,,S08000017,,S12000006,,All Inpatients,d,2,,2071,8030,3.87735393529696,,1130,7989,7.06991150442478,
2021Q1,,S08000017,,S12000006,,All Inpatients,d,2,,1912,7676,4.01464435146443,,1065,7920,7.43661971830986,
2021Q2,,S08000017,,S12000006,,All Inpatients,d,2,,2075,7915,3.8144578313253,,1230,9114,7.40975609756098,
2021Q3,,S08000017,,S12000006,,All Inpatients,d,2,,1863,7616,4.08803005904455,,1083,7776,7.18005540166205,
2021Q4,,S08000017,,S12000006,,All Inpatients,d,2,,1721,7060,4.10226612434631,,981,7566,7.71253822629969,
2022Q1,,S08000017,,S12000006,,All Inpatients,d,2,,1792,6905,3.85323660714286,,1053,8135,7.72554605887939,
2022Q2,,S08000017,,S12000006,,All Inpatients,d,2,,1950,7678,3.9374358974359,,1106,8809,7.96473779385172,
2022Q3,,S08000017,,S12000006,,All Inpatients,d,2,,1626,6971,4.28720787207872,,942,7477,7.93736730360934,
2022Q4,p,S08000017,,S12000006,,All Inpatients,d,2,,1763,7379,4.18547929665343,,1056,9589,9.08049242424242,
2017Q4,,S08000017,,S12000006,,All Inpatients,d,3,,3237,12969,4.0064874884152,,1841,14289,7.76154263986964,
2018Q1,,S08000017,,S12000006,,All Inpatients,d,3,,3368,13835,4.10777909738717,,1935,15596,8.05994832041344,
2018Q2,,S08000017,,S12000006,,All Inpatients,d,3,,3225,12184,3.77798449612403,,1847,13669,7.40064970221982,
2018Q3,,S08000017,,S12000006,,All Inpatients,d,3,,3252,12446,3.82718327183272,,1829,13419,7.33679606342264,
2018Q4,,S08000017,,S12000006,,All Inpatients,d,3,,3247,12626,3.88851247305205,,1812,14145,7.80629139072848,
2019Q1,,S08000017,,S12000006,,All Inpatients,d,3,,3480,13633,3.91752873563218,,1816,15113,8.32213656387665,
2019Q2,,S08000017,,S12000006,,All Inpatients,d,3,,3515,14067,4.00199146514936,,1960,15792,8.05714285714286,
2019Q3,,S08000017,,S12000006,,All Inpatients,d,3,,3145,12590,4.0031796502384704,,1770,14481,8.18135593220339,
2019Q4,,S08000017,,S12000006,,All Inpatients,d,3,,3458,14239,4.1176980913823,,1937,15945,8.23180175529169,
2020Q1,,S08000017,,S12000006,,All Inpatients,d,3,,3214,13837,4.30522713130056,,1777,16985,9.55824423185143,
2020Q2,,S08000017,,S12000006,,All Inpatients,d,3,,2202,8402,3.81562216167121,,1201,9874,8.22148209825146,
2020Q3,,S08000017,,S12000006,,All Inpatients,d,3,,2954,11836,4.00677048070413,,1651,11714,7.09509388249546,
2020Q4,,S08000017,,S12000006,,All Inpatients,d,3,,3063,13272,4.33300685602351,,1702,12909,7.58460634547591,
2021Q1,,S08000017,,S12000006,,All Inpatients,d,3,,2735,11092,4.05557586837294,,1544,12899,8.35427461139896,
2021Q2,,S08000017,,S12000006,,All Inpatients,d,3,,3001,11049,3.68177274241919,,1748,12668,7.24713958810069,
2021Q3,,S08000017,,S12000006,,All Inpatients,d,3,,2683,11530,4.29742825195676,,1564,12035,7.69501278772379,
2021Q4,,S08000017,,S12000006,,All Inpatients,d,3,,2875,12914,4.49182608695652,,1637,14398,8.79535736102627,
2022Q1,,S08000017,,S12000006,,All Inpatients,d,3,,2743,10813,3.94203426904849,,1594,13041,8.18130489335006,
2022Q2,,S08000017,,S12000006,,All Inpatients,d,3,,2751,11588,4.21228644129407,,1612,13044,8.09181141439206,
2022Q3,,S08000017,,S12000006,,All Inpatients,d,3,,2720,12633,4.64448529411765,,1640,14439,8.80426829268293,
2022Q4,p,S08000017,,S12000006,,All Inpatients,d,3,,2753,12660,4.59861968761351,,1666,14345,8.61044417767107,
2017Q4,,S08000017,,S12000006,,All Inpatients,d,4,,1247,4981,3.9943865276664,,707,4893,6.92079207920792,
2018Q1,,S08000017,,S12000006,,All Inpatients,d,4,,1176,5070,4.31122448979592,,672,5867,8.73065476190476,
2018Q2,,S08000017,,S12000006,,All Inpatients,d,4,,1266,4994,3.94470774091627,,722,5181,7.17590027700831,
2018Q3,,S08000017,,S12000006,,All Inpatients,d,4,,1309,5301,4.04965622612681,,744,6121,8.22715053763441,
2018Q4,,S08000017,,S12000006,,All Inpatients,d,4,,1304,4950,3.79601226993865,,744,6004,8.06989247311828,
2019Q1,,S08000017,,S12000006,,All Inpatients,d,4,,1469,5657,3.85091899251191,,745,5774,7.7503355704698,
2019Q2,,S08000017,,S12000006,,All Inpatients,d,4,,1383,5381,3.89081706435286,,739,5956,8.0595399188092,
2019Q3,,S08000017,,S12000006,,All Inpatients,d,4,,1292,5461,4.22678018575851,,722,6398,8.86149584487535,
2019Q4,,S08000017,,S12000006,,All Inpatients,d,4,,1399,5234,3.74124374553252,,771,5738,7.44228274967575,
2020Q1,,S08000017,,S12000006,,All Inpatients,d,4,,1242,5378,4.33011272141707,,692,6699,9.68063583815029,
2020Q2,,S08000017,,S12000006,,All Inpatients,d,4,,901,3420,3.79578246392897,,491,3826,7.79226069246436,
2020Q3,,S08000017,,S12000006,,All Inpatients,d,4,,1170,4366,3.73162393162393,,649,4393,6.76887519260401,
2020Q4,,S08000017,,S12000006,,All Inpatients,d,4,,1081,3848,3.55966697502313,,644,3979,6.17857142857143,
2021Q1,,S08000017,,S12000006,,All Inpatients,d,4,,1080,4451,4.1212962962963,,612,5127,8.37745098039216,
2021Q2,,S08000017,,S12000006,,All Inpatients,d,4,,1228,4205,3.4242671009772,,722,4949,6.85457063711911,
2021Q3,,S08000017,,S12000006,,All Inpatients,d,4,,1142,5087,4.45446584938704,,668,5702,8.53592814371257,
2021Q4,,S08000017,,S12000006,,All Inpatients,d,4,,1109,5099,4.59783588818756,,669,5964,8.91479820627803,
2022Q1,,S08000017,,S12000006,,All Inpatients,d,4,,1076,4873,4.52881040892193,,640,5881,9.1890625,
2022Q2,,S08000017,,S12000006,,All Inpatients,d,4,,1182,4512,3.81725888324873,,697,5794,8.31276901004304,
2022Q3,,S08000017,,S12000006,,All Inpatients,d,4,,1071,4883,4.55929038281979,,648,6821,10.5262345679012,
2022Q4,p,S08000017,,S12000006,,All Inpatients,d,4,,1085,4520,4.16589861751152,,654,5194,7.94189602446483,
2017Q4,,S08000017,,S12000006,,All Inpatients,d,5,,519,1936,3.73025048169557,,317,1936,6.10725552050473,
2018Q1,,S08000017,,S12000006,,All Inpatients,d,5,,584,2234,3.82534246575342,,329,2306,7.00911854103343,
2018Q2,,S08000017,,S12000006,,All Inpatients,d,5,,597,2228,3.7319932998325,,365,2570,7.04109589041096,
2018Q3,,S08000017,,S12000006,,All Inpatients,d,5,,598,2249,3.76086956521739,,368,2397,6.51358695652174,
2018Q4,,S08000017,,S12000006,,All Inpatients,d,5,,601,2509,4.17470881863561,,340,2727,8.02058823529412,
2019Q1,,S08000017,,S12000006,,All Inpatients,d,5,,567,2260,3.98589065255732,,315,2312,7.33968253968254,
2019Q2,,S08000017,,S12000006,,All Inpatients,d,5,,564,2091,3.70744680851064,,305,2068,6.78032786885246,
2019Q3,,S08000017,,S12000006,,All Inpatients,d,5,,488,1988,4.07377049180328,,292,2231,7.64041095890411,
2019Q4,,S08000017,,S12000006,,All Inpatients,d,5,,609,2342,3.84564860426929,,351,2292,6.52991452991453,
2020Q1,,S08000017,,S12000006,,All Inpatients,d,5,,597,3128,5.23953098827471,,345,3569,10.3449275362319,
2020Q2,,S08000017,,S12000006,,All Inpatients,d,5,,392,1571,4.00765306122449,,206,1766,8.57281553398058,
2020Q3,,S08000017,,S12000006,,All Inpatients,d,5,,466,1810,3.88412017167382,,292,1900,6.50684931506849,
2020Q4,,S08000017,,S12000006,,All Inpatients,d,5,,502,1670,3.32669322709163,,288,1589,5.51736111111111,
2021Q1,,S08000017,,S12000006,,All Inpatients,d,5,,483,1756,3.63561076604555,,288,2158,7.49305555555556,
2021Q2,,S08000017,,S12000006,,All Inpatients,d,5,,559,1804,3.22719141323792,,346,1772,5.12138728323699,
2021Q3,,S08000017,,S12000006,,All Inpatients,d,5,,496,2175,4.38508064516129,,292,2683,9.18835616438356,
2021Q4,,S08000017,,S12000006,,All Inpatients,d,5,,554,2352,4.24548736462094,,325,2644,8.13538461538461,
2022Q1,,S08000017,,S12000006,,All Inpatients,d,5,,542,2382,4.39483394833948,,333,2524,7.57957957957958,
2022Q2,,S08000017,,S12000006,,All Inpatients,d,5,,495,2211,4.46666666666667,,314,2257,7.18789808917197,
2022Q3,,S08000017,,S12000006,,All Inpatients,d,5,,521,2272,4.36084452975048,,325,2809,8.64307692307692,
2022Q4,p,S08000017,,S12000006,,All Inpatients,d,5,,561,2665,4.75044563279857,,341,2835,8.31378299120235,
2022Q3,,S08000017,,S12000006,,All Inpatients,d,,:,10,17,1.7,,5,17,3.4,
2022Q4,p,S08000017,,S12000006,,All Inpatients,d,,:,10,15,1.5,,5,17,3.4,
2017Q4,,S08000017,,S08000017,d,All Inpatients,d,1,,806,2856,3.54342431761787,,453,2615,5.77262693156733,
2018Q1,,S08000017,,S08000017,d,All Inpatients,d,1,,784,3357,4.28188775510204,,488,3504,7.18032786885246,
2018Q2,,S08000017,,S08000017,d,All Inpatients,d,1,,863,2824,3.27230590961761,,490,2682,5.4734693877551,
2018Q3,,S08000017,,S08000017,d,All Inpatients,d,1,,787,2873,3.65057179161372,,486,3112,6.40329218106996,
2018Q4,,S08000017,,S08000017,d,All Inpatients,d,1,,845,2822,3.3396449704142,,467,2617,5.60385438972163,
2019Q1,,S08000017,,S08000017,d,All Inpatients,d,1,,945,3123,3.3047619047619,,501,3161,6.30938123752495,
2019Q2,,S08000017,,S08000017,d,All Inpatients,d,1,,968,3377,3.48863636363636,,548,3536,6.45255474452555,
2019Q3,,S08000017,,S08000017,d,All Inpatients,d,1,,925,3591,3.88216216216216,,509,3570,7.01375245579568,
2019Q4,,S08000017,,S08000017,d,All Inpatients,d,1,,919,3119,3.39390642002176,,489,2850,5.82822085889571,
2020Q1,,S08000017,,S08000017,d,All Inpatients,d,1,,776,3547,4.57087628865979,,456,4208,9.2280701754386,
2020Q2,,S08000017,,S08000017,d,All Inpatients,d,1,,637,2017,3.16640502354788,,329,1646,5.00303951367781,
2020Q3,,S08000017,,S08000017,d,All Inpatients,d,1,,706,3241,4.59065155807365,,423,3032,7.16784869976359,
2020Q4,,S08000017,,S08000017,d,All Inpatients,d,1,,738,2648,3.58807588075881,,437,2583,5.91075514874142,
2021Q1,,S08000017,,S08000017,d,All Inpatients,d,1,,680,2218,3.26176470588235,,392,2435,6.21173469387755,
2021Q2,,S08000017,,S08000017,d,All Inpatients,d,1,,831,2812,3.38387484957882,,481,2918,6.06652806652807,
2021Q3,,S08000017,,S08000017,d,All Inpatients,d,1,,844,3452,4.09004739336493,,494,3293,6.66599190283401,
2021Q4,,S08000017,,S08000017,d,All Inpatients,d,1,,604,2768,4.58278145695364,,382,3241,8.48429319371728,
2022Q1,,S08000017,,S08000017,d,All Inpatients,d,1,,653,2215,3.39203675344564,,372,2387,6.41666666666667,
2022Q2,,S08000017,,S08000017,d,All Inpatients,d,1,,727,2633,3.62173314993122,,421,3461,8.2209026128266,
2022Q3,,S08000017,,S08000017,d,All Inpatients,d,1,,665,2920,4.39097744360902,,405,3882,9.58518518518519,
2022Q4,p,S08000017,,S08000017,d,All Inpatients,d,1,,604,2226,3.68543046357616,,358,2642,7.37988826815642,
2017Q4,,S08000017,,S08000017,d,All Inpatients,d,2,,2153,9897,4.59684161634928,,1220,10129,8.30245901639344,
2018Q1,,S08000017,,S08000017,d,All Inpatients,d,2,,2130,8416,3.95117370892019,,1209,8853,7.32258064516129,
2018Q2,,S08000017,,S08000017,d,All Inpatients,d,2,,2149,9056,4.21405304792927,,1195,9176,7.67866108786611,
2018Q3,,S08000017,,S08000017,d,All Inpatients,d,2,,2208,8860,4.01268115942029,,1230,10022,8.1479674796748,
2018Q4,,S08000017,,S08000017,d,All Inpatients,d,2,,2295,8948,3.89891067538126,,1304,8866,6.79907975460123,
2019Q1,,S08000017,,S08000017,d,All Inpatients,d,2,,2392,8610,3.5994983277592,,1266,9478,7.48657187993681,
2019Q2,,S08000017,,S08000017,d,All Inpatients,d,2,,2364,8314,3.51692047377327,,1259,9098,7.2263701350278,
2019Q3,,S08000017,,S08000017,d,All Inpatients,d,2,,2341,9610,4.10508329773601,,1291,9618,7.45003872966693,
2019Q4,,S08000017,,S08000017,d,All Inpatients,d,2,,2250,9486,4.216,,1214,9825,8.09308072487644,
2020Q1,,S08000017,,S08000017,d,All Inpatients,d,2,,2175,9352,4.29977011494253,,1169,10783,9.2241231822070109,
2020Q2,,S08000017,,S08000017,d,All Inpatients,d,2,,1468,5530,3.76702997275204,,790,5336,6.75443037974684,
2020Q3,,S08000017,,S08000017,d,All Inpatients,d,2,,1929,7836,4.06220839813375,,1039,8251,7.94128970163619,
2020Q4,,S08000017,,S08000017,d,All Inpatients,d,2,,2071,8030,3.87735393529696,,1130,7989,7.06991150442478,
2021Q1,,S08000017,,S08000017,d,All Inpatients,d,2,,1912,7676,4.01464435146443,,1065,7920,7.43661971830986,
2021Q2,,S08000017,,S08000017,d,All Inpatients,d,2,,2075,7915,3.8144578313253,,1230,9114,7.40975609756098,
2021Q3,,S08000017,,S08000017,d,All Inpatients,d,2,,1863,7616,4.08803005904455,,1083,7776,7.18005540166205,
2021Q4,,S08000017,,S08000017,d,All Inpatients,d,2,,1721,7060,4.10226612434631,,981,7566,7.71253822629969,
2022Q1,,S08000017,,S08000017,d,All Inpatients,d,2,,1792,6905,3.85323660714286,,1053,8135,7.72554605887939,
2022Q2,,S08000017,,S08000017,d,All Inpatients,d,2,,1950,7678,3.9374358974359,,1106,8809,7.96473779385172,
2022Q3,,S08000017,,S08000017,d,All Inpatients,d,2,,1626,6971,4.28720787207872,,942,7477,7.93736730360934,
2022Q4,p,S08000017,,S08000017,d,All Inpatients,d,2,,1763,7379,4.18547929665343,,1056,9589,9.08049242424242,
2017Q4,,S08000017,,S08000017,d,All Inpatients,d,3,,3237,12969,4.0064874884152,,1841,14289,7.76154263986964,
2018Q1,,S08000017,,S08000017,d,All Inpatients,d,3,,3368,13835,4.10777909738717,,1935,15596,8.05994832041344,
2018Q2,,S08000017,,S08000017,d,All Inpatients,d,3,,3225,12184,3.77798449612403,,1847,13669,7.40064970221982,
2018Q3,,S08000017,,S08000017,d,All Inpatients,d,3,,3252,12446,3.82718327183272,,1829,13419,7.33679606342264,
2018Q4,,S08000017,,S08000017,d,All Inpatients,d,3,,3247,12626,3.88851247305205,,1812,14145,7.80629139072848,
2019Q1,,S08000017,,S08000017,d,All Inpatients,d,3,,3480,13633,3.91752873563218,,1816,15113,8.32213656387665,
2019Q2,,S08000017,,S08000017,d,All Inpatients,d,3,,3515,14067,4.00199146514936,,1960,15792,8.05714285714286,
2019Q3,,S08000017,,S08000017,d,All Inpatients,d,3,,3145,12590,4.0031796502384704,,1770,14481,8.18135593220339,
2019Q4,,S08000017,,S08000017,d,All Inpatients,d,3,,3458,14239,4.1176980913823,,1937,15945,8.23180175529169,
2020Q1,,S08000017,,S08000017,d,All Inpatients,d,3,,3214,13837,4.30522713130056,,1777,16985,9.55824423185143,
2020Q2,,S08000017,,S08000017,d,All Inpatients,d,3,,2202,8402,3.81562216167121,,1201,9874,8.22148209825146,
2020Q3,,S08000017,,S08000017,d,All Inpatients,d,3,,2954,11836,4.00677048070413,,1651,11714,7.09509388249546,
2020Q4,,S08000017,,S08000017,d,All Inpatients,d,3,,3063,13272,4.33300685602351,,1702,12909,7.58460634547591,
2021Q1,,S08000017,,S08000017,d,All Inpatients,d,3,,2735,11092,4.05557586837294,,1544,12899,8.35427461139896,
2021Q2,,S08000017,,S08000017,d,All Inpatients,d,3,,3001,11049,3.68177274241919,,1748,12668,7.24713958810069,
2021Q3,,S08000017,,S08000017,d,All Inpatients,d,3,,2683,11530,4.29742825195676,,1564,12035,7.69501278772379,
2021Q4,,S08000017,,S08000017,d,All Inpatients,d,3,,2875,12914,4.49182608695652,,1637,14398,8.79535736102627,
2022Q1,,S08000017,,S08000017,d,All Inpatients,d,3,,2743,10813,3.94203426904849,,1594,13041,8.18130489335006,
2022Q2,,S08000017,,S08000017,d,All Inpatients,d,3,,2751,11588,4.21228644129407,,1612,13044,8.09181141439206,
2022Q3,,S08000017,,S08000017,d,All Inpatients,d,3,,2720,12633,4.64448529411765,,1640,14439,8.80426829268293,
2022Q4,p,S08000017,,S08000017,d,All Inpatients,d,3,,2753,12660,4.59861968761351,,1666,14345,8.61044417767107,
2017Q4,,S08000017,,S08000017,d,All Inpatients,d,4,,1247,4981,3.9943865276664,,707,4893,6.92079207920792,
2018Q1,,S08000017,,S08000017,d,All Inpatients,d,4,,1176,5070,4.31122448979592,,672,5867,8.73065476190476,
2018Q2,,S08000017,,S08000017,d,All Inpatients,d,4,,1266,4994,3.94470774091627,,722,5181,7.17590027700831,
2018Q3,,S08000017,,S08000017,d,All Inpatients,d,4,,1309,5301,4.04965622612681,,744,6121,8.22715053763441,
2018Q4,,S08000017,,S08000017,d,All Inpatients,d,4,,1304,4950,3.79601226993865,,744,6004,8.06989247311828,
2019Q1,,S08000017,,S08000017,d,All Inpatients,d,4,,1469,5657,3.85091899251191,,745,5774,7.7503355704698,
2019Q2,,S08000017,,S08000017,d,All Inpatients,d,4,,1383,5381,3.89081706435286,,739,5956,8.0595399188092,
2019Q3,,S08000017,,S08000017,d,All Inpatients,d,4,,1292,5461,4.22678018575851,,722,6398,8.86149584487535,
2019Q4,,S08000017,,S08000017,d,All Inpatients,d,4,,1399,5234,3.74124374553252,,771,5738,7.44228274967575,
2020Q1,,S08000017,,S08000017,d,All Inpatients,d,4,,1242,5378,4.33011272141707,,692,6699,9.68063583815029,
2020Q2,,S08000017,,S08000017,d,All Inpatients,d,4,,901,3420,3.79578246392897,,491,3826,7.79226069246436,
2020Q3,,S08000017,,S08000017,d,All Inpatients,d,4,,1170,4366,3.73162393162393,,649,4393,6.76887519260401,
2020Q4,,S08000017,,S08000017,d,All Inpatients,d,4,,1081,3848,3.55966697502313,,644,3979,6.17857142857143,
2021Q1,,S08000017,,S08000017,d,All Inpatients,d,4,,1080,4451,4.1212962962963,,612,5127,8.37745098039216,
2021Q2,,S08000017,,S08000017,d,All Inpatients,d,4,,1228,4205,3.4242671009772,,722,4949,6.85457063711911,
2021Q3,,S08000017,,S08000017,d,All Inpatients,d,4,,1142,5087,4.45446584938704,,668,5702,8.53592814371257,
2021Q4,,S08000017,,S08000017,d,All Inpatients,d,4,,1109,5099,4.59783588818756,,669,5964,8.91479820627803,
2022Q1,,S08000017,,S08000017,d,All Inpatients,d,4,,1076,4873,4.52881040892193,,640,5881,9.1890625,
2022Q2,,S08000017,,S08000017,d,All Inpatients,d,4,,1182,4512,3.81725888324873,,697,5794,8.31276901004304,
2022Q3,,S08000017,,S08000017,d,All Inpatients,d,4,,1071,4883,4.55929038281979,,648,6821,10.5262345679012,
2022Q4,p,S08000017,,S08000017,d,All Inpatients,d,4,,1085,4520,4.16589861751152,,654,5194,7.94189602446483,
2017Q4,,S08000017,,S08000017,d,All Inpatients,d,5,,519,1936,3.73025048169557,,317,1936,6.10725552050473,
2018Q1,,S08000017,,S08000017,d,All Inpatients,d,5,,584,2234,3.82534246575342,,329,2306,7.00911854103343,
2018Q2,,S08000017,,S08000017,d,All Inpatients,d,5,,597,2228,3.7319932998325,,365,2570,7.04109589041096,
2018Q3,,S08000017,,S08000017,d,All Inpatients,d,5,,598,2249,3.76086956521739,,368,2397,6.51358695652174,
2018Q4,,S08000017,,S08000017,d,All Inpatients,d,5,,601,2509,4.17470881863561,,340,2727,8.02058823529412,
2019Q1,,S08000017,,S08000017,d,All Inpatients,d,5,,567,2260,3.98589065255732,,315,2312,7.33968253968254,
2019Q2,,S08000017,,S08000017,d,All Inpatients,d,5,,564,2091,3.70744680851064,,305,2068,6.78032786885246,
2019Q3,,S08000017,,S08000017,d,All Inpatients,d,5,,488,1988,4.07377049180328,,292,2231,7.64041095890411,
2019Q4,,S08000017,,S08000017,d,All Inpatients,d,5,,609,2342,3.84564860426929,,351,2292,6.52991452991453,
2020Q1,,S08000017,,S08000017,d,All Inpatients,d,5,,597,3128,5.23953098827471,,345,3569,10.3449275362319,
2020Q2,,S08000017,,S08000017,d,All Inpatients,d,5,,392,1571,4.00765306122449,,206,1766,8.57281553398058,
2020Q3,,S08000017,,S08000017,d,All Inpatients,d,5,,466,1810,3.88412017167382,,292,1900,6.50684931506849,
2020Q4,,S08000017,,S08000017,d,All Inpatients,d,5,,502,1670,3.32669322709163,,288,1589,5.51736111111111,
2021Q1,,S08000017,,S08000017,d,All Inpatients,d,5,,483,1756,3.63561076604555,,288,2158,7.49305555555556,
2021Q2,,S08000017,,S08000017,d,All Inpatients,d,5,,559,1804,3.22719141323792,,346,1772,5.12138728323699,
2021Q3,,S08000017,,S08000017,d,All Inpatients,d,5,,496,2175,4.38508064516129,,292,2683,9.18835616438356,
2021Q4,,S08000017,,S08000017,d,All Inpatients,d,5,,554,2352,4.24548736462094,,325,2644,8.13538461538461,
2022Q1,,S08000017,,S08000017,d,All Inpatients,d,5,,542,2382,4.39483394833948,,333,2524,7.57957957957958,
2022Q2,,S08000017,,S08000017,d,All Inpatients,d,5,,495,2211,4.46666666666667,,314,2257,7.18789808917197,
2022Q3,,S08000017,,S08000017,d,All Inpatients,d,5,,521,2272,4.36084452975048,,325,2809,8.64307692307692,
2022Q4,p,S08000017,,S08000017,d,All Inpatients,d,5,,561,2665,4.75044563279857,,341,2835,8.31378299120235,
2022Q3,,S08000017,,S08000017,d,All Inpatients,d,,:,10,17,1.7,,5,17,3.4,
2022Q4,p,S08000017,,S08000017,d,All Inpatients,d,,:,10,15,1.5,,5,17,3.4,
2017Q4,,S08000029,,S12000047,,All Inpatients,d,1,,4166,14396,3.45559289486318,,2521,14371,5.70051566838556,
2018Q1,,S08000029,,S12000047,,All Inpatients,d,1,,4236,16945,4.00023607176582,,2603,16487,6.33384556281214,
2018Q2,,S08000029,,S12000047,,All Inpatients,d,1,,4448,16909,3.80148381294964,,2763,17304,6.26275787187839,
2018Q3,,S08000029,,S12000047,,All Inpatients,d,1,,4155,15583,3.75042117930205,,2496,15560,6.23397435897436,
2018Q4,,S08000029,,S12000047,,All Inpatients,d,1,,4382,17613,4.01939753537198,,2630,18291,6.95475285171103,
2019Q1,,S08000029,,S12000047,,All Inpatients,d,1,,4409,16515,3.7457473349966,,2705,16344,6.04214417744917,
2019Q2,,S08000029,,S12000047,,All Inpatients,d,1,,4216,15344,3.63946869070209,,2629,15290,5.81589958158996,
2019Q3,,S08000029,,S12000047,,All Inpatients,d,1,,4360,17179,3.9401376146789,,2730,16947,6.20769230769231,
2019Q4,,S08000029,,S12000047,,All Inpatients,d,1,,4168,16357,3.92442418426104,,2581,16517,6.3994575745835,
2020Q1,,S08000029,,S12000047,,All Inpatients,d,1,,3824,17383,4.54576359832636,,2379,18368,7.7208911307272,
2020Q2,,S08000029,,S12000047,,All Inpatients,d,1,,2696,9982,3.70252225519288,,1551,10845,6.99226305609284,
2020Q3,,S08000029,,S12000047,,All Inpatients,d,1,,3614,13350,3.693967902601,,2173,13275,6.10906580763921,
2020Q4,,S08000029,,S12000047,,All Inpatients,d,1,,3672,13193,3.59286492374728,,2180,13755,6.30963302752294,
2021Q1,,S08000029,,S12000047,,All Inpatients,d,1,,3477,13460,3.87115329306874,,1997,13351,6.68552829243866,
2021Q2,,S08000029,,S12000047,,All Inpatients,d,1,,4209,16374,3.89023521026372,,2524,16931,6.70800316957211,
2021Q3,,S08000029,,S12000047,,All Inpatients,d,1,,3976,13888,3.49295774647887,,2390,15372,6.43179916317992,
2021Q4,,S08000029,,S12000047,,All Inpatients,d,1,,3954,14722,3.7233181588265,,2312,15754,6.81401384083045,
2022Q1,,S08000029,,S12000047,,All Inpatients,d,1,,3651,13623,3.73130649137223,,2149,14066,6.54536993950675,
2022Q2,,S08000029,,S12000047,,All Inpatients,d,1,,3666,13534,3.69176213857065,,2176,14159,6.50689338235294,
2022Q3,,S08000029,,S12000047,,All Inpatients,d,1,,3722,13134,3.52874798495433,,2209,13949,6.31462200090539,
2022Q4,p,S08000029,,S12000047,,All Inpatients,d,1,,3642,13293,3.6499176276771,,2230,13423,6.01928251121076,
2017Q4,,S08000029,,S12000047,,All Inpatients,d,2,,4254,16091,3.78255759285378,,2572,15652,6.0855365474339,
2018Q1,,S08000029,,S12000047,,All Inpatients,d,2,,4201,17569,4.18209950011902,,2534,18180,7.17442778216259,
2018Q2,,S08000029,,S12000047,,All Inpatients,d,2,,4310,16295,3.78074245939675,,2705,16719,6.1807763401109,
2018Q3,,S08000029,,S12000047,,All Inpatients,d,2,,4071,16085,3.95111766150823,,2560,16906,6.60390625,
2018Q4,,S08000029,,S12000047,,All Inpatients,d,2,,4295,16941,3.94435389988359,,2605,17459,6.7021113243762,
2019Q1,,S08000029,,S12000047,,All Inpatients,d,2,,4432,17685,3.99029783393502,,2671,18442,6.9045301385249,
2019Q2,,S08000029,,S12000047,,All Inpatients,d,2,,4406,16962,3.84975034044485,,2737,16726,6.11107051516259,
2019Q3,,S08000029,,S12000047,,All Inpatients,d,2,,4245,16042,3.77903415783274,,2666,18264,6.85071267816954,
2019Q4,,S08000029,,S12000047,,All Inpatients,d,2,,4421,17750,4.01492874915178,,2682,18432,6.87248322147651,
2020Q1,,S08000029,,S12000047,,All Inpatients,d,2,,4055,16648,4.1055487053021,,2515,18447,7.33479125248509,
2020Q2,,S08000029,,S12000047,,All Inpatients,d,2,,2855,11224,3.93134851138354,,1655,10997,6.64471299093656,
2020Q3,,S08000029,,S12000047,,All Inpatients,d,2,,3624,14208,3.9205298013245,,2159,15129,7.00741083835109,
2020Q4,,S08000029,,S12000047,,All Inpatients,d,2,,3664,15755,4.29994541484716,,2224,16796,7.5521582733813,
2021Q1,,S08000029,,S12000047,,All Inpatients,d,2,,3588,14540,4.05239687848383,,2130,15599,7.32347417840376,
2021Q2,,S08000029,,S12000047,,All Inpatients,d,2,,3860,14185,3.67487046632124,,2383,15378,6.45321023919429,
2021Q3,,S08000029,,S12000047,,All Inpatients,d,2,,3902,14995,3.84290107637109,,2331,16390,7.03131703131703,
2021Q4,,S08000029,,S12000047,,All Inpatients,d,2,,3668,14208,3.87350054525627,,2207,15605,7.07068418667875,
2022Q1,,S08000029,,S12000047,,All Inpatients,d,2,,3707,14100,3.80361478284327,,2226,15761,7.08041329739443,
2022Q2,,S08000029,,S12000047,,All Inpatients,d,2,,3947,14434,3.65695464910058,,2352,14918,6.34268707482993,
2022Q3,,S08000029,,S12000047,,All Inpatients,d,2,,3845,14603,3.79791937581274,,2311,15501,6.70748593682389,
2022Q4,p,S08000029,,S12000047,,All Inpatients,d,2,,3955,15266,3.85992414664981,,2361,16056,6.8005082592122,
2017Q4,,S08000029,,S12000047,,All Inpatients,d,3,,3554,13542,3.81035453010692,,2214,14084,6.3613369467028,
2018Q1,,S08000029,,S12000047,,All Inpatients,d,3,,3543,14671,4.14084109511713,,2185,15610,7.1441647597254,
2018Q2,,S08000029,,S12000047,,All Inpatients,d,3,,3423,12416,3.62722757814782,,2160,13604,6.29814814814815,
2018Q3,,S08000029,,S12000047,,All Inpatients,d,3,,3290,11897,3.6161094224924,,2116,12066,5.70226843100189,
2018Q4,,S08000029,,S12000047,,All Inpatients,d,3,,3493,13198,3.77841397079874,,2184,14222,6.51190476190476,
2019Q1,,S08000029,,S12000047,,All Inpatients,d,3,,3410,12650,3.70967741935484,,2126,12948,6.09031044214487,
2019Q2,,S08000029,,S12000047,,All Inpatients,d,3,,3515,14192,4.0375533428165,,2168,15765,7.27167896678967,
2019Q3,,S08000029,,S12000047,,All Inpatients,d,3,,3570,13668,3.82857142857143,,2186,14504,6.63494967978042,
2019Q4,,S08000029,,S12000047,,All Inpatients,d,3,,3509,14125,4.02536335138216,,2127,14773,6.945463093559,
2020Q1,,S08000029,,S12000047,,All Inpatients,d,3,,3144,14827,4.71596692111959,,1961,16468,8.39775624681285,
2020Q2,,S08000029,,S12000047,,All Inpatients,d,3,,2295,7857,3.42352941176471,,1332,9018,6.77027027027027,
2020Q3,,S08000029,,S12000047,,All Inpatients,d,3,,3065,10706,3.49298531810767,,1828,11673,6.38566739606127,
2020Q4,,S08000029,,S12000047,,All Inpatients,d,3,,3017,11355,3.76367252237322,,1814,12920,7.12238147739802,
2021Q1,,S08000029,,S12000047,,All Inpatients,d,3,,2836,11717,4.13152327221439,,1668,13271,7.95623501199041,
2021Q2,,S08000029,,S12000047,,All Inpatients,d,3,,3137,10966,3.49569652534268,,1887,12107,6.41600423953365,
2021Q3,,S08000029,,S12000047,,All Inpatients,d,3,,3158,10787,3.41576947435086,,1953,12030,6.15975422427035,
2021Q4,,S08000029,,S12000047,,All Inpatients,d,3,,3152,11243,3.56694162436548,,1875,12303,6.5616,
2022Q1,,S08000029,,S12000047,,All Inpatients,d,3,,2958,10111,3.41818796484111,,1837,12078,6.5748502994012,
2022Q2,,S08000029,,S12000047,,All Inpatients,d,3,,3005,11246,3.74242928452579,,1799,12180,6.7704280155642,
2022Q3,,S08000029,,S12000047,,All Inpatients,d,3,,3155,11229,3.55911251980983,,1889,11315,5.98994176813129,
2022Q4,p,S08000029,,S12000047,,All Inpatients,d,3,,3143,11591,3.68787782373528,,1907,13127,6.883586785527,
2017Q4,,S08000029,,S12000047,,All Inpatients,d,4,,3196,12722,3.98060075093867,,2001,14090,7.04147926036982,
2018Q1,,S08000029,,S12000047,,All Inpatients,d,4,,3207,13022,4.06049267227939,,1962,14690,7.48725790010194,
2018Q2,,S08000029,,S12000047,,All Inpatients,d,4,,3108,11778,3.78957528957529,,2030,13549,6.6743842364532,
2018Q3,,S08000029,,S12000047,,All Inpatients,d,4,,2937,11254,3.83180115764385,,1853,12218,6.59363194819212,
2018Q4,,S08000029,,S12000047,,All Inpatients,d,4,,2972,12364,4.16016150740242,,1918,13120,6.84045881126173,
2019Q1,,S08000029,,S12000047,,All Inpatients,d,4,,2993,12246,4.09154694286669,,1940,14293,7.36752577319588,
2019Q2,,S08000029,,S12000047,,All Inpatients,d,4,,3133,11592,3.69996808171082,,2040,12379,6.06813725490196,
2019Q3,,S08000029,,S12000047,,All Inpatients,d,4,,3049,11010,3.61102000655953,,1920,11047,5.75364583333333,
2019Q4,,S08000029,,S12000047,,All Inpatients,d,4,,3170,11724,3.69842271293375,,1995,13468,6.75087719298246,
2020Q1,,S08000029,,S12000047,,All Inpatients,d,4,,2805,12313,4.38966131907308,,1810,14179,7.83370165745856,
2020Q2,,S08000029,,S12000047,,All Inpatients,d,4,,2064,7614,3.68895348837209,,1220,8465,6.93852459016393,
2020Q3,,S08000029,,S12000047,,All Inpatients,d,4,,2694,10409,3.8637713437268,,1696,11298,6.66155660377358,
2020Q4,,S08000029,,S12000047,,All Inpatients,d,4,,2561,10463,4.08551347130027,,1573,10800,6.86586141131596,
2021Q1,,S08000029,,S12000047,,All Inpatients,d,4,,2502,10031,4.00919264588329,,1497,11199,7.4809619238477,
2021Q2,,S08000029,,S12000047,,All Inpatients,d,4,,2791,9751,3.49372984593336,,1751,10787,6.16047972587093,
2021Q3,,S08000029,,S12000047,,All Inpatients,d,4,,2917,11061,3.79190949605759,,1773,11517,6.49576988155668,
2021Q4,,S08000029,,S12000047,,All Inpatients,d,4,,2848,10969,3.85147471910112,,1745,12458,7.13925501432665,
2022Q1,,S08000029,,S12000047,,All Inpatients,d,4,,2827,11047,3.90767598160594,,1748,12772,7.30663615560641,
2022Q2,,S08000029,,S12000047,,All Inpatients,d,4,,2839,11113,3.91440648115534,,1779,12998,7.30635188308038,
2022Q3,,S08000029,,S12000047,,All Inpatients,d,4,,2858,10830,3.78936319104269,,1793,12212,6.81093139988845,
2022Q4,p,S08000029,,S12000047,,All Inpatients,d,4,,2948,10262,3.48100407055631,,1827,11635,6.36836343732895,
2017Q4,,S08000029,,S12000047,,All Inpatients,d,5,,2145,7623,3.55384615384615,,1434,8450,5.89260808926081,
2018Q1,,S08000029,,S12000047,,All Inpatients,d,5,,2352,8171,3.47406462585034,,1529,8522,5.57357750163506,
2018Q2,,S08000029,,S12000047,,All Inpatients,d,5,,2330,8214,3.52532188841202,,1549,8590,5.54551323434474,
2018Q3,,S08000029,,S12000047,,All Inpatients,d,5,,2064,7538,3.65213178294574,,1370,7768,5.67007299270073,
2018Q4,,S08000029,,S12000047,,All Inpatients,d,5,,2347,8288,3.53131657435023,,1553,9209,5.92981326464907,
2019Q1,,S08000029,,S12000047,,All Inpatients,d,5,,2506,7861,3.13687150837989,,1627,8437,5.18561770129072,
2019Q2,,S08000029,,S12000047,,All Inpatients,d,5,,2300,9093,3.95347826086957,,1502,9942,6.61917443408788,
2019Q3,,S08000029,,S12000047,,All Inpatients,d,5,,2356,8682,3.68505942275042,,1507,9301,6.17186463171865,
2019Q4,,S08000029,,S12000047,,All Inpatients,d,5,,2378,8706,3.66105971404542,,1570,9585,6.10509554140127,
2020Q1,,S08000029,,S12000047,,All Inpatients,d,5,,2097,8865,4.2274678111588,,1372,9581,6.9832361516035,
2020Q2,,S08000029,,S12000047,,All Inpatients,d,5,,1450,5523,3.80896551724138,,894,6116,6.84116331096197,
2020Q3,,S08000029,,S12000047,,All Inpatients,d,5,,2000,7356,3.678,,1270,8373,6.59291338582677,
2020Q4,,S08000029,,S12000047,,All Inpatients,d,5,,1946,6707,3.44655704008222,,1226,7620,6.21533442088091,
2021Q1,,S08000029,,S12000047,,All Inpatients,d,5,,1933,7813,4.04190377651319,,1188,8180,6.88552188552189,
2021Q2,,S08000029,,S12000047,,All Inpatients,d,5,,2205,7678,3.48208616780045,,1408,8598,6.10653409090909,
2021Q3,,S08000029,,S12000047,,All Inpatients,d,5,,2152,7886,3.66449814126394,,1362,8359,6.13729809104258,
2021Q4,,S08000029,,S12000047,,All Inpatients,d,5,,2206,7566,3.42973708068903,,1425,8526,5.98315789473684,
2022Q1,,S08000029,,S12000047,,All Inpatients,d,5,,2029,7378,3.6362740266141,,1278,7857,6.14788732394366,
2022Q2,,S08000029,,S12000047,,All Inpatients,d,5,,2306,8958,3.8846487424111,,1438,9620,6.68984700973574,
2022Q3,,S08000029,,S12000047,,All Inpatients,d,5,,2225,7827,3.51775280898876,,1382,8917,6.45224312590449,
2022Q4,p,S08000029,,S12000047,,All Inpatients,d,5,,2128,8117,3.81437969924812,,1374,8628,6.27947598253275,
2017Q4,,S08000029,,S08000029,d,All Inpatients,d,1,,4166,14396,3.45559289486318,,2521,14371,5.70051566838556,
2018Q1,,S08000029,,S08000029,d,All Inpatients,d,1,,4236,16945,4.00023607176582,,2603,16487,6.33384556281214,
2018Q2,,S08000029,,S08000029,d,All Inpatients,d,1,,4448,16909,3.80148381294964,,2763,17304,6.26275787187839,
2018Q3,,S08000029,,S08000029,d,All Inpatients,d,1,,4155,15583,3.75042117930205,,2496,15560,6.23397435897436,
2018Q4,,S08000029,,S08000029,d,All Inpatients,d,1,,4382,17613,4.01939753537198,,2630,18291,6.95475285171103,
2019Q1,,S08000029,,S08000029,d,All Inpatients,d,1,,4409,16515,3.7457473349966,,2705,16344,6.04214417744917,
2019Q2,,S08000029,,S08000029,d,All Inpatients,d,1,,4216,15344,3.63946869070209,,2629,15290,5.81589958158996,
2019Q3,,S08000029,,S08000029,d,All Inpatients,d,1,,4360,17179,3.9401376146789,,2730,16947,6.20769230769231,
2019Q4,,S08000029,,S08000029,d,All Inpatients,d,1,,4168,16357,3.92442418426104,,2581,16517,6.3994575745835,
2020Q1,,S08000029,,S08000029,d,All Inpatients,d,1,,3824,17383,4.54576359832636,,2379,18368,7.7208911307272,
2020Q2,,S08000029,,S08000029,d,All Inpatients,d,1,,2696,9982,3.70252225519288,,1551,10845,6.99226305609284,
2020Q3,,S08000029,,S08000029,d,All Inpatients,d,1,,3614,13350,3.693967902601,,2173,13275,6.10906580763921,
2020Q4,,S08000029,,S08000029,d,All Inpatients,d,1,,3672,13193,3.59286492374728,,2180,13755,6.30963302752294,
2021Q1,,S08000029,,S08000029,d,All Inpatients,d,1,,3477,13460,3.87115329306874,,1997,13351,6.68552829243866,
2021Q2,,S08000029,,S08000029,d,All Inpatients,d,1,,4209,16374,3.89023521026372,,2524,16931,6.70800316957211,
2021Q3,,S08000029,,S08000029,d,All Inpatients,d,1,,3976,13888,3.49295774647887,,2390,15372,6.43179916317992,
2021Q4,,S08000029,,S08000029,d,All Inpatients,d,1,,3954,14722,3.7233181588265,,2312,15754,6.81401384083045,
2022Q1,,S08000029,,S08000029,d,All Inpatients,d,1,,3651,13623,3.73130649137223,,2149,14066,6.54536993950675,
2022Q2,,S08000029,,S08000029,d,All Inpatients,d,1,,3666,13534,3.69176213857065,,2176,14159,6.50689338235294,
2022Q3,,S08000029,,S08000029,d,All Inpatients,d,1,,3722,13134,3.52874798495433,,2209,13949,6.31462200090539,
2022Q4,p,S08000029,,S08000029,d,All Inpatients,d,1,,3642,13293,3.6499176276771,,2230,13423,6.01928251121076,
2017Q4,,S08000029,,S08000029,d,All Inpatients,d,2,,4254,16091,3.78255759285378,,2572,15652,6.0855365474339,
2018Q1,,S08000029,,S08000029,d,All Inpatients,d,2,,4201,17569,4.18209950011902,,2534,18180,7.17442778216259,
2018Q2,,S08000029,,S08000029,d,All Inpatients,d,2,,4310,16295,3.78074245939675,,2705,16719,6.1807763401109,
2018Q3,,S08000029,,S08000029,d,All Inpatients,d,2,,4071,16085,3.95111766150823,,2560,16906,6.60390625,
2018Q4,,S08000029,,S08000029,d,All Inpatients,d,2,,4295,16941,3.94435389988359,,2605,17459,6.7021113243762,
2019Q1,,S08000029,,S08000029,d,All Inpatients,d,2,,4432,17685,3.99029783393502,,2671,18442,6.9045301385249,
2019Q2,,S08000029,,S08000029,d,All Inpatients,d,2,,4406,16962,3.84975034044485,,2737,16726,6.11107051516259,
2019Q3,,S08000029,,S08000029,d,All Inpatients,d,2,,4245,16042,3.77903415783274,,2666,18264,6.85071267816954,
2019Q4,,S08000029,,S08000029,d,All Inpatients,d,2,,4421,17750,4.01492874915178,,2682,18432,6.87248322147651,
2020Q1,,S08000029,,S08000029,d,All Inpatients,d,2,,4055,16648,4.1055487053021,,2515,18447,7.33479125248509,
2020Q2,,S08000029,,S08000029,d,All Inpatients,d,2,,2855,11224,3.93134851138354,,1655,10997,6.64471299093656,
2020Q3,,S08000029,,S08000029,d,All Inpatients,d,2,,3624,14208,3.9205298013245,,2159,15129,7.00741083835109,
2020Q4,,S08000029,,S08000029,d,All Inpatients,d,2,,3664,15755,4.29994541484716,,2224,16796,7.5521582733813,
2021Q1,,S08000029,,S08000029,d,All Inpatients,d,2,,3588,14540,4.05239687848383,,2130,15599,7.32347417840376,
2021Q2,,S08000029,,S08000029,d,All Inpatients,d,2,,3860,14185,3.67487046632124,,2383,15378,6.45321023919429,
2021Q3,,S08000029,,S08000029,d,All Inpatients,d,2,,3902,14995,3.84290107637109,,2331,16390,7.03131703131703,
2021Q4,,S08000029,,S08000029,d,All Inpatients,d,2,,3668,14208,3.87350054525627,,2207,15605,7.07068418667875,
2022Q1,,S08000029,,S08000029,d,All Inpatients,d,2,,3707,14100,3.80361478284327,,2226,15761,7.08041329739443,
2022Q2,,S08000029,,S08000029,d,All Inpatients,d,2,,3947,14434,3.65695464910058,,2352,14918,6.34268707482993,
2022Q3,,S08000029,,S08000029,d,All Inpatients,d,2,,3845,14603,3.79791937581274,,2311,15501,6.70748593682389,
2022Q4,p,S08000029,,S08000029,d,All Inpatients,d,2,,3955,15266,3.85992414664981,,2361,16056,6.8005082592122,
2017Q4,,S08000029,,S08000029,d,All Inpatients,d,3,,3554,13542,3.81035453010692,,2214,14084,6.3613369467028,
2018Q1,,S08000029,,S08000029,d,All Inpatients,d,3,,3543,14671,4.14084109511713,,2185,15610,7.1441647597254,
2018Q2,,S08000029,,S08000029,d,All Inpatients,d,3,,3423,12416,3.62722757814782,,2160,13604,6.29814814814815,
2018Q3,,S08000029,,S08000029,d,All Inpatients,d,3,,3290,11897,3.6161094224924,,2116,12066,5.70226843100189,
2018Q4,,S08000029,,S08000029,d,All Inpatients,d,3,,3493,13198,3.77841397079874,,2184,14222,6.51190476190476,
2019Q1,,S08000029,,S08000029,d,All Inpatients,d,3,,3410,12650,3.70967741935484,,2126,12948,6.09031044214487,
2019Q2,,S08000029,,S08000029,d,All Inpatients,d,3,,3515,14192,4.0375533428165,,2168,15765,7.27167896678967,
2019Q3,,S08000029,,S08000029,d,All Inpatients,d,3,,3570,13668,3.82857142857143,,2186,14504,6.63494967978042,
2019Q4,,S08000029,,S08000029,d,All Inpatients,d,3,,3509,14125,4.02536335138216,,2127,14773,6.945463093559,
2020Q1,,S08000029,,S08000029,d,All Inpatients,d,3,,3144,14827,4.71596692111959,,1961,16468,8.39775624681285,
2020Q2,,S08000029,,S08000029,d,All Inpatients,d,3,,2295,7857,3.42352941176471,,1332,9018,6.77027027027027,
2020Q3,,S08000029,,S08000029,d,All Inpatients,d,3,,3065,10706,3.49298531810767,,1828,11673,6.38566739606127,
2020Q4,,S08000029,,S08000029,d,All Inpatients,d,3,,3017,11355,3.76367252237322,,1814,12920,7.12238147739802,
2021Q1,,S08000029,,S08000029,d,All Inpatients,d,3,,2836,11717,4.13152327221439,,1668,13271,7.95623501199041,
2021Q2,,S08000029,,S08000029,d,All Inpatients,d,3,,3137,10966,3.49569652534268,,1887,12107,6.41600423953365,
2021Q3,,S08000029,,S08000029,d,All Inpatients,d,3,,3158,10787,3.41576947435086,,1953,12030,6.15975422427035,
2021Q4,,S08000029,,S08000029,d,All Inpatients,d,3,,3152,11243,3.56694162436548,,1875,12303,6.5616,
2022Q1,,S08000029,,S08000029,d,All Inpatients,d,3,,2958,10111,3.41818796484111,,1837,12078,6.5748502994012,
2022Q2,,S08000029,,S08000029,d,All Inpatients,d,3,,3005,11246,3.74242928452579,,1799,12180,6.7704280155642,
2022Q3,,S08000029,,S08000029,d,All Inpatients,d,3,,3155,11229,3.55911251980983,,1889,11315,5.98994176813129,
2022Q4,p,S08000029,,S08000029,d,All Inpatients,d,3,,3143,11591,3.68787782373528,,1907,13127,6.883586785527,
2017Q4,,S08000029,,S08000029,d,All Inpatients,d,4,,3196,12722,3.98060075093867,,2001,14090,7.04147926036982,
2018Q1,,S08000029,,S08000029,d,All Inpatients,d,4,,3207,13022,4.06049267227939,,1962,14690,7.48725790010194,
2018Q2,,S08000029,,S08000029,d,All Inpatients,d,4,,3108,11778,3.78957528957529,,2030,13549,6.6743842364532,
2018Q3,,S08000029,,S08000029,d,All Inpatients,d,4,,2937,11254,3.83180115764385,,1853,12218,6.59363194819212,
2018Q4,,S08000029,,S08000029,d,All Inpatients,d,4,,2972,12364,4.16016150740242,,1918,13120,6.84045881126173,
2019Q1,,S08000029,,S08000029,d,All Inpatients,d,4,,2993,12246,4.09154694286669,,1940,14293,7.36752577319588,
2019Q2,,S08000029,,S08000029,d,All Inpatients,d,4,,3133,11592,3.69996808171082,,2040,12379,6.06813725490196,
2019Q3,,S08000029,,S08000029,d,All Inpatients,d,4,,3049,11010,3.61102000655953,,1920,11047,5.75364583333333,
2019Q4,,S08000029,,S08000029,d,All Inpatients,d,4,,3170,11724,3.69842271293375,,1995,13468,6.75087719298246,
2020Q1,,S08000029,,S08000029,d,All Inpatients,d,4,,2805,12313,4.38966131907308,,1810,14179,7.83370165745856,
2020Q2,,S08000029,,S08000029,d,All Inpatients,d,4,,2064,7614,3.68895348837209,,1220,8465,6.93852459016393,
2020Q3,,S08000029,,S08000029,d,All Inpatients,d,4,,2694,10409,3.8637713437268,,1696,11298,6.66155660377358,
2020Q4,,S08000029,,S08000029,d,All Inpatients,d,4,,2561,10463,4.08551347130027,,1573,10800,6.86586141131596,
2021Q1,,S08000029,,S08000029,d,All Inpatients,d,4,,2502,10031,4.00919264588329,,1497,11199,7.4809619238477,
2021Q2,,S08000029,,S08000029,d,All Inpatients,d,4,,2791,9751,3.49372984593336,,1751,10787,6.16047972587093,
2021Q3,,S08000029,,S08000029,d,All Inpatients,d,4,,2917,11061,3.79190949605759,,1773,11517,6.49576988155668,
2021Q4,,S08000029,,S08000029,d,All Inpatients,d,4,,2848,10969,3.85147471910112,,1745,12458,7.13925501432665,
2022Q1,,S08000029,,S08000029,d,All Inpatients,d,4,,2827,11047,3.90767598160594,,1748,12772,7.30663615560641,
2022Q2,,S08000029,,S08000029,d,All Inpatients,d,4,,2839,11113,3.91440648115534,,1779,12998,7.30635188308038,
2022Q3,,S08000029,,S08000029,d,All Inpatients,d,4,,2858,10830,3.78936319104269,,1793,12212,6.81093139988845,
2022Q4,p,S08000029,,S08000029,d,All Inpatients,d,4,,2948,10262,3.48100407055631,,1827,11635,6.36836343732895,
2017Q4,,S08000029,,S08000029,d,All Inpatients,d,5,,2145,7623,3.55384615384615,,1434,8450,5.89260808926081,
2018Q1,,S08000029,,S08000029,d,All Inpatients,d,5,,2352,8171,3.47406462585034,,1529,8522,5.57357750163506,
2018Q2,,S08000029,,S08000029,d,All Inpatients,d,5,,2330,8214,3.52532188841202,,1549,8590,5.54551323434474,
2018Q3,,S08000029,,S08000029,d,All Inpatients,d,5,,2064,7538,3.65213178294574,,1370,7768,5.67007299270073,
2018Q4,,S08000029,,S08000029,d,All Inpatients,d,5,,2347,8288,3.53131657435023,,1553,9209,5.92981326464907,
2019Q1,,S08000029,,S08000029,d,All Inpatients,d,5,,2506,7861,3.13687150837989,,1627,8437,5.18561770129072,
2019Q2,,S08000029,,S08000029,d,All Inpatients,d,5,,2300,9093,3.95347826086957,,1502,9942,6.61917443408788,
2019Q3,,S08000029,,S08000029,d,All Inpatients,d,5,,2356,8682,3.68505942275042,,1507,9301,6.17186463171865,
2019Q4,,S08000029,,S08000029,d,All Inpatients,d,5,,2378,8706,3.66105971404542,,1570,9585,6.10509554140127,
2020Q1,,S08000029,,S08000029,d,All Inpatients,d,5,,2097,8865,4.2274678111588,,1372,9581,6.9832361516035,
2020Q2,,S08000029,,S08000029,d,All Inpatients,d,5,,1450,5523,3.80896551724138,,894,6116,6.84116331096197,
2020Q3,,S08000029,,S08000029,d,All Inpatients,d,5,,2000,7356,3.678,,1270,8373,6.59291338582677,
2020Q4,,S08000029,,S08000029,d,All Inpatients,d,5,,1946,6707,3.44655704008222,,1226,7620,6.21533442088091,
2021Q1,,S08000029,,S08000029,d,All Inpatients,d,5,,1933,7813,4.04190377651319,,1188,8180,6.88552188552189,
2021Q2,,S08000029,,S08000029,d,All Inpatients,d,5,,2205,7678,3.48208616780045,,1408,8598,6.10653409090909,
2021Q3,,S08000029,,S08000029,d,All Inpatients,d,5,,2152,7886,3.66449814126394,,1362,8359,6.13729809104258,
2021Q4,,S08000029,,S08000029,d,All Inpatients,d,5,,2206,7566,3.42973708068903,,1425,8526,5.98315789473684,
2022Q1,,S08000029,,S08000029,d,All Inpatients,d,5,,2029,7378,3.6362740266141,,1278,7857,6.14788732394366,
2022Q2,,S08000029,,S08000029,d,All Inpatients,d,5,,2306,8958,3.8846487424111,,1438,9620,6.68984700973574,
2022Q3,,S08000029,,S08000029,d,All Inpatients,d,5,,2225,7827,3.51775280898876,,1382,8917,6.45224312590449,
2022Q4,p,S08000029,,S08000029,d,All Inpatients,d,5,,2128,8117,3.81437969924812,,1374,8628,6.27947598253275,
2017Q4,,S08000019,,S12000005,,All Inpatients,d,1,,709,3394,4.787023977433,,457,3401,7.44201312910285,
2018Q1,,S08000019,,S12000005,,All Inpatients,d,1,,648,2657,4.10030864197531,,410,2694,6.57073170731707,
2018Q2,,S08000019,,S12000005,,All Inpatients,d,1,,640,2854,4.459375,,412,2844,6.90291262135922,
2018Q3,,S08000019,,S12000005,,All Inpatients,d,1,,808,3263,4.03836633663366,,503,3117,6.19681908548708,
2018Q4,,S08000019,,S12000005,,All Inpatients,d,1,,791,2717,3.43489254108723,,496,2601,5.24395161290323,
2019Q1,,S08000019,,S12000005,,All Inpatients,d,1,,719,3554,4.94297635605007,,448,3506,7.82589285714286,
2019Q2,,S08000019,,S12000005,,All Inpatients,d,1,,1011,3129,3.09495548961424,,529,3192,6.03402646502836,
2019Q3,,S08000019,,S12000005,,All Inpatients,d,1,,1161,2953,2.54349698535745,,550,3066,5.57454545454545,
2019Q4,,S08000019,,S12000005,,All Inpatients,d,1,,1205,3150,2.61410788381743,,577,3110,5.38994800693241,
2020Q1,,S08000019,,S12000005,,All Inpatients,d,1,,996,3168,3.18072289156627,,519,3233,6.22928709055877,
2020Q2,,S08000019,,S12000005,,All Inpatients,d,1,,872,2509,2.87729357798165,,364,2410,6.62087912087912,
2020Q3,,S08000019,,S12000005,,All Inpatients,d,1,,1054,3076,2.91840607210626,,499,2887,5.78557114228457,
2020Q4,,S08000019,,S12000005,,All Inpatients,d,1,,1095,3219,2.93972602739726,,445,2927,6.57752808988764,
2021Q1,,S08000019,,S12000005,,All Inpatients,d,1,,1182,4174,3.53130287648054,,500,4469,8.938,
2021Q2,,S08000019,,S12000005,,All Inpatients,d,1,,1027,2487,2.42161635832522,,504,2708,5.37301587301587,
2021Q3,,S08000019,,S12000005,,All Inpatients,d,1,,979,3214,3.2829417773238,,457,3196,6.99343544857768,
2021Q4,,S08000019,,S12000005,,All Inpatients,d,1,,989,3141,3.17593528816987,,463,3019,6.52051835853132,
2022Q1,,S08000019,,S12000005,,All Inpatients,d,1,,1087,3730,3.43146274149034,,471,3777,8.01910828025478,
2022Q2,,S08000019,,S12000005,,All Inpatients,d,1,,1195,3610,3.02092050209205,,509,3382,6.64440078585462,
2022Q3,,S08000019,,S12000005,,All Inpatients,d,1,,1134,4093,3.60934744268078,,492,3797,7.71747967479675,
2022Q4,p,S08000019,,S12000005,,All Inpatients,d,1,,1043,3765,3.6097794822627,,454,3672,8.08810572687225,
2017Q4,,S08000019,,S12000005,,All Inpatients,d,2,,516,2295,4.44767441860465,,320,2240,7,
2018Q1,,S08000019,,S12000005,,All Inpatients,d,2,,483,2195,4.54451345755694,,298,1997,6.7013422818792,
2018Q2,,S08000019,,S12000005,,All Inpatients,d,2,,583,2629,4.50943396226415,,356,2488,6.98876404494382,
2018Q3,,S08000019,,S12000005,,All Inpatients,d,2,,541,2199,4.06469500924214,,336,2154,6.41071428571429,
2018Q4,,S08000019,,S12000005,,All Inpatients,d,2,,482,2434,5.04979253112033,,306,2317,7.5718954248366,
2019Q1,,S08000019,,S12000005,,All Inpatients,d,2,,546,2609,4.77838827838828,,335,2390,7.13432835820895,
2019Q2,,S08000019,,S12000005,,All Inpatients,d,2,,795,2536,3.18993710691824,,425,2476,5.82588235294118,
2019Q3,,S08000019,,S12000005,,All Inpatients,d,2,,1035,3073,2.96908212560386,,472,3057,6.47669491525424,
2019Q4,,S08000019,,S12000005,,All Inpatients,d,2,,958,2606,2.72025052192067,,442,2900,6.56108597285068,
2020Q1,,S08000019,,S12000005,,All Inpatients,d,2,,840,3371,4.01309523809524,,422,3122,7.39810426540284,
2020Q2,,S08000019,,S12000005,,All Inpatients,d,2,,571,1742,3.0507880910683,,266,1698,6.38345864661654,
2020Q3,,S08000019,,S12000005,,All Inpatients,d,2,,887,2801,3.15783540022548,,375,2667,7.112,
2020Q4,,S08000019,,S12000005,,All Inpatients,d,2,,771,2463,3.19455252918288,,343,2453,7.15160349854227,
2021Q1,,S08000019,,S12000005,,All Inpatients,d,2,,868,2811,3.23847926267281,,352,2926,8.3125,
2021Q2,,S08000019,,S12000005,,All Inpatients,d,2,,946,3407,3.6014799154334,,412,3150,7.64563106796117,
2021Q3,,S08000019,,S12000005,,All Inpatients,d,2,,825,2656,3.21939393939394,,361,2679,7.42105263157895,
2021Q4,,S08000019,,S12000005,,All Inpatients,d,2,,823,2825,3.43256379100851,,356,2878,8.08426966292135,
2022Q1,,S08000019,,S12000005,,All Inpatients,d,2,,957,3654,3.81818181818182,,405,3778,9.3283950617284,
2022Q2,,S08000019,,S12000005,,All Inpatients,d,2,,924,2827,3.05952380952381,,403,2720,6.74937965260546,
2022Q3,,S08000019,,S12000005,,All Inpatients,d,2,,927,3347,3.61057173678533,,402,3733,9.28606965174129,
2022Q4,p,S08000019,,S12000005,,All Inpatients,d,2,,922,3039,3.29609544468547,,399,3042,7.62406015037594,
2017Q4,,S08000019,,S12000005,,All Inpatients,d,3,,351,1740,4.95726495726496,,245,1787,7.29387755102041,
2018Q1,,S08000019,,S12000005,,All Inpatients,d,3,,362,1959,5.41160220994475,,224,1753,7.82589285714286,
2018Q2,,S08000019,,S12000005,,All Inpatients,d,3,,383,1834,4.78851174934726,,246,2064,8.39024390243902,
2018Q3,,S08000019,,S12000005,,All Inpatients,d,3,,362,1679,4.63812154696133,,210,1591,7.57619047619048,
2018Q4,,S08000019,,S12000005,,All Inpatients,d,3,,391,1751,4.47826086956522,,246,1821,7.40243902439024,
2019Q1,,S08000019,,S12000005,,All Inpatients,d,3,,365,1478,4.04931506849315,,222,1611,7.25675675675676,
2019Q2,,S08000019,,S12000005,,All Inpatients,d,3,,585,2181,3.72820512820513,,262,2048,7.81679389312977,
2019Q3,,S08000019,,S12000005,,All Inpatients,d,3,,658,2144,3.25835866261398,,295,1907,6.46440677966102,
2019Q4,,S08000019,,S12000005,,All Inpatients,d,3,,666,1771,2.65915915915916,,296,1533,5.17905405405405,
2020Q1,,S08000019,,S12000005,,All Inpatients,d,3,,526,2325,4.42015209125475,,235,1978,8.41702127659575,
2020Q2,,S08000019,,S12000005,,All Inpatients,d,3,,419,1613,3.84964200477327,,176,1730,9.82954545454546,
2020Q3,,S08000019,,S12000005,,All Inpatients,d,3,,459,1485,3.23529411764706,,216,1543,7.14351851851852,
2020Q4,,S08000019,,S12000005,,All Inpatients,d,3,,521,1986,3.81190019193858,,240,1799,7.49583333333333,
2021Q1,,S08000019,,S12000005,,All Inpatients,d,3,,516,1483,2.87403100775194,,218,1593,7.30733944954128,
2021Q2,,S08000019,,S12000005,,All Inpatients,d,3,,589,1778,3.01867572156197,,287,1750,6.09756097560976,
2021Q3,,S08000019,,S12000005,,All Inpatients,d,3,,533,1986,3.72607879924953,,236,1934,8.19491525423729,
2021Q4,,S08000019,,S12000005,,All Inpatients,d,3,,590,1806,3.06101694915254,,275,1846,6.71272727272727,
2022Q1,,S08000019,,S12000005,,All Inpatients,d,3,,640,2027,3.1671875,,262,1897,7.24045801526718,
2022Q2,,S08000019,,S12000005,,All Inpatients,d,3,,621,2321,3.73752012882448,,277,2291,8.27075812274368,
2022Q3,,S08000019,,S12000005,,All Inpatients,d,3,,586,1881,3.2098976109215,,267,1910,7.15355805243446,
2022Q4,p,S08000019,,S12000005,,All Inpatients,d,3,,673,1882,2.7964338781575,,283,1961,6.92932862190813,
2017Q4,,S08000019,,S12000005,,All Inpatients,d,4,,261,1236,4.73563218390805,,158,1177,7.4493670886076,
2018Q1,,S08000019,,S12000005,,All Inpatients,d,4,,313,1509,4.82108626198083,,181,1462,8.07734806629834,
2018Q2,,S08000019,,S12000005,,All Inpatients,d,4,,301,1545,5.1328903654485,,195,1760,9.02564102564103,
2018Q3,,S08000019,,S12000005,,All Inpatients,d,4,,282,1411,5.00354609929078,,181,1326,7.32596685082873,
2018Q4,,S08000019,,S12000005,,All Inpatients,d,4,,289,1585,5.48442906574394,,189,1342,7.1005291005291,
2019Q1,,S08000019,,S12000005,,All Inpatients,d,4,,260,1131,4.35,,167,1223,7.32335329341317,
2019Q2,,S08000019,,S12000005,,All Inpatients,d,4,,381,1478,3.87926509186352,,183,1554,8.49180327868852,
2019Q3,,S08000019,,S12000005,,All Inpatients,d,4,,512,1604,3.1328125,,213,1476,6.92957746478873,
2019Q4,,S08000019,,S12000005,,All Inpatients,d,4,,454,1539,3.38986784140969,,226,1527,6.75663716814159,
2020Q1,,S08000019,,S12000005,,All Inpatients,d,4,,468,1677,3.58333333333333,,230,1741,7.5695652173913,
2020Q2,,S08000019,,S12000005,,All Inpatients,d,4,,320,981,3.065625,,132,1298,9.83333333333333,
2020Q3,,S08000019,,S12000005,,All Inpatients,d,4,,424,1406,3.31603773584906,,215,1233,5.73488372093023,
2020Q4,,S08000019,,S12000005,,All Inpatients,d,4,,470,1620,3.4468085106383,,234,1899,8.11538461538461,
2021Q1,,S08000019,,S12000005,,All Inpatients,d,4,,435,1083,2.48965517241379,,164,828,5.04878048780488,
2021Q2,,S08000019,,S12000005,,All Inpatients,d,4,,504,1908,3.78571428571429,,236,2085,8.83474576271187,
2021Q3,,S08000019,,S12000005,,All Inpatients,d,4,,419,1187,2.83293556085919,,205,1113,5.42926829268293,
2021Q4,,S08000019,,S12000005,,All Inpatients,d,4,,434,1266,2.91705069124424,,190,1271,6.68947368421053,
2022Q1,,S08000019,,S12000005,,All Inpatients,d,4,,434,1273,2.9331797235023,,192,1140,5.9375,
2022Q2,,S08000019,,S12000005,,All Inpatients,d,4,,503,1543,3.0675944333996,,237,1517,6.40084388185654,
2022Q3,,S08000019,,S12000005,,All Inpatients,d,4,,377,1115,2.95755968169761,,167,1206,7.22155688622755,
2022Q4,p,S08000019,,S12000005,,All Inpatients,d,4,,368,1117,3.03532608695652,,179,1058,5.91061452513966,
2017Q4,,S08000019,,S12000005,,All Inpatients,d,5,,225,1096,4.87111111111111,,150,1105,7.36666666666667,
2018Q1,,S08000019,,S12000005,,All Inpatients,d,5,,226,846,3.74336283185841,,138,835,6.05072463768116,
2018Q2,,S08000019,,S12000005,,All Inpatients,d,5,,247,1402,5.67611336032389,,167,1559,9.33532934131737,
2018Q3,,S08000019,,S12000005,,All Inpatients,d,5,,248,1018,4.10483870967742,,162,1011,6.24074074074074,
2018Q4,,S08000019,,S12000005,,All Inpatients,d,5,,227,935,4.11894273127753,,145,892,6.15172413793103,
2019Q1,,S08000019,,S12000005,,All Inpatients,d,5,,232,924,3.98275862068966,,146,855,5.85616438356164,
2019Q2,,S08000019,,S12000005,,All Inpatients,d,5,,365,1261,3.45479452054795,,202,1443,7.14356435643564,
2019Q3,,S08000019,,S12000005,,All Inpatients,d,5,,424,1270,2.99528301886792,,203,1249,6.15270935960591,
2019Q4,,S08000019,,S12000005,,All Inpatients,d,5,,456,1431,3.13815789473684,,225,1418,6.30222222222222,
2020Q1,,S08000019,,S12000005,,All Inpatients,d,5,,322,855,2.65527950310559,,179,898,5.01675977653631,
2020Q2,,S08000019,,S12000005,,All Inpatients,d,5,,268,755,2.81716417910448,,128,757,5.9140625,
2020Q3,,S08000019,,S12000005,,All Inpatients,d,5,,391,1181,3.02046035805627,,197,1219,6.18781725888325,
2020Q4,,S08000019,,S12000005,,All Inpatients,d,5,,333,1024,3.07507507507508,,152,997,6.55921052631579,
2021Q1,,S08000019,,S12000005,,All Inpatients,d,5,,435,1179,2.71034482758621,,173,1146,6.6242774566474,
2021Q2,,S08000019,,S12000005,,All Inpatients,d,5,,434,1112,2.56221198156682,,213,1088,5.10798122065728,
2021Q3,,S08000019,,S12000005,,All Inpatients,d,5,,361,718,1.98891966759003,,177,651,3.67796610169492,
2021Q4,,S08000019,,S12000005,,All Inpatients,d,5,,340,990,2.91176470588235,,172,880,5.11627906976744,
2022Q1,,S08000019,,S12000005,,All Inpatients,d,5,,402,1305,3.24626865671642,,193,1216,6.30051813471503,
2022Q2,,S08000019,,S12000005,,All Inpatients,d,5,,489,1372,2.80572597137014,,217,1483,6.83410138248848,
2022Q3,,S08000019,,S12000005,,All Inpatients,d,5,,388,1157,2.9819587628866,,180,1128,6.26666666666667,
2022Q4,p,S08000019,,S12000005,,All Inpatients,d,5,,504,1464,2.9047619047619,,232,1299,5.59913793103448,
2017Q4,,S08000019,,S12000014,,All Inpatients,d,1,,1431,7385,5.16072676450035,,922,6982,7.57266811279826,
2018Q1,,S08000019,,S12000014,,All Inpatients,d,1,,1480,8594,5.80675675675676,,957,9111,9.52037617554859,
2018Q2,,S08000019,,S12000014,,All Inpatients,d,1,,1456,5725,3.93200549450549,,974,5644,5.79466119096509,
2018Q3,,S08000019,,S12000014,,All Inpatients,d,1,,1411,6524,4.62367115520907,,907,6562,7.2348401323043,
2018Q4,,S08000019,,S12000014,,All Inpatients,d,1,,1430,7179,5.02027972027972,,911,7135,7.83205268935236,
2019Q1,,S08000019,,S12000014,,All Inpatients,d,1,,1522,7529,4.94678055190539,,927,7059,7.61488673139159,
2019Q2,,S08000019,,S12000014,,All Inpatients,d,1,,2031,7207,3.54849827671098,,1068,7251,6.78932584269663,
2019Q3,,S08000019,,S12000014,,All Inpatients,d,1,,2370,6325,2.66877637130802,,1159,6665,5.75064710957722,
2019Q4,,S08000019,,S12000014,,All Inpatients,d,1,,2436,5782,2.3735632183908,,1122,5751,5.12566844919786,
2020Q1,,S08000019,,S12000014,,All Inpatients,d,1,,2180,6721,3.08302752293578,,1052,7198,6.84220532319392,
2020Q2,,S08000019,,S12000014,,All Inpatients,d,1,,1698,4813,2.83451118963486,,712,5078,7.13202247191011,
2020Q3,,S08000019,,S12000014,,All Inpatients,d,1,,2119,6318,2.98159509202454,,961,5932,6.17273673257024,
2020Q4,,S08000019,,S12000014,,All Inpatients,d,1,,2094,6089,2.90783190066858,,959,6012,6.26903023983316,
2021Q1,,S08000019,,S12000014,,All Inpatients,d,1,,2129,5598,2.62940347581024,,870,5327,6.12298850574713,
2021Q2,,S08000019,,S12000014,,All Inpatients,d,1,,2319,6146,2.65028029322984,,1042,6418,6.15930902111324,
2021Q3,,S08000019,,S12000014,,All Inpatients,d,1,,2166,5664,2.61495844875346,,985,5454,5.53705583756345,
2021Q4,,S08000019,,S12000014,,All Inpatients,d,1,,1998,7135,3.57107107107107,,967,7312,7.56153050672182,
2022Q1,,S08000019,,S12000014,,All Inpatients,d,1,,2131,6574,3.08493664946035,,947,6479,6.8416050686378,
2022Q2,,S08000019,,S12000014,,All Inpatients,d,1,,2345,8026,3.4226012793177,,1052,7782,7.39733840304183,
2022Q3,,S08000019,,S12000014,,All Inpatients,d,1,,2350,7492,3.18808510638298,,1027,7289,7.09737098344693,
2022Q4,p,S08000019,,S12000014,,All Inpatients,d,1,,2439,7560,3.09963099630996,,1022,7253,7.09686888454012,
2017Q4,,S08000019,,S12000014,,All Inpatients,d,2,,1897,9046,4.768581971534,,1161,8873,7.64254952627046,
2018Q1,,S08000019,,S12000014,,All Inpatients,d,2,,1959,9518,4.85860132720776,,1208,9109,7.54056291390728,
2018Q2,,S08000019,,S12000014,,All Inpatients,d,2,,1801,9462,5.25374791782343,,1107,9548,8.62511291779584,
2018Q3,,S08000019,,S12000014,,All Inpatients,d,2,,1768,8507,4.81165158371041,,1104,8863,8.02807971014493,
2018Q4,,S08000019,,S12000014,,All Inpatients,d,2,,1813,8803,4.85548814120243,,1118,8521,7.6216457960644,
2019Q1,,S08000019,,S12000014,,All Inpatients,d,2,,1933,9152,4.73460941541645,,1199,8339,6.95496246872394,
2019Q2,,S08000019,,S12000014,,All Inpatients,d,2,,2726,9950,3.65003668378577,,1414,8862,6.26732673267327,
2019Q3,,S08000019,,S12000014,,All Inpatients,d,2,,3150,8899,2.82507936507937,,1447,9115,6.2992398064962,
2019Q4,,S08000019,,S12000014,,All Inpatients,d,2,,3075,9047,2.94211382113821,,1381,8945,6.47719044170891,
2020Q1,,S08000019,,S12000014,,All Inpatients,d,2,,2806,10195,3.63328581610834,,1370,10313,7.52773722627737,
2020Q2,,S08000019,,S12000014,,All Inpatients,d,2,,2219,6208,2.79765660207301,,988,6614,6.69433198380567,
2020Q3,,S08000019,,S12000014,,All Inpatients,d,2,,2632,7177,2.72682370820669,,1204,6370,5.2906976744186,
2020Q4,,S08000019,,S12000014,,All Inpatients,d,2,,2627,7995,3.04339550818424,,1169,8280,7.08297690333618,
2021Q1,,S08000019,,S12000014,,All Inpatients,d,2,,2927,8101,2.76768021865391,,1129,7815,6.92205491585474,
2021Q2,,S08000019,,S12000014,,All Inpatients,d,2,,2907,8346,2.87100103199174,,1274,8485,6.66012558869702,
2021Q3,,S08000019,,S12000014,,All Inpatients,d,2,,2598,8084,3.11162432640493,,1170,7960,6.8034188034188,
2021Q4,,S08000019,,S12000014,,All Inpatients,d,2,,2609,8381,3.21234189344576,,1226,8568,6.98858075040783,
2022Q1,,S08000019,,S12000014,,All Inpatients,d,2,,2794,8743,3.12920544022906,,1218,10284,8.44334975369458,
2022Q2,,S08000019,,S12000014,,All Inpatients,d,2,,3006,10045,3.3416500332668,,1328,9680,7.28915662650602,
2022Q3,,S08000019,,S12000014,,All Inpatients,d,2,,2937,10840,3.69084099421178,,1271,10685,8.40676632572777,
2022Q4,p,S08000019,,S12000014,,All Inpatients,d,2,,3132,9818,3.13473818646232,,1325,10344,7.80679245283019,
2017Q4,,S08000019,,S12000014,,All Inpatients,d,3,,1809,8736,4.82918739635158,,1108,7874,7.10649819494585,
2018Q1,,S08000019,,S12000014,,All Inpatients,d,3,,1714,8836,5.15519253208868,,1078,8451,7.83951762523191,
2018Q2,,S08000019,,S12000014,,All Inpatients,d,3,,1890,8876,4.6962962962963,,1188,9236,7.77441077441077,
2018Q3,,S08000019,,S12000014,,All Inpatients,d,3,,1707,8210,4.80960749853544,,1065,7997,7.50892018779343,
2018Q4,,S08000019,,S12000014,,All Inpatients,d,3,,1827,9921,5.43021346469622,,1161,9887,8.51593453919035,
2019Q1,,S08000019,,S12000014,,All Inpatients,d,3,,1817,8125,4.4716565767749,,1144,8103,7.08304195804196,
2019Q2,,S08000019,,S12000014,,All Inpatients,d,3,,2597,8343,3.21255294570658,,1348,8192,6.07715133531157,
2019Q3,,S08000019,,S12000014,,All Inpatients,d,3,,2882,7738,2.68494101318529,,1363,7235,5.3081438004402,
2019Q4,,S08000019,,S12000014,,All Inpatients,d,3,,2953,8259,2.79681679647816,,1351,8105,5.99925980754996,
2020Q1,,S08000019,,S12000014,,All Inpatients,d,3,,2456,8011,3.26180781758958,,1228,7922,6.45114006514658,
2020Q2,,S08000019,,S12000014,,All Inpatients,d,3,,2038,6353,3.11727183513248,,878,6071,6.91457858769932,
2020Q3,,S08000019,,S12000014,,All Inpatients,d,3,,2368,6640,2.80405405405405,,1122,6446,5.74509803921569,
2020Q4,,S08000019,,S12000014,,All Inpatients,d,3,,2744,7712,2.81049562682216,,1233,7497,6.08029197080292,
2021Q1,,S08000019,,S12000014,,All Inpatients,d,3,,2732,7987,2.92349926793558,,1089,7827,7.18732782369146,
2021Q2,,S08000019,,S12000014,,All Inpatients,d,3,,2712,6474,2.38716814159292,,1263,6954,5.50593824228029,
2021Q3,,S08000019,,S12000014,,All Inpatients,d,3,,2416,7061,2.92259933774834,,1155,6353,5.5004329004329,
2021Q4,,S08000019,,S12000014,,All Inpatients,d,3,,2451,8814,3.59608323133415,,1220,9232,7.5672131147541,
2022Q1,,S08000019,,S12000014,,All Inpatients,d,3,,2514,7907,3.14518695306285,,1136,8006,7.04753521126761,
2022Q2,,S08000019,,S12000014,,All Inpatients,d,3,,2744,7685,2.80065597667638,,1284,7769,6.0506230529595,
2022Q3,,S08000019,,S12000014,,All Inpatients,d,3,,2648,8464,3.1963746223565,,1232,8212,6.66558441558442,
2022Q4,p,S08000019,,S12000014,,All Inpatients,d,3,,2969,9150,3.08184573930616,,1305,9223,7.06743295019157,
2017Q4,,S08000019,,S12000014,,All Inpatients,d,4,,995,3962,3.98190954773869,,646,4176,6.46439628482972,
2018Q1,,S08000019,,S12000014,,All Inpatients,d,4,,949,3984,4.19810326659642,,617,4097,6.64019448946515,
2018Q2,,S08000019,,S12000014,,All Inpatients,d,4,,1005,3901,3.881592039801,,643,3696,5.74805598755832,
2018Q3,,S08000019,,S12000014,,All Inpatients,d,4,,1009,5074,5.02874132804757,,652,4756,7.29447852760736,
2018Q4,,S08000019,,S12000014,,All Inpatients,d,4,,933,4698,5.03536977491961,,601,4975,8.27787021630616,
2019Q1,,S08000019,,S12000014,,All Inpatients,d,4,,969,4350,4.48916408668731,,592,4059,6.85641891891892,
2019Q2,,S08000019,,S12000014,,All Inpatients,d,4,,1465,4670,3.1877133105802,,778,4760,6.11825192802057,
2019Q3,,S08000019,,S12000014,,All Inpatients,d,4,,1817,4595,2.52889378095762,,830,4173,5.02771084337349,
2019Q4,,S08000019,,S12000014,,All Inpatients,d,4,,1647,5326,3.23375834851245,,819,5723,6.98778998778999,
2020Q1,,S08000019,,S12000014,,All Inpatients,d,4,,1543,4918,3.18729747245625,,741,4696,6.33738191632929,
2020Q2,,S08000019,,S12000014,,All Inpatients,d,4,,1160,3096,2.66896551724138,,526,3034,5.7680608365019,
2020Q3,,S08000019,,S12000014,,All Inpatients,d,4,,1322,3457,2.61497730711044,,638,3347,5.24608150470219,
2020Q4,,S08000019,,S12000014,,All Inpatients,d,4,,1341,3680,2.74422073079791,,646,3779,5.84984520123839,
2021Q1,,S08000019,,S12000014,,All Inpatients,d,4,,1571,4146,2.6390833863781,,653,3993,6.11485451761103,
2021Q2,,S08000019,,S12000014,,All Inpatients,d,4,,1620,4528,2.79506172839506,,733,4486,6.12005457025921,
2021Q3,,S08000019,,S12000014,,All Inpatients,d,4,,1410,3774,2.67659574468085,,676,3424,5.06508875739645,
2021Q4,,S08000019,,S12000014,,All Inpatients,d,4,,1465,4921,3.35904436860068,,707,5127,7.25176803394625,
2022Q1,,S08000019,,S12000014,,All Inpatients,d,4,,1555,4432,2.85016077170418,,721,4457,6.18169209431345,
2022Q2,,S08000019,,S12000014,,All Inpatients,d,4,,1403,3969,2.82893799002138,,708,3665,5.17655367231638,
2022Q3,,S08000019,,S12000014,,All Inpatients,d,4,,1610,5689,3.53354037267081,,718,5766,8.03064066852368,
2022Q4,p,S08000019,,S12000014,,All Inpatients,d,4,,1626,5728,3.52275522755228,,716,5677,7.92877094972067,
2017Q4,,S08000019,,S12000014,,All Inpatients,d,5,,790,3171,4.01392405063291,,537,3419,6.36685288640596,
2018Q1,,S08000019,,S12000014,,All Inpatients,d,5,,777,3472,4.46846846846847,,505,3309,6.55247524752475,
2018Q2,,S08000019,,S12000014,,All Inpatients,d,5,,799,4207,5.26533166458073,,537,4542,8.45810055865922,
2018Q3,,S08000019,,S12000014,,All Inpatients,d,5,,814,3826,4.7002457002457,,532,3828,7.19548872180451,
2018Q4,,S08000019,,S12000014,,All Inpatients,d,5,,805,3548,4.40745341614907,,525,3570,6.8,
2019Q1,,S08000019,,S12000014,,All Inpatients,d,5,,708,2949,4.16525423728814,,467,2757,5.90364025695931,
2019Q2,,S08000019,,S12000014,,All Inpatients,d,5,,1235,3376,2.7336032388664,,662,3157,4.76888217522659,
2019Q3,,S08000019,,S12000014,,All Inpatients,d,5,,1434,3748,2.61366806136681,,736,3474,4.72010869565217,
2019Q4,,S08000019,,S12000014,,All Inpatients,d,5,,1465,3848,2.62662116040956,,718,3708,5.16434540389972,
2020Q1,,S08000019,,S12000014,,All Inpatients,d,5,,1220,3704,3.03606557377049,,652,3685,5.65184049079755,
2020Q2,,S08000019,,S12000014,,All Inpatients,d,5,,907,2320,2.55788313120176,,432,2174,5.03240740740741,
2020Q3,,S08000019,,S12000014,,All Inpatients,d,5,,1149,3354,2.91906005221932,,572,3052,5.33566433566434,
2020Q4,,S08000019,,S12000014,,All Inpatients,d,5,,1149,3555,3.09399477806789,,572,3397,5.93881118881119,
2021Q1,,S08000019,,S12000014,,All Inpatients,d,5,,1228,3079,2.50732899022801,,569,3273,5.75219683655536,
2021Q2,,S08000019,,S12000014,,All Inpatients,d,5,,1364,3769,2.76319648093842,,650,3842,5.91076923076923,
2021Q3,,S08000019,,S12000014,,All Inpatients,d,5,,1221,3274,2.68140868140868,,637,3388,5.31868131868132,
2021Q4,,S08000019,,S12000014,,All Inpatients,d,5,,1214,3571,2.94151565074135,,621,3120,5.02415458937198,
2022Q1,,S08000019,,S12000014,,All Inpatients,d,5,,1262,3488,2.76386687797147,,629,3226,5.12877583465819,
2022Q2,,S08000019,,S12000014,,All Inpatients,d,5,,1371,4507,3.2873814733771,,693,4561,6.58152958152958,
2022Q3,,S08000019,,S12000014,,All Inpatients,d,5,,1396,3938,2.82091690544413,,667,3935,5.89955022488756,
2022Q4,p,S08000019,,S12000014,,All Inpatients,d,5,,1393,3065,2.20028715003589,,661,2929,4.43116490166415,
2017Q4,,S08000019,,S08000019,d,All Inpatients,d,1,,2707,13227,4.88622090875508,,1731,12875,7.43789716926632,
2018Q1,,S08000019,,S08000019,d,All Inpatients,d,1,,2741,14311,5.22108719445458,,1745,14882,8.52836676217765,
2018Q2,,S08000019,,S08000019,d,All Inpatients,d,1,,2640,11054,4.18712121212121,,1740,11093,6.37528735632184,
2018Q3,,S08000019,,S08000019,d,All Inpatients,d,1,,2788,11957,4.28873744619799,,1780,11663,6.55224719101124,
2018Q4,,S08000019,,S08000019,d,All Inpatients,d,1,,2819,12518,4.4405817665839,,1788,12160,6.80089485458613,
2019Q1,,S08000019,,S08000019,d,All Inpatients,d,1,,2807,13648,4.86213038831493,,1740,13161,7.56379310344828,
2019Q2,,S08000019,,S08000019,d,All Inpatients,d,1,,3924,13825,3.52319062181448,,2013,13256,6.58519622454049,
2019Q3,,S08000019,,S08000019,d,All Inpatients,d,1,,4537,12339,2.71963852766145,,2200,13110,5.95909090909091,
2019Q4,,S08000019,,S08000019,d,All Inpatients,d,1,,4638,11624,2.50625269512721,,2145,11584,5.4004662004662,
2020Q1,,S08000019,,S08000019,d,All Inpatients,d,1,,4038,12515,3.09930658741951,,2020,12929,6.40049504950495,
2020Q2,,S08000019,,S08000019,d,All Inpatients,d,1,,3179,8784,2.76313306071092,,1355,8975,6.62361623616236,
2020Q3,,S08000019,,S08000019,d,All Inpatients,d,1,,3907,11016,2.81955464550806,,1822,10395,5.705268935236,
2020Q4,,S08000019,,S08000019,d,All Inpatients,d,1,,4063,11537,2.83952744277627,,1798,10921,6.07397107897664,
2021Q1,,S08000019,,S08000019,d,All Inpatients,d,1,,4109,12172,2.9622779265028,,1707,12276,7.19156414762742,
2021Q2,,S08000019,,S08000019,d,All Inpatients,d,1,,4248,10672,2.51224105461394,,1942,11260,5.79814624098867,
2021Q3,,S08000019,,S08000019,d,All Inpatients,d,1,,4045,12102,2.99184177997528,,1852,11710,6.32289416846652,
2021Q4,,S08000019,,S08000019,d,All Inpatients,d,1,,3781,12837,3.39513356254959,,1815,12990,7.15702479338843,
2022Q1,,S08000019,,S08000019,d,All Inpatients,d,1,,4106,12783,3.11324890404286,,1842,12707,6.89847991313789,
2022Q2,,S08000019,,S08000019,d,All Inpatients,d,1,,4471,13889,3.106463878327,,1973,13508,6.84642676127724,
2022Q3,,S08000019,,S08000019,d,All Inpatients,d,1,,4342,13902,3.20175034546292,,1918,13173,6.86809176225235,
2022Q4,p,S08000019,,S08000019,d,All Inpatients,d,1,,4322,13747,3.18070337806571,,1823,13270,7.27921009325288,
2017Q4,,S08000019,,S08000019,d,All Inpatients,d,2,,3019,14307,4.73898641934415,,1843,14054,7.62561041779707,
2018Q1,,S08000019,,S08000019,d,All Inpatients,d,2,,3022,14570,4.82131039046989,,1867,13965,7.47991430101768,
2018Q2,,S08000019,,S08000019,d,All Inpatients,d,2,,3037,14928,4.91537701679289,,1863,14763,7.92431561996779,
2018Q3,,S08000019,,S08000019,d,All Inpatients,d,2,,2894,13187,4.55666897028334,,1797,13363,7.43628269337785,
2018Q4,,S08000019,,S08000019,d,All Inpatients,d,2,,2936,14580,4.96594005449591,,1818,14361,7.8993399339934,
2019Q1,,S08000019,,S08000019,d,All Inpatients,d,2,,3091,14922,4.82756389517955,,1900,13950,7.3421052631579,
2019Q2,,S08000019,,S08000019,d,All Inpatients,d,2,,4378,15061,3.44015532206487,,2251,13743,6.10528653931586,
2019Q3,,S08000019,,S08000019,d,All Inpatients,d,2,,5143,14681,2.85455959556679,,2380,15027,6.31386554621849,
2019Q4,,S08000019,,S08000019,d,All Inpatients,d,2,,5012,14538,2.90063846767757,,2292,15156,6.61256544502618,
2020Q1,,S08000019,,S08000019,d,All Inpatients,d,2,,4483,16785,3.7441445460629,,2224,16193,7.28102517985612,
2020Q2,,S08000019,,S08000019,d,All Inpatients,d,2,,3453,9652,2.79525050680568,,1578,10258,6.50063371356147,
2020Q3,,S08000019,,S08000019,d,All Inpatients,d,2,,4395,12354,2.81092150170648,,2004,11842,5.90918163672655,
2020Q4,,S08000019,,S08000019,d,All Inpatients,d,2,,4320,12879,2.98125,,1948,13022,6.68480492813142,
2021Q1,,S08000019,,S08000019,d,All Inpatients,d,2,,4888,13652,2.79296235679214,,1945,13436,6.90796915167095,
2021Q2,,S08000019,,S08000019,d,All Inpatients,d,2,,4812,14455,3.00394846217789,,2129,14245,6.69093471113199,
2021Q3,,S08000019,,S08000019,d,All Inpatients,d,2,,4322,13442,3.11013419713096,,1911,13269,6.94348508634223,
2021Q4,,S08000019,,S08000019,d,All Inpatients,d,2,,4314,15048,3.48817802503477,,2012,14981,7.44582504970179,
2022Q1,,S08000019,,S08000019,d,All Inpatients,d,2,,4615,15259,3.30639219934995,,1995,16639,8.34035087719298,
2022Q2,,S08000019,,S08000019,d,All Inpatients,d,2,,4851,16505,3.40239125953412,,2127,16478,7.74706158909262,
2022Q3,,S08000019,,S08000019,d,All Inpatients,d,2,,4807,17401,3.61992926981485,,2116,17895,8.4569943289225,
2022Q4,p,S08000019,,S08000019,d,All Inpatients,d,2,,5013,15631,3.1180929583084,,2157,16459,7.63050533147891,
2017Q4,,S08000019,,S08000019,d,All Inpatients,d,3,,2724,13301,4.88289280469897,,1723,12533,7.27394080092861,
2018Q1,,S08000019,,S08000019,d,All Inpatients,d,3,,2632,13164,5.00151975683891,,1643,12313,7.49421789409617,
2018Q2,,S08000019,,S08000019,d,All Inpatients,d,3,,2799,13051,4.6627366916756,,1769,13689,7.73827020915772,
2018Q3,,S08000019,,S08000019,d,All Inpatients,d,3,,2656,13179,4.96197289156626,,1638,12872,7.85836385836386,
2018Q4,,S08000019,,S08000019,d,All Inpatients,d,3,,2822,14732,5.22041105598866,,1791,14750,8.2356225572306,
2019Q1,,S08000019,,S08000019,d,All Inpatients,d,3,,2726,12791,4.69222303741746,,1707,12911,7.56356180433509,
2019Q2,,S08000019,,S08000019,d,All Inpatients,d,3,,3972,13504,3.39979859013092,,2018,13100,6.49157581764123,
2019Q3,,S08000019,,S08000019,d,All Inpatients,d,3,,4438,13051,2.9407390716539,,2080,12316,5.92115384615385,
2019Q4,,S08000019,,S08000019,d,All Inpatients,d,3,,4493,13026,2.89917649677276,,2062,12703,6.16052376333657,
2020Q1,,S08000019,,S08000019,d,All Inpatients,d,3,,3856,13591,3.52463692946058,,1877,13139,7,
2020Q2,,S08000019,,S08000019,d,All Inpatients,d,3,,3092,9675,3.12904269081501,,1323,9404,7.10808767951625,
2020Q3,,S08000019,,S08000019,d,All Inpatients,d,3,,3543,10376,2.92859158904883,,1670,10179,6.09520958083832,
2020Q4,,S08000019,,S08000019,d,All Inpatients,d,3,,4099,11917,2.90729446206392,,1887,11741,6.22204557498675,
2021Q1,,S08000019,,S08000019,d,All Inpatients,d,3,,4217,11427,2.70974626511738,,1712,11303,6.60221962616822,
2021Q2,,S08000019,,S08000019,d,All Inpatients,d,3,,4300,10828,2.51813953488372,,1995,11118,5.57293233082707,
2021Q3,,S08000019,,S08000019,d,All Inpatients,d,3,,3753,11553,3.07833733013589,,1786,10939,6.12486002239642,
2021Q4,,S08000019,,S08000019,d,All Inpatients,d,3,,3852,13395,3.47741433021807,,1897,13742,7.24406958355298,
2022Q1,,S08000019,,S08000019,d,All Inpatients,d,3,,3944,12424,3.1501014198783,,1778,12250,6.88976377952756,
2022Q2,,S08000019,,S08000019,d,All Inpatients,d,3,,4245,12643,2.97832744405183,,1983,12682,6.39536056480081,
2022Q3,,S08000019,,S08000019,d,All Inpatients,d,3,,4151,13027,3.13827993254637,,1924,12892,6.7006237006237,
2022Q4,p,S08000019,,S08000019,d,All Inpatients,d,3,,4564,13877,3.04053461875548,,2039,14256,6.99166257969593,
2017Q4,,S08000019,,S08000019,d,All Inpatients,d,4,,2195,9601,4.37403189066059,,1411,9684,6.8632175761871,
2018Q1,,S08000019,,S08000019,d,All Inpatients,d,4,,2196,9735,4.43306010928962,,1357,9420,6.94178334561533,
2018Q2,,S08000019,,S08000019,d,All Inpatients,d,4,,2215,9882,4.46139954853273,,1390,9673,6.9589928057554,
2018Q3,,S08000019,,S08000019,d,All Inpatients,d,4,,2226,11096,4.98472596585804,,1405,11042,7.85907473309609,
2018Q4,,S08000019,,S08000019,d,All Inpatients,d,4,,2237,11468,5.12650871703174,,1404,11632,8.28490028490029,
2019Q1,,S08000019,,S08000019,d,All Inpatients,d,4,,2261,10868,4.80672268907563,,1371,10401,7.58643326039387,
2019Q2,,S08000019,,S08000019,d,All Inpatients,d,4,,3266,11438,3.50214329454991,,1668,11524,6.90887290167866,
2019Q3,,S08000019,,S08000019,d,All Inpatients,d,4,,3726,10826,2.90552871712292,,1734,10314,5.94809688581315,
2019Q4,,S08000019,,S08000019,d,All Inpatients,d,4,,3649,12173,3.3359824609482,,1827,12558,6.8735632183908,
2020Q1,,S08000019,,S08000019,d,All Inpatients,d,4,,3188,10922,3.42597239648683,,1559,10575,6.783194355356,
2020Q2,,S08000019,,S08000019,d,All Inpatients,d,4,,2434,7374,3.02958093672966,,1102,7052,6.39927404718693,
2020Q3,,S08000019,,S08000019,d,All Inpatients,d,4,,2953,7998,2.70843210294616,,1452,8202,5.64876033057851,
2020Q4,,S08000019,,S08000019,d,All Inpatients,d,4,,3030,8210,2.70957095709571,,1488,8748,5.87903225806452,
2021Q1,,S08000019,,S08000019,d,All Inpatients,d,4,,3295,9045,2.74506828528073,,1342,8437,6.28688524590164,
2021Q2,,S08000019,,S08000019,d,All Inpatients,d,4,,3798,10549,2.77751448130595,,1711,10543,6.16189362945646,
2021Q3,,S08000019,,S08000019,d,All Inpatients,d,4,,3148,9061,2.87833545108005,,1530,8261,5.39934640522876,
2021Q4,,S08000019,,S08000019,d,All Inpatients,d,4,,3159,10665,3.37606837606838,,1535,10790,7.02931596091205,
2022Q1,,S08000019,,S08000019,d,All Inpatients,d,4,,3216,10412,3.23756218905473,,1520,11103,7.3046052631579,
2022Q2,,S08000019,,S08000019,d,All Inpatients,d,4,,3160,9331,2.95284810126582,,1563,8940,5.71976967370441,
2022Q3,,S08000019,,S08000019,d,All Inpatients,d,4,,3367,11109,3.2993762993763,,1525,10737,7.04065573770492,
2022Q4,p,S08000019,,S08000019,d,All Inpatients,d,4,,3458,11773,3.40456911509543,,1558,11870,7.61874197689345,
2017Q4,,S08000019,,S08000019,d,All Inpatients,d,5,,1784,7497,4.20235426008969,,1197,7758,6.4812030075188,
2018Q1,,S08000019,,S08000019,d,All Inpatients,d,5,,1724,7558,4.38399071925754,,1109,7301,6.5834084761046,
2018Q2,,S08000019,,S08000019,d,All Inpatients,d,5,,1768,8949,5.06165158371041,,1151,9495,8.249348392702,
2018Q3,,S08000019,,S08000019,d,All Inpatients,d,5,,1779,7738,4.34963462619449,,1156,7545,6.52681660899654,
2018Q4,,S08000019,,S08000019,d,All Inpatients,d,5,,1750,7859,4.49085714285714,,1158,8050,6.95164075993092,
2019Q1,,S08000019,,S08000019,d,All Inpatients,d,5,,1642,6956,4.23629719853837,,1062,6645,6.25706214689266,
2019Q2,,S08000019,,S08000019,d,All Inpatients,d,5,,2595,8025,3.09248554913295,,1420,7660,5.3943661971831,
2019Q3,,S08000019,,S08000019,d,All Inpatients,d,5,,3157,12003,3.80202724105163,,1569,11667,7.4359464627151,
2019Q4,,S08000019,,S08000019,d,All Inpatients,d,5,,3203,10078,3.1464252263503,,1553,10058,6.47649710238249,
2020Q1,,S08000019,,S08000019,d,All Inpatients,d,5,,2702,8925,3.30310880829016,,1403,8738,6.22808267997149,
2020Q2,,S08000019,,S08000019,d,All Inpatients,d,5,,2013,5761,2.86189766517635,,938,5734,6.11300639658849,
2020Q3,,S08000019,,S08000019,d,All Inpatients,d,5,,2581,7894,3.05850445563735,,1272,7304,5.74213836477987,
2020Q4,,S08000019,,S08000019,d,All Inpatients,d,5,,2703,8244,3.04994450610433,,1315,7983,6.07072243346008,
2021Q1,,S08000019,,S08000019,d,All Inpatients,d,5,,2678,7808,2.91560866318148,,1192,8114,6.80704697986577,
2021Q2,,S08000019,,S08000019,d,All Inpatients,d,5,,3009,8123,2.69956796277833,,1410,8148,5.77872340425532,
2021Q3,,S08000019,,S08000019,d,All Inpatients,d,5,,2622,7560,2.88329519450801,,1344,7621,5.6703869047619,
2021Q4,,S08000019,,S08000019,d,All Inpatients,d,5,,2683,8462,3.1539321654864,,1362,7714,5.66372980910426,
2022Q1,,S08000019,,S08000019,d,All Inpatients,d,5,,2635,7765,2.94686907020873,,1314,7457,5.67503805175038,
2022Q2,,S08000019,,S08000019,d,All Inpatients,d,5,,3089,9571,3.09841372612496,,1484,9867,6.6489218328841,
2022Q3,,S08000019,,S08000019,d,All Inpatients,d,5,,2972,9049,3.04475100942127,,1426,8802,6.17251051893408,
2022Q4,p,S08000019,,S08000019,d,All Inpatients,d,5,,3238,8540,2.63743051266214,,1494,8318,5.56760374832664,
2017Q4,,S08000019,,S12000030,,All Inpatients,d,1,,567,2448,4.31746031746032,,352,2492,7.07954545454545,
2018Q1,,S08000019,,S12000030,,All Inpatients,d,1,,613,3060,4.99184339314845,,378,3077,8.14021164021164,
2018Q2,,S08000019,,S12000030,,All Inpatients,d,1,,544,2475,4.54963235294118,,354,2605,7.35875706214689,
2018Q3,,S08000019,,S12000030,,All Inpatients,d,1,,569,2170,3.81370826010545,,370,1984,5.36216216216216,
2018Q4,,S08000019,,S12000030,,All Inpatients,d,1,,598,2622,4.38461538461539,,381,2424,6.36220472440945,
2019Q1,,S08000019,,S12000030,,All Inpatients,d,1,,566,2565,4.53180212014134,,365,2596,7.11232876712329,
2019Q2,,S08000019,,S12000030,,All Inpatients,d,1,,882,3489,3.95578231292517,,416,2813,6.76201923076923,
2019Q3,,S08000019,,S12000030,,All Inpatients,d,1,,1006,3061,3.0427435387674,,491,3379,6.88187372708758,
2019Q4,,S08000019,,S12000030,,All Inpatients,d,1,,997,2692,2.70010030090271,,446,2723,6.10538116591928,
2020Q1,,S08000019,,S12000030,,All Inpatients,d,1,,862,2626,3.04640371229698,,449,2498,5.56347438752784,
2020Q2,,S08000019,,S12000030,,All Inpatients,d,1,,609,1462,2.40065681444992,,279,1487,5.32974910394265,
2020Q3,,S08000019,,S12000030,,All Inpatients,d,1,,734,1622,2.20980926430518,,362,1576,4.35359116022099,
2020Q4,,S08000019,,S12000030,,All Inpatients,d,1,,874,2229,2.55034324942792,,394,1982,5.03045685279188,
2021Q1,,S08000019,,S12000030,,All Inpatients,d,1,,798,2400,3.00751879699248,,337,2480,7.35905044510386,
2021Q2,,S08000019,,S12000030,,All Inpatients,d,1,,902,2039,2.26053215077605,,396,2134,5.38888888888889,
2021Q3,,S08000019,,S12000030,,All Inpatients,d,1,,900,3224,3.58222222222222,,410,3060,7.46341463414634,
2021Q4,,S08000019,,S12000030,,All Inpatients,d,1,,794,2561,3.22544080604534,,385,2659,6.90649350649351,
2022Q1,,S08000019,,S12000030,,All Inpatients,d,1,,888,2479,2.79166666666667,,424,2451,5.78066037735849,
2022Q2,,S08000019,,S12000030,,All Inpatients,d,1,,931,2253,2.41997851772288,,412,2344,5.68932038834951,
2022Q3,,S08000019,,S12000030,,All Inpatients,d,1,,858,2317,2.7004662004662,,399,2087,5.23057644110276,
2022Q4,p,S08000019,,S12000030,,All Inpatients,d,1,,840,2422,2.88333333333333,,347,2345,6.75792507204611,
2017Q4,,S08000019,,S12000030,,All Inpatients,d,2,,606,2966,4.89438943894389,,362,2941,8.12430939226519,
2018Q1,,S08000019,,S12000030,,All Inpatients,d,2,,580,2857,4.92586206896552,,361,2859,7.9196675900277,
2018Q2,,S08000019,,S12000030,,All Inpatients,d,2,,653,2837,4.34456355283308,,400,2727,6.8175,
2018Q3,,S08000019,,S12000030,,All Inpatients,d,2,,585,2481,4.24102564102564,,357,2346,6.57142857142857,
2018Q4,,S08000019,,S12000030,,All Inpatients,d,2,,641,3343,5.21528861154446,,394,3523,8.94162436548223,
2019Q1,,S08000019,,S12000030,,All Inpatients,d,2,,612,3161,5.16503267973856,,366,3221,8.80054644808743,
2019Q2,,S08000019,,S12000030,,All Inpatients,d,2,,857,2575,3.0046674445741,,412,2405,5.8373786407767,
2019Q3,,S08000019,,S12000030,,All Inpatients,d,2,,958,2709,2.82776617954071,,461,2855,6.19305856832972,
2019Q4,,S08000019,,S12000030,,All Inpatients,d,2,,979,2885,2.94688457609806,,469,3311,7.05970149253731,
2020Q1,,S08000019,,S12000030,,All Inpatients,d,2,,837,3219,3.84587813620072,,432,2758,6.38425925925926,
2020Q2,,S08000019,,S12000030,,All Inpatients,d,2,,663,1702,2.56711915535445,,324,1946,6.00617283950617,
2020Q3,,S08000019,,S12000030,,All Inpatients,d,2,,876,2376,2.71232876712329,,425,2805,6.6,
2020Q4,,S08000019,,S12000030,,All Inpatients,d,2,,922,2421,2.62581344902386,,436,2289,5.25,
2021Q1,,S08000019,,S12000030,,All Inpatients,d,2,,1093,2740,2.50686184812443,,464,2695,5.80818965517241,
2021Q2,,S08000019,,S12000030,,All Inpatients,d,2,,959,2702,2.81751824817518,,443,2610,5.89164785553047,
2021Q3,,S08000019,,S12000030,,All Inpatients,d,2,,899,2702,3.0055617352614,,380,2630,6.92105263157895,
2021Q4,,S08000019,,S12000030,,All Inpatients,d,2,,882,3842,4.35600907029478,,430,3535,8.22093023255814,
2022Q1,,S08000019,,S12000030,,All Inpatients,d,2,,864,2862,3.3125,,372,2577,6.92741935483871,
2022Q2,,S08000019,,S12000030,,All Inpatients,d,2,,921,3633,3.94462540716612,,396,4078,10.2979797979798,
2022Q3,,S08000019,,S12000030,,All Inpatients,d,2,,943,3214,3.40827147401909,,443,3477,7.84875846501129,
2022Q4,p,S08000019,,S12000030,,All Inpatients,d,2,,959,2774,2.89259645464025,,433,3073,7.09699769053118,
2017Q4,,S08000019,,S12000030,,All Inpatients,d,3,,564,2825,5.00886524822695,,370,2872,7.76216216216216,
2018Q1,,S08000019,,S12000030,,All Inpatients,d,3,,556,2369,4.26079136690648,,341,2109,6.18475073313783,
2018Q2,,S08000019,,S12000030,,All Inpatients,d,3,,526,2341,4.45057034220532,,335,2389,7.13134328358209,
2018Q3,,S08000019,,S12000030,,All Inpatients,d,3,,587,3290,5.60477001703577,,363,3284,9.04683195592287,
2018Q4,,S08000019,,S12000030,,All Inpatients,d,3,,604,3060,5.06622516556291,,384,3042,7.921875,
2019Q1,,S08000019,,S12000030,,All Inpatients,d,3,,544,3188,5.86029411764706,,341,3197,9.37536656891496,
2019Q2,,S08000019,,S12000030,,All Inpatients,d,3,,790,2980,3.77215189873418,,408,2860,7.00980392156863,
2019Q3,,S08000019,,S12000030,,All Inpatients,d,3,,898,3169,3.52895322939866,,422,3174,7.52132701421801,
2019Q4,,S08000019,,S12000030,,All Inpatients,d,3,,874,2996,3.4279176201373,,415,3065,7.3855421686747,
2020Q1,,S08000019,,S12000030,,All Inpatients,d,3,,874,3255,3.72425629290618,,414,3239,7.82367149758454,
2020Q2,,S08000019,,S12000030,,All Inpatients,d,3,,635,1709,2.69133858267717,,269,1603,5.95910780669145,
2020Q3,,S08000019,,S12000030,,All Inpatients,d,3,,716,2251,3.14385474860335,,332,2190,6.59638554216868,
2020Q4,,S08000019,,S12000030,,All Inpatients,d,3,,834,2219,2.66067146282974,,414,2445,5.90579710144928,
2021Q1,,S08000019,,S12000030,,All Inpatients,d,3,,969,1957,2.01960784313725,,405,1883,4.64938271604938,
2021Q2,,S08000019,,S12000030,,All Inpatients,d,3,,999,2576,2.57857857857858,,445,2414,5.4247191011236,
2021Q3,,S08000019,,S12000030,,All Inpatients,d,3,,804,2506,3.11691542288557,,395,2652,6.71392405063291,
2021Q4,,S08000019,,S12000030,,All Inpatients,d,3,,811,2775,3.42170160295931,,402,2664,6.62686567164179,
2022Q1,,S08000019,,S12000030,,All Inpatients,d,3,,790,2490,3.15189873417722,,380,2347,6.17631578947368,
2022Q2,,S08000019,,S12000030,,All Inpatients,d,3,,880,2637,2.99659090909091,,422,2622,6.2132701421801,
2022Q3,,S08000019,,S12000030,,All Inpatients,d,3,,917,2682,2.9247546346783,,425,2770,6.51764705882353,
2022Q4,p,S08000019,,S12000030,,All Inpatients,d,3,,922,2845,3.08568329718004,,451,3072,6.81152993348115,
2017Q4,,S08000019,,S12000030,,All Inpatients,d,4,,939,4403,4.68903088391906,,607,4331,7.13509060955519,
2018Q1,,S08000019,,S12000030,,All Inpatients,d,4,,934,4242,4.54175588865096,,559,3861,6.90697674418605,
2018Q2,,S08000019,,S12000030,,All Inpatients,d,4,,909,4436,4.88008800880088,,552,4217,7.63949275362319,
2018Q3,,S08000019,,S12000030,,All Inpatients,d,4,,935,4611,4.93155080213904,,572,4960,8.67132867132867,
2018Q4,,S08000019,,S12000030,,All Inpatients,d,4,,1015,5185,5.10837438423645,,614,5315,8.65635179153094,
2019Q1,,S08000019,,S12000030,,All Inpatients,d,4,,1032,5387,5.21996124031008,,612,5119,8.36437908496732,
2019Q2,,S08000019,,S12000030,,All Inpatients,d,4,,1420,5290,3.72535211267606,,707,5210,7.36916548797737,
2019Q3,,S08000019,,S12000030,,All Inpatients,d,4,,1397,4627,3.31209735146743,,691,4665,6.75108538350217,
2019Q4,,S08000019,,S12000030,,All Inpatients,d,4,,1548,5308,3.42894056847545,,782,5308,6.78772378516624,
2020Q1,,S08000019,,S12000030,,All Inpatients,d,4,,1177,4327,3.67629566694987,,588,4138,7.0374149659864,
2020Q2,,S08000019,,S12000030,,All Inpatients,d,4,,954,3297,3.4559748427673,,444,2720,6.12612612612613,
2020Q3,,S08000019,,S12000030,,All Inpatients,d,4,,1207,3135,2.5973487986744,,599,3622,6.04674457429048,
2020Q4,,S08000019,,S12000030,,All Inpatients,d,4,,1219,2910,2.3872026251025402,,608,3070,5.04934210526316,
2021Q1,,S08000019,,S12000030,,All Inpatients,d,4,,1289,3816,2.96043444530644,,525,3616,6.88761904761905,
2021Q2,,S08000019,,S12000030,,All Inpatients,d,4,,1674,4113,2.45698924731183,,742,3972,5.35309973045822,
2021Q3,,S08000019,,S12000030,,All Inpatients,d,4,,1319,4100,3.10841546626232,,649,3724,5.73805855161787,
2021Q4,,S08000019,,S12000030,,All Inpatients,d,4,,1260,4478,3.55396825396825,,638,4392,6.88401253918495,
2022Q1,,S08000019,,S12000030,,All Inpatients,d,4,,1227,4707,3.8361858190709,,607,5506,9.07084019769358,
2022Q2,,S08000019,,S12000030,,All Inpatients,d,4,,1254,3819,3.04545454545455,,618,3758,6.08090614886731,
2022Q3,,S08000019,,S12000030,,All Inpatients,d,4,,1380,4305,3.1195652173913,,640,3765,5.8828125,
2022Q4,p,S08000019,,S12000030,,All Inpatients,d,4,,1464,4928,3.36612021857924,,663,5135,7.74509803921569,
2017Q4,,S08000019,,S12000030,,All Inpatients,d,5,,769,3230,4.20026007802341,,510,3234,6.34117647058823,
2018Q1,,S08000019,,S12000030,,All Inpatients,d,5,,721,3240,4.49375866851595,,466,3157,6.77467811158798,
2018Q2,,S08000019,,S12000030,,All Inpatients,d,5,,722,3340,4.62603878116343,,447,3394,7.59284116331096,
2018Q3,,S08000019,,S12000030,,All Inpatients,d,5,,717,2894,4.03626220362622,,462,2706,5.85714285714286,
2018Q4,,S08000019,,S12000030,,All Inpatients,d,5,,718,3376,4.70194986072423,,488,3588,7.35245901639344,
2019Q1,,S08000019,,S12000030,,All Inpatients,d,5,,702,3083,4.39173789173789,,449,3033,6.75501113585746,
2019Q2,,S08000019,,S12000030,,All Inpatients,d,5,,995,3388,3.40502512562814,,556,3060,5.50359712230216,
2019Q3,,S08000019,,S12000030,,All Inpatients,d,5,,1299,6985,5.37721324095458,,630,6944,11.0222222222222,
2019Q4,,S08000019,,S12000030,,All Inpatients,d,5,,1282,4799,3.74336973478939,,610,4932,8.08524590163934,
2020Q1,,S08000019,,S12000030,,All Inpatients,d,5,,1160,4366,3.76379310344828,,572,4155,7.26398601398601,
2020Q2,,S08000019,,S12000030,,All Inpatients,d,5,,838,2686,3.20525059665871,,378,2803,7.41534391534392,
2020Q3,,S08000019,,S12000030,,All Inpatients,d,5,,1041,3359,3.2267050912584,,503,3033,6.02982107355865,
2020Q4,,S08000019,,S12000030,,All Inpatients,d,5,,1221,3665,3.001638001638,,591,3589,6.07275803722504,
2021Q1,,S08000019,,S12000030,,All Inpatients,d,5,,1015,3550,3.49753694581281,,450,3695,8.21111111111111,
2021Q2,,S08000019,,S12000030,,All Inpatients,d,5,,1211,3242,2.67712634186623,,547,3218,5.88299817184644,
2021Q3,,S08000019,,S12000030,,All Inpatients,d,5,,1040,3568,3.43076923076923,,530,3582,6.75849056603774,
2021Q4,,S08000019,,S12000030,,All Inpatients,d,5,,1129,3901,3.45527015057573,,569,3714,6.52724077328647,
2022Q1,,S08000019,,S12000030,,All Inpatients,d,5,,971,2972,3.06076210092688,,492,3015,6.1280487804878,
2022Q2,,S08000019,,S12000030,,All Inpatients,d,5,,1229,3692,3.00406834825061,,574,3823,6.6602787456446,
2022Q3,,S08000019,,S12000030,,All Inpatients,d,5,,1188,3954,3.32828282828283,,579,3739,6.45768566493955,
2022Q4,p,S08000019,,S12000030,,All Inpatients,d,5,,1341,4011,2.9910514541387,,601,4090,6.80532445923461,
2017Q4,,S08000020,,S12000033,,All Inpatients,d,1,,1092,5581,5.11080586080586,,815,5676,6.96441717791411,
2018Q1,,S08000020,,S12000033,,All Inpatients,d,1,,1102,5926,5.37749546279492,,843,6487,7.69513641755635,
2018Q2,,S08000020,,S12000033,,All Inpatients,d,1,,1104,5093,4.61322463768116,,848,5136,6.0566037735849,
2018Q3,,S08000020,,S12000033,,All Inpatients,d,1,,1111,5140,4.62646264626463,,848,5100,6.01415094339623,
2018Q4,,S08000020,,S12000033,,All Inpatients,d,1,,1093,4871,4.45654162854529,,865,4674,5.40346820809249,
2019Q1,,S08000020,,S12000033,,All Inpatients,d,1,,1132,6088,5.37809187279152,,869,5793,6.6662830840046,
2019Q2,,S08000020,,S12000033,,All Inpatients,d,1,,1057,5290,5.00473036896878,,887,5626,6.34272829763247,
2019Q3,,S08000020,,S12000033,,All Inpatients,d,1,,1150,6233,5.42,,932,6052,6.49356223175966,
2019Q4,,S08000020,,S12000033,,All Inpatients,d,1,,987,5613,5.68693009118541,,791,5536,6.99873577749684,
2020Q1,,S08000020,,S12000033,,All Inpatients,d,1,,1024,5813,5.6767578125,,805,6042,7.5055900621118,
2020Q2,,S08000020,,S12000033,,All Inpatients,d,1,,1095,3895,3.55707762557078,,760,3974,5.22894736842105,
2020Q3,,S08000020,,S12000033,,All Inpatients,d,1,,1067,4598,4.30927835051546,,820,4482,5.46585365853659,
2020Q4,,S08000020,,S12000033,,All Inpatients,d,1,,951,4211,4.4279705573081,,740,4463,6.03108108108108,
2021Q1,,S08000020,,S12000033,,All Inpatients,d,1,,928,4273,4.60452586206897,,740,4304,5.81621621621622,
2021Q2,,S08000020,,S12000033,,All Inpatients,d,1,,973,4471,4.5950668036999,,791,4370,5.52465233881163,
2021Q3,,S08000020,,S12000033,,All Inpatients,d,1,,1070,5323,4.97476635514019,,838,5352,6.38663484486873,
2021Q4,,S08000020,,S12000033,,All Inpatients,d,1,,1068,5393,5.04962546816479,,835,5168,6.18922155688623,
2022Q1,,S08000020,,S12000033,,All Inpatients,d,1,,1119,5138,4.59159964253798,,874,5042,5.76887871853547,
2022Q2,,S08000020,,S12000033,,All Inpatients,d,1,,931,4670,5.01611170784103,,768,4944,6.4375,
2022Q3,,S08000020,,S12000033,,All Inpatients,d,1,,867,3818,4.40369088811995,,702,4111,5.85612535612536,
2022Q4,p,S08000020,,S12000033,,All Inpatients,d,1,,831,4998,6.014440433213,,688,5319,7.73110465116279,
2017Q4,,S08000020,,S12000033,,All Inpatients,d,2,,2150,10497,4.88232558139535,,1586,10213,6.43947036569987,
2018Q1,,S08000020,,S12000033,,All Inpatients,d,2,,2131,11635,5.45987799155326,,1643,11295,6.8746195982958,
2018Q2,,S08000020,,S12000033,,All Inpatients,d,2,,2017,10516,5.2136836886465,,1565,10328,6.59936102236422,
2018Q3,,S08000020,,S12000033,,All Inpatients,d,2,,1999,9843,4.9239619809905,,1520,10032,6.6,
2018Q4,,S08000020,,S12000033,,All Inpatients,d,2,,1988,10491,5.2771629778672,,1525,11015,7.22295081967213,
2019Q1,,S08000020,,S12000033,,All Inpatients,d,2,,1871,10135,5.41688936397648,,1473,9820,6.66666666666667,
2019Q2,,S08000020,,S12000033,,All Inpatients,d,2,,1907,9347,4.90141583639224,,1494,8855,5.92704149933066,
2019Q3,,S08000020,,S12000033,,All Inpatients,d,2,,2032,10309,5.07332677165354,,1591,10257,6.44688874921433,
2019Q4,,S08000020,,S12000033,,All Inpatients,d,2,,1941,9697,4.99587841318908,,1539,10269,6.67251461988304,
2020Q1,,S08000020,,S12000033,,All Inpatients,d,2,,1814,10578,5.83131201764057,,1401,11119,7.93647394718058,
2020Q2,,S08000020,,S12000033,,All Inpatients,d,2,,1990,7084,3.55979899497487,,1366,7022,5.14055636896047,
2020Q3,,S08000020,,S12000033,,All Inpatients,d,2,,1782,7480,4.19753086419753,,1429,7626,5.33659902029391,
2020Q4,,S08000020,,S12000033,,All Inpatients,d,2,,1655,7574,4.57643504531722,,1302,8339,6.4047619047619,
2021Q1,,S08000020,,S12000033,,All Inpatients,d,2,,1709,8446,4.94207138677589,,1346,8677,6.44650817236256,
2021Q2,,S08000020,,S12000033,,All Inpatients,d,2,,1788,8232,4.60402684563758,,1426,8048,5.6437587657784,
2021Q3,,S08000020,,S12000033,,All Inpatients,d,2,,1797,8476,4.71675013912076,,1417,8121,5.73112208892025,
2021Q4,,S08000020,,S12000033,,All Inpatients,d,2,,1782,8503,4.7716049382716,,1408,9188,6.52556818181818,
2022Q1,,S08000020,,S12000033,,All Inpatients,d,2,,1719,8989,5.22920302501454,,1347,8983,6.66889383815887,
2022Q2,,S08000020,,S12000033,,All Inpatients,d,2,,1750,8699,4.97085714285714,,1420,8977,6.32183098591549,
2022Q3,,S08000020,,S12000033,,All Inpatients,d,2,,1722,8353,4.85075493612079,,1399,8694,6.2144388849178,
2022Q4,p,S08000020,,S12000033,,All Inpatients,d,2,,1643,8137,4.95252586731589,,1347,8855,6.57386785449146,
2017Q4,,S08000020,,S12000033,,All Inpatients,d,3,,1174,6180,5.26405451448041,,864,6468,7.48611111111111,
2018Q1,,S08000020,,S12000033,,All Inpatients,d,3,,1158,7004,6.04835924006908,,837,7095,8.47670250896057,
2018Q2,,S08000020,,S12000033,,All Inpatients,d,3,,1164,6346,5.45189003436426,,888,6322,7.11936936936937,
2018Q3,,S08000020,,S12000033,,All Inpatients,d,3,,1131,5346,4.72679045092838,,841,5517,6.56004756242568,
2018Q4,,S08000020,,S12000033,,All Inpatients,d,3,,1092,5723,5.24084249084249,,821,5740,6.99147381242387,
2019Q1,,S08000020,,S12000033,,All Inpatients,d,3,,1084,5681,5.24077490774908,,861,5777,6.70963995354239,
2019Q2,,S08000020,,S12000033,,All Inpatients,d,3,,1165,6958,5.9725321888412,,888,6773,7.62725225225225,
2019Q3,,S08000020,,S12000033,,All Inpatients,d,3,,1134,7102,6.26278659611993,,881,7071,8.0261066969353,
2019Q4,,S08000020,,S12000033,,All Inpatients,d,3,,1235,6170,4.99595141700405,,926,6313,6.81749460043197,
2020Q1,,S08000020,,S12000033,,All Inpatients,d,3,,1019,6483,6.3621197252208,,798,6839,8.57017543859649,
2020Q2,,S08000020,,S12000033,,All Inpatients,d,3,,1147,4052,3.53269398430689,,758,4073,5.37335092348285,
2020Q3,,S08000020,,S12000033,,All Inpatients,d,3,,1096,4778,4.35948905109489,,849,4835,5.69493521790342,
2020Q4,,S08000020,,S12000033,,All Inpatients,d,3,,1042,5268,5.05566218809981,,780,5101,6.53974358974359,
2021Q1,,S08000020,,S12000033,,All Inpatients,d,3,,914,4672,5.11159737417943,,695,4605,6.62589928057554,
2021Q2,,S08000020,,S12000033,,All Inpatients,d,3,,990,4733,4.78080808080808,,808,4945,6.1200495049505,
2021Q3,,S08000020,,S12000033,,All Inpatients,d,3,,998,4751,4.76052104208417,,793,4891,6.16771752837327,
2021Q4,,S08000020,,S12000033,,All Inpatients,d,3,,1014,5191,5.11932938856016,,820,5196,6.33658536585366,
2022Q1,,S08000020,,S12000033,,All Inpatients,d,3,,985,5331,5.41218274111675,,756,5363,7.09391534391534,
2022Q2,,S08000020,,S12000033,,All Inpatients,d,3,,1008,5322,5.2797619047619,,800,5103,6.37875,
2022Q3,,S08000020,,S12000033,,All Inpatients,d,3,,966,5168,5.34989648033126,,769,5602,7.28478543563069,
2022Q4,p,S08000020,,S12000033,,All Inpatients,d,3,,1006,5093,5.06262425447316,,804,5198,6.46517412935323,
2017Q4,,S08000020,,S12000033,,All Inpatients,d,4,,987,5216,5.28470111448835,,742,5684,7.66037735849057,
2018Q1,,S08000020,,S12000033,,All Inpatients,d,4,,936,5147,5.49893162393162,,726,5175,7.12809917355372,
2018Q2,,S08000020,,S12000033,,All Inpatients,d,4,,964,4634,4.80705394190871,,703,4342,6.17638691322902,
2018Q3,,S08000020,,S12000033,,All Inpatients,d,4,,941,4711,5.00637619553666,,674,4259,6.31899109792285,
2018Q4,,S08000020,,S12000033,,All Inpatients,d,4,,907,5386,5.93825799338479,,695,5557,7.99568345323741,
2019Q1,,S08000020,,S12000033,,All Inpatients,d,4,,983,5584,5.68056968463886,,735,5540,7.5374149659864,
2019Q2,,S08000020,,S12000033,,All Inpatients,d,4,,927,4284,4.62135922330097,,724,4389,6.0621546961326,
2019Q3,,S08000020,,S12000033,,All Inpatients,d,4,,932,4823,5.17489270386266,,733,4704,6.41746248294679,
2019Q4,,S08000020,,S12000033,,All Inpatients,d,4,,1020,5685,5.57352941176471,,776,4946,6.37371134020619,
2020Q1,,S08000020,,S12000033,,All Inpatients,d,4,,943,5209,5.52386002120891,,756,6007,7.9457671957672,
2020Q2,,S08000020,,S12000033,,All Inpatients,d,4,,886,3537,3.9920993227991,,626,3707,5.92172523961661,
2020Q3,,S08000020,,S12000033,,All Inpatients,d,4,,859,3862,4.49592549476135,,640,3733,5.8328125,
2020Q4,,S08000020,,S12000033,,All Inpatients,d,4,,859,4166,4.84982537834691,,678,4076,6.0117994100295,
2021Q1,,S08000020,,S12000033,,All Inpatients,d,4,,807,3887,4.81660470879802,,612,4156,6.79084967320261,
2021Q2,,S08000020,,S12000033,,All Inpatients,d,4,,884,4306,4.8710407239819,,697,4449,6.38307030129125,
2021Q3,,S08000020,,S12000033,,All Inpatients,d,4,,894,3997,4.47091722595078,,712,4081,5.73174157303371,
2021Q4,,S08000020,,S12000033,,All Inpatients,d,4,,902,4231,4.69068736141907,,683,4488,6.5710102489019,
2022Q1,,S08000020,,S12000033,,All Inpatients,d,4,,876,4366,4.98401826484018,,667,4683,7.02098950524738,
2022Q2,,S08000020,,S12000033,,All Inpatients,d,4,,936,5102,5.4508547008547,,735,5263,7.16054421768707,
2022Q3,,S08000020,,S12000033,,All Inpatients,d,4,,940,4928,5.24255319148936,,740,5208,7.03783783783784,
2022Q4,p,S08000020,,S12000033,,All Inpatients,d,4,,865,4245,4.90751445086705,,711,4680,6.5822784810126604,
2017Q4,,S08000020,,S12000033,,All Inpatients,d,5,,2153,11358,5.27542963307013,,1602,11047,6.89575530586767,
2018Q1,,S08000020,,S12000033,,All Inpatients,d,5,,1967,11984,6.09252669039146,,1481,12706,8.57933828494261,
2018Q2,,S08000020,,S12000033,,All Inpatients,d,5,,2036,12339,6.06041257367387,,1501,12438,8.28647568287808,
2018Q3,,S08000020,,S12000033,,All Inpatients,d,5,,2000,10168,5.084,,1528,10486,6.86256544502618,
2018Q4,,S08000020,,S12000033,,All Inpatients,d,5,,2065,9476,4.58886198547216,,1584,10030,6.33207070707071,
2019Q1,,S08000020,,S12000033,,All Inpatients,d,5,,2048,10337,5.04736328125,,1611,9880,6.13283674736189,
2019Q2,,S08000020,,S12000033,,All Inpatients,d,5,,2027,11262,5.55599407992107,,1569,10631,6.77565328234544,
2019Q3,,S08000020,,S12000033,,All Inpatients,d,5,,2179,11233,5.15511702615879,,1656,11130,6.72101449275362,
2019Q4,,S08000020,,S12000033,,All Inpatients,d,5,,2128,12878,6.05169172932331,,1700,13294,7.82,
2020Q1,,S08000020,,S12000033,,All Inpatients,d,5,,2014,11846,5.88182720953327,,1508,11828,7.84350132625995,
2020Q2,,S08000020,,S12000033,,All Inpatients,d,5,,1873,7209,3.84890549919915,,1286,7303,5.67884914463453,
2020Q3,,S08000020,,S12000033,,All Inpatients,d,5,,1728,7382,4.27199074074074,,1307,7742,5.92348890589135,
2020Q4,,S08000020,,S12000033,,All Inpatients,d,5,,1803,9313,5.16528008874099,,1386,8488,6.12409812409812,
2021Q1,,S08000020,,S12000033,,All Inpatients,d,5,,1753,9451,5.39132915002852,,1373,9781,7.1238164603059,
2021Q2,,S08000020,,S12000033,,All Inpatients,d,5,,2021,9522,4.7115289460663,,1556,9292,5.97172236503856,
2021Q3,,S08000020,,S12000033,,All Inpatients,d,5,,1924,10487,5.4506237006237,,1525,10499,6.88459016393443,
2021Q4,,S08000020,,S12000033,,All Inpatients,d,5,,1905,9753,5.11968503937008,,1457,9746,6.68908716540837,
2022Q1,,S08000020,,S12000033,,All Inpatients,d,5,,1926,10365,5.3816199376947,,1448,10685,7.37914364640884,
2022Q2,,S08000020,,S12000033,,All Inpatients,d,5,,1899,10016,5.27435492364402,,1473,10548,7.16089613034623,
2022Q3,,S08000020,,S12000033,,All Inpatients,d,5,,1878,10402,5.53887113951012,,1486,10880,7.32166890982503,
2022Q4,p,S08000020,,S12000033,,All Inpatients,d,5,,1939,10574,5.45332645693657,,1526,11427,7.48820445609436,
2022Q3,,S08000020,,S12000033,,All Inpatients,d,,:,0,6,,z,0,0,,z
2022Q4,p,S08000020,,S12000033,,All Inpatients,d,,:,5,138,27.6,,0,85,,z
2017Q4,,S08000020,,S12000034,,All Inpatients,d,1,,274,1429,5.21532846715328,,204,1666,8.16666666666667,
2018Q1,,S08000020,,S12000034,,All Inpatients,d,1,,247,1158,4.68825910931174,,187,1295,6.92513368983957,
2018Q2,,S08000020,,S12000034,,All Inpatients,d,1,,274,1181,4.31021897810219,,191,1134,5.93717277486911,
2018Q3,,S08000020,,S12000034,,All Inpatients,d,1,,257,981,3.81712062256809,,183,1383,7.55737704918033,
2018Q4,,S08000020,,S12000034,,All Inpatients,d,1,,255,1165,4.56862745098039,,190,1325,6.97368421052632,
2019Q1,,S08000020,,S12000034,,All Inpatients,d,1,,260,1334,5.13076923076923,,189,1381,7.30687830687831,
2019Q2,,S08000020,,S12000034,,All Inpatients,d,1,,271,1534,5.66051660516605,,215,2173,10.106976744186,
2019Q3,,S08000020,,S12000034,,All Inpatients,d,1,,269,1227,4.56133828996283,,215,1378,6.4093023255814,
2019Q4,,S08000020,,S12000034,,All Inpatients,d,1,,295,1326,4.49491525423729,,225,1750,7.77777777777778,
2020Q1,,S08000020,,S12000034,,All Inpatients,d,1,,265,1173,4.42641509433962,,194,1510,7.78350515463918,
2020Q2,,S08000020,,S12000034,,All Inpatients,d,1,,271,861,3.1771217712177098,,188,1149,6.11170212765957,
2020Q3,,S08000020,,S12000034,,All Inpatients,d,1,,250,1235,4.94,,183,1323,7.22950819672131,
2020Q4,,S08000020,,S12000034,,All Inpatients,d,1,,210,1466,6.98095238095238,,164,1763,10.75,
2021Q1,,S08000020,,S12000034,,All Inpatients,d,1,,245,965,3.93877551020408,,188,1278,6.79787234042553,
2021Q2,,S08000020,,S12000034,,All Inpatients,d,1,,242,835,3.4504132231405,,193,1057,5.47668393782383,
2021Q3,,S08000020,,S12000034,,All Inpatients,d,1,,326,1490,4.57055214723926,,263,1477,5.61596958174905,
2021Q4,,S08000020,,S12000034,,All Inpatients,d,1,,317,1670,5.26813880126183,,227,1834,8.07929515418502,
2022Q1,,S08000020,,S12000034,,All Inpatients,d,1,,280,1453,5.18928571428571,,209,1573,7.52631578947368,
2022Q2,,S08000020,,S12000034,,All Inpatients,d,1,,298,1769,5.93624161073826,,216,2503,11.587962962963,
2022Q3,,S08000020,,S12000034,,All Inpatients,d,1,,257,1246,4.84824902723735,,207,1910,9.22705314009662,
2022Q4,p,S08000020,,S12000034,,All Inpatients,d,1,,282,1547,5.48581560283688,,231,1865,8.07359307359307,
2017Q4,,S08000020,,S12000034,,All Inpatients,d,2,,892,3749,4.2029147982062796,,668,4380,6.55688622754491,
2018Q1,,S08000020,,S12000034,,All Inpatients,d,2,,847,4015,4.74025974025974,,649,5738,8.84129429892142,
2018Q2,,S08000020,,S12000034,,All Inpatients,d,2,,906,4023,4.44039735099338,,676,5004,7.40236686390533,
2018Q3,,S08000020,,S12000034,,All Inpatients,d,2,,933,4123,4.41907824222937,,676,5020,7.42603550295858,
2018Q4,,S08000020,,S12000034,,All Inpatients,d,2,,839,3269,3.89630512514899,,650,4595,7.06923076923077,
2019Q1,,S08000020,,S12000034,,All Inpatients,d,2,,966,4324,4.47619047619048,,692,5231,7.5592485549133,
2019Q2,,S08000020,,S12000034,,All Inpatients,d,2,,896,4009,4.47433035714286,,687,4761,6.93013100436681,
2019Q3,,S08000020,,S12000034,,All Inpatients,d,2,,834,3420,4.10071942446043,,662,4443,6.71148036253776,
2019Q4,,S08000020,,S12000034,,All Inpatients,d,2,,899,4000,4.44938820912125,,701,5057,7.21398002853067,
2020Q1,,S08000020,,S12000034,,All Inpatients,d,2,,831,3786,4.55595667870036,,642,4815,7.5,
2020Q2,,S08000020,,S12000034,,All Inpatients,d,2,,752,2328,3.09574468085106,,516,3144,6.09302325581395,
2020Q3,,S08000020,,S12000034,,All Inpatients,d,2,,754,3280,4.35013262599469,,585,3935,6.72649572649573,
2020Q4,,S08000020,,S12000034,,All Inpatients,d,2,,741,3092,4.17273954116059,,566,3435,6.06890459363958,
2021Q1,,S08000020,,S12000034,,All Inpatients,d,2,,807,4082,5.05824039653036,,607,4372,7.20263591433278,
2021Q2,,S08000020,,S12000034,,All Inpatients,d,2,,794,3399,4.2808564231738,,621,4261,6.86151368760064,
2021Q3,,S08000020,,S12000034,,All Inpatients,d,2,,858,3699,4.31118881118881,,671,4163,6.20417287630402,
2021Q4,,S08000020,,S12000034,,All Inpatients,d,2,,826,3677,4.45157384987894,,630,4533,7.1952380952381,
2022Q1,,S08000020,,S12000034,,All Inpatients,d,2,,790,3695,4.6772151898734204,,594,4876,8.20875420875421,
2022Q2,,S08000020,,S12000034,,All Inpatients,d,2,,814,3848,4.72727272727273,,639,4778,7.4773082942097,
2022Q3,,S08000020,,S12000034,,All Inpatients,d,2,,752,3238,4.30585106382979,,597,3979,6.66499162479062,
2022Q4,p,S08000020,,S12000034,,All Inpatients,d,2,,722,3222,4.46260387811634,,570,4267,7.4859649122807,
2017Q4,,S08000020,,S12000034,,All Inpatients,d,3,,1634,7359,4.50367197062423,,1195,9540,7.98326359832636,
2018Q1,,S08000020,,S12000034,,All Inpatients,d,3,,1690,7954,4.70650887573964,,1209,9286,7.68072787427626,
2018Q2,,S08000020,,S12000034,,All Inpatients,d,3,,1735,7228,4.16599423631124,,1313,10216,7.78065498857578,
2018Q3,,S08000020,,S12000034,,All Inpatients,d,3,,1613,6592,4.08679479231246,,1183,8511,7.19442096365173,
2018Q4,,S08000020,,S12000034,,All Inpatients,d,3,,1603,6664,4.15720524017467,,1209,8795,7.27460711331679,
2019Q1,,S08000020,,S12000034,,All Inpatients,d,3,,1469,6316,4.29952348536419,,1136,8250,7.26232394366197,
2019Q2,,S08000020,,S12000034,,All Inpatients,d,3,,1588,6900,4.34508816120907,,1246,8499,6.82102728731942,
2019Q3,,S08000020,,S12000034,,All Inpatients,d,3,,1655,6747,4.07673716012085,,1288,8045,6.24611801242236,
2019Q4,,S08000020,,S12000034,,All Inpatients,d,3,,1690,7487,4.4301775147929,,1282,9590,7.4804992199688,
2020Q1,,S08000020,,S12000034,,All Inpatients,d,3,,1682,8189,4.86860879904875,,1272,10911,8.57783018867925,
2020Q2,,S08000020,,S12000034,,All Inpatients,d,3,,1384,4897,3.53829479768786,,923,6098,6.60671722643554,
2020Q3,,S08000020,,S12000034,,All Inpatients,d,3,,1400,5553,3.96642857142857,,1056,6630,6.27840909090909,
2020Q4,,S08000020,,S12000034,,All Inpatients,d,3,,1376,6365,4.62572674418605,,1017,6896,6.78072763028515,
2021Q1,,S08000020,,S12000034,,All Inpatients,d,3,,1339,6502,4.85586258401792,,998,7547,7.562124248497,
2021Q2,,S08000020,,S12000034,,All Inpatients,d,3,,1478,6462,4.37212449255751,,1122,8570,7.63814616755793,
2021Q3,,S08000020,,S12000034,,All Inpatients,d,3,,1430,5832,4.07832167832168,,1102,7203,6.53629764065336,
2021Q4,,S08000020,,S12000034,,All Inpatients,d,3,,1552,7209,4.64497422680412,,1119,8757,7.82573726541555,
2022Q1,,S08000020,,S12000034,,All Inpatients,d,3,,1507,7568,5.02189781021898,,1151,9836,8.54561251086012,
2022Q2,,S08000020,,S12000034,,All Inpatients,d,3,,1590,6909,4.34528301886792,,1215,9731,8.00905349794239,
2022Q3,,S08000020,,S12000034,,All Inpatients,d,3,,1700,8427,4.95705882352941,,1325,11202,8.45433962264151,
2022Q4,p,S08000020,,S12000034,,All Inpatients,d,3,,1518,7651,5.04018445322793,,1225,10055,8.20816326530612,
2017Q4,,S08000020,,S12000034,,All Inpatients,d,4,,2538,10166,4.00551615445232,,1954,11791,6.03428863868987,
2018Q1,,S08000020,,S12000034,,All Inpatients,d,4,,2537,11392,4.49034292471423,,1892,13438,7.10253699788584,
2018Q2,,S08000020,,S12000034,,All Inpatients,d,4,,2648,10566,3.99018126888218,,2034,12819,6.3023598820059,
2018Q3,,S08000020,,S12000034,,All Inpatients,d,4,,2667,10829,4.06036745406824,,2005,11815,5.8927680798005,
2018Q4,,S08000020,,S12000034,,All Inpatients,d,4,,2719,11644,4.28245678558293,,2056,13791,6.70768482490272,
2019Q1,,S08000020,,S12000034,,All Inpatients,d,4,,2539,10686,4.20874359984246,,1958,12987,6.63278855975485,
2019Q2,,S08000020,,S12000034,,All Inpatients,d,4,,2578,11020,4.27463149728472,,2036,12558,6.16797642436149,
2019Q3,,S08000020,,S12000034,,All Inpatients,d,4,,2680,10689,3.9884328358209,,2113,12900,6.1050638902035,
2019Q4,,S08000020,,S12000034,,All Inpatients,d,4,,2492,10298,4.13242375601926,,1984,11921,6.0085685483871,
2020Q1,,S08000020,,S12000034,,All Inpatients,d,4,,2570,12346,4.80389105058366,,2004,14064,7.01796407185629,
2020Q2,,S08000020,,S12000034,,All Inpatients,d,4,,2232,7733,3.46460573476703,,1531,8742,5.70999346832136,
2020Q3,,S08000020,,S12000034,,All Inpatients,d,4,,2292,9029,3.93935427574171,,1737,10272,5.91364421416235,
2020Q4,,S08000020,,S12000034,,All Inpatients,d,4,,2348,10024,4.26916524701874,,1837,11480,6.24931954273272,
2021Q1,,S08000020,,S12000034,,All Inpatients,d,4,,2235,10332,4.62281879194631,,1698,11417,6.72379269729093,
2021Q2,,S08000020,,S12000034,,All Inpatients,d,4,,2450,10249,4.18326530612245,,1972,12335,6.25507099391481,
2021Q3,,S08000020,,S12000034,,All Inpatients,d,4,,2405,10231,4.25405405405405,,1875,12093,6.4496,
2021Q4,,S08000020,,S12000034,,All Inpatients,d,4,,2387,11031,4.62128194386259,,1805,13850,7.67313019390582,
2022Q1,,S08000020,,S12000034,,All Inpatients,d,4,,2439,10676,4.37720377203772,,1879,12915,6.87333688131985,
2022Q2,,S08000020,,S12000034,,All Inpatients,d,4,,2582,11919,4.61618900077459,,2019,14355,7.10995542347697,
2022Q3,,S08000020,,S12000034,,All Inpatients,d,4,,2538,11257,4.43538219070134,,2044,14743,7.2128180039139,
2022Q4,p,S08000020,,S12000034,,All Inpatients,d,4,,2442,10576,4.33087633087633,,1991,13724,6.89301858362632,
2017Q4,,S08000020,,S12000034,,All Inpatients,d,5,,1469,6474,4.4070796460177,,1154,7590,6.57712305025997,
2018Q1,,S08000020,,S12000034,,All Inpatients,d,5,,1530,7207,4.71045751633987,,1147,7168,6.24934612031386,
2018Q2,,S08000020,,S12000034,,All Inpatients,d,5,,1645,6970,4.2370820668693,,1270,8613,6.78188976377953,
2018Q3,,S08000020,,S12000034,,All Inpatients,d,5,,1616,6252,3.86881188118812,,1265,7291,5.76363636363636,
2018Q4,,S08000020,,S12000034,,All Inpatients,d,5,,1632,6847,4.19546568627451,,1276,8444,6.61755485893417,
2019Q1,,S08000020,,S12000034,,All Inpatients,d,5,,1567,6411,4.09125717932355,,1222,7296,5.97054009819967,
2019Q2,,S08000020,,S12000034,,All Inpatients,d,5,,1540,6770,4.3961038961039,,1206,7968,6.60696517412935,
2019Q3,,S08000020,,S12000034,,All Inpatients,d,5,,1646,6239,3.79040097205346,,1303,6988,5.36300844205679,
2019Q4,,S08000020,,S12000034,,All Inpatients,d,5,,1662,7349,4.42178098676294,,1295,8461,6.53359073359073,
2020Q1,,S08000020,,S12000034,,All Inpatients,d,5,,1564,7430,4.75063938618926,,1238,8515,6.87802907915994,
2020Q2,,S08000020,,S12000034,,All Inpatients,d,5,,1389,4582,3.29877609791217,,960,5094,5.30625,
2020Q3,,S08000020,,S12000034,,All Inpatients,d,5,,1382,5186,3.75253256150507,,1082,6387,5.90295748613678,
2020Q4,,S08000020,,S12000034,,All Inpatients,d,5,,1432,5877,4.10405027932961,,1119,6025,5.38427167113494,
2021Q1,,S08000020,,S12000034,,All Inpatients,d,5,,1388,6118,4.40778097982709,,1064,7089,6.66259398496241,
2021Q2,,S08000020,,S12000034,,All Inpatients,d,5,,1638,7225,4.41086691086691,,1246,7657,6.14526484751204,
2021Q3,,S08000020,,S12000034,,All Inpatients,d,5,,1584,7193,4.54103535353535,,1260,8026,6.36984126984127,
2021Q4,,S08000020,,S12000034,,All Inpatients,d,5,,1602,8230,5.13732833957553,,1226,8977,7.32218597063622,
2022Q1,,S08000020,,S12000034,,All Inpatients,d,5,,1430,5780,4.04195804195804,,1138,7311,6.42442882249561,
2022Q2,,S08000020,,S12000034,,All Inpatients,d,5,,1526,6737,4.41480996068152,,1220,8813,7.22377049180328,
2022Q3,,S08000020,,S12000034,,All Inpatients,d,5,,1642,7162,4.36175395858709,,1317,9506,7.21791951404708,
2022Q4,p,S08000020,,S12000034,,All Inpatients,d,5,,1557,6934,4.45343609505459,,1278,8296,6.49139280125196,
2017Q4,,S08000020,,S12000020,,All Inpatients,d,1,,142,566,3.98591549295775,,91,813,8.93406593406593,
2018Q1,,S08000020,,S12000020,,All Inpatients,d,1,,125,1082,8.656,,82,1060,12.9268292682927,
2018Q2,,S08000020,,S12000020,,All Inpatients,d,1,,109,438,4.01834862385321,,76,677,8.9078947368421,
2018Q3,,S08000020,,S12000020,,All Inpatients,d,1,,107,331,3.09345794392523,,77,381,4.94805194805195,
2018Q4,,S08000020,,S12000020,,All Inpatients,d,1,,106,291,2.74528301886792,,72,276,3.83333333333333,
2019Q1,,S08000020,,S12000020,,All Inpatients,d,1,,101,309,3.05940594059406,,72,369,5.125,
2019Q2,,S08000020,,S12000020,,All Inpatients,d,1,,103,314,3.04854368932039,,79,493,6.24050632911392,
2019Q3,,S08000020,,S12000020,,All Inpatients,d,1,,122,488,4,,86,524,6.09302325581395,
2019Q4,,S08000020,,S12000020,,All Inpatients,d,1,,135,523,3.87407407407407,,96,524,5.45833333333333,
2020Q1,,S08000020,,S12000020,,All Inpatients,d,1,,113,512,4.53097345132743,,80,469,5.8625,
2020Q2,,S08000020,,S12000020,,All Inpatients,d,1,,101,329,3.25742574257426,,66,402,6.09090909090909,
2020Q3,,S08000020,,S12000020,,All Inpatients,d,1,,121,438,3.6198347107438,,92,565,6.14130434782609,
2020Q4,,S08000020,,S12000020,,All Inpatients,d,1,,110,408,3.70909090909091,,78,485,6.21794871794872,
2021Q1,,S08000020,,S12000020,,All Inpatients,d,1,,89,450,5.0561797752809,,61,617,10.1147540983607,
2021Q2,,S08000020,,S12000020,,All Inpatients,d,1,,81,345,4.25925925925926,,52,374,7.19230769230769,
2021Q3,,S08000020,,S12000020,,All Inpatients,d,1,,92,486,5.28260869565217,,65,660,10.1538461538462,
2021Q4,,S08000020,,S12000020,,All Inpatients,d,1,,108,702,6.5,,66,732,11.0909090909091,
2022Q1,,S08000020,,S12000020,,All Inpatients,d,1,,92,555,6.03260869565217,,57,702,12.3157894736842,
2022Q2,,S08000020,,S12000020,,All Inpatients,d,1,,102,441,4.32352941176471,,74,641,8.66216216216216,
2022Q3,,S08000020,,S12000020,,All Inpatients,d,1,,81,440,5.4320987654321,,54,461,8.53703703703704,
2022Q4,p,S08000020,,S12000020,,All Inpatients,d,1,,81,496,6.12345679012346,,61,586,9.60655737704918,
2017Q4,,S08000020,,S12000020,,All Inpatients,d,2,,589,2176,3.69439728353141,,412,2817,6.8373786407767,
2018Q1,,S08000020,,S12000020,,All Inpatients,d,2,,540,2031,3.76111111111111,,380,2661,7.00263157894737,
2018Q2,,S08000020,,S12000020,,All Inpatients,d,2,,614,2225,3.62377850162866,,432,2968,6.87037037037037,
2018Q3,,S08000020,,S12000020,,All Inpatients,d,2,,634,2201,3.47160883280757,,423,2521,5.95981087470449,
2018Q4,,S08000020,,S12000020,,All Inpatients,d,2,,581,2065,3.55421686746988,,421,3862,9.17339667458432,
2019Q1,,S08000020,,S12000020,,All Inpatients,d,2,,515,1759,3.41553398058252,,335,2357,7.03582089552239,
2019Q2,,S08000020,,S12000020,,All Inpatients,d,2,,587,2075,3.53492333901193,,395,2545,6.44303797468354,
2019Q3,,S08000020,,S12000020,,All Inpatients,d,2,,557,1928,3.46140035906643,,370,2481,6.7054054054054,
2019Q4,,S08000020,,S12000020,,All Inpatients,d,2,,512,3828,7.4765625,,347,4438,12.7896253602305,
2020Q1,,S08000020,,S12000020,,All Inpatients,d,2,,487,1987,4.08008213552361,,344,3192,9.27906976744186,
2020Q2,,S08000020,,S12000020,,All Inpatients,d,2,,491,1491,3.03665987780041,,314,1760,5.60509554140127,
2020Q3,,S08000020,,S12000020,,All Inpatients,d,2,,467,1618,3.46466809421842,,320,2057,6.428125,
2020Q4,,S08000020,,S12000020,,All Inpatients,d,2,,487,1879,3.85831622176591,,311,2260,7.26688102893891,
2021Q1,,S08000020,,S12000020,,All Inpatients,d,2,,458,2033,4.43886462882096,,288,2819,9.78819444444444,
2021Q2,,S08000020,,S12000020,,All Inpatients,d,2,,563,2284,4.05683836589698,,347,2773,7.99135446685879,
2021Q3,,S08000020,,S12000020,,All Inpatients,d,2,,453,2084,4.60044150110375,,326,3053,9.36503067484663,
2021Q4,,S08000020,,S12000020,,All Inpatients,d,2,,429,1855,4.32400932400932,,280,1827,6.525,
2022Q1,,S08000020,,S12000020,,All Inpatients,d,2,,477,2362,4.9517819706499004,,322,3193,9.91614906832298,
2022Q2,,S08000020,,S12000020,,All Inpatients,d,2,,397,2011,5.06549118387909,,298,3029,10.1644295302013,
2022Q3,,S08000020,,S12000020,,All Inpatients,d,2,,425,2132,5.01647058823529,,309,2747,8.88996763754045,
2022Q4,p,S08000020,,S12000020,,All Inpatients,d,2,,374,1869,4.99732620320856,,275,2553,9.28363636363636,
2017Q4,,S08000020,,S12000020,,All Inpatients,d,3,,1203,4381,3.64172901080632,,848,6011,7.08844339622642,
2018Q1,,S08000020,,S12000020,,All Inpatients,d,3,,1080,4316,3.9962962962963,,763,5631,7.38007863695937,
2018Q2,,S08000020,,S12000020,,All Inpatients,d,3,,1201,4620,3.84679433805162,,821,7185,8.75152253349574,
2018Q3,,S08000020,,S12000020,,All Inpatients,d,3,,1031,3906,3.78855480116392,,702,4832,6.88319088319088,
2018Q4,,S08000020,,S12000020,,All Inpatients,d,3,,1077,3985,3.70009285051068,,733,5615,7.66030013642565,
2019Q1,,S08000020,,S12000020,,All Inpatients,d,3,,1037,3525,3.39922854387657,,732,5764,7.87431693989071,
2019Q2,,S08000020,,S12000020,,All Inpatients,d,3,,1161,3856,3.32127476313523,,771,5308,6.88456549935149,
2019Q3,,S08000020,,S12000020,,All Inpatients,d,3,,1044,3909,3.74425287356322,,697,5314,7.62410329985653,
2019Q4,,S08000020,,S12000020,,All Inpatients,d,3,,1102,4565,4.14246823956443,,758,5447,7.18601583113456,
2020Q1,,S08000020,,S12000020,,All Inpatients,d,3,,1123,4878,4.34372217275156,,726,6509,8.96556473829201,
2020Q2,,S08000020,,S12000020,,All Inpatients,d,3,,856,3230,3.77336448598131,,568,5026,8.84859154929577,
2020Q3,,S08000020,,S12000020,,All Inpatients,d,3,,940,3281,3.49042553191489,,633,3862,6.10110584518167,
2020Q4,,S08000020,,S12000020,,All Inpatients,d,3,,965,3456,3.58134715025907,,633,5212,8.23380726698262,
2021Q1,,S08000020,,S12000020,,All Inpatients,d,3,,920,3617,3.93152173913043,,596,4884,8.19463087248322,
2021Q2,,S08000020,,S12000020,,All Inpatients,d,3,,1006,3799,3.77634194831014,,667,4831,7.24287856071964,
2021Q3,,S08000020,,S12000020,,All Inpatients,d,3,,972,3815,3.92489711934156,,638,4494,7.04388714733542,
2021Q4,,S08000020,,S12000020,,All Inpatients,d,3,,902,4146,4.59645232815965,,626,5380,8.59424920127796,
2022Q1,,S08000020,,S12000020,,All Inpatients,d,3,,872,4035,4.62729357798165,,595,4225,7.10084033613445,
2022Q2,,S08000020,,S12000020,,All Inpatients,d,3,,932,4605,4.94098712446352,,660,6186,9.37272727272727,
2022Q3,,S08000020,,S12000020,,All Inpatients,d,3,,969,5273,5.44169246646027,,668,7485,11.2050898203593,
2022Q4,p,S08000020,,S12000020,,All Inpatients,d,3,,994,4838,4.8672032193159,,695,6803,9.78848920863309,
2017Q4,,S08000020,,S12000020,,All Inpatients,d,4,,1158,4026,3.47668393782383,,795,5591,7.03270440251572,
2018Q1,,S08000020,,S12000020,,All Inpatients,d,4,,1069,4360,4.07857811038354,,747,5556,7.43775100401606,
2018Q2,,S08000020,,S12000020,,All Inpatients,d,4,,1153,4319,3.74588031222897,,789,5486,6.9531051964512,
2018Q3,,S08000020,,S12000020,,All Inpatients,d,4,,1123,4113,3.66251113089938,,765,5554,7.26013071895425,
2018Q4,,S08000020,,S12000020,,All Inpatients,d,4,,1167,4120,3.53041988003428,,794,5232,6.58942065491184,
2019Q1,,S08000020,,S12000020,,All Inpatients,d,4,,1087,3755,3.45446182152714,,739,5931,8.02571041948579,
2019Q2,,S08000020,,S12000020,,All Inpatients,d,4,,1122,3763,3.35383244206774,,789,4280,5.42458808618504,
2019Q3,,S08000020,,S12000020,,All Inpatients,d,4,,1092,3880,3.55311355311355,,715,5482,7.66713286713287,
2019Q4,,S08000020,,S12000020,,All Inpatients,d,4,,1057,3949,3.7360454115421,,709,5841,8.23836389280677,
2020Q1,,S08000020,,S12000020,,All Inpatients,d,4,,937,4302,4.59124866595518,,652,5993,9.19171779141104,
2020Q2,,S08000020,,S12000020,,All Inpatients,d,4,,806,2868,3.55831265508685,,531,4609,8.67984934086629,
2020Q3,,S08000020,,S12000020,,All Inpatients,d,4,,927,3356,3.62028047464941,,617,4230,6.85575364667747,
2020Q4,,S08000020,,S12000020,,All Inpatients,d,4,,933,3853,4.12968917470525,,635,4857,7.6488188976378,
2021Q1,,S08000020,,S12000020,,All Inpatients,d,4,,822,3624,4.40875912408759,,526,4525,8.60266159695817,
2021Q2,,S08000020,,S12000020,,All Inpatients,d,4,,943,3842,4.07423117709438,,596,4540,7.61744966442953,
2021Q3,,S08000020,,S12000020,,All Inpatients,d,4,,991,3908,3.94349142280525,,682,4750,6.96480938416422,
2021Q4,,S08000020,,S12000020,,All Inpatients,d,4,,954,3911,4.09958071278826,,626,4501,7.19009584664537,
2022Q1,,S08000020,,S12000020,,All Inpatients,d,4,,865,4324,4.99884393063584,,594,5030,8.46801346801347,
2022Q2,,S08000020,,S12000020,,All Inpatients,d,4,,963,5186,5.3852544132918,,649,7565,11.6563944530046,
2022Q3,,S08000020,,S12000020,,All Inpatients,d,4,,788,4496,5.70558375634518,,602,6695,11.1212624584718,
2022Q4,p,S08000020,,S12000020,,All Inpatients,d,4,,1026,4563,4.44736842105263,,687,6478,9.42940320232897,
2017Q4,,S08000020,,S12000020,,All Inpatients,d,5,,317,1110,3.50157728706625,,222,1362,6.13513513513514,
2018Q1,,S08000020,,S12000020,,All Inpatients,d,5,,303,1429,4.71617161716172,,198,1374,6.93939393939394,
2018Q2,,S08000020,,S12000020,,All Inpatients,d,5,,337,1272,3.77448071216617,,237,1688,7.12236286919831,
2018Q3,,S08000020,,S12000020,,All Inpatients,d,5,,326,1358,4.16564417177914,,212,1446,6.82075471698113,
2018Q4,,S08000020,,S12000020,,All Inpatients,d,5,,343,1401,4.08454810495627,,230,2033,8.83913043478261,
2019Q1,,S08000020,,S12000020,,All Inpatients,d,5,,359,1304,3.63231197771588,,220,2020,9.18181818181818,
2019Q2,,S08000020,,S12000020,,All Inpatients,d,5,,338,1434,4.24260355029586,,224,1617,7.21875,
2019Q3,,S08000020,,S12000020,,All Inpatients,d,5,,300,1013,3.37666666666667,,196,1554,7.92857142857143,
2019Q4,,S08000020,,S12000020,,All Inpatients,d,5,,282,1034,3.66666666666667,,180,1016,5.64444444444444,
2020Q1,,S08000020,,S12000020,,All Inpatients,d,5,,292,1179,4.03767123287671,,194,2121,10.9329896907216,
2020Q2,,S08000020,,S12000020,,All Inpatients,d,5,,202,555,2.74752475247525,,131,892,6.80916030534351,
2020Q3,,S08000020,,S12000020,,All Inpatients,d,5,,243,825,3.39506172839506,,160,1060,6.625,
2020Q4,,S08000020,,S12000020,,All Inpatients,d,5,,231,997,4.31601731601732,,168,1270,7.55952380952381,
2021Q1,,S08000020,,S12000020,,All Inpatients,d,5,,230,929,4.03913043478261,,136,1117,8.21323529411765,
2021Q2,,S08000020,,S12000020,,All Inpatients,d,5,,282,1107,3.92553191489362,,188,1412,7.51063829787234,
2021Q3,,S08000020,,S12000020,,All Inpatients,d,5,,253,1359,5.37154150197628,,164,1387,8.45731707317073,
2021Q4,,S08000020,,S12000020,,All Inpatients,d,5,,287,1324,4.61324041811847,,196,2098,10.7040816326531,
2022Q1,,S08000020,,S12000020,,All Inpatients,d,5,,238,1096,4.60504201680672,,153,1545,10.0980392156863,
2022Q2,,S08000020,,S12000020,,All Inpatients,d,5,,276,1436,5.20289855072464,,177,1522,8.59887005649717,
2022Q3,,S08000020,,S12000020,,All Inpatients,d,5,,241,1422,5.90041493775934,,190,1210,6.36842105263158,
2022Q4,p,S08000020,,S12000020,,All Inpatients,d,5,,286,1567,5.47902097902098,,197,2135,10.8375634517766,
2017Q4,,S08000020,,S08000020,d,All Inpatients,d,1,,1508,7576,5.02387267904509,,1110,8155,7.34684684684685,
2018Q1,,S08000020,,S08000020,d,All Inpatients,d,1,,1474,8166,5.54002713704206,,1112,8842,7.95143884892086,
2018Q2,,S08000020,,S08000020,d,All Inpatients,d,1,,1487,6712,4.5137861466039,,1115,6947,6.2304932735426,
2018Q3,,S08000020,,S08000020,d,All Inpatients,d,1,,1475,6452,4.37423728813559,,1108,6864,6.19494584837545,
2018Q4,,S08000020,,S08000020,d,All Inpatients,d,1,,1454,6327,4.35144429160935,,1127,6275,5.5678793256433,
2019Q1,,S08000020,,S08000020,d,All Inpatients,d,1,,1493,7731,5.17816476892163,,1130,7543,6.67522123893805,
2019Q2,,S08000020,,S08000020,d,All Inpatients,d,1,,1431,7138,4.98812019566737,,1181,8292,7.02116850127011,
2019Q3,,S08000020,,S08000020,d,All Inpatients,d,1,,1541,7948,5.15768981181051,,1233,7954,6.45093268450933,
2019Q4,,S08000020,,S08000020,d,All Inpatients,d,1,,1417,7462,5.26605504587156,,1112,7810,7.02338129496403,
2020Q1,,S08000020,,S08000020,d,All Inpatients,d,1,,1402,7498,5.34807417974322,,1079,8021,7.43373493975904,
2020Q2,,S08000020,,S08000020,d,All Inpatients,d,1,,1467,5085,3.46625766871166,,1014,5525,5.44871794871795,
2020Q3,,S08000020,,S08000020,d,All Inpatients,d,1,,1438,6271,4.36091794158554,,1095,6370,5.81735159817352,
2020Q4,,S08000020,,S08000020,d,All Inpatients,d,1,,1271,6085,4.78756884343037,,982,6711,6.83401221995927,
2021Q1,,S08000020,,S08000020,d,All Inpatients,d,1,,1262,5688,4.50713153724247,,989,6199,6.26794742163802,
2021Q2,,S08000020,,S08000020,d,All Inpatients,d,1,,1296,5651,4.36033950617284,,1036,5801,5.59942084942085,
2021Q3,,S08000020,,S08000020,d,All Inpatients,d,1,,1488,7299,4.90524193548387,,1166,7489,6.42281303602058,
2021Q4,,S08000020,,S08000020,d,All Inpatients,d,1,,1493,7765,5.20093770931011,,1128,7734,6.8563829787234,
2022Q1,,S08000020,,S08000020,d,All Inpatients,d,1,,1491,7146,4.79275653923541,,1140,7317,6.41842105263158,
2022Q2,,S08000020,,S08000020,d,All Inpatients,d,1,,1331,6880,5.16904583020285,,1058,8088,7.64461247637051,
2022Q3,,S08000020,,S08000020,d,All Inpatients,d,1,,1205,5504,4.56763485477178,,963,6482,6.73104880581516,
2022Q4,p,S08000020,,S08000020,d,All Inpatients,d,1,,1194,7041,5.89698492462312,,980,7770,7.92857142857143,
2017Q4,,S08000020,,S08000020,d,All Inpatients,d,2,,3631,16422,4.52272101349491,,2666,17410,6.53038259564891,
2018Q1,,S08000020,,S08000020,d,All Inpatients,d,2,,3518,17681,5.02586696986924,,2672,19694,7.37050898203593,
2018Q2,,S08000020,,S08000020,d,All Inpatients,d,2,,3537,16764,4.73960983884648,,2673,18300,6.84624017957351,
2018Q3,,S08000020,,S08000020,d,All Inpatients,d,2,,3566,16167,4.53365114974762,,2619,17573,6.70981290568919,
2018Q4,,S08000020,,S08000020,d,All Inpatients,d,2,,3408,15825,4.64348591549296,,2596,19472,7.5007704160246496,
2019Q1,,S08000020,,S08000020,d,All Inpatients,d,2,,3352,16218,4.83830548926014,,2500,17408,6.9632,
2019Q2,,S08000020,,S08000020,d,All Inpatients,d,2,,3390,15431,4.55191740412979,,2576,16161,6.2736801242236,
2019Q3,,S08000020,,S08000020,d,All Inpatients,d,2,,3423,15657,4.5740578439965,,2623,17181,6.55013343499809,
2019Q4,,S08000020,,S08000020,d,All Inpatients,d,2,,3352,17525,5.22822195704057,,2587,19764,7.63973714727484,
2020Q1,,S08000020,,S08000020,d,All Inpatients,d,2,,3132,16351,5.220625798212,,2387,19126,8.0125680770842,
2020Q2,,S08000020,,S08000020,d,All Inpatients,d,2,,3233,10903,3.37240952675534,,2196,11926,5.43078324225865,
2020Q3,,S08000020,,S08000020,d,All Inpatients,d,2,,3003,12378,4.12187812187812,,2334,13618,5.83461868037704,
2020Q4,,S08000020,,S08000020,d,All Inpatients,d,2,,2883,12545,4.35137010058966,,2179,14034,6.44056906837999,
2021Q1,,S08000020,,S08000020,d,All Inpatients,d,2,,2974,14561,4.89609952925353,,2241,15868,7.08076751450245,
2021Q2,,S08000020,,S08000020,d,All Inpatients,d,2,,3145,13915,4.42448330683625,,2394,15082,6.2999164578112,
2021Q3,,S08000020,,S08000020,d,All Inpatients,d,2,,3108,14259,4.58783783783784,,2414,15337,6.35335542667771,
2021Q4,,S08000020,,S08000020,d,All Inpatients,d,2,,3037,14035,4.62133684557129,,2318,15548,6.70750647109577,
2022Q1,,S08000020,,S08000020,d,All Inpatients,d,2,,2986,15046,5.03884795713329,,2263,17052,7.53513035793195,
2022Q2,,S08000020,,S08000020,d,All Inpatients,d,2,,2961,14558,4.91658223573117,,2357,16784,7.12091641917692,
2022Q3,,S08000020,,S08000020,d,All Inpatients,d,2,,2899,13723,4.73370127630217,,2305,15420,6.68980477223427,
2022Q4,p,S08000020,,S08000020,d,All Inpatients,d,2,,2739,13228,4.82949981745162,,2192,15675,7.15100364963504,
2017Q4,,S08000020,,S08000020,d,All Inpatients,d,3,,4011,17920,4.46771378708551,,2907,22019,7.57447540419677,
2018Q1,,S08000020,,S08000020,d,All Inpatients,d,3,,3928,19274,4.90682281059063,,2809,22012,7.83624065503738,
2018Q2,,S08000020,,S08000020,d,All Inpatients,d,3,,4100,18194,4.43756097560976,,3022,23723,7.8500992720053,
2018Q3,,S08000020,,S08000020,d,All Inpatients,d,3,,3775,15844,4.19708609271523,,2726,18860,6.91856199559795,
2018Q4,,S08000020,,S08000020,d,All Inpatients,d,3,,3772,16372,4.34040296924708,,2763,20150,7.29279768367716,
2019Q1,,S08000020,,S08000020,d,All Inpatients,d,3,,3590,15522,4.32367688022284,,2729,19791,7.2521069989007,
2019Q2,,S08000020,,S08000020,d,All Inpatients,d,3,,3914,17714,4.52580480327031,,2905,20580,7.08433734939759,
2019Q3,,S08000020,,S08000020,d,All Inpatients,d,3,,3833,17758,4.63292460213932,,2866,20430,7.12840195394278,
2019Q4,,S08000020,,S08000020,d,All Inpatients,d,3,,4027,18222,4.52495654333251,,2966,21350,7.19824679703304,
2020Q1,,S08000020,,S08000020,d,All Inpatients,d,3,,3824,19550,5.11244769874477,,2796,24259,8.67632331902718,
2020Q2,,S08000020,,S08000020,d,All Inpatients,d,3,,3387,12179,3.59580749926188,,2249,15197,6.75722543352601,
2020Q3,,S08000020,,S08000020,d,All Inpatients,d,3,,3436,13612,3.9615832363213,,2538,15327,6.03900709219858,
2020Q4,,S08000020,,S08000020,d,All Inpatients,d,3,,3383,15089,4.46024238841265,,2430,17209,7.08189300411523,
2021Q1,,S08000020,,S08000020,d,All Inpatients,d,3,,3173,14791,4.6615190671289,,2289,17036,7.44255133245959,
2021Q2,,S08000020,,S08000020,d,All Inpatients,d,3,,3474,14994,4.3160621761658,,2597,18346,7.06430496726993,
2021Q3,,S08000020,,S08000020,d,All Inpatients,d,3,,3400,14398,4.23470588235294,,2533,16588,6.5487564153178,
2021Q4,,S08000020,,S08000020,d,All Inpatients,d,3,,3468,16546,4.77104959630911,,2565,19333,7.53723196881092,
2022Q1,,S08000020,,S08000020,d,All Inpatients,d,3,,3364,16934,5.03388822829964,,2502,19424,7.76338928856914,
2022Q2,,S08000020,,S08000020,d,All Inpatients,d,3,,3530,16836,4.76940509915014,,2675,21020,7.85794392523364,
2022Q3,,S08000020,,S08000020,d,All Inpatients,d,3,,3635,18868,5.19064649243466,,2762,24289,8.79398986241854,
2022Q4,p,S08000020,,S08000020,d,All Inpatients,d,3,,3518,17582,4.99772598067084,,2724,22056,8.09691629955947,
2017Q4,,S08000020,,S08000020,d,All Inpatients,d,4,,4683,19408,4.14435191116805,,3491,23066,6.60727585219135,
2018Q1,,S08000020,,S08000020,d,All Inpatients,d,4,,4542,20899,4.6012769704975804,,3365,24169,7.18246656760773,
2018Q2,,S08000020,,S08000020,d,All Inpatients,d,4,,4765,19519,4.09632738719832,,3526,22647,6.42285876347136,
2018Q3,,S08000020,,S08000020,d,All Inpatients,d,4,,4731,19653,4.15409004438808,,3444,21628,6.27990708478513,
2018Q4,,S08000020,,S08000020,d,All Inpatients,d,4,,4793,21150,4.41268516586689,,3545,24580,6.93370944992948,
2019Q1,,S08000020,,S08000020,d,All Inpatients,d,4,,4609,20025,4.34476025168149,,3432,24458,7.12645687645688,
2019Q2,,S08000020,,S08000020,d,All Inpatients,d,4,,4627,19067,4.12081262156905,,3549,21227,5.9811214426599,
2019Q3,,S08000020,,S08000020,d,All Inpatients,d,4,,4704,19392,4.12244897959184,,3561,23086,6.48301039033979,
2019Q4,,S08000020,,S08000020,d,All Inpatients,d,4,,4569,19932,4.36244254760341,,3469,22708,6.54597866820409,
2020Q1,,S08000020,,S08000020,d,All Inpatients,d,4,,4450,21857,4.91168539325843,,3412,26064,7.63892145369285,
2020Q2,,S08000020,,S08000020,d,All Inpatients,d,4,,3924,14138,3.60295616717635,,2688,17058,6.34598214285714,
2020Q3,,S08000020,,S08000020,d,All Inpatients,d,4,,4078,16247,3.98406081412457,,2994,18235,6.09051436205745,
2020Q4,,S08000020,,S08000020,d,All Inpatients,d,4,,4140,18043,4.35821256038647,,3150,20413,6.48031746031746,
2021Q1,,S08000020,,S08000020,d,All Inpatients,d,4,,3864,17843,4.61775362318841,,2836,20098,7.0867418899859,
2021Q2,,S08000020,,S08000020,d,All Inpatients,d,4,,4277,18397,4.30137947159224,,3265,21324,6.53108728943338,
2021Q3,,S08000020,,S08000020,d,All Inpatients,d,4,,4290,18136,4.22750582750583,,3269,20924,6.40073416947079,
2021Q4,,S08000020,,S08000020,d,All Inpatients,d,4,,4243,19173,4.51873674287061,,3114,22839,7.33429672447013,
2022Q1,,S08000020,,S08000020,d,All Inpatients,d,4,,4180,19366,4.63301435406699,,3140,22628,7.20636942675159,
2022Q2,,S08000020,,S08000020,d,All Inpatients,d,4,,4481,22207,4.95581343450123,,3403,27183,7.98795180722892,
2022Q3,,S08000020,,S08000020,d,All Inpatients,d,4,,4266,20681,4.84786685419597,,3386,26646,7.86946249261666,
2022Q4,p,S08000020,,S08000020,d,All Inpatients,d,4,,4333,19384,4.47357489037618,,3389,24882,7.34198878725288,
2017Q4,,S08000020,,S08000020,d,All Inpatients,d,5,,3939,18942,4.80883472962681,,2978,19999,6.71558092679651,
2018Q1,,S08000020,,S08000020,d,All Inpatients,d,5,,3800,20620,5.42631578947368,,2826,21248,7.51875442321302,
2018Q2,,S08000020,,S08000020,d,All Inpatients,d,5,,4018,20581,5.12220009955202,,3008,22739,7.5595079787234,
2018Q3,,S08000020,,S08000020,d,All Inpatients,d,5,,3942,17778,4.50989345509893,,3005,19223,6.39700499168053,
2018Q4,,S08000020,,S08000020,d,All Inpatients,d,5,,4040,17724,4.38712871287129,,3090,20507,6.63656957928803,
2019Q1,,S08000020,,S08000020,d,All Inpatients,d,5,,3974,18052,4.54252642174132,,3053,19196,6.28758598100229,
2019Q2,,S08000020,,S08000020,d,All Inpatients,d,5,,3905,19466,4.98489116517286,,2999,20216,6.74091363787929,
2019Q3,,S08000020,,S08000020,d,All Inpatients,d,5,,4125,18485,4.48121212121212,,3155,19672,6.2351822503962,
2019Q4,,S08000020,,S08000020,d,All Inpatients,d,5,,4072,21261,5.22126719056974,,3175,22771,7.17196850393701,
2020Q1,,S08000020,,S08000020,d,All Inpatients,d,5,,3870,20455,5.28552971576227,,2940,22464,7.64081632653061,
2020Q2,,S08000020,,S08000020,d,All Inpatients,d,5,,3464,12346,3.56408775981524,,2377,13289,5.59066049642406,
2020Q3,,S08000020,,S08000020,d,All Inpatients,d,5,,3353,13393,3.99433343274679,,2549,15189,5.95880737544135,
2020Q4,,S08000020,,S08000020,d,All Inpatients,d,5,,3466,16187,4.67022504327755,,2673,15783,5.90460157126824,
2021Q1,,S08000020,,S08000020,d,All Inpatients,d,5,,3371,16498,4.89409670720854,,2573,17987,6.9906723668869,
2021Q2,,S08000020,,S08000020,d,All Inpatients,d,5,,3941,17854,4.53032225323522,,2990,18361,6.14080267558528,
2021Q3,,S08000020,,S08000020,d,All Inpatients,d,5,,3761,19039,5.06221749534698,,2949,19912,6.75211936249576,
2021Q4,,S08000020,,S08000020,d,All Inpatients,d,5,,3794,19307,5.08882445967317,,2879,20821,7.23202500868357,
2022Q1,,S08000020,,S08000020,d,All Inpatients,d,5,,3594,17241,4.79716193656093,,2739,19541,7.13435560423512,
2022Q2,,S08000020,,S08000020,d,All Inpatients,d,5,,3701,18189,4.91461767089976,,2870,20883,7.27630662020906,
2022Q3,,S08000020,,S08000020,d,All Inpatients,d,5,,3761,18986,5.04812549853762,,2993,21596,7.21550283995991,
2022Q4,p,S08000020,,S08000020,d,All Inpatients,d,5,,3782,19075,5.04362771020624,,3001,21858,7.28357214261913,
2022Q3,,S08000020,,S08000020,d,All Inpatients,d,,:,0,6,,z,0,0,,z
2022Q4,p,S08000020,,S08000020,d,All Inpatients,d,,:,5,138,27.6,,0,85,,z
2017Q4,,S08000031,,S12000045,,All Inpatients,d,1,,284,1009,3.55281690140845,,181,977,5.39779005524862,
2018Q1,,S08000031,,S12000045,,All Inpatients,d,1,,244,1161,4.75819672131148,,146,1221,8.36301369863014,
2018Q2,,S08000031,,S12000045,,All Inpatients,d,1,,309,976,3.15857605177994,,181,914,5.04972375690608,
2018Q3,,S08000031,,S12000045,,All Inpatients,d,1,,304,1263,4.1546052631579,,184,1333,7.2445652173913,
2018Q4,,S08000031,,S12000045,,All Inpatients,d,1,,293,1068,3.64505119453925,,167,1021,6.11377245508982,
2019Q1,,S08000031,,S12000045,,All Inpatients,d,1,,266,1116,4.19548872180451,,167,1237,7.40718562874252,
2019Q2,,S08000031,,S12000045,,All Inpatients,d,1,,267,1278,4.78651685393258,,144,973,6.75694444444444,
2019Q3,,S08000031,,S12000045,,All Inpatients,d,1,,358,1099,3.06983240223464,,190,1335,7.02631578947368,
2019Q4,,S08000031,,S12000045,,All Inpatients,d,1,,288,995,3.45486111111111,,170,939,5.52352941176471,
2020Q1,,S08000031,,S12000045,,All Inpatients,d,1,,299,1160,3.87959866220736,,171,1246,7.28654970760234,
2020Q2,,S08000031,,S12000045,,All Inpatients,d,1,,232,756,3.25862068965517,,108,506,4.68518518518519,
2020Q3,,S08000031,,S12000045,,All Inpatients,d,1,,276,1125,4.07608695652174,,161,1377,8.5527950310559,
2020Q4,,S08000031,,S12000045,,All Inpatients,d,1,,324,1122,3.46296296296296,,163,1104,6.77300613496933,
2021Q1,,S08000031,,S12000045,,All Inpatients,d,1,,264,1078,4.08333333333333,,155,1094,7.05806451612903,
2021Q2,,S08000031,,S12000045,,All Inpatients,d,1,,311,907,2.91639871382637,,176,922,5.23863636363636,
2021Q3,,S08000031,,S12000045,,All Inpatients,d,1,,250,835,3.34,,144,830,5.76388888888889,
2021Q4,,S08000031,,S12000045,,All Inpatients,d,1,,255,1104,4.32941176470588,,158,1109,7.01898734177215,
2022Q1,,S08000031,,S12000045,,All Inpatients,d,1,,276,1139,4.1268115942029,,161,994,6.17391304347826,
2022Q2,,S08000031,,S12000045,,All Inpatients,d,1,,300,1436,4.78666666666667,,174,1477,8.48850574712644,
2022Q3,,S08000031,,S12000045,,All Inpatients,d,1,,309,1115,3.6084142394822,,154,1175,7.62987012987013,
2022Q4,p,S08000031,,S12000045,,All Inpatients,d,1,,297,1467,4.93939393939394,,172,1519,8.83139534883721,
2017Q4,,S08000031,,S12000045,,All Inpatients,d,2,,1270,5172,4.07244094488189,,709,5370,7.57404795486601,
2018Q1,,S08000031,,S12000045,,All Inpatients,d,2,,1357,5816,4.28592483419307,,721,5657,7.84604715672677,
2018Q2,,S08000031,,S12000045,,All Inpatients,d,2,,1408,5259,3.73508522727273,,762,5224,6.85564304461942,
2018Q3,,S08000031,,S12000045,,All Inpatients,d,2,,1240,5383,4.34112903225806,,705,5381,7.63262411347518,
2018Q4,,S08000031,,S12000045,,All Inpatients,d,2,,1352,5212,3.85502958579882,,699,5518,7.89413447782546,
2019Q1,,S08000031,,S12000045,,All Inpatients,d,2,,1421,5937,4.1780436312456,,747,5665,7.58366800535475,
2019Q2,,S08000031,,S12000045,,All Inpatients,d,2,,1352,5184,3.83431952662722,,737,5349,7.25780189959294,
2019Q3,,S08000031,,S12000045,,All Inpatients,d,2,,1211,4656,3.84475639966969,,645,4572,7.08837209302326,
2019Q4,,S08000031,,S12000045,,All Inpatients,d,2,,1366,5334,3.90483162518302,,718,4922,6.85515320334262,
2020Q1,,S08000031,,S12000045,,All Inpatients,d,2,,1317,5947,4.51556567957479,,684,6126,8.95614035087719,
2020Q2,,S08000031,,S12000045,,All Inpatients,d,2,,977,3424,3.50460593654043,,489,3376,6.9038854805726,
2020Q3,,S08000031,,S12000045,,All Inpatients,d,2,,1148,4370,3.80662020905923,,598,4191,7.00836120401338,
2020Q4,,S08000031,,S12000045,,All Inpatients,d,2,,1279,5080,3.97185301016419,,622,5008,8.05144694533762,
2021Q1,,S08000031,,S12000045,,All Inpatients,d,2,,1213,5161,4.25474031327288,,561,5193,9.25668449197861,
2021Q2,,S08000031,,S12000045,,All Inpatients,d,2,,1432,5675,3.96298882681564,,690,5359,7.76666666666667,
2021Q3,,S08000031,,S12000045,,All Inpatients,d,2,,1318,5552,4.21244309559939,,667,5628,8.43778110944528,
2021Q4,,S08000031,,S12000045,,All Inpatients,d,2,,1210,5870,4.85123966942149,,621,5771,9.29307568438003,
2022Q1,,S08000031,,S12000045,,All Inpatients,d,2,,1166,5295,4.54116638078902,,604,5748,9.51655629139073,
2022Q2,,S08000031,,S12000045,,All Inpatients,d,2,,1278,5637,4.41079812206573,,642,5352,8.33644859813084,
2022Q3,,S08000031,,S12000045,,All Inpatients,d,2,,1311,6164,4.70175438596491,,674,6309,9.36053412462908,
2022Q4,p,S08000031,,S12000045,,All Inpatients,d,2,,1406,5854,4.16358463726885,,694,5853,8.43371757925072,
2017Q4,,S08000031,,S12000045,,All Inpatients,d,3,,460,1710,3.71739130434783,,260,1425,5.48076923076923,
2018Q1,,S08000031,,S12000045,,All Inpatients,d,3,,459,2019,4.39869281045752,,266,2180,8.19548872180451,
2018Q2,,S08000031,,S12000045,,All Inpatients,d,3,,445,2021,4.54157303370787,,237,1708,7.20675105485232,
2018Q3,,S08000031,,S12000045,,All Inpatients,d,3,,443,1906,4.30248306997743,,229,2109,9.20960698689956,
2018Q4,,S08000031,,S12000045,,All Inpatients,d,3,,414,1237,2.98792270531401,,238,1208,5.07563025210084,
2019Q1,,S08000031,,S12000045,,All Inpatients,d,3,,492,1739,3.53455284552846,,245,1753,7.15510204081633,
2019Q2,,S08000031,,S12000045,,All Inpatients,d,3,,436,1291,2.96100917431193,,235,1254,5.33617021276596,
2019Q3,,S08000031,,S12000045,,All Inpatients,d,3,,513,1535,2.99220272904483,,270,1501,5.55925925925926,
2019Q4,,S08000031,,S12000045,,All Inpatients,d,3,,524,1807,3.44847328244275,,268,1767,6.59328358208955,
2020Q1,,S08000031,,S12000045,,All Inpatients,d,3,,608,2443,4.01809210526316,,294,2358,8.02040816326531,
2020Q2,,S08000031,,S12000045,,All Inpatients,d,3,,443,1935,4.36794582392776,,205,1727,8.42439024390244,
2020Q3,,S08000031,,S12000045,,All Inpatients,d,3,,404,1516,3.75247524752475,,207,1869,9.02898550724638,
2020Q4,,S08000031,,S12000045,,All Inpatients,d,3,,442,1920,4.34389140271493,,223,1866,8.3677130044843,
2021Q1,,S08000031,,S12000045,,All Inpatients,d,3,,494,2317,4.69028340080972,,241,2229,9.24896265560166,
2021Q2,,S08000031,,S12000045,,All Inpatients,d,3,,503,1797,3.57256461232604,,251,1716,6.83665338645418,
2021Q3,,S08000031,,S12000045,,All Inpatients,d,3,,466,1959,4.20386266094421,,224,1908,8.51785714285714,
2021Q4,,S08000031,,S12000045,,All Inpatients,d,3,,388,1935,4.98711340206186,,203,2018,9.94088669950739,
2022Q1,,S08000031,,S12000045,,All Inpatients,d,3,,472,1977,4.1885593220339,,229,1896,8.27947598253275,
2022Q2,,S08000031,,S12000045,,All Inpatients,d,3,,388,1760,4.5360824742268004,,222,1851,8.33783783783784,
2022Q3,,S08000031,,S12000045,,All Inpatients,d,3,,401,1673,4.17206982543641,,202,1671,8.27227722772277,
2022Q4,p,S08000031,,S12000045,,All Inpatients,d,3,,472,1893,4.01059322033898,,248,1755,7.07661290322581,
2017Q4,,S08000031,,S12000045,,All Inpatients,d,4,,1290,5400,4.18604651162791,,716,5195,7.25558659217877,
2018Q1,,S08000031,,S12000045,,All Inpatients,d,4,,1249,4826,3.86389111289031,,654,4765,7.28593272171254,
2018Q2,,S08000031,,S12000045,,All Inpatients,d,4,,1250,4475,3.58,,684,4680,6.8421052631579,
2018Q3,,S08000031,,S12000045,,All Inpatients,d,4,,1300,5137,3.95153846153846,,709,4831,6.81382228490832,
2018Q4,,S08000031,,S12000045,,All Inpatients,d,4,,1293,5624,4.34957463263728,,688,5543,8.05668604651163,
2019Q1,,S08000031,,S12000045,,All Inpatients,d,4,,1261,5088,4.03489294210944,,663,4985,7.51885369532428,
2019Q2,,S08000031,,S12000045,,All Inpatients,d,4,,1394,5412,3.88235294117647,,766,5085,6.63838120104439,
2019Q3,,S08000031,,S12000045,,All Inpatients,d,4,,1359,5443,4.00515084621045,,721,5766,7.99722607489598,
2019Q4,,S08000031,,S12000045,,All Inpatients,d,4,,1294,5078,3.9242658423493,,694,4760,6.85878962536023,
2020Q1,,S08000031,,S12000045,,All Inpatients,d,4,,1349,6102,4.52335063009637,,685,6035,8.81021897810219,
2020Q2,,S08000031,,S12000045,,All Inpatients,d,4,,916,3271,3.57096069868996,,420,3181,7.57380952380952,
2020Q3,,S08000031,,S12000045,,All Inpatients,d,4,,1193,4541,3.80637049455155,,574,4346,7.57142857142857,
2020Q4,,S08000031,,S12000045,,All Inpatients,d,4,,1101,4925,4.47320617620345,,550,4938,8.97818181818182,
2021Q1,,S08000031,,S12000045,,All Inpatients,d,4,,1043,4247,4.071907957814,,535,4380,8.18691588785047,
2021Q2,,S08000031,,S12000045,,All Inpatients,d,4,,1191,4517,3.7926112510495402,,619,4199,6.78352180936995,
2021Q3,,S08000031,,S12000045,,All Inpatients,d,4,,1142,4768,4.17513134851138,,587,5273,8.98296422487223,
2021Q4,,S08000031,,S12000045,,All Inpatients,d,4,,1194,5578,4.67169179229481,,588,5538,9.41836734693878,
2022Q1,,S08000031,,S12000045,,All Inpatients,d,4,,1113,4528,4.06828391734052,,526,4267,8.11216730038023,
2022Q2,,S08000031,,S12000045,,All Inpatients,d,4,,1200,5062,4.21833333333333,,592,4985,8.42060810810811,
2022Q3,,S08000031,,S12000045,,All Inpatients,d,4,,1278,6108,4.7793427230047,,631,6124,9.70522979397781,
2022Q4,p,S08000031,,S12000045,,All Inpatients,d,4,,1191,5867,4.92611251049538,,614,5810,9.46254071661238,
2017Q4,,S08000031,,S12000045,,All Inpatients,d,5,,2771,10735,3.87405268856009,,1493,10284,6.8881446751507,
2018Q1,,S08000031,,S12000045,,All Inpatients,d,5,,2654,10187,3.83835719668425,,1412,10111,7.16076487252125,
2018Q2,,S08000031,,S12000045,,All Inpatients,d,5,,2753,10676,3.87795132582637,,1439,11013,7.65323141070188,
2018Q3,,S08000031,,S12000045,,All Inpatients,d,5,,2732,10718,3.92313323572474,,1435,10506,7.3212543554007,
2018Q4,,S08000031,,S12000045,,All Inpatients,d,5,,2735,10323,3.77440585009141,,1409,10430,7.40241305890703,
2019Q1,,S08000031,,S12000045,,All Inpatients,d,5,,2791,11234,4.02508061626657,,1439,11588,8.05281445448228,
2019Q2,,S08000031,,S12000045,,All Inpatients,d,5,,2898,10410,3.59213250517598,,1410,9918,7.03404255319149,
2019Q3,,S08000031,,S12000045,,All Inpatients,d,5,,2628,10570,4.0220700152207,,1421,11029,7.76143560872625,
2019Q4,,S08000031,,S12000045,,All Inpatients,d,5,,2651,10460,3.94568087514146,,1327,10227,7.706857573474,
2020Q1,,S08000031,,S12000045,,All Inpatients,d,5,,2772,10544,3.8037518037518,,1429,10680,7.47375787263821,
2020Q2,,S08000031,,S12000045,,All Inpatients,d,5,,2098,6939,3.30743565300286,,915,6765,7.39344262295082,
2020Q3,,S08000031,,S12000045,,All Inpatients,d,5,,2677,9595,3.58423608516997,,1227,8911,7.26242868785656,
2020Q4,,S08000031,,S12000045,,All Inpatients,d,5,,2389,9027,3.77856843867727,,1154,9355,8.10658578856152,
2021Q1,,S08000031,,S12000045,,All Inpatients,d,5,,2607,10236,3.92635212888377,,1131,10199,9.01768346595933,
2021Q2,,S08000031,,S12000045,,All Inpatients,d,5,,2722,9619,3.53379867744306,,1280,9561,7.46953125,
2021Q3,,S08000031,,S12000045,,All Inpatients,d,5,,2467,10243,4.15200648561005,,1189,10684,8.98570227081581,
2021Q4,,S08000031,,S12000045,,All Inpatients,d,5,,2407,9783,4.06439551308683,,1150,9167,7.97130434782609,
2022Q1,,S08000031,,S12000045,,All Inpatients,d,5,,2720,10574,3.8875,,1271,10051,7.90794649881983,
2022Q2,,S08000031,,S12000045,,All Inpatients,d,5,,2842,10696,3.76354679802956,,1306,10821,8.28560490045942,
2022Q3,,S08000031,,S12000045,,All Inpatients,d,5,,2805,11107,3.95971479500891,,1269,10615,8.36485421591805,
2022Q4,p,S08000031,,S12000045,,All Inpatients,d,5,,2786,12571,4.51220387652548,,1345,13480,10.0223048327138,
2017Q4,,S08000031,,S12000011,,All Inpatients,d,1,,307,891,2.90228013029316,,178,874,4.91011235955056,
2018Q1,,S08000031,,S12000011,,All Inpatients,d,1,,348,1416,4.06896551724138,,220,1426,6.48181818181818,
2018Q2,,S08000031,,S12000011,,All Inpatients,d,1,,352,1193,3.38920454545455,,222,1078,4.85585585585586,
2018Q3,,S08000031,,S12000011,,All Inpatients,d,1,,390,1595,4.08974358974359,,232,1499,6.46120689655172,
2018Q4,,S08000031,,S12000011,,All Inpatients,d,1,,367,1575,4.29155313351499,,212,1749,8.25,
2019Q1,,S08000031,,S12000011,,All Inpatients,d,1,,343,1404,4.0932944606414,,212,1380,6.50943396226415,
2019Q2,,S08000031,,S12000011,,All Inpatients,d,1,,361,1103,3.05540166204986,,233,1141,4.89699570815451,
2019Q3,,S08000031,,S12000011,,All Inpatients,d,1,,439,1896,4.31890660592255,,260,1917,7.37307692307692,
2019Q4,,S08000031,,S12000011,,All Inpatients,d,1,,408,1413,3.46323529411765,,237,1376,5.80590717299578,
2020Q1,,S08000031,,S12000011,,All Inpatients,d,1,,394,1386,3.51776649746193,,199,1151,5.78391959798995,
2020Q2,,S08000031,,S12000011,,All Inpatients,d,1,,261,1242,4.75862068965517,,129,1357,10.5193798449612,
2020Q3,,S08000031,,S12000011,,All Inpatients,d,1,,354,1332,3.76271186440678,,201,1288,6.40796019900498,
2020Q4,,S08000031,,S12000011,,All Inpatients,d,1,,416,1291,3.10336538461538,,207,1264,6.10628019323671,
2021Q1,,S08000031,,S12000011,,All Inpatients,d,1,,320,1203,3.759375,,159,949,5.9685534591195,
2021Q2,,S08000031,,S12000011,,All Inpatients,d,1,,398,1348,3.38693467336683,,207,1681,8.1207729468599,
2021Q3,,S08000031,,S12000011,,All Inpatients,d,1,,309,1063,3.44012944983819,,158,1013,6.41139240506329,
2021Q4,,S08000031,,S12000011,,All Inpatients,d,1,,375,1389,3.704,,193,1111,5.75647668393782,
2022Q1,,S08000031,,S12000011,,All Inpatients,d,1,,288,1228,4.26388888888889,,155,1449,9.34838709677419,
2022Q2,,S08000031,,S12000011,,All Inpatients,d,1,,350,1203,3.43714285714286,,173,1277,7.38150289017341,
2022Q3,,S08000031,,S12000011,,All Inpatients,d,1,,415,1671,4.02650602409639,,194,1691,8.71649484536082,
2022Q4,p,S08000031,,S12000011,,All Inpatients,d,1,,385,1468,3.81298701298701,,179,1379,7.70391061452514,
2017Q4,,S08000031,,S12000011,,All Inpatients,d,2,,613,2527,4.12234910277325,,342,2413,7.05555555555556,
2018Q1,,S08000031,,S12000011,,All Inpatients,d,2,,587,2460,4.190800681431,,311,2542,8.17363344051447,
2018Q2,,S08000031,,S12000011,,All Inpatients,d,2,,562,2016,3.58718861209964,,345,1957,5.67246376811594,
2018Q3,,S08000031,,S12000011,,All Inpatients,d,2,,559,2121,3.79427549194991,,307,1999,6.5114006514658,
2018Q4,,S08000031,,S12000011,,All Inpatients,d,2,,664,2730,4.11144578313253,,344,2598,7.55232558139535,
2019Q1,,S08000031,,S12000011,,All Inpatients,d,2,,577,2210,3.83015597920277,,347,2318,6.68011527377522,
2019Q2,,S08000031,,S12000011,,All Inpatients,d,2,,592,2033,3.43412162162162,,340,2087,6.13823529411765,
2019Q3,,S08000031,,S12000011,,All Inpatients,d,2,,657,1911,2.90867579908676,,360,1786,4.96111111111111,
2019Q4,,S08000031,,S12000011,,All Inpatients,d,2,,638,2222,3.48275862068966,,359,2349,6.54317548746518,
2020Q1,,S08000031,,S12000011,,All Inpatients,d,2,,631,2165,3.4310618066561,,311,2029,6.52411575562701,
2020Q2,,S08000031,,S12000011,,All Inpatients,d,2,,439,1460,3.32574031890661,,207,1560,7.53623188405797,
2020Q3,,S08000031,,S12000011,,All Inpatients,d,2,,585,2013,3.44102564102564,,307,1939,6.31596091205212,
2020Q4,,S08000031,,S12000011,,All Inpatients,d,2,,617,2483,4.02431118314425,,277,2462,8.88808664259928,
2021Q1,,S08000031,,S12000011,,All Inpatients,d,2,,618,2272,3.67637540453074,,284,2315,8.15140845070423,
2021Q2,,S08000031,,S12000011,,All Inpatients,d,2,,590,2458,4.16610169491525,,290,2372,8.17931034482759,
2021Q3,,S08000031,,S12000011,,All Inpatients,d,2,,594,2327,3.91750841750842,,297,2284,7.69023569023569,
2021Q4,,S08000031,,S12000011,,All Inpatients,d,2,,583,2017,3.45969125214408,,279,1927,6.90681003584229,
2022Q1,,S08000031,,S12000011,,All Inpatients,d,2,,609,2517,4.13300492610837,,258,2448,9.48837209302326,
2022Q2,,S08000031,,S12000011,,All Inpatients,d,2,,680,3081,4.53088235294118,,307,2967,9.66449511400651,
2022Q3,,S08000031,,S12000011,,All Inpatients,d,2,,637,2885,4.52904238618524,,329,2878,8.74772036474164,
2022Q4,p,S08000031,,S12000011,,All Inpatients,d,2,,630,2576,4.08888888888889,,307,3033,9.87947882736156,
2017Q4,,S08000031,,S12000011,,All Inpatients,d,3,,528,2461,4.66098484848485,,262,2353,8.98091603053435,
2018Q1,,S08000031,,S12000011,,All Inpatients,d,3,,515,2312,4.48932038834951,,260,2350,9.03846153846154,
2018Q2,,S08000031,,S12000011,,All Inpatients,d,3,,524,1900,3.62595419847328,,258,1850,7.17054263565892,
2018Q3,,S08000031,,S12000011,,All Inpatients,d,3,,477,2016,4.22641509433962,,258,1972,7.64341085271318,
2018Q4,,S08000031,,S12000011,,All Inpatients,d,3,,562,2373,4.22241992882562,,269,2296,8.53531598513011,
2019Q1,,S08000031,,S12000011,,All Inpatients,d,3,,460,1703,3.70217391304348,,241,1685,6.99170124481328,
2019Q2,,S08000031,,S12000011,,All Inpatients,d,3,,478,2416,5.05439330543933,,259,2590,10,
2019Q3,,S08000031,,S12000011,,All Inpatients,d,3,,440,1376,3.12727272727273,,238,1331,5.59243697478992,
2019Q4,,S08000031,,S12000011,,All Inpatients,d,3,,526,2059,3.91444866920152,,249,2006,8.05622489959839,
2020Q1,,S08000031,,S12000011,,All Inpatients,d,3,,550,2267,4.12181818181818,,249,2297,9.22489959839357,
2020Q2,,S08000031,,S12000011,,All Inpatients,d,3,,397,1421,3.57934508816121,,166,1307,7.87349397590361,
2020Q3,,S08000031,,S12000011,,All Inpatients,d,3,,496,1565,3.15524193548387,,215,1585,7.37209302325581,
2020Q4,,S08000031,,S12000011,,All Inpatients,d,3,,515,1997,3.87766990291262,,204,1824,8.94117647058824,
2021Q1,,S08000031,,S12000011,,All Inpatients,d,3,,473,1696,3.58562367864693,,205,1816,8.85853658536585,
2021Q2,,S08000031,,S12000011,,All Inpatients,d,3,,528,2130,4.03409090909091,,239,1922,8.0418410041841,
2021Q3,,S08000031,,S12000011,,All Inpatients,d,3,,501,2187,4.36526946107784,,208,2039,9.80288461538461,
2021Q4,,S08000031,,S12000011,,All Inpatients,d,3,,493,1806,3.6632860040568,,213,2128,9.9906103286385,
2022Q1,,S08000031,,S12000011,,All Inpatients,d,3,,450,1903,4.22888888888889,,207,1784,8.6183574879227,
2022Q2,,S08000031,,S12000011,,All Inpatients,d,3,,546,1893,3.46703296703297,,218,1910,8.76146788990826,
2022Q3,,S08000031,,S12000011,,All Inpatients,d,3,,513,1957,3.81481481481481,,219,1987,9.0730593607306,
2022Q4,p,S08000031,,S12000011,,All Inpatients,d,3,,474,1914,4.0379746835443,,201,1835,9.12935323383085,
2017Q4,,S08000031,,S12000011,,All Inpatients,d,4,,1000,3657,3.657,,524,3415,6.51717557251908,
2018Q1,,S08000031,,S12000011,,All Inpatients,d,4,,1041,4161,3.9971181556196,,529,4156,7.85633270321361,
2018Q2,,S08000031,,S12000011,,All Inpatients,d,4,,939,3227,3.43663471778488,,516,3145,6.09496124031008,
2018Q3,,S08000031,,S12000011,,All Inpatients,d,4,,959,3728,3.8873826903024,,488,3598,7.37295081967213,
2018Q4,,S08000031,,S12000011,,All Inpatients,d,4,,1032,4008,3.88372093023256,,521,4005,7.68714011516315,
2019Q1,,S08000031,,S12000011,,All Inpatients,d,4,,1045,3972,3.80095693779904,,540,3528,6.53333333333333,
2019Q2,,S08000031,,S12000011,,All Inpatients,d,4,,1000,3911,3.911,,548,4906,8.95255474452555,
2019Q3,,S08000031,,S12000011,,All Inpatients,d,4,,968,3481,3.59607438016529,,505,3436,6.8039603960396,
2019Q4,,S08000031,,S12000011,,All Inpatients,d,4,,1004,4088,4.07171314741036,,515,3907,7.58640776699029,
2020Q1,,S08000031,,S12000011,,All Inpatients,d,4,,1075,4188,3.89581395348837,,514,4017,7.81517509727626,
2020Q2,,S08000031,,S12000011,,All Inpatients,d,4,,827,3461,4.18500604594921,,365,3766,10.3178082191781,
2020Q3,,S08000031,,S12000011,,All Inpatients,d,4,,974,3177,3.26180698151951,,432,3084,7.13888888888889,
2020Q4,,S08000031,,S12000011,,All Inpatients,d,4,,966,2890,2.99171842650104,,431,2676,6.20881670533643,
2021Q1,,S08000031,,S12000011,,All Inpatients,d,4,,1069,3635,3.40037418147802,,454,3549,7.81718061674009,
2021Q2,,S08000031,,S12000011,,All Inpatients,d,4,,976,3675,3.76536885245902,,456,3875,8.49780701754386,
2021Q3,,S08000031,,S12000011,,All Inpatients,d,4,,906,3694,4.07726269315673,,417,3553,8.52038369304556,
2021Q4,,S08000031,,S12000011,,All Inpatients,d,4,,847,3885,4.58677685950413,,403,3888,9.64764267990074,
2022Q1,,S08000031,,S12000011,,All Inpatients,d,4,,995,3506,3.52361809045226,,437,3509,8.02974828375286,
2022Q2,,S08000031,,S12000011,,All Inpatients,d,4,,1008,4002,3.9702380952381,,423,3870,9.14893617021277,
2022Q3,,S08000031,,S12000011,,All Inpatients,d,4,,972,3621,3.72530864197531,,467,3740,8.0085653104925,
2022Q4,p,S08000031,,S12000011,,All Inpatients,d,4,,1045,4000,3.82775119617225,,476,4002,8.40756302521008,
2017Q4,,S08000031,,S12000011,,All Inpatients,d,5,,2418,8767,3.62572373862696,,1199,8310,6.93077564637198,
2018Q1,,S08000031,,S12000011,,All Inpatients,d,5,,2298,9039,3.93342036553525,,1209,9519,7.87344913151365,
2018Q2,,S08000031,,S12000011,,All Inpatients,d,5,,2277,8217,3.60869565217391,,1156,8052,6.96539792387543,
2018Q3,,S08000031,,S12000011,,All Inpatients,d,5,,2290,8566,3.74061135371179,,1191,8535,7.16624685138539,
2018Q4,,S08000031,,S12000011,,All Inpatients,d,5,,2482,8662,3.48992747784045,,1192,8927,7.48909395973154,
2019Q1,,S08000031,,S12000011,,All Inpatients,d,5,,2202,8130,3.6920980926430498,,1114,8140,7.30700179533214,
2019Q2,,S08000031,,S12000011,,All Inpatients,d,5,,2424,8642,3.56518151815182,,1182,8405,7.11082910321489,
2019Q3,,S08000031,,S12000011,,All Inpatients,d,5,,2411,8392,3.48071339693073,,1203,8537,7.09642560266002,
2019Q4,,S08000031,,S12000011,,All Inpatients,d,5,,2423,9208,3.80024762690879,,1135,8488,7.4784140969163,
2020Q1,,S08000031,,S12000011,,All Inpatients,d,5,,2265,8918,3.93730684326711,,1106,9327,8.43309222423146,
2020Q2,,S08000031,,S12000011,,All Inpatients,d,5,,1708,6073,3.5556206088993,,723,6145,8.49930843706777,
2020Q3,,S08000031,,S12000011,,All Inpatients,d,5,,2353,7326,3.11347216319592,,1008,7145,7.08829365079365,
2020Q4,,S08000031,,S12000011,,All Inpatients,d,5,,2320,8295,3.57543103448276,,977,8224,8.41760491299898,
2021Q1,,S08000031,,S12000011,,All Inpatients,d,5,,2341,7713,3.2947458351132,,965,7682,7.96062176165803,
2021Q2,,S08000031,,S12000011,,All Inpatients,d,5,,2545,8720,3.42632612966601,,1108,8829,7.96841155234657,
2021Q3,,S08000031,,S12000011,,All Inpatients,d,5,,2583,9087,3.51800232288037,,1099,8887,8.08644222020018,
2021Q4,,S08000031,,S12000011,,All Inpatients,d,5,,2325,8388,3.60774193548387,,995,8588,8.63115577889447,
2022Q1,,S08000031,,S12000011,,All Inpatients,d,5,,2482,9965,4.01490733279613,,979,9568,9.7732379979571,
2022Q2,,S08000031,,S12000011,,All Inpatients,d,5,,2294,9550,4.16303400174368,,967,9689,10.0196483971044,
2022Q3,,S08000031,,S12000011,,All Inpatients,d,5,,2362,8821,3.73454699407282,,1013,8702,8.59032576505429,
2022Q4,p,S08000031,,S12000011,,All Inpatients,d,5,,2269,9487,4.18113706478625,,966,9792,10.1366459627329,
2017Q4,,S08000031,,S12000049,,All Inpatients,d,1,,21882,84840,3.87715930902111,,11443,81950,7.1615835008302,
2018Q1,,S08000031,,S12000049,,All Inpatients,d,1,,21782,86336,3.96363970250666,,11274,89070,7.90047897817988,
2018Q2,,S08000031,,S12000049,,All Inpatients,d,1,,21932,82897,3.7797282509575,,11626,84558,7.27318080165147,
2018Q3,,S08000031,,S12000049,,All Inpatients,d,1,,21508,78661,3.65729031058211,,11469,77953,6.79684366553318,
2018Q4,,S08000031,,S12000049,,All Inpatients,d,1,,22034,79752,3.61949714078243,,11314,79321,7.0108714866537,
2019Q1,,S08000031,,S12000049,,All Inpatients,d,1,,22310,81947,3.67310623038996,,11456,80631,7.03832053072626,
2019Q2,,S08000031,,S12000049,,All Inpatients,d,1,,22415,82216,3.66790095917912,,11539,82253,7.12826068116821,
2019Q3,,S08000031,,S12000049,,All Inpatients,d,1,,22563,78644,3.48552940655055,,11453,77071,6.72932856020257,
2019Q4,,S08000031,,S12000049,,All Inpatients,d,1,,22679,83988,3.70333788967768,,11683,82410,7.05383891123855,
2020Q1,,S08000031,,S12000049,,All Inpatients,d,1,,21286,81236,3.81640514892418,,10694,79604,7.44380026182906,
2020Q2,,S08000031,,S12000049,,All Inpatients,d,1,,17515,58247,3.32554952897516,,8061,58146,7.21324897655378,
2020Q3,,S08000031,,S12000049,,All Inpatients,d,1,,21004,71528,3.4054465816035,,10061,69954,6.95298678063811,
2020Q4,,S08000031,,S12000049,,All Inpatients,d,1,,21091,78776,3.73505286615144,,9930,78843,7.93987915407855,
2021Q1,,S08000031,,S12000049,,All Inpatients,d,1,,20278,72642,3.58230594733208,,9355,73886,7.89802244788883,
2021Q2,,S08000031,,S12000049,,All Inpatients,d,1,,21949,75824,3.45455373821131,,10809,74887,6.92820797483578,
2021Q3,,S08000031,,S12000049,,All Inpatients,d,1,,21016,79398,3.7779786829082602,,10089,77884,7.71969471701853,
2021Q4,,S08000031,,S12000049,,All Inpatients,d,1,,20021,82414,4.11637780330653,,9705,81565,8.40443070582174,
2022Q1,,S08000031,,S12000049,,All Inpatients,d,1,,19122,80456,4.20750967472022,,8976,77351,8.61753565062389,
2022Q2,,S08000031,,S12000049,,All Inpatients,d,1,,19376,80741,4.16706234516928,,9210,82361,8.94256243213898,
2022Q3,,S08000031,,S12000049,,All Inpatients,d,1,,19782,82577,4.17435041957335,,9519,84456,8.87236054207375,
2022Q4,p,S08000031,,S12000049,,All Inpatients,d,1,,19363,81827,4.22594639260445,,9427,82699,8.77256815529861,
2017Q4,,S08000031,,S12000049,,All Inpatients,d,2,,6655,28664,4.30713749060857,,3390,25828,7.6188790560472,
2018Q1,,S08000031,,S12000049,,All Inpatients,d,2,,6872,27457,3.99548894062864,,3420,26283,7.68508771929825,
2018Q2,,S08000031,,S12000049,,All Inpatients,d,2,,6848,26425,3.85879088785047,,3550,27273,7.68253521126761,
2018Q3,,S08000031,,S12000049,,All Inpatients,d,2,,6753,25784,3.81815489412113,,3429,24672,7.19510061242345,
2018Q4,,S08000031,,S12000049,,All Inpatients,d,2,,6981,26558,3.80432602778972,,3485,26081,7.48378766140603,
2019Q1,,S08000031,,S12000049,,All Inpatients,d,2,,6771,25178,3.71850539063654,,3442,25247,7.33497966298664,
2019Q2,,S08000031,,S12000049,,All Inpatients,d,2,,7061,26773,3.79167256762498,,3558,25922,7.28555368184373,
2019Q3,,S08000031,,S12000049,,All Inpatients,d,2,,6927,25278,3.64919878735383,,3442,27875,8.09848925043579,
2019Q4,,S08000031,,S12000049,,All Inpatients,d,2,,7103,25626,3.6077713642123,,3556,25303,7.11557930258718,
2020Q1,,S08000031,,S12000049,,All Inpatients,d,2,,6540,26750,4.09021406727829,,3262,28685,8.79368485591661,
2020Q2,,S08000031,,S12000049,,All Inpatients,d,2,,5341,16618,3.11140235910878,,2363,16864,7.13669064748201,
2020Q3,,S08000031,,S12000049,,All Inpatients,d,2,,6419,21199,3.30253933634522,,2962,21295,7.18939905469278,
2020Q4,,S08000031,,S12000049,,All Inpatients,d,2,,6588,22768,3.45598057073467,,3020,22090,7.31456953642384,
2021Q1,,S08000031,,S12000049,,All Inpatients,d,2,,6443,23707,3.67949712866677,,2833,24314,8.58242146134839,
2021Q2,,S08000031,,S12000049,,All Inpatients,d,2,,7193,23704,3.29542610871681,,3311,23077,6.96979764421625,
2021Q3,,S08000031,,S12000049,,All Inpatients,d,2,,6517,23664,3.63111861285868,,3040,23362,7.68486842105263,
2021Q4,,S08000031,,S12000049,,All Inpatients,d,2,,6716,27271,4.0606015485408,,3017,26673,8.84090155783891,
2022Q1,,S08000031,,S12000049,,All Inpatients,d,2,,6305,25433,4.03378271213323,,2803,25367,9.04994648590796,
2022Q2,,S08000031,,S12000049,,All Inpatients,d,2,,6531,25871,3.96126167508804,,2872,25444,8.85933147632312,
2022Q3,,S08000031,,S12000049,,All Inpatients,d,2,,6574,25791,3.92318223303925,,2968,26528,8.93800539083558,
2022Q4,p,S08000031,,S12000049,,All Inpatients,d,2,,6405,27029,4.2199843871975,,2897,27833,9.60752502588885,
2017Q4,,S08000031,,S12000049,,All Inpatients,d,3,,4214,15621,3.70692928334124,,2233,15157,6.78772951186744,
2018Q1,,S08000031,,S12000049,,All Inpatients,d,3,,4067,14953,3.67666584706172,,2047,14635,7.1494870542257,
2018Q2,,S08000031,,S12000049,,All Inpatients,d,3,,3969,15105,3.80574452003023,,2080,15228,7.32115384615385,
2018Q3,,S08000031,,S12000049,,All Inpatients,d,3,,3934,14918,3.79206914082359,,2061,14701,7.13294517224648,
2018Q4,,S08000031,,S12000049,,All Inpatients,d,3,,3902,13988,3.58482829318298,,2078,13998,6.73628488931665,
2019Q1,,S08000031,,S12000049,,All Inpatients,d,3,,4000,14290,3.5725,,2098,14048,6.69590085795996,
2019Q2,,S08000031,,S12000049,,All Inpatients,d,3,,4200,16360,3.8952380952381,,2171,15654,7.21050207277752,
2019Q3,,S08000031,,S12000049,,All Inpatients,d,3,,4222,14645,3.46873519658929,,2106,15385,7.30531813865147,
2019Q4,,S08000031,,S12000049,,All Inpatients,d,3,,4245,16210,3.81861012956419,,2128,16394,7.70394736842105,
2020Q1,,S08000031,,S12000049,,All Inpatients,d,3,,3849,16766,4.35593660691089,,1972,17007,8.62423935091278,
2020Q2,,S08000031,,S12000049,,All Inpatients,d,3,,3184,10813,3.39604271356784,,1413,10823,7.65958952583156,
2020Q3,,S08000031,,S12000049,,All Inpatients,d,3,,3653,12231,3.34820695318916,,1746,11249,6.44272623138603,
2020Q4,,S08000031,,S12000049,,All Inpatients,d,3,,3820,14319,3.74842931937173,,1823,14054,7.70927043335162,
2021Q1,,S08000031,,S12000049,,All Inpatients,d,3,,3794,14770,3.8929889298893,,1727,15089,8.73711638679791,
2021Q2,,S08000031,,S12000049,,All Inpatients,d,3,,4040,13681,3.38638613861386,,1956,13504,6.9038854805726,
2021Q3,,S08000031,,S12000049,,All Inpatients,d,3,,3929,14613,3.71926698905574,,1840,14575,7.92119565217391,
2021Q4,,S08000031,,S12000049,,All Inpatients,d,3,,3720,15207,4.08790322580645,,1769,15774,8.91690220463539,
2022Q1,,S08000031,,S12000049,,All Inpatients,d,3,,3655,14829,4.05718194254446,,1723,14712,8.53859547301219,
2022Q2,,S08000031,,S12000049,,All Inpatients,d,3,,3816,14817,3.88286163522013,,1836,14207,7.7380174291939,
2022Q3,,S08000031,,S12000049,,All Inpatients,d,3,,3814,14970,3.92501310959622,,1847,14914,8.07471575527883,
2022Q4,p,S08000031,,S12000049,,All Inpatients,d,3,,3443,14179,4.11821086261981,,1713,14556,8.49737302977233,
2017Q4,,S08000031,,S12000049,,All Inpatients,d,4,,3209,11676,3.63851667186039,,1707,11760,6.88927943760984,
2018Q1,,S08000031,,S12000049,,All Inpatients,d,4,,3116,11377,3.65115532734275,,1665,11279,6.77417417417417,
2018Q2,,S08000031,,S12000049,,All Inpatients,d,4,,3128,11303,3.61349104859335,,1674,11491,6.86439665471924,
2018Q3,,S08000031,,S12000049,,All Inpatients,d,4,,2844,10306,3.62376933895921,,1578,10163,6.4404309252218,
2018Q4,,S08000031,,S12000049,,All Inpatients,d,4,,3073,10738,3.49430523917995,,1630,10824,6.64049079754601,
2019Q1,,S08000031,,S12000049,,All Inpatients,d,4,,3196,11809,3.69493116395494,,1665,11241,6.75135135135135,
2019Q2,,S08000031,,S12000049,,All Inpatients,d,4,,3092,10178,3.29172056921087,,1586,10284,6.48423707440101,
2019Q3,,S08000031,,S12000049,,All Inpatients,d,4,,3260,10702,3.28282208588957,,1689,10318,6.10894020130255,
2019Q4,,S08000031,,S12000049,,All Inpatients,d,4,,3327,10988,3.30267508265705,,1666,10907,6.546818727491,
2020Q1,,S08000031,,S12000049,,All Inpatients,d,4,,3023,11284,3.7327158451869,,1555,10629,6.83536977491961,
2020Q2,,S08000031,,S12000049,,All Inpatients,d,4,,2638,9271,3.51440485216073,,1147,9349,8.15082824760244,
2020Q3,,S08000031,,S12000049,,All Inpatients,d,4,,2884,9540,3.30790568654646,,1388,10041,7.23414985590778,
2020Q4,,S08000031,,S12000049,,All Inpatients,d,4,,3047,9438,3.09747292418773,,1442,9803,6.79819694868239,
2021Q1,,S08000031,,S12000049,,All Inpatients,d,4,,2891,9659,3.34105845728122,,1332,9080,6.81681681681682,
2021Q2,,S08000031,,S12000049,,All Inpatients,d,4,,3290,11001,3.34376899696049,,1583,10892,6.88060644346178,
2021Q3,,S08000031,,S12000049,,All Inpatients,d,4,,3183,11661,3.66352497643732,,1522,11142,7.32063074901445,
2021Q4,,S08000031,,S12000049,,All Inpatients,d,4,,3211,12115,3.77296792276549,,1450,11568,7.97793103448276,
2022Q1,,S08000031,,S12000049,,All Inpatients,d,4,,3153,12450,3.94862036156042,,1500,12073,8.04866666666667,
2022Q2,,S08000031,,S12000049,,All Inpatients,d,4,,3303,12395,3.75264910687254,,1509,13317,8.82504970178926,
2022Q3,,S08000031,,S12000049,,All Inpatients,d,4,,3258,12562,3.85573971761817,,1503,12169,8.09647371922821,
2022Q4,p,S08000031,,S12000049,,All Inpatients,d,4,,3028,11633,3.84180977542933,,1480,11765,7.94932432432432,
2017Q4,,S08000031,,S12000049,,All Inpatients,d,5,,2549,8732,3.42565712043939,,1349,8877,6.58042994810971,
2018Q1,,S08000031,,S12000049,,All Inpatients,d,5,,2454,9220,3.75713121434393,,1257,8275,6.58313444709626,
2018Q2,,S08000031,,S12000049,,All Inpatients,d,5,,2602,9343,3.59069946195234,,1364,9576,7.02052785923754,
2018Q3,,S08000031,,S12000049,,All Inpatients,d,5,,2355,8723,3.70403397027601,,1237,8789,7.1050929668553,
2018Q4,,S08000031,,S12000049,,All Inpatients,d,5,,2569,9275,3.61035422343324,,1312,9204,7.01524390243902,
2019Q1,,S08000031,,S12000049,,All Inpatients,d,5,,2679,9623,3.59201194475551,,1381,9368,6.78349022447502,
2019Q2,,S08000031,,S12000049,,All Inpatients,d,5,,2519,9308,3.69511710996427,,1292,9511,7.36145510835913,
2019Q3,,S08000031,,S12000049,,All Inpatients,d,5,,2616,9189,3.51261467889908,,1314,8898,6.7716894977169,
2019Q4,,S08000031,,S12000049,,All Inpatients,d,5,,2653,10209,3.84809649453449,,1356,9829,7.24852507374631,
2020Q1,,S08000031,,S12000049,,All Inpatients,d,5,,2423,8576,3.5394139496492,,1276,8682,6.80407523510972,
2020Q2,,S08000031,,S12000049,,All Inpatients,d,5,,1832,6037,3.2953056768559,,815,6129,7.52024539877301,
2020Q3,,S08000031,,S12000049,,All Inpatients,d,5,,2338,7857,3.36056458511548,,1084,8252,7.61254612546125,
2020Q4,,S08000031,,S12000049,,All Inpatients,d,5,,2389,7947,3.32649644202595,,1084,7434,6.85793357933579,
2021Q1,,S08000031,,S12000049,,All Inpatients,d,5,,2393,8072,3.37317175094024,,1120,7922,7.07321428571429,
2021Q2,,S08000031,,S12000049,,All Inpatients,d,5,,2610,8788,3.36704980842912,,1231,8773,7.12672623883022,
2021Q3,,S08000031,,S12000049,,All Inpatients,d,5,,2389,8521,3.56676433654249,,1132,8497,7.50618374558304,
2021Q4,,S08000031,,S12000049,,All Inpatients,d,5,,2594,9570,3.68928296067849,,1203,9857,8.19368246051538,
2022Q1,,S08000031,,S12000049,,All Inpatients,d,5,,2361,8975,3.8013553578992,,1062,8842,8.32580037664783,
2022Q2,,S08000031,,S12000049,,All Inpatients,d,5,,2428,9811,4.04077429983526,,1078,9987,9.26437847866419,
2022Q3,,S08000031,,S12000049,,All Inpatients,d,5,,2550,9077,3.55960784313725,,1159,9115,7.86453839516825,
2022Q4,p,S08000031,,S12000049,,All Inpatients,d,5,,2360,8560,3.6271186440678,,1133,8782,7.75110326566637,
2022Q3,,S08000031,,S12000049,,All Inpatients,d,,:,10,25,2.5,,5,25,5,
2022Q4,p,S08000031,,S12000049,,All Inpatients,d,,:,5,14,2.8,,0,14,,z
2017Q4,,S08000031,,S12000018,,All Inpatients,d,1,,2686,10627,3.95644080416977,,1556,10719,6.88881748071979,
2018Q1,,S08000031,,S12000018,,All Inpatients,d,1,,2566,10537,4.10639127045986,,1520,10499,6.90723684210526,
2018Q2,,S08000031,,S12000018,,All Inpatients,d,1,,2342,9624,4.10930828351836,,1439,9768,6.78804725503822,
2018Q3,,S08000031,,S12000018,,All Inpatients,d,1,,2456,9776,3.98045602605863,,1497,9489,6.33867735470942,
2018Q4,,S08000031,,S12000018,,All Inpatients,d,1,,2505,10381,4.14411177644711,,1486,9764,6.57065948855989,
2019Q1,,S08000031,,S12000018,,All Inpatients,d,1,,2499,11277,4.51260504201681,,1523,11319,7.43204202232436,
2019Q2,,S08000031,,S12000018,,All Inpatients,d,1,,2406,11238,4.67082294264339,,1467,11039,7.52488070892979,
2019Q3,,S08000031,,S12000018,,All Inpatients,d,1,,2452,9901,4.03792822185971,,1515,9697,6.4006600660066,
2019Q4,,S08000031,,S12000018,,All Inpatients,d,1,,2616,10955,4.18769113149847,,1504,10692,7.10904255319149,
2020Q1,,S08000031,,S12000018,,All Inpatients,d,1,,2426,10813,4.45713107996702,,1375,10870,7.90545454545455,
2020Q2,,S08000031,,S12000018,,All Inpatients,d,1,,1773,8090,4.5628877608573,,950,8029,8.45157894736842,
2020Q3,,S08000031,,S12000018,,All Inpatients,d,1,,2192,9436,4.30474452554745,,1182,9320,7.88494077834179,
2020Q4,,S08000031,,S12000018,,All Inpatients,d,1,,2084,9460,4.53934740882917,,1170,9238,7.8957264957265,
2021Q1,,S08000031,,S12000018,,All Inpatients,d,1,,2030,9428,4.64433497536946,,1142,9691,8.48598949211909,
2021Q2,,S08000031,,S12000018,,All Inpatients,d,1,,2342,10173,4.34372331340734,,1380,10338,7.49130434782609,
2021Q3,,S08000031,,S12000018,,All Inpatients,d,1,,2201,10262,4.66242616992276,,1256,9574,7.62261146496815,
2021Q4,,S08000031,,S12000018,,All Inpatients,d,1,,2227,10695,4.80242478670858,,1253,10792,8.61292897047087,
2022Q1,,S08000031,,S12000018,,All Inpatients,d,1,,2030,9306,4.58423645320197,,1118,8867,7.93112701252236,
2022Q2,,S08000031,,S12000018,,All Inpatients,d,1,,2086,10483,5.02540747842761,,1085,10160,9.36405529953917,
2022Q3,,S08000031,,S12000018,,All Inpatients,d,1,,2043,11053,5.41018110621635,,1175,12635,10.7531914893617,
2022Q4,p,S08000031,,S12000018,,All Inpatients,d,1,,2119,10980,5.181689476168,,1208,11550,9.5612582781457,
2017Q4,,S08000031,,S12000018,,All Inpatients,d,2,,607,2186,3.60131795716639,,361,2312,6.40443213296399,
2018Q1,,S08000031,,S12000018,,All Inpatients,d,2,,623,2456,3.9422150882825,,367,2430,6.62125340599455,
2018Q2,,S08000031,,S12000018,,All Inpatients,d,2,,618,2280,3.68932038834951,,379,2380,6.27968337730871,
2018Q3,,S08000031,,S12000018,,All Inpatients,d,2,,565,2202,3.89734513274336,,336,2082,6.19642857142857,
2018Q4,,S08000031,,S12000018,,All Inpatients,d,2,,552,2139,3.875,,337,2403,7.13056379821958,
2019Q1,,S08000031,,S12000018,,All Inpatients,d,2,,598,2228,3.7257525083612,,372,2217,5.95967741935484,
2019Q2,,S08000031,,S12000018,,All Inpatients,d,2,,581,2542,4.37521514629948,,351,2497,7.11396011396011,
2019Q3,,S08000031,,S12000018,,All Inpatients,d,2,,588,2084,3.54421768707483,,356,2177,6.11516853932584,
2019Q4,,S08000031,,S12000018,,All Inpatients,d,2,,659,2832,4.29742033383915,,361,2693,7.45983379501385,
2020Q1,,S08000031,,S12000018,,All Inpatients,d,2,,623,2951,4.73675762439807,,339,3024,8.92035398230088,
2020Q2,,S08000031,,S12000018,,All Inpatients,d,2,,414,1605,3.8768115942029,,217,1677,7.72811059907834,
2020Q3,,S08000031,,S12000018,,All Inpatients,d,2,,494,1970,3.98785425101215,,285,2044,7.1719298245614,
2020Q4,,S08000031,,S12000018,,All Inpatients,d,2,,458,1774,3.87336244541485,,273,1822,6.67399267399267,
2021Q1,,S08000031,,S12000018,,All Inpatients,d,2,,405,1653,4.08148148148148,,233,1519,6.51931330472103,
2021Q2,,S08000031,,S12000018,,All Inpatients,d,2,,490,2379,4.85510204081633,,306,2229,7.2843137254902,
2021Q3,,S08000031,,S12000018,,All Inpatients,d,2,,500,2088,4.176,,277,2111,7.62093862815884,
2021Q4,,S08000031,,S12000018,,All Inpatients,d,2,,564,2426,4.30141843971631,,306,2481,8.1078431372549,
2022Q1,,S08000031,,S12000018,,All Inpatients,d,2,,573,2838,4.95287958115183,,294,2864,9.74149659863946,
2022Q2,,S08000031,,S12000018,,All Inpatients,d,2,,499,2910,5.83166332665331,,281,2691,9.57651245551601,
2022Q3,,S08000031,,S12000018,,All Inpatients,d,2,,523,3143,6.00956022944551,,308,2862,9.29220779220779,
2022Q4,p,S08000031,,S12000018,,All Inpatients,d,2,,491,2271,4.62525458248473,,282,2384,8.45390070921986,
2017Q4,,S08000031,,S12000018,,All Inpatients,d,3,,656,2935,4.47408536585366,,383,2885,7.53263707571802,
2018Q1,,S08000031,,S12000018,,All Inpatients,d,3,,676,3087,4.56656804733728,,399,2927,7.33583959899749,
2018Q2,,S08000031,,S12000018,,All Inpatients,d,3,,716,3157,4.40921787709497,,440,2949,6.70227272727273,
2018Q3,,S08000031,,S12000018,,All Inpatients,d,3,,597,2630,4.40536013400335,,350,2486,7.10285714285714,
2018Q4,,S08000031,,S12000018,,All Inpatients,d,3,,608,2692,4.42763157894737,,354,2539,7.17231638418079,
2019Q1,,S08000031,,S12000018,,All Inpatients,d,3,,601,2972,4.9450915141431,,372,2902,7.8010752688172,
2019Q2,,S08000031,,S12000018,,All Inpatients,d,3,,590,2798,4.74237288135593,,359,2693,7.50139275766017,
2019Q3,,S08000031,,S12000018,,All Inpatients,d,3,,593,2802,4.72512647554806,,353,2894,8.19830028328612,
2019Q4,,S08000031,,S12000018,,All Inpatients,d,3,,692,2832,4.09248554913295,,392,2757,7.03316326530612,
2020Q1,,S08000031,,S12000018,,All Inpatients,d,3,,761,3850,5.05913272010512,,401,3749,9.34912718204489,
2020Q2,,S08000031,,S12000018,,All Inpatients,d,3,,457,2031,4.44420131291028,,233,2174,9.33047210300429,
2020Q3,,S08000031,,S12000018,,All Inpatients,d,3,,588,2168,3.6870748299319702,,297,2086,7.02356902356902,
2020Q4,,S08000031,,S12000018,,All Inpatients,d,3,,562,2230,3.96797153024911,,281,2071,7.37010676156584,
2021Q1,,S08000031,,S12000018,,All Inpatients,d,3,,470,2849,6.06170212765957,,260,2642,10.1615384615385,
2021Q2,,S08000031,,S12000018,,All Inpatients,d,3,,496,2106,4.24596774193548,,303,2455,8.1023102310231,
2021Q3,,S08000031,,S12000018,,All Inpatients,d,3,,527,2608,4.94876660341556,,311,2520,8.10289389067524,
2021Q4,,S08000031,,S12000018,,All Inpatients,d,3,,573,3005,5.24432809773124,,308,2834,9.2012987012987,
2022Q1,,S08000031,,S12000018,,All Inpatients,d,3,,521,3093,5.93666026871401,,261,3088,11.8314176245211,
2022Q2,,S08000031,,S12000018,,All Inpatients,d,3,,519,2937,5.65895953757225,,270,2891,10.7074074074074,
2022Q3,,S08000031,,S12000018,,All Inpatients,d,3,,477,2780,5.82809224318658,,274,2899,10.5802919708029,
2022Q4,p,S08000031,,S12000018,,All Inpatients,d,3,,611,3286,5.37806873977087,,298,3151,10.5738255033557,
2017Q4,,S08000031,,S12000018,,All Inpatients,d,4,,573,2240,3.90924956369983,,347,2316,6.67435158501441,
2018Q1,,S08000031,,S12000018,,All Inpatients,d,4,,601,2397,3.98835274542429,,349,2245,6.43266475644699,
2018Q2,,S08000031,,S12000018,,All Inpatients,d,4,,632,2487,3.93512658227848,,370,2349,6.34864864864865,
2018Q3,,S08000031,,S12000018,,All Inpatients,d,4,,525,2412,4.59428571428571,,310,2373,7.65483870967742,
2018Q4,,S08000031,,S12000018,,All Inpatients,d,4,,483,2483,5.1407867494824,,316,2748,8.69620253164557,
2019Q1,,S08000031,,S12000018,,All Inpatients,d,4,,502,1978,3.9402390438247,,286,1883,6.58391608391608,
2019Q2,,S08000031,,S12000018,,All Inpatients,d,4,,481,2183,4.53846153846154,,297,2177,7.32996632996633,
2019Q3,,S08000031,,S12000018,,All Inpatients,d,4,,482,2176,4.51452282157676,,320,2232,6.975,
2019Q4,,S08000031,,S12000018,,All Inpatients,d,4,,519,1818,3.5028901734104,,311,1804,5.80064308681672,
2020Q1,,S08000031,,S12000018,,All Inpatients,d,4,,504,2187,4.33928571428571,,293,2146,7.32423208191126,
2020Q2,,S08000031,,S12000018,,All Inpatients,d,4,,398,1714,4.30653266331658,,192,1594,8.30208333333333,
2020Q3,,S08000031,,S12000018,,All Inpatients,d,4,,529,2269,4.28922495274102,,274,2461,8.98175182481752,
2020Q4,,S08000031,,S12000018,,All Inpatients,d,4,,401,1646,4.10473815461347,,223,1568,7.03139013452915,
2021Q1,,S08000031,,S12000018,,All Inpatients,d,4,,377,2086,5.53315649867374,,212,1620,7.64150943396226,
2021Q2,,S08000031,,S12000018,,All Inpatients,d,4,,517,2355,4.55512572533849,,288,2647,9.19097222222222,
2021Q3,,S08000031,,S12000018,,All Inpatients,d,4,,480,2447,5.09791666666667,,263,2358,8.96577946768061,
2021Q4,,S08000031,,S12000018,,All Inpatients,d,4,,520,2835,5.45192307692308,,258,2602,10.0852713178295,
2022Q1,,S08000031,,S12000018,,All Inpatients,d,4,,468,2649,5.66025641025641,,237,2882,12.1603375527426,
2022Q2,,S08000031,,S12000018,,All Inpatients,d,4,,419,2441,5.82577565632458,,233,2400,10.3004291845494,
2022Q3,,S08000031,,S12000018,,All Inpatients,d,4,,449,2448,5.45211581291759,,257,2477,9.63813229571984,
2022Q4,p,S08000031,,S12000018,,All Inpatients,d,4,,512,2899,5.662109375,,258,3017,11.6937984496124,
2017Q4,,S08000031,,S12000018,,All Inpatients,d,5,,561,2244,4,,352,2225,6.32102272727273,
2018Q1,,S08000031,,S12000018,,All Inpatients,d,5,,479,1863,3.88935281837161,,293,1848,6.30716723549488,
2018Q2,,S08000031,,S12000018,,All Inpatients,d,5,,524,2425,4.62786259541985,,322,2457,7.6304347826087,
2018Q3,,S08000031,,S12000018,,All Inpatients,d,5,,487,1843,3.78439425051335,,304,1727,5.68092105263158,
2018Q4,,S08000031,,S12000018,,All Inpatients,d,5,,534,2105,3.94194756554307,,325,2048,6.30153846153846,
2019Q1,,S08000031,,S12000018,,All Inpatients,d,5,,517,2596,5.02127659574468,,335,2591,7.73432835820896,
2019Q2,,S08000031,,S12000018,,All Inpatients,d,5,,508,2126,4.18503937007874,,323,2057,6.36842105263158,
2019Q3,,S08000031,,S12000018,,All Inpatients,d,5,,608,2629,4.32401315789474,,343,2590,7.55102040816327,
2019Q4,,S08000031,,S12000018,,All Inpatients,d,5,,613,2646,4.31647634584013,,354,2590,7.31638418079096,
2020Q1,,S08000031,,S12000018,,All Inpatients,d,5,,526,2361,4.48859315589354,,290,2514,8.66896551724138,
2020Q2,,S08000031,,S12000018,,All Inpatients,d,5,,374,1532,4.09625668449198,,205,1519,7.40975609756098,
2020Q3,,S08000031,,S12000018,,All Inpatients,d,5,,466,1740,3.73390557939914,,250,1594,6.376,
2020Q4,,S08000031,,S12000018,,All Inpatients,d,5,,458,1766,3.85589519650655,,285,1829,6.41754385964912,
2021Q1,,S08000031,,S12000018,,All Inpatients,d,5,,395,1577,3.99240506329114,,212,1431,6.75,
2021Q2,,S08000031,,S12000018,,All Inpatients,d,5,,465,1952,4.19784946236559,,287,2084,7.26132404181185,
2021Q3,,S08000031,,S12000018,,All Inpatients,d,5,,479,2023,4.22338204592902,,273,2086,7.64102564102564,
2021Q4,,S08000031,,S12000018,,All Inpatients,d,5,,443,2005,4.52595936794582,,258,1895,7.34496124031008,
2022Q1,,S08000031,,S12000018,,All Inpatients,d,5,,467,2306,4.93790149892934,,260,2327,8.95,
2022Q2,,S08000031,,S12000018,,All Inpatients,d,5,,471,2645,5.61571125265393,,270,2600,9.62962962962963,
2022Q3,,S08000031,,S12000018,,All Inpatients,d,5,,483,2351,4.86749482401656,,283,2492,8.80565371024735,
2022Q4,p,S08000031,,S12000018,,All Inpatients,d,5,,545,2567,4.71009174311927,,306,2507,8.19281045751634,
2022Q3,,S08000031,,S12000018,,All Inpatients,d,,:,10,35,3.5,,5,36,7.2,
2022Q4,p,S08000031,,S12000018,,All Inpatients,d,,:,5,15,3,,5,13,2.6,
2017Q4,,S08000031,,S08000031,d,All Inpatients,d,1,,30729,118393,3.85281004913925,,16412,115631,7.04551547648062,
2018Q1,,S08000031,,S08000031,d,All Inpatients,d,1,,30290,120822,3.98884120171674,,16140,123391,7.64504337050805,
2018Q2,,S08000031,,S08000031,d,All Inpatients,d,1,,30471,116984,3.83919136227889,,16581,119051,7.17996502020385,
2018Q3,,S08000031,,S08000031,d,All Inpatients,d,1,,30058,111137,3.69741832457249,,16458,109804,6.67177056750517,
2018Q4,,S08000031,,S08000031,d,All Inpatients,d,1,,30607,112563,3.67768811056294,,16144,111318,6.8953171456888,
2019Q1,,S08000031,,S08000031,d,All Inpatients,d,1,,30927,116327,3.76134122287968,,16391,114702,6.99786468183759,
2019Q2,,S08000031,,S08000031,d,All Inpatients,d,1,,31082,116346,3.74319541857023,,16567,115980,7.00066397054385,
2019Q3,,S08000031,,S08000031,d,All Inpatients,d,1,,31406,111569,3.55247404954467,,16557,110839,6.69438908014737,
2019Q4,,S08000031,,S08000031,d,All Inpatients,d,1,,32183,118900,3.69449709473946,,16784,116820,6.96020019065777,
2020Q1,,S08000031,,S08000031,d,All Inpatients,d,1,,30095,115369,3.83349393586975,,15346,114459,7.4585559754985,
2020Q2,,S08000031,,S08000031,d,All Inpatients,d,1,,24071,83846,3.48327863404096,,11395,82458,7.23633172444054,
2020Q3,,S08000031,,S08000031,d,All Inpatients,d,1,,28898,101516,3.51290746764482,,14124,99028,7.0113282356273,
2020Q4,,S08000031,,S08000031,d,All Inpatients,d,1,,29215,110187,3.77158993667636,,14032,109443,7.79952964652223,
2021Q1,,S08000031,,S08000031,d,All Inpatients,d,1,,28072,103203,3.67636791108578,,13210,104265,7.89288417865254,
2021Q2,,S08000031,,S08000031,d,All Inpatients,d,1,,30867,108778,3.52408721288107,,15461,108357,7.00840825302374,
2021Q3,,S08000031,,S08000031,d,All Inpatients,d,1,,29270,111936,3.82425691834643,,14309,110090,7.69375917254875,
2021Q4,,S08000031,,S08000031,d,All Inpatients,d,1,,28097,115695,4.1176993985123,,13669,114029,8.34216109444729,
2022Q1,,S08000031,,S08000031,d,All Inpatients,d,1,,26954,112293,4.16609779624546,,12746,109013,8.55272242272085,
2022Q2,,S08000031,,S08000031,d,All Inpatients,d,1,,27369,114131,4.17008294055318,,13091,116015,8.86219540142082,
2022Q3,,S08000031,,S08000031,d,All Inpatients,d,1,,28093,118170,4.20638593243869,,13545,120782,8.91709117755629,
2022Q4,p,S08000031,,S08000031,d,All Inpatients,d,1,,27751,117026,4.21700118914634,,13520,118803,8.78720414201183,
2017Q4,,S08000031,,S08000031,d,All Inpatients,d,2,,13388,54845,4.09657902599343,,7193,52254,7.2645627693591,
2018Q1,,S08000031,,S08000031,d,All Inpatients,d,2,,13596,55333,4.06979994115916,,7139,53525,7.49754867628519,
2018Q2,,S08000031,,S08000031,d,All Inpatients,d,2,,13576,52988,3.90306423099587,,7382,53709,7.27567054998645,
2018Q3,,S08000031,,S08000031,d,All Inpatients,d,2,,13282,51973,3.91304020478844,,7091,49929,7.04117895924411,
2018Q4,,S08000031,,S08000031,d,All Inpatients,d,2,,13839,53907,3.89529590288316,,7178,53990,7.52159375870716,
2019Q1,,S08000031,,S08000031,d,All Inpatients,d,2,,13428,51765,3.85500446827525,,7217,51939,7.19675765553554,
2019Q2,,S08000031,,S08000031,d,All Inpatients,d,2,,13629,51686,3.79235453811725,,7275,50422,6.93085910652921,
2019Q3,,S08000031,,S08000031,d,All Inpatients,d,2,,13426,48977,3.64792194249963,,7126,52019,7.29988773505473,
2019Q4,,S08000031,,S08000031,d,All Inpatients,d,2,,14160,51505,3.63735875706215,,7296,50594,6.93448464912281,
2020Q1,,S08000031,,S08000031,d,All Inpatients,d,2,,13436,54014,4.02009526644835,,6788,55771,8.21611667648792,
2020Q2,,S08000031,,S08000031,d,All Inpatients,d,2,,10165,34127,3.35730447614363,,4720,34336,7.27457627118644,
2020Q3,,S08000031,,S08000031,d,All Inpatients,d,2,,12515,44201,3.53184178985218,,6021,43380,7.20478325859492,
2020Q4,,S08000031,,S08000031,d,All Inpatients,d,2,,12926,46530,3.59972149156738,,6096,45378,7.44389763779528,
2021Q1,,S08000031,,S08000031,d,All Inpatients,d,2,,12639,48034,3.80045889706464,,5735,48163,8.39808195292066,
2021Q2,,S08000031,,S08000031,d,All Inpatients,d,2,,14229,50627,3.55801532082367,,6811,49671,7.29276170900015,
2021Q3,,S08000031,,S08000031,d,All Inpatients,d,2,,12949,48451,3.7416788941231,,6265,48255,7.7023144453312,
2021Q4,,S08000031,,S08000031,d,All Inpatients,d,2,,13132,53442,4.06960097471825,,6113,52568,8.59937837395714,
2022Q1,,S08000031,,S08000031,d,All Inpatients,d,2,,12269,50527,4.11826554731437,,5632,50990,9.05362215909091,
2022Q2,,S08000031,,S08000031,d,All Inpatients,d,2,,12967,53573,4.13148762242616,,5880,52456,8.92108843537415,
2022Q3,,S08000031,,S08000031,d,All Inpatients,d,2,,13249,55232,4.16876745414748,,6177,55703,9.01780799740975,
2022Q4,p,S08000031,,S08000031,d,All Inpatients,d,2,,13101,54684,4.17403251660179,,6066,56384,9.29508737223871,
2017Q4,,S08000031,,S08000031,d,All Inpatients,d,3,,8458,33329,3.94052967604635,,4566,32331,7.080814717477,
2018Q1,,S08000031,,S08000031,d,All Inpatients,d,3,,8185,31860,3.89248625534514,,4361,31598,7.24558587479936,
2018Q2,,S08000031,,S08000031,d,All Inpatients,d,3,,8122,32611,4.01514405318887,,4416,31680,7.17391304347826,
2018Q3,,S08000031,,S08000031,d,All Inpatients,d,3,,7879,31092,3.94618606422135,,4284,30858,7.203081232493,
2018Q4,,S08000031,,S08000031,d,All Inpatients,d,3,,8029,29782,3.7093037738199,,4380,29965,6.84132420091324,
2019Q1,,S08000031,,S08000031,d,All Inpatients,d,3,,8029,30235,3.76572424959522,,4410,30074,6.81950113378685,
2019Q2,,S08000031,,S08000031,d,All Inpatients,d,3,,8285,32747,3.95256487628244,,4500,31548,7.01066666666667,
2019Q3,,S08000031,,S08000031,d,All Inpatients,d,3,,8515,30070,3.53141514973576,,4504,30978,6.87788632326821,
2019Q4,,S08000031,,S08000031,d,All Inpatients,d,3,,8877,32945,3.71127633209418,,4575,32845,7.1792349726776,
2020Q1,,S08000031,,S08000031,d,All Inpatients,d,3,,8371,34758,4.15219209174531,,4306,34968,8.12076172782164,
2020Q2,,S08000031,,S08000031,d,All Inpatients,d,3,,6291,23307,3.70481640438722,,2914,23151,7.94474948524365,
2020Q3,,S08000031,,S08000031,d,All Inpatients,d,3,,7549,26152,3.46429990727249,,3663,25097,6.85148785148785,
2020Q4,,S08000031,,S08000031,d,All Inpatients,d,3,,7788,29959,3.84681561376477,,3749,29307,7.81728460922913,
2021Q1,,S08000031,,S08000031,d,All Inpatients,d,3,,7816,31434,4.02175025588536,,3638,31001,8.52144035184167,
2021Q2,,S08000031,,S08000031,d,All Inpatients,d,3,,8421,29726,3.52998456240352,,4179,30113,7.20579085905719,
2021Q3,,S08000031,,S08000031,d,All Inpatients,d,3,,7928,30982,3.90792129162462,,3842,30253,7.87428422696512,
2021Q4,,S08000031,,S08000031,d,All Inpatients,d,3,,7724,32063,4.15108751941999,,3686,32925,8.93244709712425,
2022Q1,,S08000031,,S08000031,d,All Inpatients,d,3,,7489,32322,4.31593003071171,,3558,31974,8.98650927487352,
2022Q2,,S08000031,,S08000031,d,All Inpatients,d,3,,7857,32560,4.14407534682449,,3711,31876,8.58959849097278,
2022Q3,,S08000031,,S08000031,d,All Inpatients,d,3,,7825,31973,4.08600638977636,,3823,32290,8.44624640334816,
2022Q4,p,S08000031,,S08000031,d,All Inpatients,d,3,,7588,31891,4.20282024248814,,3725,32019,8.59570469798658,
2017Q4,,S08000031,,S08000031,d,All Inpatients,d,4,,7675,29377,3.82762214983713,,4212,29143,6.9190408357075,
2018Q1,,S08000031,,S08000031,d,All Inpatients,d,4,,7554,29503,3.90561292030712,,4080,28981,7.1031862745098,
2018Q2,,S08000031,,S08000031,d,All Inpatients,d,4,,7618,28200,3.70175899186138,,4226,28342,6.70657832465689,
2018Q3,,S08000031,,S08000031,d,All Inpatients,d,4,,7304,28297,3.87417853231106,,4059,27636,6.80857354028086,
2018Q4,,S08000031,,S08000031,d,All Inpatients,d,4,,7352,28900,3.93090315560392,,4029,29336,7.28121121866468,
2019Q1,,S08000031,,S08000031,d,All Inpatients,d,4,,7439,28166,3.78626159430031,,4001,26920,6.72831792051987,
2019Q2,,S08000031,,S08000031,d,All Inpatients,d,4,,7468,26821,3.59145688269952,,4131,27688,6.70249334301622,
2019Q3,,S08000031,,S08000031,d,All Inpatients,d,4,,7670,28238,3.68161668839635,,4150,28016,6.75084337349398,
2019Q4,,S08000031,,S08000031,d,All Inpatients,d,4,,7843,28555,3.64082621445875,,4080,27766,6.80539215686275,
2020Q1,,S08000031,,S08000031,d,All Inpatients,d,4,,7496,29970,3.99813233724653,,3888,29121,7.48996913580247,
2020Q2,,S08000031,,S08000031,d,All Inpatients,d,4,,5874,21695,3.69339462036091,,2684,21970,8.18554396423249,
2020Q3,,S08000031,,S08000031,d,All Inpatients,d,4,,6965,25107,3.60473797559225,,3376,25180,7.4585308056872,
2020Q4,,S08000031,,S08000031,d,All Inpatients,d,4,,6996,24411,3.48927958833619,,3370,24989,7.41513353115727,
2021Q1,,S08000031,,S08000031,d,All Inpatients,d,4,,6826,24654,3.61177849399355,,3258,23887,7.33179864947821,
2021Q2,,S08000031,,S08000031,d,All Inpatients,d,4,,7559,26751,3.53896017991798,,3797,26929,7.09217803529102,
2021Q3,,S08000031,,S08000031,d,All Inpatients,d,4,,7378,28800,3.90349688262402,,3603,28307,7.85650846516792,
2021Q4,,S08000031,,S08000031,d,All Inpatients,d,4,,7439,30247,4.06600349509343,,3545,29764,8.39605077574048,
2022Q1,,S08000031,,S08000031,d,All Inpatients,d,4,,7203,28883,4.0098570040261,,3393,27992,8.24992631889184,
2022Q2,,S08000031,,S08000031,d,All Inpatients,d,4,,7385,29686,4.01976980365606,,3507,30554,8.71228970630168,
2022Q3,,S08000031,,S08000031,d,All Inpatients,d,4,,7599,30887,4.06461376496908,,3637,30738,8.4514709925763,
2022Q4,p,S08000031,,S08000031,d,All Inpatients,d,4,,7487,30452,4.06731668224923,,3654,30554,8.36179529282978,
2017Q4,,S08000031,,S08000031,d,All Inpatients,d,5,,9831,35797,3.64123690367206,,5339,34932,6.54279827683087,
2018Q1,,S08000031,,S08000031,d,All Inpatients,d,5,,9460,36394,3.84714587737844,,5148,35853,6.96445221445221,
2018Q2,,S08000031,,S08000031,d,All Inpatients,d,5,,9625,35627,3.70150649350649,,5182,36062,6.9590891547665,
2018Q3,,S08000031,,S08000031,d,All Inpatients,d,5,,9298,35486,3.81651968165197,,5042,35044,6.95041650138834,
2018Q4,,S08000031,,S08000031,d,All Inpatients,d,5,,9924,35852,3.61265618702136,,5195,36133,6.9553416746872,
2019Q1,,S08000031,,S08000031,d,All Inpatients,d,5,,9710,37075,3.81822863027806,,5237,37360,7.13385526064541,
2019Q2,,S08000031,,S08000031,d,All Inpatients,d,5,,9894,36229,3.66171417020416,,5207,35513,6.82024198194738,
2019Q3,,S08000031,,S08000031,d,All Inpatients,d,5,,9844,36145,3.67177976432345,,5256,36464,6.93759512937595,
2019Q4,,S08000031,,S08000031,d,All Inpatients,d,5,,10160,38675,3.80659448818898,,5220,37246,7.13524904214559,
2020Q1,,S08000031,,S08000031,d,All Inpatients,d,5,,9654,35882,3.71680132587528,,5028,36554,7.27008750994431,
2020Q2,,S08000031,,S08000031,d,All Inpatients,d,5,,7210,24651,3.41900138696255,,3304,24905,7.53783292978208,
2020Q3,,S08000031,,S08000031,d,All Inpatients,d,5,,9398,31781,3.38167695254309,,4417,30868,6.98845370160743,
2020Q4,,S08000031,,S08000031,d,All Inpatients,d,5,,9132,32412,3.54927726675427,,4377,32210,7.35892163582362,
2021Q1,,S08000031,,S08000031,d,All Inpatients,d,5,,9276,33659,3.62861147046141,,4232,33220,7.84971644612476,
2021Q2,,S08000031,,S08000031,d,All Inpatients,d,5,,10063,34685,3.44678525290669,,4841,34994,7.22867176203264,
2021Q3,,S08000031,,S08000031,d,All Inpatients,d,5,,9635,35829,3.71862999481059,,4618,36092,7.81550454742313,
2021Q4,,S08000031,,S08000031,d,All Inpatients,d,5,,9416,35472,3.76720475785896,,4489,35233,7.84874136778793,
2022Q1,,S08000031,,S08000031,d,All Inpatients,d,5,,9628,37797,3.92573743248857,,4379,36941,8.43594427951587,
2022Q2,,S08000031,,S08000031,d,All Inpatients,d,5,,9717,39233,4.03756303385819,,4470,39684,8.87785234899329,
2022Q3,,S08000031,,S08000031,d,All Inpatients,d,5,,9920,38376,3.86854838709677,,4592,37518,8.17029616724739,
2022Q4,p,S08000031,,S08000031,d,All Inpatients,d,5,,9800,39869,4.06826530612245,,4703,41499,8.8239421645758,
2022Q3,,S08000031,,S08000031,d,All Inpatients,d,,:,18,60,3.33333333333333,,5,61,12.2,
2022Q4,p,S08000031,,S08000031,d,All Inpatients,d,,:,14,30,2.14285714285714,,10,30,3,
2017Q4,,S08000031,,S12000038,,All Inpatients,d,1,,2836,11567,4.07863187588152,,1688,11584,6.86255924170616,
2018Q1,,S08000031,,S12000038,,All Inpatients,d,1,,2719,11725,4.31224714968739,,1662,11562,6.95667870036101,
2018Q2,,S08000031,,S12000038,,All Inpatients,d,1,,2741,12353,4.50674936154688,,1692,12735,7.52659574468085,
2018Q3,,S08000031,,S12000038,,All Inpatients,d,1,,2720,11029,4.05477941176471,,1689,10626,6.29129662522203,
2018Q4,,S08000031,,S12000038,,All Inpatients,d,1,,2558,10207,3.99022673964034,,1572,10555,6.71437659033079,
2019Q1,,S08000031,,S12000038,,All Inpatients,d,1,,2739,10961,4.0018254837532,,1603,10536,6.57267623206488,
2019Q2,,S08000031,,S12000038,,All Inpatients,d,1,,2732,10786,3.94802342606149,,1751,11009,6.2872644203312396,
2019Q3,,S08000031,,S12000038,,All Inpatients,d,1,,2836,10946,3.85966149506347,,1737,11347,6.53252734599885,
2019Q4,,S08000031,,S12000038,,All Inpatients,d,1,,3247,11629,3.58145980905451,,1787,11441,6.4023503077784,
2020Q1,,S08000031,,S12000038,,All Inpatients,d,1,,2967,11586,3.90495449949444,,1613,11944,7.40483570985741,
2020Q2,,S08000031,,S12000038,,All Inpatients,d,1,,2061,7745,3.75788452207666,,1091,7541,6.91200733272227,
2020Q3,,S08000031,,S12000038,,All Inpatients,d,1,,2527,9314,3.68579343094579,,1364,9403,6.89369501466276,
2020Q4,,S08000031,,S12000038,,All Inpatients,d,1,,2597,10601,4.08201771274548,,1346,9939,7.38410104011887,
2021Q1,,S08000031,,S12000038,,All Inpatients,d,1,,2500,9623,3.8492,,1297,10064,7.75944487278335,
2021Q2,,S08000031,,S12000038,,All Inpatients,d,1,,2995,10470,3.49582637729549,,1562,10583,6.7752880921895,
2021Q3,,S08000031,,S12000038,,All Inpatients,d,1,,2704,10428,3.85650887573965,,1434,10471,7.30195258019526,
2021Q4,,S08000031,,S12000038,,All Inpatients,d,1,,2569,10516,4.0934215648112096,,1258,10045,7.98489666136725,
2022Q1,,S08000031,,S12000038,,All Inpatients,d,1,,2560,11002,4.29765625,,1239,11358,9.16707021791768,
2022Q2,,S08000031,,S12000038,,All Inpatients,d,1,,2540,10186,4.01023622047244,,1277,10689,8.37039937353171,
2022Q3,,S08000031,,S12000038,,All Inpatients,d,1,,2734,11372,4.15947329919532,,1298,10911,8.4060092449923,
2022Q4,p,S08000031,,S12000038,,All Inpatients,d,1,,2877,11331,3.93847758081335,,1340,11079,8.26791044776119,
2017Q4,,S08000031,,S12000038,,All Inpatients,d,2,,2541,10019,3.94293585202676,,1519,9976,6.56747860434496,
2018Q1,,S08000031,,S12000038,,All Inpatients,d,2,,2370,10878,4.58987341772152,,1429,10513,7.35689293212036,
2018Q2,,S08000031,,S12000038,,All Inpatients,d,2,,2377,10628,4.47118216238957,,1427,10317,7.22985283812193,
2018Q3,,S08000031,,S12000038,,All Inpatients,d,2,,2375,10830,4.56,,1402,10450,7.45363766048502,
2018Q4,,S08000031,,S12000038,,All Inpatients,d,2,,2533,10616,4.19107777339124,,1488,10788,7.25,
2019Q1,,S08000031,,S12000038,,All Inpatients,d,2,,2337,10167,4.35044929396662,,1450,10323,7.11931034482759,
2019Q2,,S08000031,,S12000038,,All Inpatients,d,2,,2334,9177,3.9318766066838,,1441,9103,6.31714087439278,
2019Q3,,S08000031,,S12000038,,All Inpatients,d,2,,2260,8791,3.88982300884956,,1408,8951,6.35724431818182,
2019Q4,,S08000031,,S12000038,,All Inpatients,d,2,,2610,9131,3.49846743295019,,1431,9086,6.34940600978337,
2020Q1,,S08000031,,S12000038,,All Inpatients,d,2,,2630,9964,3.78859315589354,,1386,9856,7.11111111111111,
2020Q2,,S08000031,,S12000038,,All Inpatients,d,2,,1621,6608,4.07649599012955,,839,6589,7.8533969010727,
2020Q3,,S08000031,,S12000038,,All Inpatients,d,2,,2191,8400,3.83386581469649,,1135,7960,7.01321585903084,
2020Q4,,S08000031,,S12000038,,All Inpatients,d,2,,2273,8764,3.85569731632204,,1147,8754,7.63208369659983,
2021Q1,,S08000031,,S12000038,,All Inpatients,d,2,,2193,8730,3.98084815321477,,1083,8251,7.61865189289012,
2021Q2,,S08000031,,S12000038,,All Inpatients,d,2,,2459,8672,3.52663684424563,,1280,8533,6.66640625,
2021Q3,,S08000031,,S12000038,,All Inpatients,d,2,,2337,9097,3.8925973470261,,1238,8683,7.01373182552504,
2021Q4,,S08000031,,S12000038,,All Inpatients,d,2,,2270,9905,4.36343612334802,,1172,9919,8.46331058020478,
2022Q1,,S08000031,,S12000038,,All Inpatients,d,2,,1975,8459,4.28303797468354,,991,8936,9.01715438950555,
2022Q2,,S08000031,,S12000038,,All Inpatients,d,2,,2252,8771,3.89476021314387,,1033,8432,8.16263310745402,
2022Q3,,S08000031,,S12000038,,All Inpatients,d,2,,2317,9705,4.18860595597756,,1133,9482,8.36893203883495,
2022Q4,p,S08000031,,S12000038,,All Inpatients,d,2,,2456,9766,3.97638436482085,,1149,10023,8.72323759791123,
2017Q4,,S08000031,,S12000038,,All Inpatients,d,3,,1590,7360,4.62893081761006,,936,7387,7.89209401709402,
2018Q1,,S08000031,,S12000038,,All Inpatients,d,3,,1534,5908,3.85136897001304,,925,5940,6.42162162162162,
2018Q2,,S08000031,,S12000038,,All Inpatients,d,3,,1509,6788,4.49834327369119,,901,6571,7.29300776914539,
2018Q3,,S08000031,,S12000038,,All Inpatients,d,3,,1533,6413,4.18330071754729,,916,6345,6.92685589519651,
2018Q4,,S08000031,,S12000038,,All Inpatients,d,3,,1507,5731,3.8029197080292,,922,6031,6.5412147505423,
2019Q1,,S08000031,,S12000038,,All Inpatients,d,3,,1464,6057,4.13729508196721,,926,6204,6.69978401727862,
2019Q2,,S08000031,,S12000038,,All Inpatients,d,3,,1563,6185,3.95713371721049,,970,5770,5.94845360824742,
2019Q3,,S08000031,,S12000038,,All Inpatients,d,3,,1697,6504,3.8326458456099,,999,6501,6.50750750750751,
2019Q4,,S08000031,,S12000038,,All Inpatients,d,3,,1905,6940,3.64304461942257,,1043,7042,6.75167785234899,
2020Q1,,S08000031,,S12000038,,All Inpatients,d,3,,1749,6344,3.62721555174385,,946,6188,6.54122621564482,
2020Q2,,S08000031,,S12000038,,All Inpatients,d,3,,1114,4563,4.09605026929982,,586,4584,7.82252559726962,
2020Q3,,S08000031,,S12000038,,All Inpatients,d,3,,1512,6039,3.99404761904762,,778,5792,7.44473007712082,
2020Q4,,S08000031,,S12000038,,All Inpatients,d,3,,1474,5735,3.89077340569878,,776,5813,7.4909793814433,
2021Q1,,S08000031,,S12000038,,All Inpatients,d,3,,1556,6439,4.13817480719794,,754,5892,7.81432360742706,
2021Q2,,S08000031,,S12000038,,All Inpatients,d,3,,1834,6702,3.65430752453653,,947,7061,7.45617740232313,
2021Q3,,S08000031,,S12000038,,All Inpatients,d,3,,1557,6371,4.09184328837508,,817,6089,7.45287637698898,
2021Q4,,S08000031,,S12000038,,All Inpatients,d,3,,1544,6754,4.37435233160622,,751,6824,9.08655126498003,
2022Q1,,S08000031,,S12000038,,All Inpatients,d,3,,1423,6475,4.55024595924104,,691,6797,9.83646888567294,
2022Q2,,S08000031,,S12000038,,All Inpatients,d,3,,1561,6512,4.17168481742473,,735,6563,8.92925170068027,
2022Q3,,S08000031,,S12000038,,All Inpatients,d,3,,1607,6665,4.14747977598009,,801,6643,8.29338327091136,
2022Q4,p,S08000031,,S12000038,,All Inpatients,d,3,,1628,6256,3.84275184275184,,823,6295,7.64884568651276,
2017Q4,,S08000031,,S12000038,,All Inpatients,d,4,,1146,4236,3.69633507853403,,689,4228,6.13642960812772,
2018Q1,,S08000031,,S12000038,,All Inpatients,d,4,,1051,4562,4.34062797335871,,639,4409,6.89984350547731,
2018Q2,,S08000031,,S12000038,,All Inpatients,d,4,,1202,4785,3.98086522462562,,735,4706,6.40272108843537,
2018Q3,,S08000031,,S12000038,,All Inpatients,d,4,,1263,5122,4.05542359461599,,752,5201,6.91622340425532,
2018Q4,,S08000031,,S12000038,,All Inpatients,d,4,,1077,4472,4.15227483751161,,648,4686,7.23148148148148,
2019Q1,,S08000031,,S12000038,,All Inpatients,d,4,,1019,4001,3.92639842983317,,624,3916,6.27564102564103,
2019Q2,,S08000031,,S12000038,,All Inpatients,d,4,,1131,4033,3.5658709106985,,731,4197,5.74145006839945,
2019Q3,,S08000031,,S12000038,,All Inpatients,d,4,,1195,4606,3.85439330543933,,702,4497,6.40598290598291,
2019Q4,,S08000031,,S12000038,,All Inpatients,d,4,,1241,5151,4.15068493150685,,675,4978,7.37481481481481,
2020Q1,,S08000031,,S12000038,,All Inpatients,d,4,,1086,4258,3.92081031307551,,634,4401,6.9416403785489,
2020Q2,,S08000031,,S12000038,,All Inpatients,d,4,,784,2765,3.52678571428571,,418,2865,6.85406698564593,
2020Q3,,S08000031,,S12000038,,All Inpatients,d,4,,946,4150,4.38689217758985,,510,3647,7.15098039215686,
2020Q4,,S08000031,,S12000038,,All Inpatients,d,4,,1033,3743,3.62342691190707,,525,4261,8.11619047619048,
2021Q1,,S08000031,,S12000038,,All Inpatients,d,4,,985,3480,3.53299492385787,,522,3891,7.45402298850575,
2021Q2,,S08000031,,S12000038,,All Inpatients,d,4,,1162,3607,3.10413080895009,,641,3534,5.51326053042122,
2021Q3,,S08000031,,S12000038,,All Inpatients,d,4,,1206,4616,3.82752902155887,,607,4613,7.5996705107084,
2021Q4,,S08000031,,S12000038,,All Inpatients,d,4,,1198,4155,3.46828046744574,,633,4403,6.95576619273302,
2022Q1,,S08000031,,S12000038,,All Inpatients,d,4,,1017,4203,4.13274336283186,,504,3910,7.75793650793651,
2022Q2,,S08000031,,S12000038,,All Inpatients,d,4,,1027,4130,4.02142161635833,,552,4152,7.52173913043478,
2022Q3,,S08000031,,S12000038,,All Inpatients,d,4,,1182,4411,3.73181049069374,,591,4504,7.62098138747885,
2022Q4,p,S08000031,,S12000038,,All Inpatients,d,4,,1226,4023,3.28140293637847,,597,4254,7.12562814070352,
2017Q4,,S08000031,,S12000038,,All Inpatients,d,5,,1392,4765,3.42313218390805,,854,4704,5.50819672131148,
2018Q1,,S08000031,,S12000038,,All Inpatients,d,5,,1372,5324,3.88046647230321,,846,5285,6.24704491725768,
2018Q2,,S08000031,,S12000038,,All Inpatients,d,5,,1308,4589,3.50840978593272,,814,4615,5.66953316953317,
2018Q3,,S08000031,,S12000038,,All Inpatients,d,5,,1264,5117,4.04825949367089,,779,5007,6.42747111681643,
2018Q4,,S08000031,,S12000038,,All Inpatients,d,5,,1403,4946,3.52530292230934,,847,4936,5.82762691853601,
2019Q1,,S08000031,,S12000038,,All Inpatients,d,5,,1340,5033,3.75597014925373,,867,5246,6.05074971164937,
2019Q2,,S08000031,,S12000038,,All Inpatients,d,5,,1391,5189,3.73040977713875,,888,5052,5.68918918918919,
2019Q3,,S08000031,,S12000038,,All Inpatients,d,5,,1381,4823,3.49239681390297,,852,4887,5.73591549295775,
2019Q4,,S08000031,,S12000038,,All Inpatients,d,5,,1602,5510,3.4394506866417,,925,5503,5.94918918918919,
2020Q1,,S08000031,,S12000038,,All Inpatients,d,5,,1482,5021,3.38798920377868,,828,4909,5.92874396135266,
2020Q2,,S08000031,,S12000038,,All Inpatients,d,5,,1059,3565,3.36638338054769,,573,3811,6.65095986038394,
2020Q3,,S08000031,,S12000038,,All Inpatients,d,5,,1365,4675,3.42490842490842,,735,4410,6,
2020Q4,,S08000031,,S12000038,,All Inpatients,d,5,,1384,4861,3.51228323699422,,773,4948,6.40103492884864,
2021Q1,,S08000031,,S12000038,,All Inpatients,d,5,,1364,5242,3.84310850439883,,714,5052,7.07563025210084,
2021Q2,,S08000031,,S12000038,,All Inpatients,d,5,,1500,4918,3.27866666666667,,837,5105,6.09916367980884,
2021Q3,,S08000031,,S12000038,,All Inpatients,d,5,,1541,5193,3.36988968202466,,846,5148,6.08510638297872,
2021Q4,,S08000031,,S12000038,,All Inpatients,d,5,,1478,5170,3.4979702300406,,793,5138,6.47919293820933,
2022Q1,,S08000031,,S12000038,,All Inpatients,d,5,,1414,5381,3.80551626591231,,715,5579,7.8027972027972,
2022Q2,,S08000031,,S12000038,,All Inpatients,d,5,,1457,5868,4.02745367192862,,742,5993,8.07681940700809,
2022Q3,,S08000031,,S12000038,,All Inpatients,d,5,,1509,6032,3.9973492379059,,771,5785,7.50324254215305,
2022Q4,p,S08000031,,S12000038,,All Inpatients,d,5,,1663,6106,3.67167769092002,,849,6210,7.31448763250883,
2017Q4,,S08000031,,S12000039,,All Inpatients,d,1,,2734,9459,3.45976591075347,,1366,9527,6.97437774524158,
2018Q1,,S08000031,,S12000039,,All Inpatients,d,1,,2631,9647,3.66666666666667,,1318,9613,7.29362670713202,
2018Q2,,S08000031,,S12000039,,All Inpatients,d,1,,2795,9941,3.5567084078712,,1421,9998,7.03589021815623,
2018Q3,,S08000031,,S12000039,,All Inpatients,d,1,,2680,8813,3.2884328358209,,1387,8904,6.4196106705119,
2018Q4,,S08000031,,S12000039,,All Inpatients,d,1,,2850,9580,3.36140350877193,,1393,8908,6.39483129935391,
2019Q1,,S08000031,,S12000039,,All Inpatients,d,1,,2770,9622,3.47364620938628,,1430,9599,6.71258741258741,
2019Q2,,S08000031,,S12000039,,All Inpatients,d,1,,2901,9725,3.35229231299552,,1433,9565,6.67480809490579,
2019Q3,,S08000031,,S12000039,,All Inpatients,d,1,,2758,9083,3.29332849891226,,1402,9472,6.75606276747504,
2019Q4,,S08000031,,S12000039,,All Inpatients,d,1,,2945,9920,3.36842105263158,,1403,9962,7.10049893086244,
2020Q1,,S08000031,,S12000039,,All Inpatients,d,1,,2723,9188,3.37421961072347,,1294,9644,7.45285935085008,
2020Q2,,S08000031,,S12000039,,All Inpatients,d,1,,2229,7766,3.48407357559444,,1056,6879,6.51420454545455,
2020Q3,,S08000031,,S12000039,,All Inpatients,d,1,,2545,8781,3.45029469548134,,1155,7686,6.65454545454545,
2020Q4,,S08000031,,S12000039,,All Inpatients,d,1,,2703,8937,3.30632630410655,,1216,9055,7.44654605263158,
2021Q1,,S08000031,,S12000039,,All Inpatients,d,1,,2680,9229,3.44365671641791,,1102,8581,7.78675136116152,
2021Q2,,S08000031,,S12000039,,All Inpatients,d,1,,2872,10056,3.50139275766017,,1327,9946,7.49510173323286,
2021Q3,,S08000031,,S12000039,,All Inpatients,d,1,,2790,9950,3.5663082437276,,1228,10318,8.40228013029316,
2021Q4,,S08000031,,S12000039,,All Inpatients,d,1,,2650,9577,3.61396226415094,,1102,9407,8.53629764065336,
2022Q1,,S08000031,,S12000039,,All Inpatients,d,1,,2678,9162,3.42120985810306,,1097,8994,8.19872379216044,
2022Q2,,S08000031,,S12000039,,All Inpatients,d,1,,2717,10082,3.71071034228929,,1172,10051,8.5759385665529,
2022Q3,,S08000031,,S12000039,,All Inpatients,d,1,,2810,10382,3.69466192170818,,1205,9914,8.22738589211618,
2022Q4,p,S08000031,,S12000039,,All Inpatients,d,1,,2710,9953,3.67269372693727,,1194,10577,8.85845896147404,
2017Q4,,S08000031,,S12000039,,All Inpatients,d,2,,1702,6277,3.68801410105758,,872,6355,7.28784403669725,
2018Q1,,S08000031,,S12000039,,All Inpatients,d,2,,1787,6266,3.50643536653609,,891,6100,6.84624017957351,
2018Q2,,S08000031,,S12000039,,All Inpatients,d,2,,1763,6380,3.61883153715258,,919,6558,7.13601741022851,
2018Q3,,S08000031,,S12000039,,All Inpatients,d,2,,1790,5653,3.15810055865922,,912,5345,5.86074561403509,
2018Q4,,S08000031,,S12000039,,All Inpatients,d,2,,1757,6652,3.78599886169607,,825,6602,8.00242424242424,
2019Q1,,S08000031,,S12000039,,All Inpatients,d,2,,1724,6045,3.50638051044084,,859,6169,7.18160651920838,
2019Q2,,S08000031,,S12000039,,All Inpatients,d,2,,1709,5977,3.49736688121709,,848,5464,6.4433962264151,
2019Q3,,S08000031,,S12000039,,All Inpatients,d,2,,1783,6257,3.50925406618059,,915,6658,7.27650273224044,
2019Q4,,S08000031,,S12000039,,All Inpatients,d,2,,1784,6360,3.56502242152466,,871,6241,7.16532721010333,
2020Q1,,S08000031,,S12000039,,All Inpatients,d,2,,1695,6237,3.67964601769912,,806,6051,7.50744416873449,
2020Q2,,S08000031,,S12000039,,All Inpatients,d,2,,1373,4412,3.21340131099781,,605,4270,7.05785123966942,
2020Q3,,S08000031,,S12000039,,All Inpatients,d,2,,1678,6249,3.72407628128725,,734,5951,8.10762942779292,
2020Q4,,S08000031,,S12000039,,All Inpatients,d,2,,1711,5661,3.30859146697838,,757,5242,6.92470277410832,
2021Q1,,S08000031,,S12000039,,All Inpatients,d,2,,1767,6511,3.68477645727221,,741,6571,8.86774628879892,
2021Q2,,S08000031,,S12000039,,All Inpatients,d,2,,2065,7739,3.74769975786925,,934,8101,8.67344753747323,
2021Q3,,S08000031,,S12000039,,All Inpatients,d,2,,1683,5723,3.40047534165181,,746,6187,8.29356568364611,
2021Q4,,S08000031,,S12000039,,All Inpatients,d,2,,1789,5953,3.32755729457798,,718,5797,8.07381615598886,
2022Q1,,S08000031,,S12000039,,All Inpatients,d,2,,1641,5985,3.64716636197441,,682,5627,8.25073313782991,
2022Q2,,S08000031,,S12000039,,All Inpatients,d,2,,1727,7303,4.22872032426173,,745,7570,10.1610738255034,
2022Q3,,S08000031,,S12000039,,All Inpatients,d,2,,1887,7544,3.99788023317435,,765,7644,9.9921568627451,
2022Q4,p,S08000031,,S12000039,,All Inpatients,d,2,,1713,7188,4.19614711033275,,737,7258,9.84803256445048,
2017Q4,,S08000031,,S12000039,,All Inpatients,d,3,,1010,3242,3.20990099009901,,492,3124,6.34959349593496,
2018Q1,,S08000031,,S12000039,,All Inpatients,d,3,,934,3581,3.83404710920771,,464,3566,7.68534482758621,
2018Q2,,S08000031,,S12000039,,All Inpatients,d,3,,959,3640,3.7956204379562,,500,3374,6.748,
2018Q3,,S08000031,,S12000039,,All Inpatients,d,3,,895,3209,3.5854748603352,,470,3245,6.90425531914894,
2018Q4,,S08000031,,S12000039,,All Inpatients,d,3,,1036,3761,3.63030888030888,,519,3893,7.5009633911368,
2019Q1,,S08000031,,S12000039,,All Inpatients,d,3,,1012,3474,3.43280632411067,,528,3482,6.59469696969697,
2019Q2,,S08000031,,S12000039,,All Inpatients,d,3,,1018,3697,3.63163064833006,,506,3587,7.08893280632411,
2019Q3,,S08000031,,S12000039,,All Inpatients,d,3,,1050,3208,3.0552380952381,,538,3366,6.25650557620818,
2019Q4,,S08000031,,S12000039,,All Inpatients,d,3,,985,3097,3.14416243654822,,495,2879,5.81616161616162,
2020Q1,,S08000031,,S12000039,,All Inpatients,d,3,,854,3088,3.61592505854801,,444,3369,7.58783783783784,
2020Q2,,S08000031,,S12000039,,All Inpatients,d,3,,696,2544,3.6551724137931,,311,2536,8.15434083601286,
2020Q3,,S08000031,,S12000039,,All Inpatients,d,3,,896,2633,2.93861607142857,,420,2516,5.99047619047619,
2020Q4,,S08000031,,S12000039,,All Inpatients,d,3,,975,3758,3.85435897435897,,442,3679,8.32352941176471,
2021Q1,,S08000031,,S12000039,,All Inpatients,d,3,,1029,3363,3.26822157434402,,451,3333,7.39024390243902,
2021Q2,,S08000031,,S12000039,,All Inpatients,d,3,,1020,3310,3.24509803921569,,483,3455,7.15320910973085,
2021Q3,,S08000031,,S12000039,,All Inpatients,d,3,,948,3244,3.42194092827004,,442,3122,7.06334841628959,
2021Q4,,S08000031,,S12000039,,All Inpatients,d,3,,1006,3356,3.33598409542744,,442,3347,7.57239819004525,
2022Q1,,S08000031,,S12000039,,All Inpatients,d,3,,968,4045,4.17871900826446,,447,3697,8.27069351230425,
2022Q2,,S08000031,,S12000039,,All Inpatients,d,3,,1027,4641,4.51898734177215,,430,4454,10.3581395348837,
2022Q3,,S08000031,,S12000039,,All Inpatients,d,3,,1013,3928,3.87759131293189,,480,4176,8.7,
2022Q4,p,S08000031,,S12000039,,All Inpatients,d,3,,960,4363,4.54479166666667,,442,4427,10.0158371040724,
2017Q4,,S08000031,,S12000039,,All Inpatients,d,4,,457,2168,4.74398249452954,,229,2229,9.73362445414847,
2018Q1,,S08000031,,S12000039,,All Inpatients,d,4,,496,2180,4.39516129032258,,244,2127,8.7172131147541,
2018Q2,,S08000031,,S12000039,,All Inpatients,d,4,,467,1923,4.11777301927195,,247,1971,7.97975708502024,
2018Q3,,S08000031,,S12000039,,All Inpatients,d,4,,413,1592,3.8547215496368,,222,1470,6.62162162162162,
2018Q4,,S08000031,,S12000039,,All Inpatients,d,4,,394,1575,3.99746192893401,,226,1530,6.76991150442478,
2019Q1,,S08000031,,S12000039,,All Inpatients,d,4,,416,1318,3.16826923076923,,223,1367,6.13004484304933,
2019Q2,,S08000031,,S12000039,,All Inpatients,d,4,,370,1104,2.98378378378378,,203,1039,5.11822660098522,
2019Q3,,S08000031,,S12000039,,All Inpatients,d,4,,406,1830,4.50738916256158,,213,1767,8.29577464788732,
2019Q4,,S08000031,,S12000039,,All Inpatients,d,4,,458,1432,3.12663755458515,,219,1410,6.43835616438356,
2020Q1,,S08000031,,S12000039,,All Inpatients,d,4,,459,1951,4.25054466230937,,207,1893,9.14492753623188,
2020Q2,,S08000031,,S12000039,,All Inpatients,d,4,,311,1213,3.90032154340836,,142,1215,8.55633802816901,
2020Q3,,S08000031,,S12000039,,All Inpatients,d,4,,439,1430,3.25740318906606,,198,1601,8.08585858585859,
2020Q4,,S08000031,,S12000039,,All Inpatients,d,4,,448,1769,3.94866071428571,,199,1743,8.75879396984925,
2021Q1,,S08000031,,S12000039,,All Inpatients,d,4,,461,1547,3.35574837310195,,203,1367,6.73399014778325,
2021Q2,,S08000031,,S12000039,,All Inpatients,d,4,,423,1596,3.77304964539007,,210,1782,8.48571428571429,
2021Q3,,S08000031,,S12000039,,All Inpatients,d,4,,461,1614,3.50108459869848,,207,1368,6.60869565217391,
2021Q4,,S08000031,,S12000039,,All Inpatients,d,4,,469,1679,3.57995735607676,,213,1765,8.28638497652582,
2022Q1,,S08000031,,S12000039,,All Inpatients,d,4,,457,1547,3.38512035010941,,189,1351,7.14814814814815,
2022Q2,,S08000031,,S12000039,,All Inpatients,d,4,,428,1656,3.86915887850467,,198,1830,9.24242424242424,
2022Q3,,S08000031,,S12000039,,All Inpatients,d,4,,460,1737,3.77608695652174,,188,1724,9.17021276595745,
2022Q4,p,S08000031,,S12000039,,All Inpatients,d,4,,485,2030,4.18556701030928,,229,1706,7.44978165938865,
2017Q4,,S08000031,,S12000039,,All Inpatients,d,5,,140,554,3.95714285714286,,92,532,5.78260869565217,
2018Q1,,S08000031,,S12000039,,All Inpatients,d,5,,203,761,3.7487684729064,,131,815,6.22137404580153,
2018Q2,,S08000031,,S12000039,,All Inpatients,d,5,,161,377,2.3416149068323,,87,349,4.01149425287356,
2018Q3,,S08000031,,S12000039,,All Inpatients,d,5,,170,519,3.05294117647059,,96,480,5,
2018Q4,,S08000031,,S12000039,,All Inpatients,d,5,,201,541,2.69154228855721,,110,588,5.34545454545455,
2019Q1,,S08000031,,S12000039,,All Inpatients,d,5,,181,459,2.53591160220994,,101,427,4.22772277227723,
2019Q2,,S08000031,,S12000039,,All Inpatients,d,5,,154,554,3.5974025974026,,112,570,5.08928571428571,
2019Q3,,S08000031,,S12000039,,All Inpatients,d,5,,200,542,2.71,,123,523,4.2520325203252,
2019Q4,,S08000031,,S12000039,,All Inpatients,d,5,,218,642,2.94495412844037,,123,609,4.95121951219512,
2020Q1,,S08000031,,S12000039,,All Inpatients,d,5,,186,462,2.48387096774194,,99,442,4.46464646464646,
2020Q2,,S08000031,,S12000039,,All Inpatients,d,5,,139,505,3.63309352517986,,73,536,7.34246575342466,
2020Q3,,S08000031,,S12000039,,All Inpatients,d,5,,199,588,2.95477386934673,,113,556,4.92035398230088,
2020Q4,,S08000031,,S12000039,,All Inpatients,d,5,,192,516,2.6875,,104,420,4.03846153846154,
2021Q1,,S08000031,,S12000039,,All Inpatients,d,5,,176,819,4.65340909090909,,90,934,10.3777777777778,
2021Q2,,S08000031,,S12000039,,All Inpatients,d,5,,221,688,3.1131221719457,,98,642,6.55102040816327,
2021Q3,,S08000031,,S12000039,,All Inpatients,d,5,,176,762,4.32954545454545,,79,790,10,
2021Q4,,S08000031,,S12000039,,All Inpatients,d,5,,169,556,3.28994082840237,,90,588,6.53333333333333,
2022Q1,,S08000031,,S12000039,,All Inpatients,d,5,,184,596,3.23913043478261,,92,574,6.23913043478261,
2022Q2,,S08000031,,S12000039,,All Inpatients,d,5,,225,663,2.94666666666667,,107,594,5.55140186915888,
2022Q3,,S08000031,,S12000039,,All Inpatients,d,5,,211,988,4.6824644549763,,97,809,8.34020618556701,
2022Q4,p,S08000031,,S12000039,,All Inpatients,d,5,,177,578,3.26553672316384,,104,728,7,
2022Q4,p,S08000031,,S12000039,,All Inpatients,d,,:,5,5,1,,5,5,1,
2017Q4,,S08000022,,S12000035,,All Inpatients,d,1,,455,1742,3.82857142857143,,272,1659,6.09926470588235,
2018Q1,,S08000022,,S12000035,,All Inpatients,d,1,,421,2069,4.9144893111639,,223,1894,8.4932735426009,
2018Q2,,S08000022,,S12000035,,All Inpatients,d,1,,438,1991,4.54566210045662,,252,1563,6.20238095238095,
2018Q3,,S08000022,,S12000035,,All Inpatients,d,1,,427,1870,4.37939110070258,,265,2148,8.10566037735849,
2018Q4,,S08000022,,S12000035,,All Inpatients,d,1,,431,1856,4.30626450116009,,248,1682,6.78225806451613,
2019Q1,,S08000022,,S12000035,,All Inpatients,d,1,,460,1710,3.71739130434783,,273,1475,5.4029304029304,
2019Q2,,S08000022,,S12000035,,All Inpatients,d,1,,395,1401,3.54683544303797,,258,1579,6.12015503875969,
2019Q3,,S08000022,,S12000035,,All Inpatients,d,1,,431,1460,3.38747099767981,,251,1410,5.61752988047809,
2019Q4,,S08000022,,S12000035,,All Inpatients,d,1,,431,1796,4.16705336426914,,238,1619,6.80252100840336,
2020Q1,,S08000022,,S12000035,,All Inpatients,d,1,,408,1764,4.32352941176471,,208,1563,7.51442307692308,
2020Q2,,S08000022,,S12000035,,All Inpatients,d,1,,337,1408,4.17804154302671,,155,1271,8.2,
2020Q3,,S08000022,,S12000035,,All Inpatients,d,1,,399,1495,3.7468671679198,,193,1355,7.02072538860104,
2020Q4,,S08000022,,S12000035,,All Inpatients,d,1,,397,1797,4.5264483627204,,212,1569,7.40094339622642,
2021Q1,,S08000022,,S12000035,,All Inpatients,d,1,,385,1776,4.61298701298701,,195,1625,8.33333333333333,
2021Q2,,S08000022,,S12000035,,All Inpatients,d,1,,362,1624,4.48618784530387,,200,1413,7.065,
2021Q3,,S08000022,,S12000035,,All Inpatients,d,1,,403,1774,4.40198511166253,,199,1728,8.68341708542714,
2021Q4,,S08000022,,S12000035,,All Inpatients,d,1,,414,1852,4.47342995169082,,200,1668,8.34,
2022Q1,,S08000022,,S12000035,,All Inpatients,d,1,,441,2101,4.76417233560091,,207,1921,9.28019323671498,
2022Q2,,S08000022,,S12000035,,All Inpatients,d,1,,328,1325,4.03963414634146,,182,1149,6.31318681318681,
2022Q3,,S08000022,,S12000035,,All Inpatients,d,1,,354,1647,4.65254237288136,,191,1394,7.29842931937173,
2022Q4,p,S08000022,,S12000035,,All Inpatients,d,1,,402,1908,4.74626865671642,,197,1952,9.90862944162436,
2017Q4,,S08000022,,S12000035,,All Inpatients,d,2,,579,2751,4.75129533678756,,379,2435,6.42480211081794,
2018Q1,,S08000022,,S12000035,,All Inpatients,d,2,,614,2678,4.36156351791531,,373,2895,7.76139410187668,
2018Q2,,S08000022,,S12000035,,All Inpatients,d,2,,660,2865,4.34090909090909,,435,2664,6.12413793103448,
2018Q3,,S08000022,,S12000035,,All Inpatients,d,2,,681,3342,4.90748898678414,,401,3048,7.60099750623441,
2018Q4,,S08000022,,S12000035,,All Inpatients,d,2,,730,3977,5.44794520547945,,433,3783,8.73672055427252,
2019Q1,,S08000022,,S12000035,,All Inpatients,d,2,,620,2788,4.49677419354839,,384,2882,7.50520833333333,
2019Q2,,S08000022,,S12000035,,All Inpatients,d,2,,693,3188,4.6002886002886,,407,2681,6.58722358722359,
2019Q3,,S08000022,,S12000035,,All Inpatients,d,2,,617,2397,3.88492706645057,,365,2223,6.09041095890411,
2019Q4,,S08000022,,S12000035,,All Inpatients,d,2,,659,2416,3.66616084977238,,390,2128,5.45641025641026,
2020Q1,,S08000022,,S12000035,,All Inpatients,d,2,,656,2671,4.07164634146341,,373,3025,8.10991957104558,
2020Q2,,S08000022,,S12000035,,All Inpatients,d,2,,427,1446,3.3864168618267,,214,1176,5.49532710280374,
2020Q3,,S08000022,,S12000035,,All Inpatients,d,2,,538,2014,3.74349442379182,,300,1923,6.41,
2020Q4,,S08000022,,S12000035,,All Inpatients,d,2,,539,1886,3.49907235621521,,322,1605,4.98447204968944,
2021Q1,,S08000022,,S12000035,,All Inpatients,d,2,,571,2677,4.68826619964974,,299,2409,8.05685618729097,
2021Q2,,S08000022,,S12000035,,All Inpatients,d,2,,580,2200,3.79310344827586,,350,2098,5.99428571428571,
2021Q3,,S08000022,,S12000035,,All Inpatients,d,2,,704,3059,4.34517045454545,,390,2734,7.01025641025641,
2021Q4,,S08000022,,S12000035,,All Inpatients,d,2,,629,2888,4.59141494435612,,332,2989,9.00301204819277,
2022Q1,,S08000022,,S12000035,,All Inpatients,d,2,,552,2295,4.15760869565217,,274,1892,6.9051094890511,
2022Q2,,S08000022,,S12000035,,All Inpatients,d,2,,632,2704,4.27848101265823,,327,2632,8.04892966360856,
2022Q3,,S08000022,,S12000035,,All Inpatients,d,2,,622,3030,4.87138263665595,,363,2784,7.66942148760331,
2022Q4,p,S08000022,,S12000035,,All Inpatients,d,2,,644,3128,4.85714285714286,,378,2959,7.82804232804233,
2017Q4,,S08000022,,S12000035,,All Inpatients,d,3,,1465,6078,4.14880546075085,,918,5701,6.21023965141612,
2018Q1,,S08000022,,S12000035,,All Inpatients,d,3,,1539,6999,4.54775828460039,,906,6641,7.33002207505519,
2018Q2,,S08000022,,S12000035,,All Inpatients,d,3,,1430,5708,3.99160839160839,,915,5412,5.91475409836066,
2018Q3,,S08000022,,S12000035,,All Inpatients,d,3,,1512,5678,3.755291005291,,944,5352,5.66949152542373,
2018Q4,,S08000022,,S12000035,,All Inpatients,d,3,,1495,6169,4.12642140468227,,965,5960,6.17616580310881,
2019Q1,,S08000022,,S12000035,,All Inpatients,d,3,,1505,6857,4.55614617940199,,930,6037,6.49139784946237,
2019Q2,,S08000022,,S12000035,,All Inpatients,d,3,,1405,6214,4.42277580071174,,876,6187,7.06278538812785,
2019Q3,,S08000022,,S12000035,,All Inpatients,d,3,,1511,6619,4.38054268696228,,914,6590,7.21006564551422,
2019Q4,,S08000022,,S12000035,,All Inpatients,d,3,,1653,6663,4.03085299455535,,956,5988,6.26359832635983,
2020Q1,,S08000022,,S12000035,,All Inpatients,d,3,,1578,7602,4.81749049429658,,891,8040,9.02356902356902,
2020Q2,,S08000022,,S12000035,,All Inpatients,d,3,,939,3896,4.14909478168264,,513,3674,7.16179337231969,
2020Q3,,S08000022,,S12000035,,All Inpatients,d,3,,1304,4688,3.59509202453988,,713,4542,6.37026647966339,
2020Q4,,S08000022,,S12000035,,All Inpatients,d,3,,1398,5809,4.1552217453505,,824,5640,6.84466019417476,
2021Q1,,S08000022,,S12000035,,All Inpatients,d,3,,1231,5644,4.58489033306255,,746,4892,6.55764075067024,
2021Q2,,S08000022,,S12000035,,All Inpatients,d,3,,1466,5710,3.89495225102319,,872,5433,6.23050458715596,
2021Q3,,S08000022,,S12000035,,All Inpatients,d,3,,1447,6305,4.35729094678645,,845,6031,7.13727810650888,
2021Q4,,S08000022,,S12000035,,All Inpatients,d,3,,1597,7135,4.46775203506575,,856,7068,8.25700934579439,
2022Q1,,S08000022,,S12000035,,All Inpatients,d,3,,1488,6837,4.59475806451613,,807,6135,7.60223048327138,
2022Q2,,S08000022,,S12000035,,All Inpatients,d,3,,1606,7913,4.92714819427148,,875,7247,8.28228571428571,
2022Q3,,S08000022,,S12000035,,All Inpatients,d,3,,1521,7169,4.71334648257725,,899,6825,7.59176863181313,
2022Q4,p,S08000022,,S12000035,,All Inpatients,d,3,,1464,6956,4.75136612021858,,817,6981,8.54467564259486,
2017Q4,,S08000022,,S12000035,,All Inpatients,d,4,,852,3396,3.98591549295775,,527,3640,6.90702087286528,
2018Q1,,S08000022,,S12000035,,All Inpatients,d,4,,836,3395,4.061004784689,,528,3174,6.01136363636364,
2018Q2,,S08000022,,S12000035,,All Inpatients,d,4,,832,3735,4.48918269230769,,525,3761,7.16380952380952,
2018Q3,,S08000022,,S12000035,,All Inpatients,d,4,,866,2915,3.36605080831409,,517,2634,5.09477756286267,
2018Q4,,S08000022,,S12000035,,All Inpatients,d,4,,830,3451,4.1578313253012,,504,3513,6.9702380952381,
2019Q1,,S08000022,,S12000035,,All Inpatients,d,4,,860,3182,3.7,,547,3135,5.73126142595978,
2019Q2,,S08000022,,S12000035,,All Inpatients,d,4,,763,3190,4.18086500655308,,483,3155,6.53209109730849,
2019Q3,,S08000022,,S12000035,,All Inpatients,d,4,,799,3143,3.93366708385482,,497,3416,6.87323943661972,
2019Q4,,S08000022,,S12000035,,All Inpatients,d,4,,796,3283,4.12437185929648,,470,3084,6.56170212765957,
2020Q1,,S08000022,,S12000035,,All Inpatients,d,4,,813,3175,3.90528905289053,,477,3183,6.67295597484277,
2020Q2,,S08000022,,S12000035,,All Inpatients,d,4,,479,1690,3.52818371607516,,286,1680,5.87412587412587,
2020Q3,,S08000022,,S12000035,,All Inpatients,d,4,,759,2523,3.32411067193676,,429,2026,4.72261072261072,
2020Q4,,S08000022,,S12000035,,All Inpatients,d,4,,841,3216,3.82401902497027,,468,3045,6.50641025641026,
2021Q1,,S08000022,,S12000035,,All Inpatients,d,4,,704,2862,4.06534090909091,,413,2978,7.21065375302663,
2021Q2,,S08000022,,S12000035,,All Inpatients,d,4,,867,3218,3.7116493656286,,491,3039,6.18940936863544,
2021Q3,,S08000022,,S12000035,,All Inpatients,d,4,,793,3194,4.02774274905422,,471,3143,6.67303609341826,
2021Q4,,S08000022,,S12000035,,All Inpatients,d,4,,747,3423,4.58232931726908,,419,3476,8.29594272076372,
2022Q1,,S08000022,,S12000035,,All Inpatients,d,4,,800,3427,4.28375,,416,3060,7.35576923076923,
2022Q2,,S08000022,,S12000035,,All Inpatients,d,4,,888,3934,4.43018018018018,,472,4074,8.63135593220339,
2022Q3,,S08000022,,S12000035,,All Inpatients,d,4,,762,3716,4.87664041994751,,445,3428,7.70337078651685,
2022Q4,p,S08000022,,S12000035,,All Inpatients,d,4,,899,3717,4.13459399332592,,498,3700,7.42971887550201,
2017Q4,,S08000022,,S12000035,,All Inpatients,d,5,,397,1099,2.76826196473552,,212,1056,4.9811320754717,
2018Q1,,S08000022,,S12000035,,All Inpatients,d,5,,373,1590,4.2627345844504,,199,1566,7.86934673366834,
2018Q2,,S08000022,,S12000035,,All Inpatients,d,5,,381,1430,3.75328083989501,,205,1507,7.35121951219512,
2018Q3,,S08000022,,S12000035,,All Inpatients,d,5,,354,1227,3.46610169491525,,192,1110,5.78125,
2018Q4,,S08000022,,S12000035,,All Inpatients,d,5,,386,1323,3.42746113989637,,217,1179,5.4331797235023,
2019Q1,,S08000022,,S12000035,,All Inpatients,d,5,,407,1620,3.98034398034398,,229,1579,6.89519650655022,
2019Q2,,S08000022,,S12000035,,All Inpatients,d,5,,343,1101,3.20991253644315,,187,1209,6.46524064171123,
2019Q3,,S08000022,,S12000035,,All Inpatients,d,5,,463,1449,3.12958963282937,,226,1326,5.86725663716814,
2019Q4,,S08000022,,S12000035,,All Inpatients,d,5,,368,1211,3.29076086956522,,193,1280,6.63212435233161,
2020Q1,,S08000022,,S12000035,,All Inpatients,d,5,,356,1100,3.08988764044944,,175,1034,5.90857142857143,
2020Q2,,S08000022,,S12000035,,All Inpatients,d,5,,229,889,3.882096069869,,112,800,7.14285714285714,
2020Q3,,S08000022,,S12000035,,All Inpatients,d,5,,304,1046,3.44078947368421,,165,974,5.9030303030303,
2020Q4,,S08000022,,S12000035,,All Inpatients,d,5,,317,1385,4.36908517350158,,156,1278,8.19230769230769,
2021Q1,,S08000022,,S12000035,,All Inpatients,d,5,,362,1449,4.00276243093923,,183,1320,7.21311475409836,
2021Q2,,S08000022,,S12000035,,All Inpatients,d,5,,377,1318,3.49602122015915,,185,1317,7.11891891891892,
2021Q3,,S08000022,,S12000035,,All Inpatients,d,5,,380,1652,4.34736842105263,,188,1681,8.94148936170213,
2021Q4,,S08000022,,S12000035,,All Inpatients,d,5,,379,1322,3.48812664907652,,172,1172,6.81395348837209,
2022Q1,,S08000022,,S12000035,,All Inpatients,d,5,,438,1729,3.94748858447489,,171,1633,9.54970760233918,
2022Q2,,S08000022,,S12000035,,All Inpatients,d,5,,386,1628,4.21761658031088,,178,1693,9.51123595505618,
2022Q3,,S08000022,,S12000035,,All Inpatients,d,5,,349,1583,4.53581661891117,,185,1634,8.83243243243243,
2022Q4,p,S08000022,,S12000035,,All Inpatients,d,5,,385,1785,4.63636363636364,,196,1697,8.65816326530612,
2017Q4,,S08000022,,S12000017,,All Inpatients,d,1,,1401,5292,3.77730192719486,,811,5613,6.92108508014797,
2018Q1,,S08000022,,S12000017,,All Inpatients,d,1,,1438,5265,3.66133518776078,,827,5604,6.77629987908102,
2018Q2,,S08000022,,S12000017,,All Inpatients,d,1,,1493,5259,3.5224380442063,,868,5641,6.49884792626728,
2018Q3,,S08000022,,S12000017,,All Inpatients,d,1,,1410,5293,3.75390070921986,,853,5979,7.00937866354045,
2018Q4,,S08000022,,S12000017,,All Inpatients,d,1,,1392,5094,3.65948275862069,,846,4839,5.71985815602837,
2019Q1,,S08000022,,S12000017,,All Inpatients,d,1,,1267,4535,3.57932123125493,,763,5186,6.79685452162516,
2019Q2,,S08000022,,S12000017,,All Inpatients,d,1,,1349,5451,4.0407709414381,,849,4562,5.37338044758539,
2019Q3,,S08000022,,S12000017,,All Inpatients,d,1,,1449,5482,3.78329882677709,,841,6404,7.61474435196195,
2019Q4,,S08000022,,S12000017,,All Inpatients,d,1,,1374,6107,4.44468704512373,,801,6981,8.71535580524345,
2020Q1,,S08000022,,S12000017,,All Inpatients,d,1,,1204,4889,4.06063122923588,,719,5129,7.13351877607789,
2020Q2,,S08000022,,S12000017,,All Inpatients,d,1,,1072,3766,3.51305970149254,,606,4238,6.99339933993399,
2020Q3,,S08000022,,S12000017,,All Inpatients,d,1,,1372,4275,3.11588921282799,,722,5006,6.93351800554017,
2020Q4,,S08000022,,S12000017,,All Inpatients,d,1,,1381,5051,3.65749456915279,,753,5218,6.92961487383798,
2021Q1,,S08000022,,S12000017,,All Inpatients,d,1,,1402,5609,4.00071326676177,,707,5422,7.66902404526167,
2021Q2,,S08000022,,S12000017,,All Inpatients,d,1,,1346,4804,3.56909361069837,,739,6554,8.86874154262517,
2021Q3,,S08000022,,S12000017,,All Inpatients,d,1,,1358,5516,4.06185567010309,,746,5407,7.24798927613941,
2021Q4,,S08000022,,S12000017,,All Inpatients,d,1,,1213,5753,4.74278647980214,,671,5608,8.3576751117734691,
2022Q1,,S08000022,,S12000017,,All Inpatients,d,1,,1191,5781,4.85390428211587,,612,5686,9.29084967320262,
2022Q2,,S08000022,,S12000017,,All Inpatients,d,1,,1207,5665,4.69345484672742,,615,5483,8.91544715447155,
2022Q3,,S08000022,,S12000017,,All Inpatients,d,1,,1266,6482,5.12006319115324,,656,6584,10.0365853658537,
2022Q4,p,S08000022,,S12000017,,All Inpatients,d,1,,1205,7488,6.21410788381743,,658,7913,12.0258358662614,
2017Q4,,S08000022,,S12000017,,All Inpatients,d,2,,2172,9915,4.56491712707182,,1290,11114,8.61550387596899,
2018Q1,,S08000022,,S12000017,,All Inpatients,d,2,,2203,8796,3.99273717657739,,1281,9723,7.59016393442623,
2018Q2,,S08000022,,S12000017,,All Inpatients,d,2,,2085,7702,3.69400479616307,,1259,8824,7.0087370929309,
2018Q3,,S08000022,,S12000017,,All Inpatients,d,2,,2149,8156,3.79525360632852,,1316,8594,6.53039513677812,
2018Q4,,S08000022,,S12000017,,All Inpatients,d,2,,2220,8397,3.78243243243243,,1321,10257,7.76457229371688,
2019Q1,,S08000022,,S12000017,,All Inpatients,d,2,,2072,8261,3.98696911196911,,1197,8739,7.30075187969925,
2019Q2,,S08000022,,S12000017,,All Inpatients,d,2,,1958,8452,4.31664964249234,,1168,10107,8.65325342465753,
2019Q3,,S08000022,,S12000017,,All Inpatients,d,2,,2024,8900,4.39723320158103,,1187,9135,7.69587194608256,
2019Q4,,S08000022,,S12000017,,All Inpatients,d,2,,1932,8082,4.1832298136646,,1150,10759,9.35565217391304,
2020Q1,,S08000022,,S12000017,,All Inpatients,d,2,,2054,9950,4.84420642648491,,1170,10830,9.25641025641026,
2020Q2,,S08000022,,S12000017,,All Inpatients,d,2,,1576,6239,3.95875634517766,,812,8308,10.2315270935961,
2020Q3,,S08000022,,S12000017,,All Inpatients,d,2,,2079,7119,3.42424242424242,,1120,7610,6.79464285714286,
2020Q4,,S08000022,,S12000017,,All Inpatients,d,2,,2058,7995,3.88483965014577,,1053,8057,7.65147198480532,
2021Q1,,S08000022,,S12000017,,All Inpatients,d,2,,1935,8176,4.22532299741602,,952,8750,9.19117647058824,
2021Q2,,S08000022,,S12000017,,All Inpatients,d,2,,1932,8262,4.27639751552795,,975,9997,10.2533333333333,
2021Q3,,S08000022,,S12000017,,All Inpatients,d,2,,2081,9001,4.32532436328688,,1081,8767,8.11008325624422,
2021Q4,,S08000022,,S12000017,,All Inpatients,d,2,,1796,8602,4.78953229398664,,1016,9448,9.2992125984252,
2022Q1,,S08000022,,S12000017,,All Inpatients,d,2,,1835,8674,4.72697547683924,,932,9449,10.1384120171674,
2022Q2,,S08000022,,S12000017,,All Inpatients,d,2,,1833,9214,5.02673213311511,,954,11005,11.5356394129979,
2022Q3,,S08000022,,S12000017,,All Inpatients,d,2,,1865,7249,3.88686327077748,,934,8567,9.17237687366167,
2022Q4,p,S08000022,,S12000017,,All Inpatients,d,2,,1813,8488,4.68174296745725,,1010,8817,8.72970297029703,
2017Q4,,S08000022,,S12000017,,All Inpatients,d,3,,3388,14147,4.17561983471074,,2045,16700,8.16625916870416,
2018Q1,,S08000022,,S12000017,,All Inpatients,d,3,,3277,12389,3.78059200488251,,1946,13955,7.17112024665982,
2018Q2,,S08000022,,S12000017,,All Inpatients,d,3,,3436,13593,3.95605355064028,,2082,14996,7.20268972142171,
2018Q3,,S08000022,,S12000017,,All Inpatients,d,3,,3466,13302,3.83785343335257,,2115,14580,6.8936170212766,
2018Q4,,S08000022,,S12000017,,All Inpatients,d,3,,3466,13615,3.92815926139642,,2062,15454,7.49466537342386,
2019Q1,,S08000022,,S12000017,,All Inpatients,d,3,,3424,13189,3.85192757009346,,2048,14577,7.11767578125,
2019Q2,,S08000022,,S12000017,,All Inpatients,d,3,,3427,15003,4.37788152903414,,2124,17166,8.0819209039548,
2019Q3,,S08000022,,S12000017,,All Inpatients,d,3,,3484,14522,4.16819747416762,,2140,15969,7.46214953271028,
2019Q4,,S08000022,,S12000017,,All Inpatients,d,3,,3503,13788,3.93605481016272,,2075,14678,7.07373493975904,
2020Q1,,S08000022,,S12000017,,All Inpatients,d,3,,3103,15300,4.93071221398646,,1822,17670,9.69813391877058,
2020Q2,,S08000022,,S12000017,,All Inpatients,d,3,,2509,8511,3.39218812275807,,1348,10581,7.84940652818991,
2020Q3,,S08000022,,S12000017,,All Inpatients,d,3,,3136,11710,3.73405612244898,,1693,13507,7.97814530419374,
2020Q4,,S08000022,,S12000017,,All Inpatients,d,3,,3230,14370,4.44891640866873,,1728,14893,8.61863425925926,
2021Q1,,S08000022,,S12000017,,All Inpatients,d,3,,3241,13513,4.16939216291268,,1678,15254,9.09058402860548,
2021Q2,,S08000022,,S12000017,,All Inpatients,d,3,,3428,12920,3.76896149358226,,1798,13559,7.54115684093437,
2021Q3,,S08000022,,S12000017,,All Inpatients,d,3,,3422,14154,4.13617767387493,,1822,15607,8.56586169045005,
2021Q4,,S08000022,,S12000017,,All Inpatients,d,3,,3437,15739,4.57928425952866,,1837,17437,9.49210669569951,
2022Q1,,S08000022,,S12000017,,All Inpatients,d,3,,3085,13564,4.3967585089141,,1650,14048,8.51393939393939,
2022Q2,,S08000022,,S12000017,,All Inpatients,d,3,,3365,14951,4.44309063893016,,1800,17051,9.47277777777778,
2022Q3,,S08000022,,S12000017,,All Inpatients,d,3,,3288,14222,4.32542579075426,,1796,14222,7.91870824053452,
2022Q4,p,S08000022,,S12000017,,All Inpatients,d,3,,3085,14342,4.64894651539708,,1741,17123,9.83515221137277,
2017Q4,,S08000022,,S12000017,,All Inpatients,d,4,,2602,10866,4.17601844734819,,1581,11110,7.02719797596458,
2018Q1,,S08000022,,S12000017,,All Inpatients,d,4,,2619,11288,4.31004200076365,,1515,12809,8.45478547854785,
2018Q2,,S08000022,,S12000017,,All Inpatients,d,4,,2917,10221,3.5039424065821,,1742,12241,7.02698048220436,
2018Q3,,S08000022,,S12000017,,All Inpatients,d,4,,2872,10815,3.76566852367688,,1791,11844,6.61306532663317,
2018Q4,,S08000022,,S12000017,,All Inpatients,d,4,,2810,10538,3.75017793594306,,1723,12279,7.1265235055136404,
2019Q1,,S08000022,,S12000017,,All Inpatients,d,4,,2756,11545,4.18904208998549,,1685,12735,7.55786350148368,
2019Q2,,S08000022,,S12000017,,All Inpatients,d,4,,2980,11336,3.80402684563758,,1829,12526,6.84855112083105,
2019Q3,,S08000022,,S12000017,,All Inpatients,d,4,,2783,10103,3.6302551203737,,1726,12460,7.21900347624565,
2019Q4,,S08000022,,S12000017,,All Inpatients,d,4,,3021,11220,3.71400198609732,,1777,13341,7.50759707371975,
2020Q1,,S08000022,,S12000017,,All Inpatients,d,4,,2615,11426,4.36940726577438,,1560,12803,8.20705128205128,
2020Q2,,S08000022,,S12000017,,All Inpatients,d,4,,2288,8266,3.61276223776224,,1197,11525,9.62823725981621,
2020Q3,,S08000022,,S12000017,,All Inpatients,d,4,,2774,9563,3.44736842105263,,1463,10416,7.11961722488038,
2020Q4,,S08000022,,S12000017,,All Inpatients,d,4,,2825,11646,4.12247787610619,,1499,12342,8.23348899266177,
2021Q1,,S08000022,,S12000017,,All Inpatients,d,4,,2661,11203,4.21007140172867,,1357,12838,9.46057479734709,
2021Q2,,S08000022,,S12000017,,All Inpatients,d,4,,2964,10449,3.5253036437247,,1505,11829,7.85980066445183,
2021Q3,,S08000022,,S12000017,,All Inpatients,d,4,,2811,10708,3.80932052650302,,1549,12094,7.80761781794706,
2021Q4,,S08000022,,S12000017,,All Inpatients,d,4,,2691,12266,4.55815681902638,,1467,12022,8.19495569188821,
2022Q1,,S08000022,,S12000017,,All Inpatients,d,4,,2596,10711,4.12596302003082,,1387,12059,8.69430425378515,
2022Q2,,S08000022,,S12000017,,All Inpatients,d,4,,2682,11871,4.4261744966443,,1423,15474,10.8742094167252,
2022Q3,,S08000022,,S12000017,,All Inpatients,d,4,,2672,10753,4.02432634730539,,1472,13297,9.03328804347826,
2022Q4,p,S08000022,,S12000017,,All Inpatients,d,4,,2749,12388,4.506365951255,,1508,14459,9.58819628647215,
2017Q4,,S08000022,,S12000017,,All Inpatients,d,5,,681,2725,4.0014684287812,,403,3314,8.22332506203474,
2018Q1,,S08000022,,S12000017,,All Inpatients,d,5,,742,3081,4.15229110512129,,433,3919,9.05080831408776,
2018Q2,,S08000022,,S12000017,,All Inpatients,d,5,,670,2444,3.64776119402985,,397,2870,7.22921914357683,
2018Q3,,S08000022,,S12000017,,All Inpatients,d,5,,722,2956,4.09418282548476,,426,3065,7.19483568075117,
2018Q4,,S08000022,,S12000017,,All Inpatients,d,5,,734,3182,4.33514986376022,,431,2913,6.75870069605568,
2019Q1,,S08000022,,S12000017,,All Inpatients,d,5,,739,2637,3.56833558863329,,440,4062,9.23181818181818,
2019Q2,,S08000022,,S12000017,,All Inpatients,d,5,,723,2690,3.72060857538036,,435,2929,6.73333333333333,
2019Q3,,S08000022,,S12000017,,All Inpatients,d,5,,665,2578,3.87669172932331,,416,2941,7.06971153846154,
2019Q4,,S08000022,,S12000017,,All Inpatients,d,5,,782,3724,4.76214833759591,,442,3924,8.87782805429864,
2020Q1,,S08000022,,S12000017,,All Inpatients,d,5,,659,3201,4.85735963581184,,372,3589,9.64784946236559,
2020Q2,,S08000022,,S12000017,,All Inpatients,d,5,,486,1942,3.99588477366255,,257,2069,8.05058365758755,
2020Q3,,S08000022,,S12000017,,All Inpatients,d,5,,642,2181,3.39719626168224,,341,3205,9.39882697947214,
2020Q4,,S08000022,,S12000017,,All Inpatients,d,5,,747,2353,3.14993306559572,,369,2637,7.14634146341463,
2021Q1,,S08000022,,S12000017,,All Inpatients,d,5,,621,2160,3.47826086956522,,314,2358,7.50955414012739,
2021Q2,,S08000022,,S12000017,,All Inpatients,d,5,,697,2012,2.88665710186514,,377,2366,6.27586206896552,
2021Q3,,S08000022,,S12000017,,All Inpatients,d,5,,618,2551,4.12783171521036,,302,2534,8.39072847682119,
2021Q4,,S08000022,,S12000017,,All Inpatients,d,5,,544,2447,4.49816176470588,,309,2880,9.32038834951456,
2022Q1,,S08000022,,S12000017,,All Inpatients,d,5,,702,3154,4.49287749287749,,358,3479,9.71787709497207,
2022Q2,,S08000022,,S12000017,,All Inpatients,d,5,,722,3031,4.19806094182826,,359,3011,8.38718662952646,
2022Q3,,S08000022,,S12000017,,All Inpatients,d,5,,717,3591,5.00836820083682,,367,3589,9.77929155313351,
2022Q4,p,S08000022,,S12000017,,All Inpatients,d,5,,576,3870,6.71875,,331,3765,11.3746223564955,
2017Q4,,S08000022,,S08000022,d,All Inpatients,d,1,,1856,7034,3.78987068965517,,1083,7272,6.71468144044321,
2018Q1,,S08000022,,S08000022,d,All Inpatients,d,1,,1859,7334,3.94513179128564,,1050,7498,7.14095238095238,
2018Q2,,S08000022,,S08000022,d,All Inpatients,d,1,,1931,7250,3.75453133091662,,1120,7204,6.43214285714286,
2018Q3,,S08000022,,S08000022,d,All Inpatients,d,1,,1837,7163,3.89929232444203,,1118,8127,7.26923076923077,
2018Q4,,S08000022,,S08000022,d,All Inpatients,d,1,,1823,6950,3.81239714755897,,1094,6521,5.96069469835466,
2019Q1,,S08000022,,S08000022,d,All Inpatients,d,1,,1727,6245,3.61609727851766,,1036,6661,6.42953667953668,
2019Q2,,S08000022,,S08000022,d,All Inpatients,d,1,,1744,6852,3.92889908256881,,1107,6141,5.54742547425474,
2019Q3,,S08000022,,S08000022,d,All Inpatients,d,1,,1880,6942,3.69255319148936,,1092,7814,7.15567765567766,
2019Q4,,S08000022,,S08000022,d,All Inpatients,d,1,,1805,7903,4.37839335180055,,1039,8600,8.2771896053898,
2020Q1,,S08000022,,S08000022,d,All Inpatients,d,1,,1612,6653,4.12717121588089,,927,6692,7.21898597626753,
2020Q2,,S08000022,,S08000022,d,All Inpatients,d,1,,1409,5174,3.67210787792761,,761,5509,7.23915900131406,
2020Q3,,S08000022,,S08000022,d,All Inpatients,d,1,,1771,5770,3.25804630152456,,915,6361,6.95191256830601,
2020Q4,,S08000022,,S08000022,d,All Inpatients,d,1,,1778,6848,3.85151856017998,,965,6787,7.03316062176166,
2021Q1,,S08000022,,S08000022,d,All Inpatients,d,1,,1787,7385,4.13262451035255,,902,7047,7.81263858093126,
2021Q2,,S08000022,,S08000022,d,All Inpatients,d,1,,1708,6428,3.76346604215457,,939,7967,8.48455804046858,
2021Q3,,S08000022,,S08000022,d,All Inpatients,d,1,,1761,7290,4.1396933560477,,945,7135,7.55026455026455,
2021Q4,,S08000022,,S08000022,d,All Inpatients,d,1,,1627,7605,4.67424708051629,,871,7276,8.35361653272101,
2022Q1,,S08000022,,S08000022,d,All Inpatients,d,1,,1632,7882,4.8296568627451,,819,7607,9.28815628815629,
2022Q2,,S08000022,,S08000022,d,All Inpatients,d,1,,1535,6990,4.55374592833876,,797,6632,8.32120451693852,
2022Q3,,S08000022,,S08000022,d,All Inpatients,d,1,,1620,8129,5.0179012345679,,847,7978,9.41912632821724,
2022Q4,p,S08000022,,S08000022,d,All Inpatients,d,1,,1607,9396,5.84691972619788,,855,9865,11.5380116959064,
2017Q4,,S08000022,,S08000022,d,All Inpatients,d,2,,2751,12666,4.6041439476554,,1669,13549,8.11803475134811,
2018Q1,,S08000022,,S08000022,d,All Inpatients,d,2,,2817,11474,4.07312744053958,,1654,12618,7.62877871825877,
2018Q2,,S08000022,,S08000022,d,All Inpatients,d,2,,2745,10567,3.84954462659381,,1694,11488,6.78158205430933,
2018Q3,,S08000022,,S08000022,d,All Inpatients,d,2,,2830,11498,4.06289752650177,,1717,11642,6.7804309842749,
2018Q4,,S08000022,,S08000022,d,All Inpatients,d,2,,2950,12374,4.19457627118644,,1754,14040,8.00456100342075,
2019Q1,,S08000022,,S08000022,d,All Inpatients,d,2,,2692,11049,4.10438335809807,,1581,11621,7.35041113219481,
2019Q2,,S08000022,,S08000022,d,All Inpatients,d,2,,2651,11640,4.39079592606564,,1575,12788,8.11936507936508,
2019Q3,,S08000022,,S08000022,d,All Inpatients,d,2,,2641,11297,4.27754638394548,,1552,11358,7.31829896907217,
2019Q4,,S08000022,,S08000022,d,All Inpatients,d,2,,2591,10498,4.05171748359707,,1540,12887,8.36818181818182,
2020Q1,,S08000022,,S08000022,d,All Inpatients,d,2,,2710,12621,4.65719557195572,,1543,13855,8.97926117952042,
2020Q2,,S08000022,,S08000022,d,All Inpatients,d,2,,2003,7685,3.83674488267599,,1026,9484,9.24366471734893,
2020Q3,,S08000022,,S08000022,d,All Inpatients,d,2,,2617,9133,3.48987390141383,,1420,9533,6.71338028169014,
2020Q4,,S08000022,,S08000022,d,All Inpatients,d,2,,2597,9881,3.80477474008471,,1375,9662,7.02690909090909,
2021Q1,,S08000022,,S08000022,d,All Inpatients,d,2,,2506,10853,4.33080606544294,,1251,11159,8.92006394884093,
2021Q2,,S08000022,,S08000022,d,All Inpatients,d,2,,2512,10462,4.16480891719745,,1325,12095,9.12830188679245,
2021Q3,,S08000022,,S08000022,d,All Inpatients,d,2,,2785,12060,4.33034111310592,,1471,11501,7.81849082256968,
2021Q4,,S08000022,,S08000022,d,All Inpatients,d,2,,2425,11490,4.73814432989691,,1348,12437,9.22626112759644,
2022Q1,,S08000022,,S08000022,d,All Inpatients,d,2,,2387,10969,4.59530791788856,,1206,11341,9.40381426202322,
2022Q2,,S08000022,,S08000022,d,All Inpatients,d,2,,2465,11918,4.83488843813387,,1281,13637,10.6455893832943,
2022Q3,,S08000022,,S08000022,d,All Inpatients,d,2,,2487,10279,4.13309207880981,,1297,11351,8.75173477255204,
2022Q4,p,S08000022,,S08000022,d,All Inpatients,d,2,,2457,11616,4.72771672771673,,1388,11776,8.48414985590778,
2017Q4,,S08000022,,S08000022,d,All Inpatients,d,3,,4853,20225,4.16752524211828,,2963,22401,7.56024299696254,
2018Q1,,S08000022,,S08000022,d,All Inpatients,d,3,,4816,19388,4.02574750830565,,2852,20596,7.22159887798037,
2018Q2,,S08000022,,S08000022,d,All Inpatients,d,3,,4866,19301,3.96650226058364,,2997,20408,6.80947614280948,
2018Q3,,S08000022,,S08000022,d,All Inpatients,d,3,,4978,18980,3.81277621534753,,3059,19932,6.51585485452762,
2018Q4,,S08000022,,S08000022,d,All Inpatients,d,3,,4961,19784,3.98790566418061,,3027,21414,7.07433102081269,
2019Q1,,S08000022,,S08000022,d,All Inpatients,d,3,,4929,20046,4.06695069993914,,2978,20614,6.92209536601746,
2019Q2,,S08000022,,S08000022,d,All Inpatients,d,3,,4832,21217,4.39093543046358,,3000,23353,7.78433333333333,
2019Q3,,S08000022,,S08000022,d,All Inpatients,d,3,,4995,21141,4.23243243243243,,3054,22559,7.38670595939751,
2019Q4,,S08000022,,S08000022,d,All Inpatients,d,3,,5156,20451,3.96644685802948,,3031,20666,6.8182118112834,
2020Q1,,S08000022,,S08000022,d,All Inpatients,d,3,,4681,22902,4.89254432813501,,2713,25710,9.47659417618872,
2020Q2,,S08000022,,S08000022,d,All Inpatients,d,3,,3448,12407,3.59831786542923,,1861,14255,7.65986029016658,
2020Q3,,S08000022,,S08000022,d,All Inpatients,d,3,,4440,16398,3.69324324324324,,2406,18049,7.50166251039069,
2020Q4,,S08000022,,S08000022,d,All Inpatients,d,3,,4628,20179,4.36019878997407,,2552,20533,8.04584639498433,
2021Q1,,S08000022,,S08000022,d,All Inpatients,d,3,,4472,19157,4.2837656529517,,2424,20146,8.31105610561056,
2021Q2,,S08000022,,S08000022,d,All Inpatients,d,3,,4894,18630,3.80670208418472,,2670,18992,7.11310861423221,
2021Q3,,S08000022,,S08000022,d,All Inpatients,d,3,,4869,20459,4.20188950503183,,2667,21638,8.11323584551931,
2021Q4,,S08000022,,S08000022,d,All Inpatients,d,3,,5034,22874,4.54390147000397,,2693,24505,9.09951726698849,
2022Q1,,S08000022,,S08000022,d,All Inpatients,d,3,,4573,20401,4.46118521758146,,2457,20183,8.21448921448921,
2022Q2,,S08000022,,S08000022,d,All Inpatients,d,3,,4971,22864,4.59947696640515,,2675,24298,9.08336448598131,
2022Q3,,S08000022,,S08000022,d,All Inpatients,d,3,,4809,21391,4.44811811187357,,2695,21047,7.80964749536178,
2022Q4,p,S08000022,,S08000022,d,All Inpatients,d,3,,4549,21298,4.6819081116729,,2558,24104,9.42298670836591,
2017Q4,,S08000022,,S08000022,d,All Inpatients,d,4,,3454,14262,4.12912565141865,,2108,14750,6.99715370018975,
2018Q1,,S08000022,,S08000022,d,All Inpatients,d,4,,3455,14683,4.24978292329957,,2043,15983,7.8232990699951,
2018Q2,,S08000022,,S08000022,d,All Inpatients,d,4,,3749,13956,3.72259269138437,,2267,16002,7.05866784296427,
2018Q3,,S08000022,,S08000022,d,All Inpatients,d,4,,3738,13730,3.67308721241305,,2308,14478,6.2729636048526896,
2018Q4,,S08000022,,S08000022,d,All Inpatients,d,4,,3640,13989,3.84313186813187,,2227,15792,7.09115401885945,
2019Q1,,S08000022,,S08000022,d,All Inpatients,d,4,,3616,14727,4.07273230088496,,2232,15870,7.11021505376344,
2019Q2,,S08000022,,S08000022,d,All Inpatients,d,4,,3743,14526,3.88084424258616,,2312,15681,6.78243944636678,
2019Q3,,S08000022,,S08000022,d,All Inpatients,d,4,,3582,13246,3.69793411501954,,2223,15876,7.1417004048583,
2019Q4,,S08000022,,S08000022,d,All Inpatients,d,4,,3817,14503,3.79958082263558,,2247,16425,7.30974632843792,
2020Q1,,S08000022,,S08000022,d,All Inpatients,d,4,,3428,14601,4.25933488914819,,2037,15986,7.84781541482572,
2020Q2,,S08000022,,S08000022,d,All Inpatients,d,4,,2767,9956,3.59812070834839,,1483,13205,8.90424814565071,
2020Q3,,S08000022,,S08000022,d,All Inpatients,d,4,,3533,12086,3.42088876309086,,1892,12442,6.57610993657505,
2020Q4,,S08000022,,S08000022,d,All Inpatients,d,4,,3666,14862,4.05400981996727,,1967,15387,7.82257244534825,
2021Q1,,S08000022,,S08000022,d,All Inpatients,d,4,,3365,14065,4.17979197622585,,1770,15816,8.93559322033898,
2021Q2,,S08000022,,S08000022,d,All Inpatients,d,4,,3831,13667,3.56747585486818,,1996,14868,7.44889779559118,
2021Q3,,S08000022,,S08000022,d,All Inpatients,d,4,,3604,13902,3.85738068812431,,2020,15237,7.54306930693069,
2021Q4,,S08000022,,S08000022,d,All Inpatients,d,4,,3438,15689,4.56340895869692,,1886,15498,8.21739130434783,
2022Q1,,S08000022,,S08000022,d,All Inpatients,d,4,,3396,14138,4.16313309776207,,1803,15119,8.38546866333888,
2022Q2,,S08000022,,S08000022,d,All Inpatients,d,4,,3570,15805,4.42717086834734,,1895,19548,10.3155672823219,
2022Q3,,S08000022,,S08000022,d,All Inpatients,d,4,,3434,14469,4.21345369831101,,1917,16725,8.7245696400626,
2022Q4,p,S08000022,,S08000022,d,All Inpatients,d,4,,3648,16105,4.41474780701754,,2006,18159,9.05234297108674,
2017Q4,,S08000022,,S08000022,d,All Inpatients,d,5,,1078,3824,3.54730983302412,,615,4370,7.10569105691057,
2018Q1,,S08000022,,S08000022,d,All Inpatients,d,5,,1115,4671,4.18923766816143,,632,5485,8.67879746835443,
2018Q2,,S08000022,,S08000022,d,All Inpatients,d,5,,1051,3874,3.686013320647,,602,4377,7.27076411960133,
2018Q3,,S08000022,,S08000022,d,All Inpatients,d,5,,1076,4183,3.88754646840149,,618,4175,6.75566343042071,
2018Q4,,S08000022,,S08000022,d,All Inpatients,d,5,,1120,4505,4.02232142857143,,648,4092,6.31481481481481,
2019Q1,,S08000022,,S08000022,d,All Inpatients,d,5,,1146,4257,3.71465968586387,,669,5641,8.43198804185351,
2019Q2,,S08000022,,S08000022,d,All Inpatients,d,5,,1066,3791,3.5562851782364,,622,4138,6.65273311897106,
2019Q3,,S08000022,,S08000022,d,All Inpatients,d,5,,1128,4027,3.57003546099291,,642,4267,6.64641744548287,
2019Q4,,S08000022,,S08000022,d,All Inpatients,d,5,,1150,4935,4.29130434782609,,635,5204,8.19527559055118,
2020Q1,,S08000022,,S08000022,d,All Inpatients,d,5,,1015,4301,4.23743842364532,,547,4623,8.45155393053016,
2020Q2,,S08000022,,S08000022,d,All Inpatients,d,5,,715,2831,3.95944055944056,,369,2869,7.77506775067751,
2020Q3,,S08000022,,S08000022,d,All Inpatients,d,5,,946,3227,3.41120507399577,,506,4179,8.25889328063241,
2020Q4,,S08000022,,S08000022,d,All Inpatients,d,5,,1064,3738,3.51315789473684,,525,3915,7.45714285714286,
2021Q1,,S08000022,,S08000022,d,All Inpatients,d,5,,983,3609,3.67141403865717,,497,3678,7.40040241448692,
2021Q2,,S08000022,,S08000022,d,All Inpatients,d,5,,1074,3330,3.10055865921788,,562,3683,6.55338078291815,
2021Q3,,S08000022,,S08000022,d,All Inpatients,d,5,,998,4203,4.21142284569138,,490,4215,8.60204081632653,
2021Q4,,S08000022,,S08000022,d,All Inpatients,d,5,,923,3769,4.08342361863489,,481,4052,8.42411642411642,
2022Q1,,S08000022,,S08000022,d,All Inpatients,d,5,,1140,4883,4.28333333333333,,529,5112,9.66351606805293,
2022Q2,,S08000022,,S08000022,d,All Inpatients,d,5,,1108,4659,4.20487364620939,,537,4704,8.75977653631285,
2022Q3,,S08000022,,S08000022,d,All Inpatients,d,5,,1066,5174,4.85365853658537,,552,5223,9.46195652173913,
2022Q4,p,S08000022,,S08000022,d,All Inpatients,d,5,,961,5655,5.88449531737773,,527,5462,10.3643263757116,
2017Q4,,S08000032,,S08000032,d,All Inpatients,d,1,,14256,44818,3.14379910213244,,7746,44166,5.70178156467854,
2018Q1,,S08000032,,S08000032,d,All Inpatients,d,1,,13993,43445,3.10476666904881,,7642,43346,5.67207537293902,
2018Q2,,S08000032,,S08000032,d,All Inpatients,d,1,,13592,41277,3.03685991759859,,7502,41398,5.51826179685417,
2018Q3,,S08000032,,S08000032,d,All Inpatients,d,1,,13641,41686,3.05593431566601,,7529,41119,5.46141585867977,
2018Q4,,S08000032,,S08000032,d,All Inpatients,d,1,,14130,42609,3.01549893842887,,7619,42824,5.62068512928206,
2019Q1,,S08000032,,S08000032,d,All Inpatients,d,1,,15131,43118,2.84964642125438,,8036,42102,5.23917371826779,
2019Q2,,S08000032,,S08000032,d,All Inpatients,d,1,,14396,42946,2.98318977493748,,7841,43090,5.49547251626068,
2019Q3,,S08000032,,S08000032,d,All Inpatients,d,1,,14603,44084,3.01883174690132,,7926,43990,5.55008831693162,
2019Q4,,S08000032,,S08000032,d,All Inpatients,d,1,,14822,44967,3.03380110646337,,7817,44494,5.69195343482154,
2020Q1,,S08000032,,S08000032,d,All Inpatients,d,1,,13957,45200,3.23851830622627,,7213,45971,6.37335366699016,
2020Q2,,S08000032,,S08000032,d,All Inpatients,d,1,,10408,29837,2.86673712528824,,5403,29199,5.40421987784564,
2020Q3,,S08000032,,S08000032,d,All Inpatients,d,1,,12119,36403,3.00379569271392,,6475,35865,5.53899613899614,
2020Q4,,S08000032,,S08000032,d,All Inpatients,d,1,,11801,39426,3.34090331327854,,6268,40092,6.3962986598596,
2021Q1,,S08000032,,S08000032,d,All Inpatients,d,1,,11652,40498,3.47562650188809,,6145,39644,6.45142392188771,
2021Q2,,S08000032,,S08000032,d,All Inpatients,d,1,,13190,41251,3.12744503411676,,7130,41099,5.76423562412342,
2021Q3,,S08000032,,S08000032,d,All Inpatients,d,1,,13251,41146,3.10512414157422,,6841,41250,6.02982020172489,
2021Q4,,S08000032,,S08000032,d,All Inpatients,d,1,,12899,43854,3.39979843398713,,6453,44147,6.84131411746475,
2022Q1,,S08000032,,S08000032,d,All Inpatients,d,1,,12322,41827,3.39449764648596,,6164,41254,6.69273199221285,
2022Q2,,S08000032,,S08000032,d,All Inpatients,d,1,,12725,43064,3.38420432220039,,6372,43467,6.82156308851224,
2022Q3,,S08000032,,S08000032,d,All Inpatients,d,1,,12649,43860,3.46746778401455,,6531,44367,6.79329352319706,
2022Q4,p,S08000032,,S08000032,d,All Inpatients,d,1,,12949,42801,3.30535176461503,,6601,43605,6.60581730040903,
2017Q4,,S08000032,,S08000032,d,All Inpatients,d,2,,11677,40177,3.44069538408838,,6527,39820,6.10081201164394,
2018Q1,,S08000032,,S08000032,d,All Inpatients,d,2,,11874,41147,3.46530234124979,,6524,40817,6.25643776824034,
2018Q2,,S08000032,,S08000032,d,All Inpatients,d,2,,11242,37002,3.29140722291407,,6378,37575,5.89134524929445,
2018Q3,,S08000032,,S08000032,d,All Inpatients,d,2,,11191,35661,3.18657850058082,,6414,35223,5.49158091674462,
2018Q4,,S08000032,,S08000032,d,All Inpatients,d,2,,11882,38934,3.27672109072547,,6536,38059,5.82298041615667,
2019Q1,,S08000032,,S08000032,d,All Inpatients,d,2,,11834,36170,3.05644752408315,,6544,36596,5.59229828850856,
2019Q2,,S08000032,,S08000032,d,All Inpatients,d,2,,12089,35956,2.9742741335098,,6646,35122,5.28468251579898,
2019Q3,,S08000032,,S08000032,d,All Inpatients,d,2,,12122,38651,3.18850024748391,,6749,38018,5.63313083419766,
2019Q4,,S08000032,,S08000032,d,All Inpatients,d,2,,12294,39665,3.22637058727835,,6632,39324,5.92943305186972,
2020Q1,,S08000032,,S08000032,d,All Inpatients,d,2,,11173,38906,3.48214445538351,,5975,40750,6.82008368200837,
2020Q2,,S08000032,,S08000032,d,All Inpatients,d,2,,8391,24511,2.92110594684781,,4369,25090,5.7427328908217,
2020Q3,,S08000032,,S08000032,d,All Inpatients,d,2,,10467,33641,3.21400592337824,,5606,33672,6.00642169104531,
2020Q4,,S08000032,,S08000032,d,All Inpatients,d,2,,9606,34697,3.6120133250052,,5173,33150,6.40827372897738,
2021Q1,,S08000032,,S08000032,d,All Inpatients,d,2,,9657,34101,3.53122087604846,,5179,35604,6.87468623286349,
2021Q2,,S08000032,,S08000032,d,All Inpatients,d,2,,11331,36341,3.20721913335098,,6166,35576,5.76970483295491,
2021Q3,,S08000032,,S08000032,d,All Inpatients,d,2,,11535,38354,3.32501083658431,,6060,38654,6.37854785478548,
2021Q4,,S08000032,,S08000032,d,All Inpatients,d,2,,10720,39234,3.65988805970149,,5419,39872,7.35781509503598,
2022Q1,,S08000032,,S08000032,d,All Inpatients,d,2,,10583,37595,3.55239535103468,,5228,36035,6.89269319051262,
2022Q2,,S08000032,,S08000032,d,All Inpatients,d,2,,11317,41770,3.69090748431563,,5798,42972,7.4115212142118,
2022Q3,,S08000032,,S08000032,d,All Inpatients,d,2,,10970,40080,3.65360072926162,,5737,39306,6.85131601882517,
2022Q4,p,S08000032,,S08000032,d,All Inpatients,d,2,,11023,40276,3.65381475097523,,5709,41118,7.20231213872832,
2017Q4,,S08000032,,S08000032,d,All Inpatients,d,3,,6786,20802,3.06542882404951,,3778,20944,5.5436739015352,
2018Q1,,S08000032,,S08000032,d,All Inpatients,d,3,,7233,22510,3.1121249827181,,3967,22248,5.60826821275523,
2018Q2,,S08000032,,S08000032,d,All Inpatients,d,3,,6649,21912,3.29553316288164,,3795,22272,5.86877470355731,
2018Q3,,S08000032,,S08000032,d,All Inpatients,d,3,,6610,20891,3.16051437216339,,3694,20572,5.56903086085544,
2018Q4,,S08000032,,S08000032,d,All Inpatients,d,3,,7278,22934,3.15114042319318,,3976,22936,5.76861167002012,
2019Q1,,S08000032,,S08000032,d,All Inpatients,d,3,,7378,22399,3.03591759284359,,4067,22852,5.61888369805754,
2019Q2,,S08000032,,S08000032,d,All Inpatients,d,3,,7072,21213,2.9995757918552,,3872,20770,5.36415289256198,
2019Q3,,S08000032,,S08000032,d,All Inpatients,d,3,,7171,21714,3.02802956351973,,3950,21773,5.51215189873418,
2019Q4,,S08000032,,S08000032,d,All Inpatients,d,3,,7653,24402,3.18855350842807,,4119,24387,5.92061179898034,
2020Q1,,S08000032,,S08000032,d,All Inpatients,d,3,,7000,23870,3.41,,3730,23711,6.356836461126,
2020Q2,,S08000032,,S08000032,d,All Inpatients,d,3,,5127,16037,3.12795006826604,,2565,15550,6.06237816764133,
2020Q3,,S08000032,,S08000032,d,All Inpatients,d,3,,6111,18464,3.02143675339552,,3171,18067,5.69757174392936,
2020Q4,,S08000032,,S08000032,d,All Inpatients,d,3,,6212,21611,3.47891178364456,,3205,21547,6.72293291731669,
2021Q1,,S08000032,,S08000032,d,All Inpatients,d,3,,5810,20309,3.49552495697074,,3066,20077,6.54827136333986,
2021Q2,,S08000032,,S08000032,d,All Inpatients,d,3,,6347,20436,3.21978887663463,,3487,20604,5.90880412962432,
2021Q3,,S08000032,,S08000032,d,All Inpatients,d,3,,6469,21520,3.32663471943113,,3422,20500,5.9906487434249,
2021Q4,,S08000032,,S08000032,d,All Inpatients,d,3,,6463,21891,3.38712672133684,,3266,21865,6.69473361910594,
2022Q1,,S08000032,,S08000032,d,All Inpatients,d,3,,6192,25134,4.05910852713178,,3149,24477,7.7729437916799,
2022Q2,,S08000032,,S08000032,d,All Inpatients,d,3,,6405,22481,3.50991412958626,,3278,22889,6.98261134838316,
2022Q3,,S08000032,,S08000032,d,All Inpatients,d,3,,6593,25720,3.90110723494616,,3520,25656,7.28863636363636,
2022Q4,p,S08000032,,S08000032,d,All Inpatients,d,3,,6417,24101,3.7558048932523,,3480,23998,6.89597701149425,
2017Q4,,S08000032,,S08000032,d,All Inpatients,d,4,,5155,16540,3.20853540252182,,3056,16389,5.36289267015707,
2018Q1,,S08000032,,S08000032,d,All Inpatients,d,4,,5303,16287,3.07128040731661,,3025,16118,5.32826446280992,
2018Q2,,S08000032,,S08000032,d,All Inpatients,d,4,,5155,16664,3.23258971871969,,3067,16636,5.42419302249755,
2018Q3,,S08000032,,S08000032,d,All Inpatients,d,4,,5264,18774,3.56648936170213,,3096,18738,6.05232558139535,
2018Q4,,S08000032,,S08000032,d,All Inpatients,d,4,,5652,17997,3.18418259023355,,3205,17988,5.61248049921997,
2019Q1,,S08000032,,S08000032,d,All Inpatients,d,4,,5766,16289,2.82500867152272,,3304,16385,4.95914043583535,
2019Q2,,S08000032,,S08000032,d,All Inpatients,d,4,,5471,15608,2.85286053737891,,3227,15096,4.67802912922219,
2019Q3,,S08000032,,S08000032,d,All Inpatients,d,4,,5384,16646,3.09175334323923,,3106,16461,5.29974243399871,
2019Q4,,S08000032,,S08000032,d,All Inpatients,d,4,,5490,16167,2.9448087431694,,3175,16070,5.06141732283465,
2020Q1,,S08000032,,S08000032,d,All Inpatients,d,4,,5200,16039,3.08442307692308,,2919,15989,5.47756080849606,
2020Q2,,S08000032,,S08000032,d,All Inpatients,d,4,,3736,11612,3.10813704496788,,1986,11164,5.62134944612286,
2020Q3,,S08000032,,S08000032,d,All Inpatients,d,4,,4779,14076,2.94538606403013,,2662,13579,5.10105184072126,
2020Q4,,S08000032,,S08000032,d,All Inpatients,d,4,,4502,16111,3.5786317192359,,2476,15622,6.30936995153473,
2021Q1,,S08000032,,S08000032,d,All Inpatients,d,4,,4350,15972,3.67172413793103,,2407,15477,6.42999584545077,
2021Q2,,S08000032,,S08000032,d,All Inpatients,d,4,,5015,15475,3.08574277168495,,2919,15663,5.36587872559096,
2021Q3,,S08000032,,S08000032,d,All Inpatients,d,4,,5057,15630,3.09076527585525,,2780,14812,5.32805755395683,
2021Q4,,S08000032,,S08000032,d,All Inpatients,d,4,,5153,17544,3.40461866873666,,2778,17383,6.25737940964723,
2022Q1,,S08000032,,S08000032,d,All Inpatients,d,4,,4770,15465,3.24213836477987,,2572,15118,5.87791601866252,
2022Q2,,S08000032,,S08000032,d,All Inpatients,d,4,,5103,17101,3.35116598079561,,2735,16629,6.0800731261426,
2022Q3,,S08000032,,S08000032,d,All Inpatients,d,4,,5369,17203,3.20413484820264,,2918,16923,5.79952021932831,
2022Q4,p,S08000032,,S08000032,d,All Inpatients,d,4,,5195,18694,3.59846005774783,,2876,18775,6.52816411682893,
2017Q4,,S08000032,,S08000032,d,All Inpatients,d,5,,3422,11400,3.33138515488019,,2043,11178,5.47136563876652,
2018Q1,,S08000032,,S08000032,d,All Inpatients,d,5,,4063,13376,3.29214865862663,,2288,13080,5.71678321678322,
2018Q2,,S08000032,,S08000032,d,All Inpatients,d,5,,3670,12046,3.28228882833787,,2191,11489,5.24372432679142,
2018Q3,,S08000032,,S08000032,d,All Inpatients,d,5,,3613,10330,2.85911984500415,,2144,10580,4.93470149253731,
2018Q4,,S08000032,,S08000032,d,All Inpatients,d,5,,3868,12083,3.12383660806618,,2249,11629,5.17074255224544,
2019Q1,,S08000032,,S08000032,d,All Inpatients,d,5,,4057,12900,3.179689425684,,2354,12601,5.35301614273577,
2019Q2,,S08000032,,S08000032,d,All Inpatients,d,5,,3923,12357,3.14988529186847,,2190,12345,5.63698630136986,
2019Q3,,S08000032,,S08000032,d,All Inpatients,d,5,,3871,12497,3.22836476362697,,2183,11910,5.45579477782868,
2019Q4,,S08000032,,S08000032,d,All Inpatients,d,5,,4015,13133,3.27098381070984,,2291,13384,5.84199039720646,
2020Q1,,S08000032,,S08000032,d,All Inpatients,d,5,,3575,12861,3.59748251748252,,1958,12735,6.50408580183861,
2020Q2,,S08000032,,S08000032,d,All Inpatients,d,5,,2590,7191,2.77644787644788,,1319,7405,5.61410159211524,
2020Q3,,S08000032,,S08000032,d,All Inpatients,d,5,,3229,10034,3.10746361102509,,1777,9512,5.35284186831739,
2020Q4,,S08000032,,S08000032,d,All Inpatients,d,5,,3256,10907,3.34981572481572,,1753,10760,6.13804905875642,
2021Q1,,S08000032,,S08000032,d,All Inpatients,d,5,,3249,10506,3.23361034164358,,1754,10441,5.95267958950969,
2021Q2,,S08000032,,S08000032,d,All Inpatients,d,5,,3470,11229,3.23602305475504,,1975,11129,5.63493670886076,
2021Q3,,S08000032,,S08000032,d,All Inpatients,d,5,,3581,12064,3.36889137112538,,1895,11037,5.82427440633245,
2021Q4,,S08000032,,S08000032,d,All Inpatients,d,5,,3614,12640,3.49750968456004,,1888,12001,6.35646186440678,
2022Q1,,S08000032,,S08000032,d,All Inpatients,d,5,,3520,12595,3.578125,,1823,13028,7.14646187602852,
2022Q2,,S08000032,,S08000032,d,All Inpatients,d,5,,3508,15335,4.37143671607754,,1885,14671,7.78302387267905,
2022Q3,,S08000032,,S08000032,d,All Inpatients,d,5,,3572,12767,3.57418812989922,,1940,12059,6.2159793814433,
2022Q4,p,S08000032,,S08000032,d,All Inpatients,d,5,,3520,14904,4.23409090909091,,1944,14618,7.51954732510288,
2022Q4,p,S08000032,,S08000032,d,All Inpatients,d,,:,5,0,0,,0,0,,z
2017Q4,,S08000032,,S12000050,,All Inpatients,d,1,,9411,26327,2.79747104452237,,4897,25871,5.28303042679191,
2018Q1,,S08000032,,S12000050,,All Inpatients,d,1,,9072,25886,2.8533950617284,,4895,25404,5.18978549540347,
2018Q2,,S08000032,,S12000050,,All Inpatients,d,1,,8622,24814,2.877986546045,,4646,25396,5.46620749031425,
2018Q3,,S08000032,,S12000050,,All Inpatients,d,1,,8846,24878,2.81234456251413,,4714,24143,5.12155282138311,
2018Q4,,S08000032,,S12000050,,All Inpatients,d,1,,8967,25688,2.8647262183562,,4833,25679,5.31326298365405,
2019Q1,,S08000032,,S12000050,,All Inpatients,d,1,,9815,25503,2.59836984207845,,5100,24916,4.88549019607843,
2019Q2,,S08000032,,S12000050,,All Inpatients,d,1,,9418,26992,2.86600127415587,,5045,27014,5.35460852329039,
2019Q3,,S08000032,,S12000050,,All Inpatients,d,1,,9615,27045,2.81279251170047,,5116,27182,5.31313526192338,
2019Q4,,S08000032,,S12000050,,All Inpatients,d,1,,9436,25966,2.75180161085206,,4963,25409,5.11968567398751,
2020Q1,,S08000032,,S12000050,,All Inpatients,d,1,,9056,27345,3.01954505300353,,4659,28294,6.07297703369822,
2020Q2,,S08000032,,S12000050,,All Inpatients,d,1,,6617,18323,2.7690796433429,,3504,17128,4.88812785388128,
2020Q3,,S08000032,,S12000050,,All Inpatients,d,1,,7657,21877,2.85712420007836,,4193,21462,5.11853088480801,
2020Q4,,S08000032,,S12000050,,All Inpatients,d,1,,7381,23913,3.23980490448449,,4073,24972,6.13110729192242,
2021Q1,,S08000032,,S12000050,,All Inpatients,d,1,,7208,25182,3.49361820199778,,4000,24734,6.1835,
2021Q2,,S08000032,,S12000050,,All Inpatients,d,1,,8483,26079,3.07426617941766,,4723,25608,5.42197755663773,
2021Q3,,S08000032,,S12000050,,All Inpatients,d,1,,8544,25446,2.97823033707865,,4497,25671,5.70847231487658,
2021Q4,,S08000032,,S12000050,,All Inpatients,d,1,,8158,26094,3.19857808286345,,4125,26133,6.33527272727273,
2022Q1,,S08000032,,S12000050,,All Inpatients,d,1,,7904,24502,3.09994939271255,,4024,24241,6.02410536779324,
2022Q2,,S08000032,,S12000050,,All Inpatients,d,1,,8354,26478,3.16949964089059,,4214,26182,6.21309919316564,
2022Q3,,S08000032,,S12000050,,All Inpatients,d,1,,8464,27054,3.19636105860113,,4311,27938,6.4806309440965,
2022Q4,p,S08000032,,S12000050,,All Inpatients,d,1,,8378,25242,3.01289090475054,,4304,25823,5.99976765799256,
2017Q4,,S08000032,,S12000050,,All Inpatients,d,2,,6638,22185,3.34212112081952,,3484,21624,6.20665901262916,
2018Q1,,S08000032,,S12000050,,All Inpatients,d,2,,6611,22649,3.42595673876872,,3493,22817,6.53220727168623,
2018Q2,,S08000032,,S12000050,,All Inpatients,d,2,,6257,19340,3.09093814927281,,3454,19949,5.77562246670527,
2018Q3,,S08000032,,S12000050,,All Inpatients,d,2,,6257,19140,3.05897394917692,,3463,18878,5.45134276638753,
2018Q4,,S08000032,,S12000050,,All Inpatients,d,2,,6794,20629,3.03635560788931,,3637,20636,5.6739070662634,
2019Q1,,S08000032,,S12000050,,All Inpatients,d,2,,6520,19523,2.99432515337423,,3537,19822,5.60418433700876,
2019Q2,,S08000032,,S12000050,,All Inpatients,d,2,,6889,19900,2.88866308607926,,3678,19189,5.21723762914628,
2019Q3,,S08000032,,S12000050,,All Inpatients,d,2,,6837,21491,3.14333772122276,,3670,20907,5.69673024523161,
2019Q4,,S08000032,,S12000050,,All Inpatients,d,2,,6822,20660,3.02843740838464,,3650,20214,5.53808219178082,
2020Q1,,S08000032,,S12000050,,All Inpatients,d,2,,6556,20759,3.16641244661379,,3444,21173,6.14779326364692,
2020Q2,,S08000032,,S12000050,,All Inpatients,d,2,,4643,13282,2.86065044152488,,2480,13440,5.41935483870968,
2020Q3,,S08000032,,S12000050,,All Inpatients,d,2,,5707,17536,3.07271771508674,,3091,17522,5.668715626011,
2020Q4,,S08000032,,S12000050,,All Inpatients,d,2,,5357,19594,3.65764420384544,,2906,18408,6.3344803854095,
2021Q1,,S08000032,,S12000050,,All Inpatients,d,2,,5328,18899,3.54710960960961,,2914,19271,6.61324639670556,
2021Q2,,S08000032,,S12000050,,All Inpatients,d,2,,6232,19641,3.15163671373556,,3422,19109,5.58416130917592,
2021Q3,,S08000032,,S12000050,,All Inpatients,d,2,,6545,20886,3.19113827349121,,3458,21261,6.14835164835165,
2021Q4,,S08000032,,S12000050,,All Inpatients,d,2,,5924,21513,3.63149898717083,,3041,21968,7.22393949358764,
2022Q1,,S08000032,,S12000050,,All Inpatients,d,2,,5907,20304,3.43727780599289,,2927,19948,6.81516911513495,
2022Q2,,S08000032,,S12000050,,All Inpatients,d,2,,6429,22875,3.55809612692487,,3264,24124,7.39093137254902,
2022Q3,,S08000032,,S12000050,,All Inpatients,d,2,,6214,21426,3.44802059864821,,3195,20503,6.41721439749609,
2022Q4,p,S08000032,,S12000050,,All Inpatients,d,2,,6503,22259,3.42288174688605,,3292,22969,6.97721749696233,
2017Q4,,S08000032,,S12000050,,All Inpatients,d,3,,3097,8061,2.60284145947691,,1633,8363,5.12124923453766,
2018Q1,,S08000032,,S12000050,,All Inpatients,d,3,,3188,9291,2.91436637390213,,1660,9112,5.48915662650602,
2018Q2,,S08000032,,S12000050,,All Inpatients,d,3,,2836,8353,2.94534555712271,,1544,8878,5.75,
2018Q3,,S08000032,,S12000050,,All Inpatients,d,3,,2953,8601,2.91263122248561,,1573,8530,5.4227590591227,
2018Q4,,S08000032,,S12000050,,All Inpatients,d,3,,3350,10052,3.00059701492537,,1688,10237,6.06457345971564,
2019Q1,,S08000032,,S12000050,,All Inpatients,d,3,,3313,8682,2.62058557198913,,1750,8796,5.02628571428571,
2019Q2,,S08000032,,S12000050,,All Inpatients,d,3,,3194,8591,2.68973074514715,,1675,8736,5.2155223880597,
2019Q3,,S08000032,,S12000050,,All Inpatients,d,3,,3245,8545,2.63328197226502,,1723,8403,4.87695879280325,
2019Q4,,S08000032,,S12000050,,All Inpatients,d,3,,3418,10532,3.08133411351668,,1791,10679,5.96259073143495,
2020Q1,,S08000032,,S12000050,,All Inpatients,d,3,,3191,9641,3.02130993418991,,1633,9913,6.07042253521127,
2020Q2,,S08000032,,S12000050,,All Inpatients,d,3,,2181,6120,2.8060522696011,,1101,6006,5.4550408719346,
2020Q3,,S08000032,,S12000050,,All Inpatients,d,3,,2562,7196,2.8087431693989098,,1315,6859,5.21596958174905,
2020Q4,,S08000032,,S12000050,,All Inpatients,d,3,,2646,8615,3.25585789871504,,1412,8740,6.18980169971671,
2021Q1,,S08000032,,S12000050,,All Inpatients,d,3,,2476,8104,3.27302100161551,,1350,7934,5.87703703703704,
2021Q2,,S08000032,,S12000050,,All Inpatients,d,3,,2810,8251,2.93629893238434,,1565,8539,5.45623003194888,
2021Q3,,S08000032,,S12000050,,All Inpatients,d,3,,2880,8969,3.11423611111111,,1520,8385,5.51644736842105,
2021Q4,,S08000032,,S12000050,,All Inpatients,d,3,,2877,9214,3.20264164059784,,1477,9516,6.4427894380501,
2022Q1,,S08000032,,S12000050,,All Inpatients,d,3,,2605,9928,3.81113243761996,,1381,9790,7.08906589427951,
2022Q2,,S08000032,,S12000050,,All Inpatients,d,3,,2819,9138,3.24157502660518,,1494,9408,6.29718875502008,
2022Q3,,S08000032,,S12000050,,All Inpatients,d,3,,2952,10303,3.49017615176152,,1565,10094,6.44984025559105,
2022Q4,p,S08000032,,S12000050,,All Inpatients,d,3,,2972,9770,3.28734858681023,,1557,9814,6.30314707771355,
2017Q4,,S08000032,,S12000050,,All Inpatients,d,4,,2530,7659,3.02727272727273,,1413,7566,5.3545647558386396,
2018Q1,,S08000032,,S12000050,,All Inpatients,d,4,,2502,7754,3.09912070343725,,1376,7715,5.60683139534884,
2018Q2,,S08000032,,S12000050,,All Inpatients,d,4,,2388,7503,3.14195979899498,,1419,7564,5.33051444679352,
2018Q3,,S08000032,,S12000050,,All Inpatients,d,4,,2489,7020,2.82040980313379,,1394,6710,4.81348637015782,
2018Q4,,S08000032,,S12000050,,All Inpatients,d,4,,2692,8222,3.05423476968796,,1481,8213,5.5455773126266,
2019Q1,,S08000032,,S12000050,,All Inpatients,d,4,,2685,6900,2.56983240223464,,1512,6966,4.60714285714286,
2019Q2,,S08000032,,S12000050,,All Inpatients,d,4,,2613,7033,2.69154228855721,,1481,6973,4.7083051991897404,
2019Q3,,S08000032,,S12000050,,All Inpatients,d,4,,2684,7413,2.76192250372578,,1464,7189,4.91051912568306,
2019Q4,,S08000032,,S12000050,,All Inpatients,d,4,,2744,7132,2.59912536443149,,1539,7598,4.93697205977908,
2020Q1,,S08000032,,S12000050,,All Inpatients,d,4,,2535,7485,2.95266272189349,,1386,7255,5.23448773448773,
2020Q2,,S08000032,,S12000050,,All Inpatients,d,4,,1733,5109,2.94806693594922,,930,4815,5.17741935483871,
2020Q3,,S08000032,,S12000050,,All Inpatients,d,4,,2208,6623,2.99954710144928,,1223,6247,5.107931316435,
2020Q4,,S08000032,,S12000050,,All Inpatients,d,4,,2059,7449,3.61777561923264,,1155,7975,6.9047619047619,
2021Q1,,S08000032,,S12000050,,All Inpatients,d,4,,2025,7492,3.69975308641975,,1118,7093,6.34436493738819,
2021Q2,,S08000032,,S12000050,,All Inpatients,d,4,,2342,6953,2.96883005977797,,1377,7269,5.27886710239651,
2021Q3,,S08000032,,S12000050,,All Inpatients,d,4,,2333,7004,3.00214316330904,,1359,6810,5.01103752759382,
2021Q4,,S08000032,,S12000050,,All Inpatients,d,4,,2535,7773,3.06627218934911,,1360,7558,5.55735294117647,
2022Q1,,S08000032,,S12000050,,All Inpatients,d,4,,2232,7173,3.21370967741935,,1208,7126,5.89900662251656,
2022Q2,,S08000032,,S12000050,,All Inpatients,d,4,,2374,7341,3.09224936815501,,1304,7010,5.37576687116564,
2022Q3,,S08000032,,S12000050,,All Inpatients,d,4,,2689,7939,2.95239866121235,,1442,7815,5.41955617198336,
2022Q4,p,S08000032,,S12000050,,All Inpatients,d,4,,2723,9179,3.37091443261109,,1468,8403,5.72411444141689,
2017Q4,,S08000032,,S12000050,,All Inpatients,d,5,,1372,4087,2.97886297376093,,801,4112,5.13358302122347,
2018Q1,,S08000032,,S12000050,,All Inpatients,d,5,,1560,4882,3.12948717948718,,871,4712,5.40987370838117,
2018Q2,,S08000032,,S12000050,,All Inpatients,d,5,,1363,3990,2.92736610418195,,810,3650,4.50617283950617,
2018Q3,,S08000032,,S12000050,,All Inpatients,d,5,,1332,3308,2.48348348348348,,768,3283,4.27473958333333,
2018Q4,,S08000032,,S12000050,,All Inpatients,d,5,,1520,4336,2.85263157894737,,867,3960,4.56747404844291,
2019Q1,,S08000032,,S12000050,,All Inpatients,d,5,,1592,4862,3.05402010050251,,912,4520,4.95614035087719,
2019Q2,,S08000032,,S12000050,,All Inpatients,d,5,,1469,4748,3.23213070115725,,840,5082,6.05,
2019Q3,,S08000032,,S12000050,,All Inpatients,d,5,,1526,4547,2.97968545216252,,864,4062,4.70138888888889,
2019Q4,,S08000032,,S12000050,,All Inpatients,d,5,,1635,5263,3.21896024464832,,942,5416,5.74946921443737,
2020Q1,,S08000032,,S12000050,,All Inpatients,d,5,,1340,4192,3.12835820895522,,745,4089,5.48859060402685,
2020Q2,,S08000032,,S12000050,,All Inpatients,d,5,,1060,2565,2.41981132075472,,578,2385,4.12629757785467,
2020Q3,,S08000032,,S12000050,,All Inpatients,d,5,,1192,3917,3.28607382550336,,716,3741,5.22486033519553,
2020Q4,,S08000032,,S12000050,,All Inpatients,d,5,,1155,3598,3.11515151515152,,656,3223,4.91310975609756,
2021Q1,,S08000032,,S12000050,,All Inpatients,d,5,,1276,4147,3.25,,721,3962,5.49514563106796,
2021Q2,,S08000032,,S12000050,,All Inpatients,d,5,,1331,4213,3.16528925619835,,813,4392,5.40221402214022,
2021Q3,,S08000032,,S12000050,,All Inpatients,d,5,,1487,4523,3.04169468728985,,809,3897,4.81705809641533,
2021Q4,,S08000032,,S12000050,,All Inpatients,d,5,,1348,4650,3.44955489614243,,759,4326,5.699604743083,
2022Q1,,S08000032,,S12000050,,All Inpatients,d,5,,1360,3894,2.86323529411765,,738,3844,5.20867208672087,
2022Q2,,S08000032,,S12000050,,All Inpatients,d,5,,1423,6287,4.4181307097681,,793,5697,7.18411097099622,
2022Q3,,S08000032,,S12000050,,All Inpatients,d,5,,1401,4595,3.27980014275518,,788,4431,5.62309644670051,
2022Q4,p,S08000032,,S12000050,,All Inpatients,d,5,,1362,5225,3.83627019089574,,787,4302,5.46632782719187,
2022Q4,p,S08000032,,S12000050,,All Inpatients,d,,:,5,0,0,,0,0,,z
2017Q4,,S08000032,,S12000029,,All Inpatients,d,1,,4845,18491,3.81651186790506,,2849,18295,6.42155142155142,
2018Q1,,S08000032,,S12000029,,All Inpatients,d,1,,4921,17559,3.56817719975615,,2747,17942,6.53148889697852,
2018Q2,,S08000032,,S12000029,,All Inpatients,d,1,,4970,16463,3.31247484909457,,2856,16002,5.60294117647059,
2018Q3,,S08000032,,S12000029,,All Inpatients,d,1,,4795,16808,3.50531803962461,,2815,16976,6.03055062166963,
2018Q4,,S08000032,,S12000029,,All Inpatients,d,1,,5163,16921,3.27735812512105,,2786,17145,6.15398420674803,
2019Q1,,S08000032,,S12000029,,All Inpatients,d,1,,5316,17615,3.31358164033108,,2936,17186,5.85354223433243,
2019Q2,,S08000032,,S12000029,,All Inpatients,d,1,,4978,15954,3.20490156689434,,2796,16076,5.74964234620887,
2019Q3,,S08000032,,S12000029,,All Inpatients,d,1,,4988,17039,3.41599839615076,,2810,16808,5.98149466192171,
2019Q4,,S08000032,,S12000029,,All Inpatients,d,1,,5386,19001,3.52784998143335,,2854,19085,6.68710581639804,
2020Q1,,S08000032,,S12000029,,All Inpatients,d,1,,4901,17855,3.64313405427464,,2554,17677,6.92129992169146,
2020Q2,,S08000032,,S12000029,,All Inpatients,d,1,,3791,11514,3.03719335267739,,1899,12071,6.35650342285413,
2020Q3,,S08000032,,S12000029,,All Inpatients,d,1,,4462,14526,3.25549081129538,,2282,14403,6.31156879929886,
2020Q4,,S08000032,,S12000029,,All Inpatients,d,1,,4420,15513,3.50972850678733,,2195,15120,6.88838268792711,
2021Q1,,S08000032,,S12000029,,All Inpatients,d,1,,4444,15316,3.44644464446445,,2145,14910,6.95104895104895,
2021Q2,,S08000032,,S12000029,,All Inpatients,d,1,,4707,15172,3.22328446993839,,2407,15491,6.43581221437474,
2021Q3,,S08000032,,S12000029,,All Inpatients,d,1,,4707,15700,3.33545782876567,,2344,15579,6.64633105802048,
2021Q4,,S08000032,,S12000029,,All Inpatients,d,1,,4741,17760,3.74604513815651,,2328,18014,7.73797250859107,
2022Q1,,S08000032,,S12000029,,All Inpatients,d,1,,4418,17325,3.92145767315527,,2140,17013,7.95,
2022Q2,,S08000032,,S12000029,,All Inpatients,d,1,,4371,16586,3.79455502173416,,2158,17285,8.0097312326228,
2022Q3,,S08000032,,S12000029,,All Inpatients,d,1,,4185,16806,4.015770609319,,2220,16429,7.40045045045045,
2022Q4,p,S08000032,,S12000029,,All Inpatients,d,1,,4571,17559,3.84139138044192,,2297,17782,7.74140182847192,
2017Q4,,S08000032,,S12000029,,All Inpatients,d,2,,5039,17992,3.57054971224449,,3043,18196,5.97962536970095,
2018Q1,,S08000032,,S12000029,,All Inpatients,d,2,,5263,18498,3.51472544176325,,3031,18000,5.93863411415374,
2018Q2,,S08000032,,S12000029,,All Inpatients,d,2,,4985,17662,3.54302908726179,,2924,17626,6.0280437756498,
2018Q3,,S08000032,,S12000029,,All Inpatients,d,2,,4934,16521,3.34839886501824,,2951,16345,5.53880040664182,
2018Q4,,S08000032,,S12000029,,All Inpatients,d,2,,5088,18305,3.59768081761006,,2899,17423,6.01000344946533,
2019Q1,,S08000032,,S12000029,,All Inpatients,d,2,,5314,16647,3.1326684230335,,3007,16774,5.5783172597273,
2019Q2,,S08000032,,S12000029,,All Inpatients,d,2,,5200,16056,3.08769230769231,,2968,15933,5.36826145552561,
2019Q3,,S08000032,,S12000029,,All Inpatients,d,2,,5285,17160,3.24692526017029,,3079,17111,5.55732380643066,
2019Q4,,S08000032,,S12000029,,All Inpatients,d,2,,5472,19005,3.47313596491228,,2982,19110,6.40845070422535,
2020Q1,,S08000032,,S12000029,,All Inpatients,d,2,,4617,18147,3.93047433398311,,2531,19577,7.73488739628605,
2020Q2,,S08000032,,S12000029,,All Inpatients,d,2,,3748,11229,2.99599786552828,,1889,11650,6.16728427739545,
2020Q3,,S08000032,,S12000029,,All Inpatients,d,2,,4760,16105,3.38340336134454,,2515,16150,6.42147117296223,
2020Q4,,S08000032,,S12000029,,All Inpatients,d,2,,4249,15103,3.55448340786067,,2267,14742,6.50286722540803,
2021Q1,,S08000032,,S12000029,,All Inpatients,d,2,,4329,15202,3.51166551166551,,2265,16333,7.21103752759382,
2021Q2,,S08000032,,S12000029,,All Inpatients,d,2,,5099,16700,3.27515199058639,,2744,16467,6.00109329446064,
2021Q3,,S08000032,,S12000029,,All Inpatients,d,2,,4990,17468,3.50060120240481,,2602,17393,6.68447348193697,
2021Q4,,S08000032,,S12000029,,All Inpatients,d,2,,4796,17721,3.69495412844037,,2378,17904,7.52901597981497,
2022Q1,,S08000032,,S12000029,,All Inpatients,d,2,,4676,17291,3.69781864841745,,2301,16087,6.99130812690135,
2022Q2,,S08000032,,S12000029,,All Inpatients,d,2,,4888,18895,3.86558919803601,,2534,18848,7.43804262036306,
2022Q3,,S08000032,,S12000029,,All Inpatients,d,2,,4756,18654,3.92220353238015,,2542,18803,7.39693154996066,
2022Q4,p,S08000032,,S12000029,,All Inpatients,d,2,,4520,18017,3.98606194690265,,2417,18149,7.50889532478279,
2017Q4,,S08000032,,S12000029,,All Inpatients,d,3,,3689,12741,3.45378151260504,,2145,12581,5.86526806526807,
2018Q1,,S08000032,,S12000029,,All Inpatients,d,3,,4045,13219,3.26798516687268,,2307,13136,5.6939748591244,
2018Q2,,S08000032,,S12000029,,All Inpatients,d,3,,3813,13559,3.55599265670076,,2251,13394,5.95024433585073,
2018Q3,,S08000032,,S12000029,,All Inpatients,d,3,,3657,12290,3.36067815149029,,2121,12042,5.67751060820368,
2018Q4,,S08000032,,S12000029,,All Inpatients,d,3,,3928,12882,3.27953156822811,,2288,12699,5.55026223776224,
2019Q1,,S08000032,,S12000029,,All Inpatients,d,3,,4065,13717,3.37441574415744,,2317,14056,6.06646525679758,
2019Q2,,S08000032,,S12000029,,All Inpatients,d,3,,3878,12622,3.25477050025787,,2197,12034,5.47746927628584,
2019Q3,,S08000032,,S12000029,,All Inpatients,d,3,,3926,13169,3.35430463576159,,2227,13370,6.0035922766053,
2019Q4,,S08000032,,S12000029,,All Inpatients,d,3,,4235,13870,3.27508854781582,,2328,13708,5.88831615120275,
2020Q1,,S08000032,,S12000029,,All Inpatients,d,3,,3809,14229,3.73562614859543,,2097,13798,6.57987601335241,
2020Q2,,S08000032,,S12000029,,All Inpatients,d,3,,2946,9917,3.36625933469111,,1464,9544,6.51912568306011,
2020Q3,,S08000032,,S12000029,,All Inpatients,d,3,,3549,11268,3.17497886728656,,1856,11208,6.03879310344828,
2020Q4,,S08000032,,S12000029,,All Inpatients,d,3,,3566,12996,3.64441951766685,,1793,12807,7.14277746793084,
2021Q1,,S08000032,,S12000029,,All Inpatients,d,3,,3334,12205,3.66076784643071,,1716,12143,7.07634032634033,
2021Q2,,S08000032,,S12000029,,All Inpatients,d,3,,3537,12185,3.44500989539157,,1922,12065,6.27731529656608,
2021Q3,,S08000032,,S12000029,,All Inpatients,d,3,,3589,12551,3.49707439398161,,1902,12115,6.36961093585699,
2021Q4,,S08000032,,S12000029,,All Inpatients,d,3,,3586,12677,3.53513664249861,,1789,12349,6.90273896031302,
2022Q1,,S08000032,,S12000029,,All Inpatients,d,3,,3587,15206,4.2391971006412,,1768,14687,8.30712669683258,
2022Q2,,S08000032,,S12000029,,All Inpatients,d,3,,3586,13343,3.72085889570552,,1784,13481,7.55661434977578,
2022Q3,,S08000032,,S12000029,,All Inpatients,d,3,,3641,15417,4.23427629772041,,1955,15562,7.96010230179028,
2022Q4,p,S08000032,,S12000029,,All Inpatients,d,3,,3445,14331,4.15994194484761,,1923,14184,7.37597503900156,
2017Q4,,S08000032,,S12000029,,All Inpatients,d,4,,2625,8881,3.3832380952381,,1643,8823,5.3700547778454,
2018Q1,,S08000032,,S12000029,,All Inpatients,d,4,,2801,8533,3.04641199571582,,1649,8403,5.09581564584597,
2018Q2,,S08000032,,S12000029,,All Inpatients,d,4,,2767,9161,3.31080592699675,,1648,9072,5.50485436893204,
2018Q3,,S08000032,,S12000029,,All Inpatients,d,4,,2775,11754,4.23567567567568,,1702,12028,7.06698002350176,
2018Q4,,S08000032,,S12000029,,All Inpatients,d,4,,2960,9775,3.30236486486486,,1724,9775,5.6699535962877,
2019Q1,,S08000032,,S12000029,,All Inpatients,d,4,,3081,9389,3.04738721194417,,1792,9419,5.25613839285714,
2019Q2,,S08000032,,S12000029,,All Inpatients,d,4,,2858,8575,3.00034989503149,,1746,8123,4.65234822451317,
2019Q3,,S08000032,,S12000029,,All Inpatients,d,4,,2700,9233,3.41962962962963,,1642,9272,5.64677222898904,
2019Q4,,S08000032,,S12000029,,All Inpatients,d,4,,2746,9035,3.29024034959942,,1636,8472,5.17848410757946,
2020Q1,,S08000032,,S12000029,,All Inpatients,d,4,,2665,8554,3.20975609756098,,1533,8734,5.69732550554468,
2020Q2,,S08000032,,S12000029,,All Inpatients,d,4,,2003,6503,3.24663005491762,,1056,6349,6.01231060606061,
2020Q3,,S08000032,,S12000029,,All Inpatients,d,4,,2571,7453,2.89887203422793,,1439,7332,5.09520500347463,
2020Q4,,S08000032,,S12000029,,All Inpatients,d,4,,2443,8662,3.54564060581253,,1321,7647,5.7887963663891,
2021Q1,,S08000032,,S12000029,,All Inpatients,d,4,,2325,8480,3.64731182795699,,1289,8384,6.50426687354538,
2021Q2,,S08000032,,S12000029,,All Inpatients,d,4,,2673,8522,3.18817807706697,,1542,8394,5.44357976653697,
2021Q3,,S08000032,,S12000029,,All Inpatients,d,4,,2724,8626,3.16666666666667,,1421,8002,5.63124560168895,
2021Q4,,S08000032,,S12000029,,All Inpatients,d,4,,2618,9771,3.73223834988541,,1418,9825,6.92877291960508,
2022Q1,,S08000032,,S12000029,,All Inpatients,d,4,,2538,8292,3.26713947990544,,1364,7992,5.85923753665689,
2022Q2,,S08000032,,S12000029,,All Inpatients,d,4,,2729,9760,3.5764016123122,,1431,9619,6.72187281621244,
2022Q3,,S08000032,,S12000029,,All Inpatients,d,4,,2680,9264,3.45671641791045,,1476,9108,6.17073170731707,
2022Q4,p,S08000032,,S12000029,,All Inpatients,d,4,,2472,9515,3.84911003236246,,1408,10372,7.36647727272727,
2017Q4,,S08000032,,S12000029,,All Inpatients,d,5,,2050,7313,3.56731707317073,,1242,7066,5.68921095008052,
2018Q1,,S08000032,,S12000029,,All Inpatients,d,5,,2503,8494,3.39352776667998,,1417,8368,5.90543401552576,
2018Q2,,S08000032,,S12000029,,All Inpatients,d,5,,2307,8056,3.49198092761162,,1381,7839,5.67632150615496,
2018Q3,,S08000032,,S12000029,,All Inpatients,d,5,,2281,7022,3.07847435335379,,1376,7297,5.3030523255814,
2018Q4,,S08000032,,S12000029,,All Inpatients,d,5,,2348,7747,3.29940374787053,,1382,7669,5.54920405209841,
2019Q1,,S08000032,,S12000029,,All Inpatients,d,5,,2465,8038,3.26085192697769,,1442,8081,5.60402219140083,
2019Q2,,S08000032,,S12000029,,All Inpatients,d,5,,2454,7609,3.10065199674002,,1350,7263,5.38,
2019Q3,,S08000032,,S12000029,,All Inpatients,d,5,,2345,7950,3.39019189765458,,1319,7848,5.94996209249431,
2019Q4,,S08000032,,S12000029,,All Inpatients,d,5,,2380,7870,3.30672268907563,,1349,7968,5.90659747961453,
2020Q1,,S08000032,,S12000029,,All Inpatients,d,5,,2235,8669,3.87874720357942,,1213,8646,7.1277823577906,
2020Q2,,S08000032,,S12000029,,All Inpatients,d,5,,1530,4626,3.02352941176471,,741,5020,6.77462887989204,
2020Q3,,S08000032,,S12000029,,All Inpatients,d,5,,2037,6117,3.00294550810015,,1061,5771,5.43920829406221,
2020Q4,,S08000032,,S12000029,,All Inpatients,d,5,,2101,7309,3.47881960970966,,1097,7537,6.87055606198724,
2021Q1,,S08000032,,S12000029,,All Inpatients,d,5,,1973,6359,3.22301064368981,,1033,6479,6.27202323330106,
2021Q2,,S08000032,,S12000029,,All Inpatients,d,5,,2139,7016,3.28003740065451,,1162,6737,5.79776247848537,
2021Q3,,S08000032,,S12000029,,All Inpatients,d,5,,2094,7541,3.60124164278892,,1086,7140,6.57458563535912,
2021Q4,,S08000032,,S12000029,,All Inpatients,d,5,,2266,7990,3.52603706972639,,1129,7675,6.79805137289637,
2022Q1,,S08000032,,S12000029,,All Inpatients,d,5,,2160,8701,4.02824074074074,,1085,9184,8.46451612903226,
2022Q2,,S08000032,,S12000029,,All Inpatients,d,5,,2085,9048,4.33956834532374,,1092,8974,8.21794871794872,
2022Q3,,S08000032,,S12000029,,All Inpatients,d,5,,2171,8172,3.76416397973284,,1152,7628,6.62152777777778,
2022Q4,p,S08000032,,S12000029,,All Inpatients,d,5,,2158,9679,4.48517145505097,,1157,10316,8.9161624891962,
2017Q4,,S08000024,,S12000010,,All Inpatients,d,1,,330,1639,4.96666666666667,,204,2078,10.1862745098039,
2018Q1,,S08000024,,S12000010,,All Inpatients,d,1,,355,1735,4.88732394366197,,226,1832,8.10619469026549,
2018Q2,,S08000024,,S12000010,,All Inpatients,d,1,,287,1238,4.31358885017422,,179,1290,7.20670391061453,
2018Q3,,S08000024,,S12000010,,All Inpatients,d,1,,305,1578,5.17377049180328,,198,1601,8.08585858585859,
2018Q4,,S08000024,,S12000010,,All Inpatients,d,1,,270,1129,4.18148148148148,,177,1196,6.75706214689266,
2019Q1,,S08000024,,S12000010,,All Inpatients,d,1,,359,1661,4.62674094707521,,222,1711,7.70720720720721,
2019Q2,,S08000024,,S12000010,,All Inpatients,d,1,,335,1658,4.94925373134328,,217,994,4.58064516129032,
2019Q3,,S08000024,,S12000010,,All Inpatients,d,1,,330,1568,4.75151515151515,,202,1479,7.32178217821782,
2019Q4,,S08000024,,S12000010,,All Inpatients,d,1,,292,1096,3.75342465753425,,178,1024,5.75280898876404,
2020Q1,,S08000024,,S12000010,,All Inpatients,d,1,,290,1099,3.78965517241379,,169,1384,8.18934911242603,
2020Q2,,S08000024,,S12000010,,All Inpatients,d,1,,223,769,3.44843049327354,,133,757,5.69172932330827,
2020Q3,,S08000024,,S12000010,,All Inpatients,d,1,,329,1070,3.25227963525836,,179,1034,5.77653631284916,
2020Q4,,S08000024,,S12000010,,All Inpatients,d,1,,270,1265,4.68518518518519,,138,1420,10.2898550724638,
2021Q1,,S08000024,,S12000010,,All Inpatients,d,1,,331,1579,4.77039274924471,,184,1610,8.75,
2021Q2,,S08000024,,S12000010,,All Inpatients,d,1,,279,1086,3.89247311827957,,153,1088,7.11111111111111,
2021Q3,,S08000024,,S12000010,,All Inpatients,d,1,,287,1302,4.53658536585366,,154,1302,8.45454545454546,
2021Q4,,S08000024,,S12000010,,All Inpatients,d,1,,314,2004,6.38216560509554,,164,1444,8.80487804878049,
2022Q1,,S08000024,,S12000010,,All Inpatients,d,1,,293,1606,5.48122866894198,,162,1620,10,
2022Q2,,S08000024,,S12000010,,All Inpatients,d,1,,305,1590,5.21311475409836,,152,2184,14.3684210526316,
2022Q3,,S08000024,,S12000010,,All Inpatients,d,1,,357,1936,5.42296918767507,,178,1989,11.1741573033708,
2022Q4,p,S08000024,,S12000010,,All Inpatients,d,1,,323,1700,5.26315789473684,,176,1913,10.8693181818182,
2017Q4,,S08000024,,S12000010,,All Inpatients,d,2,,1624,7834,4.82389162561576,,995,9227,9.27336683417085,
2018Q1,,S08000024,,S12000010,,All Inpatients,d,2,,1609,6590,4.09571162212554,,964,7562,7.84439834024896,
2018Q2,,S08000024,,S12000010,,All Inpatients,d,2,,1562,7408,4.7426376440461,,991,7112,7.1765893037336,
2018Q3,,S08000024,,S12000010,,All Inpatients,d,2,,1581,7003,4.42947501581278,,1017,7241,7.11996066863323,
2018Q4,,S08000024,,S12000010,,All Inpatients,d,2,,1582,7143,4.51517067003793,,940,7205,7.66489361702128,
2019Q1,,S08000024,,S12000010,,All Inpatients,d,2,,1571,8289,5.27625716104392,,962,8494,8.82952182952183,
2019Q2,,S08000024,,S12000010,,All Inpatients,d,2,,1598,8546,5.34793491864831,,946,9138,9.65961945031713,
2019Q3,,S08000024,,S12000010,,All Inpatients,d,2,,1686,7286,4.3214709371293,,1024,6668,6.51171875,
2019Q4,,S08000024,,S12000010,,All Inpatients,d,2,,1600,6645,4.153125,,906,6615,7.30132450331126,
2020Q1,,S08000024,,S12000010,,All Inpatients,d,2,,1548,7743,5.00193798449612,,847,6676,7.88193624557261,
2020Q2,,S08000024,,S12000010,,All Inpatients,d,2,,1162,5058,4.35283993115318,,586,5389,9.1962457337884,
2020Q3,,S08000024,,S12000010,,All Inpatients,d,2,,1466,5996,4.09004092769441,,791,5513,6.96965865992415,
2020Q4,,S08000024,,S12000010,,All Inpatients,d,2,,1535,7978,5.19739413680782,,773,8349,10.8007761966365,
2021Q1,,S08000024,,S12000010,,All Inpatients,d,2,,1518,6952,4.57971014492754,,804,7237,9.00124378109453,
2021Q2,,S08000024,,S12000010,,All Inpatients,d,2,,1645,7248,4.40607902735562,,873,6603,7.56357388316151,
2021Q3,,S08000024,,S12000010,,All Inpatients,d,2,,1605,8910,5.55140186915888,,843,9390,11.1387900355872,
2021Q4,,S08000024,,S12000010,,All Inpatients,d,2,,1358,6921,5.09646539027982,,753,7094,9.42098273572377,
2022Q1,,S08000024,,S12000010,,All Inpatients,d,2,,1364,6379,4.6766862170088,,729,6299,8.64060356652949,
2022Q2,,S08000024,,S12000010,,All Inpatients,d,2,,1512,7731,5.11309523809524,,752,6748,8.97340425531915,
2022Q3,,S08000024,,S12000010,,All Inpatients,d,2,,1447,6996,4.83483068417415,,798,7676,9.61904761904762,
2022Q4,p,S08000024,,S12000010,,All Inpatients,d,2,,1468,7019,4.78133514986376,,773,6733,8.71021992238034,
2017Q4,,S08000024,,S12000010,,All Inpatients,d,3,,1118,5803,5.19051878354204,,671,7469,11.1311475409836,
2018Q1,,S08000024,,S12000010,,All Inpatients,d,3,,1090,5015,4.60091743119266,,670,5984,8.93134328358209,
2018Q2,,S08000024,,S12000010,,All Inpatients,d,3,,1065,4901,4.6018779342723,,673,5589,8.30460624071323,
2018Q3,,S08000024,,S12000010,,All Inpatients,d,3,,1089,5368,4.92929292929293,,648,5584,8.61728395061728,
2018Q4,,S08000024,,S12000010,,All Inpatients,d,3,,978,4741,4.84764826175869,,616,4812,7.81168831168831,
2019Q1,,S08000024,,S12000010,,All Inpatients,d,3,,1081,4109,3.80111008325624,,672,4221,6.28125,
2019Q2,,S08000024,,S12000010,,All Inpatients,d,3,,1129,5388,4.77236492471213,,635,6207,9.7748031496063,
2019Q3,,S08000024,,S12000010,,All Inpatients,d,3,,1085,3870,3.5668202764977,,664,3931,5.92018072289157,
2019Q4,,S08000024,,S12000010,,All Inpatients,d,3,,1256,5312,4.22929936305732,,669,5078,7.59043348281016,
2020Q1,,S08000024,,S12000010,,All Inpatients,d,3,,1025,4872,4.75317073170732,,574,4619,8.04703832752613,
2020Q2,,S08000024,,S12000010,,All Inpatients,d,3,,803,3483,4.33748443337484,,450,3853,8.56222222222222,
2020Q3,,S08000024,,S12000010,,All Inpatients,d,3,,997,4074,4.08625877632899,,549,3890,7.0856102003643,
2020Q4,,S08000024,,S12000010,,All Inpatients,d,3,,1088,4751,4.36672794117647,,580,4438,7.65172413793103,
2021Q1,,S08000024,,S12000010,,All Inpatients,d,3,,1046,4478,4.2810707456979,,572,4812,8.41258741258741,
2021Q2,,S08000024,,S12000010,,All Inpatients,d,3,,1206,5240,4.34494195688226,,642,5167,8.04828660436137,
2021Q3,,S08000024,,S12000010,,All Inpatients,d,3,,1148,5524,4.81184668989547,,608,5482,9.01644736842105,
2021Q4,,S08000024,,S12000010,,All Inpatients,d,3,,1093,6412,5.86642268984447,,567,5353,9.44091710758377,
2022Q1,,S08000024,,S12000010,,All Inpatients,d,3,,1064,6407,6.02161654135338,,530,5989,11.3,
2022Q2,,S08000024,,S12000010,,All Inpatients,d,3,,1006,5650,5.61630218687873,,547,6219,11.3692870201097,
2022Q3,,S08000024,,S12000010,,All Inpatients,d,3,,1096,6074,5.54197080291971,,564,6524,11.5673758865248,
2022Q4,p,S08000024,,S12000010,,All Inpatients,d,3,,1068,6174,5.7808988764045,,576,6919,12.0121527777778,
2017Q4,,S08000024,,S12000010,,All Inpatients,d,4,,876,3867,4.41438356164384,,547,3878,7.08957952468007,
2018Q1,,S08000024,,S12000010,,All Inpatients,d,4,,756,3050,4.03439153439153,,485,4261,8.7855670103092791,
2018Q2,,S08000024,,S12000010,,All Inpatients,d,4,,830,3633,4.37710843373494,,538,3733,6.93866171003717,
2018Q3,,S08000024,,S12000010,,All Inpatients,d,4,,750,2980,3.97333333333333,,514,3137,6.10311284046693,
2018Q4,,S08000024,,S12000010,,All Inpatients,d,4,,716,2696,3.76536312849162,,497,2684,5.40040241448692,
2019Q1,,S08000024,,S12000010,,All Inpatients,d,4,,786,3012,3.83206106870229,,515,3071,5.9631067961165,
2019Q2,,S08000024,,S12000010,,All Inpatients,d,4,,713,2661,3.73211781206171,,482,2878,5.97095435684647,
2019Q3,,S08000024,,S12000010,,All Inpatients,d,4,,799,3471,4.3441802252816,,474,3475,7.33122362869198,
2019Q4,,S08000024,,S12000010,,All Inpatients,d,4,,855,3345,3.91228070175439,,485,3029,6.24536082474227,
2020Q1,,S08000024,,S12000010,,All Inpatients,d,4,,774,3586,4.63307493540052,,471,3864,8.20382165605096,
2020Q2,,S08000024,,S12000010,,All Inpatients,d,4,,627,2672,4.2615629984050996,,340,2364,6.95294117647059,
2020Q3,,S08000024,,S12000010,,All Inpatients,d,4,,769,3072,3.99479843953186,,439,2614,5.95444191343964,
2020Q4,,S08000024,,S12000010,,All Inpatients,d,4,,755,3528,4.67284768211921,,438,3673,8.38584474885845,
2021Q1,,S08000024,,S12000010,,All Inpatients,d,4,,713,3449,4.83730715287518,,398,3425,8.60552763819095,
2021Q2,,S08000024,,S12000010,,All Inpatients,d,4,,816,3163,3.87622549019608,,482,2942,6.10373443983402,
2021Q3,,S08000024,,S12000010,,All Inpatients,d,4,,809,2983,3.68726823238566,,432,2966,6.86574074074074,
2021Q4,,S08000024,,S12000010,,All Inpatients,d,4,,851,5720,6.72150411280846,,442,5542,12.5384615384615,
2022Q1,,S08000024,,S12000010,,All Inpatients,d,4,,829,3772,4.55006031363088,,475,3502,7.37263157894737,
2022Q2,,S08000024,,S12000010,,All Inpatients,d,4,,819,4414,5.38949938949939,,465,5209,11.2021505376344,
2022Q3,,S08000024,,S12000010,,All Inpatients,d,4,,845,3888,4.60118343195266,,467,3816,8.17130620985011,
2022Q4,p,S08000024,,S12000010,,All Inpatients,d,4,,842,3648,4.33254156769596,,507,4032,7.95266272189349,
2017Q4,,S08000024,,S12000010,,All Inpatients,d,5,,721,3371,4.6754507628294,,456,4055,8.89254385964912,
2018Q1,,S08000024,,S12000010,,All Inpatients,d,5,,632,3079,4.87183544303798,,388,3753,9.67268041237113,
2018Q2,,S08000024,,S12000010,,All Inpatients,d,5,,667,2650,3.97301349325337,,448,3031,6.765625,
2018Q3,,S08000024,,S12000010,,All Inpatients,d,5,,670,2765,4.12686567164179,,408,2926,7.17156862745098,
2018Q4,,S08000024,,S12000010,,All Inpatients,d,5,,647,3144,4.85935085007728,,409,3188,7.79462102689487,
2019Q1,,S08000024,,S12000010,,All Inpatients,d,5,,799,3733,4.6720901126408,,462,3780,8.18181818181818,
2019Q2,,S08000024,,S12000010,,All Inpatients,d,5,,609,3857,6.33333333333333,,366,3853,10.5273224043716,
2019Q3,,S08000024,,S12000010,,All Inpatients,d,5,,680,3308,4.86470588235294,,415,2736,6.59277108433735,
2019Q4,,S08000024,,S12000010,,All Inpatients,d,5,,706,3168,4.48725212464589,,417,4027,9.65707434052758,
2020Q1,,S08000024,,S12000010,,All Inpatients,d,5,,658,2726,4.14285714285714,,386,2753,7.13212435233161,
2020Q2,,S08000024,,S12000010,,All Inpatients,d,5,,502,1776,3.53784860557769,,268,1734,6.47014925373134,
2020Q3,,S08000024,,S12000010,,All Inpatients,d,5,,726,3269,4.50275482093664,,403,2843,7.0545905707196,
2020Q4,,S08000024,,S12000010,,All Inpatients,d,5,,620,2922,4.71290322580645,,333,3100,9.30930930930931,
2021Q1,,S08000024,,S12000010,,All Inpatients,d,5,,636,3497,5.49842767295597,,337,3863,11.4629080118694,
2021Q2,,S08000024,,S12000010,,All Inpatients,d,5,,678,3026,4.46312684365782,,382,3192,8.35602094240838,
2021Q3,,S08000024,,S12000010,,All Inpatients,d,5,,653,3080,4.7166921898928,,337,3096,9.18694362017804,
2021Q4,,S08000024,,S12000010,,All Inpatients,d,5,,619,3948,6.37802907915994,,351,3376,9.61823361823362,
2022Q1,,S08000024,,S12000010,,All Inpatients,d,5,,653,3310,5.06891271056662,,334,3171,9.4940119760479,
2022Q2,,S08000024,,S12000010,,All Inpatients,d,5,,665,3943,5.92932330827068,,343,5069,14.7784256559767,
2022Q3,,S08000024,,S12000010,,All Inpatients,d,5,,667,4147,6.21739130434783,,328,4028,12.280487804878,
2022Q4,p,S08000024,,S12000010,,All Inpatients,d,5,,687,4032,5.86899563318777,,365,4131,11.3178082191781,
2022Q3,,S08000024,,S12000010,,All Inpatients,d,,:,0,0,,z,0,0,,z
2022Q4,p,S08000024,,S12000010,,All Inpatients,d,,:,15,44,2.93333333333333,,12,44,3.66666666666667,
2017Q4,,S08000024,,S12000036,,All Inpatients,d,1,,3297,13915,4.22050348801941,,2122,14866,7.00565504241282,
2018Q1,,S08000024,,S12000036,,All Inpatients,d,1,,3198,13939,4.35866166353971,,1935,13336,6.89198966408269,
2018Q2,,S08000024,,S12000036,,All Inpatients,d,1,,3220,14666,4.55465838509317,,2048,15405,7.52197265625,
2018Q3,,S08000024,,S12000036,,All Inpatients,d,1,,3265,15187,4.65145482388974,,2033,15664,7.70486965076242,
2018Q4,,S08000024,,S12000036,,All Inpatients,d,1,,3210,15034,4.68348909657321,,1962,15380,7.83893985728848,
2019Q1,,S08000024,,S12000036,,All Inpatients,d,1,,3385,14038,4.14711964549483,,2053,14865,7.24062347783731,
2019Q2,,S08000024,,S12000036,,All Inpatients,d,1,,3565,15248,4.27713884992987,,2167,17205,7.93954776188279,
2019Q3,,S08000024,,S12000036,,All Inpatients,d,1,,3498,14122,4.03716409376787,,2135,15164,7.10257611241218,
2019Q4,,S08000024,,S12000036,,All Inpatients,d,1,,3414,14280,4.18277680140597,,2003,14049,7.01397903145282,
2020Q1,,S08000024,,S12000036,,All Inpatients,d,1,,3145,14885,4.7329093799682,,1772,15939,8.99492099322799,
2020Q2,,S08000024,,S12000036,,All Inpatients,d,1,,2789,10271,3.68268196486196,,1507,10716,7.11081619110816,
2020Q3,,S08000024,,S12000036,,All Inpatients,d,1,,3262,12121,3.7158185162477,,1796,12098,6.73608017817372,
2020Q4,,S08000024,,S12000036,,All Inpatients,d,1,,3113,12143,3.9007388371346,,1743,12605,7.23178427997705,
2021Q1,,S08000024,,S12000036,,All Inpatients,d,1,,2989,14687,4.91368350618936,,1652,14476,8.76271186440678,
2021Q2,,S08000024,,S12000036,,All Inpatients,d,1,,3243,13504,4.16404563675609,,1829,13374,7.31219245489338,
2021Q3,,S08000024,,S12000036,,All Inpatients,d,1,,3013,11929,3.95917690009957,,1661,11606,6.98735701384708,
2021Q4,,S08000024,,S12000036,,All Inpatients,d,1,,2944,13092,4.44701086956522,,1530,14335,9.36928104575163,
2022Q1,,S08000024,,S12000036,,All Inpatients,d,1,,2757,12968,4.70366340224882,,1529,13853,9.06017004578156,
2022Q2,,S08000024,,S12000036,,All Inpatients,d,1,,2866,12557,4.38136775994417,,1553,12310,7.92659368963297,
2022Q3,,S08000024,,S12000036,,All Inpatients,d,1,,2918,13419,4.59869773817683,,1542,13290,8.61867704280156,
2022Q4,p,S08000024,,S12000036,,All Inpatients,d,1,,2712,12832,4.73156342182891,,1465,14351,9.79590443686007,
2017Q4,,S08000024,,S12000036,,All Inpatients,d,2,,3568,17203,4.82146860986547,,2191,16911,7.7183934276586,
2018Q1,,S08000024,,S12000036,,All Inpatients,d,2,,3401,18035,5.30285210232285,,2030,18075,8.90394088669951,
2018Q2,,S08000024,,S12000036,,All Inpatients,d,2,,3332,16942,5.08463385354142,,2124,17539,8.2575329566855,
2018Q3,,S08000024,,S12000036,,All Inpatients,d,2,,3240,15772,4.8679012345679,,2049,18712,9.13225963884822,
2018Q4,,S08000024,,S12000036,,All Inpatients,d,2,,3422,17476,5.10695499707773,,2211,20186,9.12980551786522,
2019Q1,,S08000024,,S12000036,,All Inpatients,d,2,,3520,17491,4.96903409090909,,2143,18707,8.7293513765749,
2019Q2,,S08000024,,S12000036,,All Inpatients,d,2,,3849,17097,4.44193296960249,,2294,17895,7.80078465562337,
2019Q3,,S08000024,,S12000036,,All Inpatients,d,2,,3843,17456,4.54228467343221,,2286,18400,8.04899387576553,
2019Q4,,S08000024,,S12000036,,All Inpatients,d,2,,3670,17391,4.73869209809264,,2095,17783,8.48830548926014,
2020Q1,,S08000024,,S12000036,,All Inpatients,d,2,,3473,19204,5.52951338900086,,1955,18708,9.5693094629156,
2020Q2,,S08000024,,S12000036,,All Inpatients,d,2,,2933,11248,3.83498124786908,,1511,11846,7.83984116479153,
2020Q3,,S08000024,,S12000036,,All Inpatients,d,2,,3413,14214,4.16466451801934,,1904,14529,7.63077731092437,
2020Q4,,S08000024,,S12000036,,All Inpatients,d,2,,3353,15320,4.56904264837459,,1811,16070,8.87355052457206,
2021Q1,,S08000024,,S12000036,,All Inpatients,d,2,,3350,14428,4.30686567164179,,1797,14561,8.10294936004452,
2021Q2,,S08000024,,S12000036,,All Inpatients,d,2,,3447,14133,4.10008703220191,,1882,13519,7.18331562167907,
2021Q3,,S08000024,,S12000036,,All Inpatients,d,2,,3435,14682,4.27423580786026,,1793,15549,8.67205800334635,
2021Q4,,S08000024,,S12000036,,All Inpatients,d,2,,3276,16314,4.97985347985348,,1724,15550,9.01972157772622,
2022Q1,,S08000024,,S12000036,,All Inpatients,d,2,,3135,16766,5.34800637958533,,1617,16450,10.1731601731602,
2022Q2,,S08000024,,S12000036,,All Inpatients,d,2,,3259,15839,4.86007977907334,,1722,15388,8.93612078977933,
2022Q3,,S08000024,,S12000036,,All Inpatients,d,2,,3137,15563,4.96110934013389,,1642,16190,9.8599269183922,
2022Q4,p,S08000024,,S12000036,,All Inpatients,d,2,,3196,16262,5.08823529411765,,1657,16064,9.69462884731442,
2017Q4,,S08000024,,S12000036,,All Inpatients,d,3,,2504,11444,4.5702875399361,,1528,12192,7.97905759162304,
2018Q1,,S08000024,,S12000036,,All Inpatients,d,3,,2478,11297,4.5589184826473,,1525,11299,7.40918032786885,
2018Q2,,S08000024,,S12000036,,All Inpatients,d,3,,2210,11048,4.99909502262443,,1449,11518,7.94893029675638,
2018Q3,,S08000024,,S12000036,,All Inpatients,d,3,,2206,12336,5.59202175883953,,1438,11488,7.98887343532684,
2018Q4,,S08000024,,S12000036,,All Inpatients,d,3,,2434,11921,4.89769926047658,,1576,13544,8.59390862944162,
2019Q1,,S08000024,,S12000036,,All Inpatients,d,3,,2415,10883,4.5064182194617,,1503,11841,7.87824351297405,
2019Q2,,S08000024,,S12000036,,All Inpatients,d,3,,2539,11057,4.35486411973218,,1571,11362,7.23233609166136,
2019Q3,,S08000024,,S12000036,,All Inpatients,d,3,,2329,10534,4.52297123228854,,1450,10958,7.55724137931035,
2019Q4,,S08000024,,S12000036,,All Inpatients,d,3,,2498,10340,4.13931144915933,,1517,10040,6.61832564271589,
2020Q1,,S08000024,,S12000036,,All Inpatients,d,3,,2271,10237,4.5077058564509,,1331,10994,8.25995492111195,
2020Q2,,S08000024,,S12000036,,All Inpatients,d,3,,1878,7157,3.81096911608094,,1033,8516,8.24394966118103,
2020Q3,,S08000024,,S12000036,,All Inpatients,d,3,,2271,8055,3.54689564068692,,1297,8410,6.48419429452583,
2020Q4,,S08000024,,S12000036,,All Inpatients,d,3,,2204,9940,4.50998185117967,,1228,9267,7.54641693811075,
2021Q1,,S08000024,,S12000036,,All Inpatients,d,3,,2171,9469,4.36158452326117,,1219,9621,7.89253486464315,
2021Q2,,S08000024,,S12000036,,All Inpatients,d,3,,2260,10486,4.63982300884956,,1304,10438,8.00460122699386,
2021Q3,,S08000024,,S12000036,,All Inpatients,d,3,,2147,9895,4.60875640428505,,1150,8991,7.81826086956522,
2021Q4,,S08000024,,S12000036,,All Inpatients,d,3,,2171,10593,4.87931828650392,,1192,10898,9.14261744966443,
2022Q1,,S08000024,,S12000036,,All Inpatients,d,3,,2063,9952,4.82404265632574,,1140,9925,8.70614035087719,
2022Q2,,S08000024,,S12000036,,All Inpatients,d,3,,1953,9761,4.99795186891961,,1046,9590,9.16826003824092,
2022Q3,,S08000024,,S12000036,,All Inpatients,d,3,,2012,10924,5.42942345924453,,1087,10669,9.81508739650414,
2022Q4,p,S08000024,,S12000036,,All Inpatients,d,3,,2152,10531,4.8935873605948,,1129,10987,9.73162090345438,
2017Q4,,S08000024,,S12000036,,All Inpatients,d,4,,2877,13011,4.52241918665276,,1785,13213,7.40224089635854,
2018Q1,,S08000024,,S12000036,,All Inpatients,d,4,,2815,13787,4.89769094138544,,1779,14315,8.04665542439573,
2018Q2,,S08000024,,S12000036,,All Inpatients,d,4,,2862,13943,4.8717679944095,,1802,14603,8.10377358490566,
2018Q3,,S08000024,,S12000036,,All Inpatients,d,4,,2877,13445,4.67327076816128,,1847,14363,7.77639415268002,
2018Q4,,S08000024,,S12000036,,All Inpatients,d,4,,3111,15201,4.88621022179364,,1927,16221,8.41774779449922,
2019Q1,,S08000024,,S12000036,,All Inpatients,d,4,,2974,14365,4.83019502353732,,1817,15725,8.65437534397358,
2019Q2,,S08000024,,S12000036,,All Inpatients,d,4,,3027,13651,4.5097456227287704,,1842,14487,7.86482084690554,
2019Q3,,S08000024,,S12000036,,All Inpatients,d,4,,3219,15326,4.76110593351973,,1949,15011,7.70189840944074,
2019Q4,,S08000024,,S12000036,,All Inpatients,d,4,,3105,15258,4.91400966183575,,1842,15710,8.52877307274701,
2020Q1,,S08000024,,S12000036,,All Inpatients,d,4,,2906,15116,5.20165175498968,,1704,16065,9.42781690140845,
2020Q2,,S08000024,,S12000036,,All Inpatients,d,4,,2538,9130,3.5973207249803,,1300,9918,7.62923076923077,
2020Q3,,S08000024,,S12000036,,All Inpatients,d,4,,2829,11237,3.97207493814069,,1583,11186,7.06632975363234,
2020Q4,,S08000024,,S12000036,,All Inpatients,d,4,,2973,12703,4.2727884291961,,1623,12054,7.42698706099815,
2021Q1,,S08000024,,S12000036,,All Inpatients,d,4,,2623,12393,4.7247426610751,,1501,12178,8.11325782811459,
2021Q2,,S08000024,,S12000036,,All Inpatients,d,4,,2933,12654,4.31435390385271,,1695,12586,7.42536873156342,
2021Q3,,S08000024,,S12000036,,All Inpatients,d,4,,3030,14226,4.6950495049505,,1625,12880,7.92615384615385,
2021Q4,,S08000024,,S12000036,,All Inpatients,d,4,,2823,13929,4.93411264612115,,1520,13353,8.78486842105263,
2022Q1,,S08000024,,S12000036,,All Inpatients,d,4,,2572,15436,6.00155520995334,,1423,14226,9.99718903724526,
2022Q2,,S08000024,,S12000036,,All Inpatients,d,4,,2793,13984,5.00680272108844,,1528,13711,8.97316753926702,
2022Q3,,S08000024,,S12000036,,All Inpatients,d,4,,2693,13539,5.02747864834757,,1435,12780,8.90592334494774,
2022Q4,p,S08000024,,S12000036,,All Inpatients,d,4,,2805,13606,4.850623885918,,1535,14558,9.48403908794788,
2017Q4,,S08000024,,S12000036,,All Inpatients,d,5,,6755,34377,5.08911917098446,,4237,35844,8.45975926362993,
2018Q1,,S08000024,,S12000036,,All Inpatients,d,5,,6474,34026,5.25579240037071,,3999,36589,9.14953738434609,
2018Q2,,S08000024,,S12000036,,All Inpatients,d,5,,6352,34429,5.42018261964736,,4088,36369,8.89652641878669,
2018Q3,,S08000024,,S12000036,,All Inpatients,d,5,,6253,32650,5.22149368303214,,3968,34576,8.71370967741935,
2018Q4,,S08000024,,S12000036,,All Inpatients,d,5,,6779,35320,5.21020799527954,,4292,36526,8.51025163094129,
2019Q1,,S08000024,,S12000036,,All Inpatients,d,5,,6482,32278,4.9796359148411,,4005,34694,8.66267166042447,
2019Q2,,S08000024,,S12000036,,All Inpatients,d,5,,6638,31312,4.71708345887315,,4112,31537,7.66950389105058,
2019Q3,,S08000024,,S12000036,,All Inpatients,d,5,,6746,30268,4.48680699673881,,4003,30207,7.54609043217587,
2019Q4,,S08000024,,S12000036,,All Inpatients,d,5,,6780,31634,4.66578171091445,,4079,34845,8.5425349350331,
2020Q1,,S08000024,,S12000036,,All Inpatients,d,5,,6487,35220,5.42932017881918,,3715,35530,9.56393001345895,
2020Q2,,S08000024,,S12000036,,All Inpatients,d,5,,5099,21830,4.28123161404197,,2595,23395,9.01541425818882,
2020Q3,,S08000024,,S12000036,,All Inpatients,d,5,,6042,23647,3.91377027474346,,3454,23586,6.8286045165026,
2020Q4,,S08000024,,S12000036,,All Inpatients,d,5,,6178,28603,4.62981547426352,,3450,28322,8.20927536231884,
2021Q1,,S08000024,,S12000036,,All Inpatients,d,5,,5980,29597,4.94933110367893,,3303,29155,8.82682409930366,
2021Q2,,S08000024,,S12000036,,All Inpatients,d,5,,6314,28521,4.51710484637314,,3490,28246,8.09340974212034,
2021Q3,,S08000024,,S12000036,,All Inpatients,d,5,,6289,30911,4.91508983940213,,3434,30158,8.78217821782178,
2021Q4,,S08000024,,S12000036,,All Inpatients,d,5,,6022,30118,5.00132846230488,,3271,30515,9.32895139101192,
2022Q1,,S08000024,,S12000036,,All Inpatients,d,5,,6044,32309,5.34563203176704,,3273,30682,9.37427436602505,
2022Q2,,S08000024,,S12000036,,All Inpatients,d,5,,6111,33027,5.40451644575356,,3226,33698,10.4457532548047,
2022Q3,,S08000024,,S12000036,,All Inpatients,d,5,,6359,33672,5.2951721968863,,3294,34531,10.4829993928355,
2022Q4,p,S08000024,,S12000036,,All Inpatients,d,5,,6281,33018,5.25680624104442,,3344,33355,9.97458133971292,
2022Q4,p,S08000024,,S12000036,,All Inpatients,d,,:,10,27,2.7,,5,27,5.4,
2017Q4,,S08000024,,S12000019,,All Inpatients,d,1,,445,1327,2.98202247191011,,296,1310,4.42567567567568,
2018Q1,,S08000024,,S12000019,,All Inpatients,d,1,,515,1924,3.73592233009709,,311,1914,6.15434083601286,
2018Q2,,S08000024,,S12000019,,All Inpatients,d,1,,487,1960,4.02464065708419,,299,1804,6.03344481605351,
2018Q3,,S08000024,,S12000019,,All Inpatients,d,1,,500,2491,4.982,,308,2612,8.48051948051948,
2018Q4,,S08000024,,S12000019,,All Inpatients,d,1,,484,2102,4.34297520661157,,280,2034,7.26428571428571,
2019Q1,,S08000024,,S12000019,,All Inpatients,d,1,,521,2174,4.17274472168906,,321,2109,6.57009345794393,
2019Q2,,S08000024,,S12000019,,All Inpatients,d,1,,485,2058,4.24329896907216,,299,1907,6.37792642140468,
2019Q3,,S08000024,,S12000019,,All Inpatients,d,1,,444,1437,3.23648648648649,,283,1292,4.56537102473498,
2019Q4,,S08000024,,S12000019,,All Inpatients,d,1,,489,2335,4.77505112474438,,280,2560,9.14285714285714,
2020Q1,,S08000024,,S12000019,,All Inpatients,d,1,,357,2103,5.89075630252101,,218,2162,9.91743119266055,
2020Q2,,S08000024,,S12000019,,All Inpatients,d,1,,311,1010,3.2475884244373,,175,829,4.73714285714286,
2020Q3,,S08000024,,S12000019,,All Inpatients,d,1,,401,1681,4.19201995012469,,228,1586,6.95614035087719,
2020Q4,,S08000024,,S12000019,,All Inpatients,d,1,,369,1172,3.17615176151762,,201,1344,6.6865671641791,
2021Q1,,S08000024,,S12000019,,All Inpatients,d,1,,370,1366,3.69189189189189,,199,1445,7.26130653266332,
2021Q2,,S08000024,,S12000019,,All Inpatients,d,1,,451,1729,3.83370288248337,,246,1770,7.19512195121951,
2021Q3,,S08000024,,S12000019,,All Inpatients,d,1,,447,1669,3.7337807606264,,232,1749,7.53879310344828,
2021Q4,,S08000024,,S12000019,,All Inpatients,d,1,,386,1751,4.53626943005181,,207,1863,9,
2022Q1,,S08000024,,S12000019,,All Inpatients,d,1,,465,1800,3.87096774193548,,243,1674,6.88888888888889,
2022Q2,,S08000024,,S12000019,,All Inpatients,d,1,,424,1793,4.22877358490566,,220,1886,8.57272727272727,
2022Q3,,S08000024,,S12000019,,All Inpatients,d,1,,333,1404,4.21621621621622,,178,1667,9.36516853932584,
2022Q4,p,S08000024,,S12000019,,All Inpatients,d,1,,453,1848,4.0794701986755,,233,1627,6.98283261802575,
2017Q4,,S08000024,,S12000019,,All Inpatients,d,2,,1700,7054,4.14941176470588,,1035,6645,6.42028985507246,
2018Q1,,S08000024,,S12000019,,All Inpatients,d,2,,1822,7842,4.30406147091109,,1073,8012,7.46691519105312,
2018Q2,,S08000024,,S12000019,,All Inpatients,d,2,,1615,7366,4.5609907120743,,999,6982,6.98898898898899,
2018Q3,,S08000024,,S12000019,,All Inpatients,d,2,,1558,6333,4.06482670089859,,944,6290,6.66313559322034,
2018Q4,,S08000024,,S12000019,,All Inpatients,d,2,,1669,6839,4.09766327142001,,1030,7017,6.8126213592233,
2019Q1,,S08000024,,S12000019,,All Inpatients,d,2,,1718,7633,4.44295692665891,,1015,7361,7.25221674876847,
2019Q2,,S08000024,,S12000019,,All Inpatients,d,2,,1842,7436,4.03691639522258,,1073,7476,6.96738117427773,
2019Q3,,S08000024,,S12000019,,All Inpatients,d,2,,1668,6073,3.64088729016787,,1036,6330,6.11003861003861,
2019Q4,,S08000024,,S12000019,,All Inpatients,d,2,,1674,6533,3.9026284348865,,967,6187,6.3981385729059,
2020Q1,,S08000024,,S12000019,,All Inpatients,d,2,,1614,7009,4.34262701363073,,922,6975,7.56507592190889,
2020Q2,,S08000024,,S12000019,,All Inpatients,d,2,,1337,4881,3.6507105459985,,675,4822,7.1437037037037,
2020Q3,,S08000024,,S12000019,,All Inpatients,d,2,,1491,5409,3.62776659959759,,820,5807,7.08170731707317,
2020Q4,,S08000024,,S12000019,,All Inpatients,d,2,,1482,6441,4.34615384615385,,809,6455,7.97898640296663,
2021Q1,,S08000024,,S12000019,,All Inpatients,d,2,,1403,6019,4.29009265858874,,819,5777,7.05372405372405,
2021Q2,,S08000024,,S12000019,,All Inpatients,d,2,,1570,5949,3.78917197452229,,895,5851,6.53743016759777,
2021Q3,,S08000024,,S12000019,,All Inpatients,d,2,,1546,5668,3.66623544631307,,801,5629,7.02746566791511,
2021Q4,,S08000024,,S12000019,,All Inpatients,d,2,,1411,5447,3.86038270729979,,776,5506,7.09536082474227,
2022Q1,,S08000024,,S12000019,,All Inpatients,d,2,,1400,5837,4.16928571428571,,734,5503,7.49727520435967,
2022Q2,,S08000024,,S12000019,,All Inpatients,d,2,,1368,6313,4.61476608187134,,734,6029,8.21389645776567,
2022Q3,,S08000024,,S12000019,,All Inpatients,d,2,,1417,6455,4.55539872971066,,746,6235,8.35790884718499,
2022Q4,p,S08000024,,S12000019,,All Inpatients,d,2,,1437,7273,5.06123869171886,,800,7954,9.9425,
2017Q4,,S08000024,,S12000019,,All Inpatients,d,3,,937,4904,5.23372465314835,,622,4883,7.85048231511254,
2018Q1,,S08000024,,S12000019,,All Inpatients,d,3,,1034,3897,3.76885880077369,,612,3599,5.88071895424837,
2018Q2,,S08000024,,S12000019,,All Inpatients,d,3,,963,4134,4.29283489096573,,611,4330,7.08674304418985,
2018Q3,,S08000024,,S12000019,,All Inpatients,d,3,,977,4002,4.09621289662231,,623,4255,6.82985553772071,
2018Q4,,S08000024,,S12000019,,All Inpatients,d,3,,966,3589,3.71532091097308,,612,3564,5.8235294117647,
2019Q1,,S08000024,,S12000019,,All Inpatients,d,3,,940,3360,3.57446808510638,,588,3143,5.3452380952381,
2019Q2,,S08000024,,S12000019,,All Inpatients,d,3,,1087,4710,4.33302667893284,,615,4384,7.12845528455285,
2019Q3,,S08000024,,S12000019,,All Inpatients,d,3,,1038,4300,4.14258188824663,,652,4038,6.19325153374233,
2019Q4,,S08000024,,S12000019,,All Inpatients,d,3,,1000,3844,3.844,,631,3688,5.84469096671949,
2020Q1,,S08000024,,S12000019,,All Inpatients,d,3,,928,3843,4.14116379310345,,551,4383,7.9546279491833,
2020Q2,,S08000024,,S12000019,,All Inpatients,d,3,,698,2579,3.69484240687679,,366,2304,6.29508196721311,
2020Q3,,S08000024,,S12000019,,All Inpatients,d,3,,820,3381,4.12317073170732,,496,3372,6.79838709677419,
2020Q4,,S08000024,,S12000019,,All Inpatients,d,3,,1005,4365,4.34328358208955,,530,3961,7.47358490566038,
2021Q1,,S08000024,,S12000019,,All Inpatients,d,3,,977,4005,4.0992835209826,,529,3901,7.37429111531191,
2021Q2,,S08000024,,S12000019,,All Inpatients,d,3,,917,3697,4.03162486368593,,547,3825,6.9926873857404,
2021Q3,,S08000024,,S12000019,,All Inpatients,d,3,,944,3307,3.5031779661017,,524,3360,6.41221374045802,
2021Q4,,S08000024,,S12000019,,All Inpatients,d,3,,916,3865,4.21943231441048,,530,4013,7.57169811320755,
2022Q1,,S08000024,,S12000019,,All Inpatients,d,3,,872,3737,4.2855504587156,,492,3817,7.75813008130081,
2022Q2,,S08000024,,S12000019,,All Inpatients,d,3,,896,3670,4.09598214285714,,453,3538,7.81015452538631,
2022Q3,,S08000024,,S12000019,,All Inpatients,d,3,,853,3940,4.6189917936694,,463,3856,8.32829373650108,
2022Q4,p,S08000024,,S12000019,,All Inpatients,d,3,,931,4046,4.34586466165414,,502,4230,8.42629482071713,
2017Q4,,S08000024,,S12000019,,All Inpatients,d,4,,622,2708,4.35369774919614,,395,2805,7.10126582278481,
2018Q1,,S08000024,,S12000019,,All Inpatients,d,4,,617,2810,4.55429497568882,,374,3050,8.15508021390374,
2018Q2,,S08000024,,S12000019,,All Inpatients,d,4,,646,2701,4.18111455108359,,395,2573,6.51392405063291,
2018Q3,,S08000024,,S12000019,,All Inpatients,d,4,,615,2457,3.99512195121951,,404,2591,6.41336633663366,
2018Q4,,S08000024,,S12000019,,All Inpatients,d,4,,639,2439,3.8169014084507,,410,2275,5.54878048780488,
2019Q1,,S08000024,,S12000019,,All Inpatients,d,4,,653,2401,3.67687595712098,,391,2312,5.91304347826087,
2019Q2,,S08000024,,S12000019,,All Inpatients,d,4,,630,2427,3.85238095238095,,398,2577,6.4748743718593,
2019Q3,,S08000024,,S12000019,,All Inpatients,d,4,,685,2528,3.6905109489051098,,403,2803,6.95533498759305,
2019Q4,,S08000024,,S12000019,,All Inpatients,d,4,,645,2551,3.95503875968992,,398,2434,6.11557788944724,
2020Q1,,S08000024,,S12000019,,All Inpatients,d,4,,662,2608,3.93957703927492,,382,2846,7.45026178010471,
2020Q2,,S08000024,,S12000019,,All Inpatients,d,4,,500,1844,3.688,,277,1948,7.03249097472924,
2020Q3,,S08000024,,S12000019,,All Inpatients,d,4,,586,2440,4.16382252559727,,330,2380,7.21212121212121,
2020Q4,,S08000024,,S12000019,,All Inpatients,d,4,,600,2645,4.40833333333333,,333,2558,7.68168168168168,
2021Q1,,S08000024,,S12000019,,All Inpatients,d,4,,587,2555,4.3526405451448,,322,2535,7.87267080745342,
2021Q2,,S08000024,,S12000019,,All Inpatients,d,4,,685,2433,3.55182481751825,,365,2187,5.99178082191781,
2021Q3,,S08000024,,S12000019,,All Inpatients,d,4,,676,2823,4.17603550295858,,371,2560,6.90026954177898,
2021Q4,,S08000024,,S12000019,,All Inpatients,d,4,,649,2545,3.92141756548536,,362,2503,6.91436464088398,
2022Q1,,S08000024,,S12000019,,All Inpatients,d,4,,602,2682,4.45514950166113,,354,2696,7.61581920903955,
2022Q2,,S08000024,,S12000019,,All Inpatients,d,4,,543,2376,4.37569060773481,,306,2254,7.36601307189542,
2022Q3,,S08000024,,S12000019,,All Inpatients,d,4,,570,2243,3.93508771929825,,341,2406,7.05571847507331,
2022Q4,p,S08000024,,S12000019,,All Inpatients,d,4,,604,2365,3.91556291390728,,355,2283,6.43098591549296,
2017Q4,,S08000024,,S12000019,,All Inpatients,d,5,,436,1963,4.50229357798165,,276,1974,7.15217391304348,
2018Q1,,S08000024,,S12000019,,All Inpatients,d,5,,388,1700,4.38144329896907,,244,1722,7.05737704918033,
2018Q2,,S08000024,,S12000019,,All Inpatients,d,5,,410,1799,4.38780487804878,,252,1608,6.38095238095238,
2018Q3,,S08000024,,S12000019,,All Inpatients,d,5,,408,1826,4.47549019607843,,254,1736,6.83464566929134,
2018Q4,,S08000024,,S12000019,,All Inpatients,d,5,,430,1739,4.04418604651163,,269,1783,6.62825278810409,
2019Q1,,S08000024,,S12000019,,All Inpatients,d,5,,353,1356,3.8413597733711,,220,1357,6.16818181818182,
2019Q2,,S08000024,,S12000019,,All Inpatients,d,5,,442,1376,3.1131221719457,,273,1694,6.2051282051282,
2019Q3,,S08000024,,S12000019,,All Inpatients,d,5,,441,1494,3.38775510204082,,281,1756,6.2491103202847,
2019Q4,,S08000024,,S12000019,,All Inpatients,d,5,,442,1957,4.42760180995475,,272,1513,5.5625,
2020Q1,,S08000024,,S12000019,,All Inpatients,d,5,,369,1774,4.80758807588076,,219,1574,7.18721461187215,
2020Q2,,S08000024,,S12000019,,All Inpatients,d,5,,291,1427,4.90378006872852,,151,1412,9.35099337748344,
2020Q3,,S08000024,,S12000019,,All Inpatients,d,5,,365,1435,3.93150684931507,,211,1849,8.76303317535545,
2020Q4,,S08000024,,S12000019,,All Inpatients,d,5,,353,1145,3.24362606232295,,224,1136,5.07142857142857,
2021Q1,,S08000024,,S12000019,,All Inpatients,d,5,,440,1723,3.91590909090909,,253,1657,6.54940711462451,
2021Q2,,S08000024,,S12000019,,All Inpatients,d,5,,466,1582,3.39484978540773,,280,1706,6.09285714285714,
2021Q3,,S08000024,,S12000019,,All Inpatients,d,5,,371,1520,4.09703504043127,,217,1308,6.02764976958525,
2021Q4,,S08000024,,S12000019,,All Inpatients,d,5,,365,1527,4.18356164383562,,209,1394,6.66985645933014,
2022Q1,,S08000024,,S12000019,,All Inpatients,d,5,,396,1629,4.11363636363636,,231,1655,7.16450216450216,
2022Q2,,S08000024,,S12000019,,All Inpatients,d,5,,391,1599,4.08951406649616,,204,1661,8.1421568627451,
2022Q3,,S08000024,,S12000019,,All Inpatients,d,5,,358,1374,3.83798882681564,,205,1304,6.3609756097561,
2022Q4,p,S08000024,,S12000019,,All Inpatients,d,5,,419,1796,4.28639618138425,,229,1640,7.16157205240175,
2022Q4,p,S08000024,,S12000019,,All Inpatients,d,,:,5,5,1,,5,5,1,
2017Q4,,S08000024,,S08000024,d,All Inpatients,d,1,,5500,22811,4.14745454545455,,3494,23838,6.8225529479107,
2018Q1,,S08000024,,S08000024,d,All Inpatients,d,1,,5470,23326,4.2643510054844604,,3337,22654,6.7887323943662,
2018Q2,,S08000024,,S08000024,d,All Inpatients,d,1,,5321,23924,4.49614734072543,,3359,24321,7.240547782078,
2018Q3,,S08000024,,S08000024,d,All Inpatients,d,1,,5386,24122,4.47864834756777,,3385,24507,7.23988183161004,
2018Q4,,S08000024,,S08000024,d,All Inpatients,d,1,,5463,24524,4.48910854841662,,3363,24779,7.3681236990782,
2019Q1,,S08000024,,S08000024,d,All Inpatients,d,1,,5758,23793,4.13216394581452,,3555,24350,6.84950773558368,
2019Q2,,S08000024,,S08000024,d,All Inpatients,d,1,,5893,24691,4.18988630578653,,3662,25619,6.99590387766248,
2019Q3,,S08000024,,S08000024,d,All Inpatients,d,1,,5739,23351,4.06882732183307,,3581,23844,6.6584752862329,
2019Q4,,S08000024,,S08000024,d,All Inpatients,d,1,,5620,22826,4.06156583629893,,3421,22666,6.62554808535516,
2020Q1,,S08000024,,S08000024,d,All Inpatients,d,1,,5183,24178,4.66486590777542,,3014,25080,8.32116788321168,
2020Q2,,S08000024,,S08000024,d,All Inpatients,d,1,,4557,15841,3.47619047619048,,2536,16114,6.35410094637224,
2020Q3,,S08000024,,S08000024,d,All Inpatients,d,1,,5539,20043,3.61852319913342,,3107,19975,6.4290312198262,
2020Q4,,S08000024,,S08000024,d,All Inpatients,d,1,,5274,19749,3.7445961319681502,,2948,20400,6.91994572591588,
2021Q1,,S08000024,,S08000024,d,All Inpatients,d,1,,5228,22802,4.36151491966335,,2945,22339,7.58539898132428,
2021Q2,,S08000024,,S08000024,d,All Inpatients,d,1,,5639,22120,3.92268132647633,,3227,21976,6.81004028509451,
2021Q3,,S08000024,,S08000024,d,All Inpatients,d,1,,5202,19974,3.8396770472895,,2941,19695,6.69670180210813,
2021Q4,,S08000024,,S08000024,d,All Inpatients,d,1,,5140,22499,4.3772373540856,,2796,23225,8.30650929899857,
2022Q1,,S08000024,,S08000024,d,All Inpatients,d,1,,4958,22221,4.48184751916095,,2769,23070,8.33152762730228,
2022Q2,,S08000024,,S08000024,d,All Inpatients,d,1,,5055,21194,4.19268051434224,,2782,21285,7.6509705248023,
2022Q3,,S08000024,,S08000024,d,All Inpatients,d,1,,4923,22478,4.56591509242332,,2694,22487,8.34706755753526,
2022Q4,p,S08000024,,S08000024,d,All Inpatients,d,1,,4813,22236,4.61998753376273,,2645,23244,8.78790170132325,
2017Q4,,S08000024,,S08000024,d,All Inpatients,d,2,,9195,42910,4.66666666666667,,5646,43144,7.64151611760538,
2018Q1,,S08000024,,S08000024,d,All Inpatients,d,2,,9132,43472,4.76040297853701,,5512,44540,8.08055152394775,
2018Q2,,S08000024,,S08000024,d,All Inpatients,d,2,,8748,41143,4.70313214449017,,5506,40289,7.31729022884126,
2018Q3,,S08000024,,S08000024,d,All Inpatients,d,2,,8712,39187,4.49804866850321,,5495,41696,7.58798908098271,
2018Q4,,S08000024,,S08000024,d,All Inpatients,d,2,,9166,41644,4.54331224089025,,5772,44866,7.77304227304227,
2019Q1,,S08000024,,S08000024,d,All Inpatients,d,2,,9133,43065,4.71531807730209,,5642,43476,7.70577809287487,
2019Q2,,S08000024,,S08000024,d,All Inpatients,d,2,,9837,43258,4.39747890617058,,5944,44644,7.51076716016151,
2019Q3,,S08000024,,S08000024,d,All Inpatients,d,2,,9617,41320,4.29655817822606,,5868,41588,7.08725289706885,
2019Q4,,S08000024,,S08000024,d,All Inpatients,d,2,,9628,41536,4.31408392189447,,5644,40546,7.18391211906449,
2020Q1,,S08000024,,S08000024,d,All Inpatients,d,2,,9180,45385,4.94389978213508,,5258,43428,8.25941422594142,
2020Q2,,S08000024,,S08000024,d,All Inpatients,d,2,,7454,27134,3.64019318486719,,3878,28017,7.22460030943785,
2020Q3,,S08000024,,S08000024,d,All Inpatients,d,2,,8990,33982,3.77997775305895,,4982,33662,6.75672420714572,
2020Q4,,S08000024,,S08000024,d,All Inpatients,d,2,,8901,38969,4.37804741040333,,4805,39831,8.2894901144641,
2021Q1,,S08000024,,S08000024,d,All Inpatients,d,2,,8678,35672,4.11062456787278,,4854,36163,7.45014421096003,
2021Q2,,S08000024,,S08000024,d,All Inpatients,d,2,,9423,35815,3.80080653719622,,5296,34633,6.53946374622357,
2021Q3,,S08000024,,S08000024,d,All Inpatients,d,2,,9140,38556,4.2183807439825,,4989,39363,7.88995790739627,
2021Q4,,S08000024,,S08000024,d,All Inpatients,d,2,,8465,38294,4.5238038984052,,4790,37872,7.90647181628392,
2022Q1,,S08000024,,S08000024,d,All Inpatients,d,2,,8114,38126,4.69879221099334,,4361,36618,8.39669800504471,
2022Q2,,S08000024,,S08000024,d,All Inpatients,d,2,,8615,39214,4.55182820661637,,4641,37611,8.10407239819004,
2022Q3,,S08000024,,S08000024,d,All Inpatients,d,2,,8352,38197,4.57339559386973,,4658,39482,8.47617003005582,
2022Q4,p,S08000024,,S08000024,d,All Inpatients,d,2,,8173,38655,4.72959745503487,,4484,38842,8.66235504014273,
2017Q4,,S08000024,,S08000024,d,All Inpatients,d,3,,6025,28436,4.71966804979253,,3725,30828,8.27597315436242,
2018Q1,,S08000024,,S08000024,d,All Inpatients,d,3,,6108,26917,4.40684348395547,,3701,27000,7.29532558767901,
2018Q2,,S08000024,,S08000024,d,All Inpatients,d,3,,5617,25976,4.62453266868435,,3588,26865,7.48745819397993,
2018Q3,,S08000024,,S08000024,d,All Inpatients,d,3,,5692,27690,4.86472241742797,,3632,27308,7.51872246696035,
2018Q4,,S08000024,,S08000024,d,All Inpatients,d,3,,5820,26740,4.59450171821306,,3752,28255,7.53065031982942,
2019Q1,,S08000024,,S08000024,d,All Inpatients,d,3,,5844,24351,4.16683778234086,,3700,24836,6.71243243243243,
2019Q2,,S08000024,,S08000024,d,All Inpatients,d,3,,6295,26719,4.24447974583002,,3828,27719,7.24111807732497,
2019Q3,,S08000024,,S08000024,d,All Inpatients,d,3,,5977,24678,4.12882717082148,,3774,24928,6.60519342872284,
2019Q4,,S08000024,,S08000024,d,All Inpatients,d,3,,6283,24977,3.97533025624702,,3794,23876,6.29309435951502,
2020Q1,,S08000024,,S08000024,d,All Inpatients,d,3,,5845,26150,4.47390932420873,,3434,27329,7.95835760046593,
2020Q2,,S08000024,,S08000024,d,All Inpatients,d,3,,4715,17056,3.61739130434783,,2578,18307,7.10124127230411,
2020Q3,,S08000024,,S08000024,d,All Inpatients,d,3,,5711,20541,3.5967431272982,,3238,20448,6.3150092649783804,
2020Q4,,S08000024,,S08000024,d,All Inpatients,d,3,,5691,24001,4.21736074503602,,3163,22434,7.09263357571925,
2021Q1,,S08000024,,S08000024,d,All Inpatients,d,3,,5691,23176,4.07239500966438,,3253,23344,7.17614509683369,
2021Q2,,S08000024,,S08000024,d,All Inpatients,d,3,,6037,24604,4.07553420573132,,3476,24270,6.98216340621404,
2021Q3,,S08000024,,S08000024,d,All Inpatients,d,3,,5668,23589,4.16178546224418,,3199,22517,7.03876211316036,
2021Q4,,S08000024,,S08000024,d,All Inpatients,d,3,,5601,26309,4.6971969291198,,3185,25902,8.13249607535322,
2022Q1,,S08000024,,S08000024,d,All Inpatients,d,3,,5425,25247,4.65382488479263,,2988,25117,8.40595716198126,
2022Q2,,S08000024,,S08000024,d,All Inpatients,d,3,,5451,24988,4.58411300678775,,2981,25294,8.48507212344851,
2022Q3,,S08000024,,S08000024,d,All Inpatients,d,3,,5445,27279,5.0099173553719,,3018,27154,8.9973492379059,
2022Q4,p,S08000024,,S08000024,d,All Inpatients,d,3,,5575,26566,4.76520179372197,,3045,28534,9.37077175697865,
2017Q4,,S08000024,,S08000024,d,All Inpatients,d,4,,5327,23287,4.37150366059696,,3369,23684,7.02997922232116,
2018Q1,,S08000024,,S08000024,d,All Inpatients,d,4,,5246,23691,4.51601219977125,,3307,25365,7.67009374055035,
2018Q2,,S08000024,,S08000024,d,All Inpatients,d,4,,5393,24414,4.52697941776377,,3401,25139,7.39164951484857,
2018Q3,,S08000024,,S08000024,d,All Inpatients,d,4,,5262,22592,4.29342455340175,,3440,23815,6.92296511627907,
2018Q4,,S08000024,,S08000024,d,All Inpatients,d,4,,5575,25309,4.53973094170404,,3580,25689,7.17569832402235,
2019Q1,,S08000024,,S08000024,d,All Inpatients,d,4,,5503,23929,4.34835544248592,,3442,25180,7.31551423590936,
2019Q2,,S08000024,,S08000024,d,All Inpatients,d,4,,5592,23161,4.14180972818312,,3522,24191,6.86854060193072,
2019Q3,,S08000024,,S08000024,d,All Inpatients,d,4,,5895,25654,4.3518235793045,,3614,25124,6.95185390149419,
2019Q4,,S08000024,,S08000024,d,All Inpatients,d,4,,5721,25881,4.52385946512847,,3467,26006,7.50100951831555,
2020Q1,,S08000024,,S08000024,d,All Inpatients,d,4,,5448,25809,4.73733480176211,,3238,27458,8.47992588017295,
2020Q2,,S08000024,,S08000024,d,All Inpatients,d,4,,4623,16537,3.5771144278607,,2461,17182,6.98171475010158,
2020Q3,,S08000024,,S08000024,d,All Inpatients,d,4,,5308,19756,3.72192916352675,,3014,19110,6.34041141340411,
2020Q4,,S08000024,,S08000024,d,All Inpatients,d,4,,5357,22341,4.17043121149897,,3011,21147,7.02324809033544,
2021Q1,,S08000024,,S08000024,d,All Inpatients,d,4,,5062,22501,4.44508099565389,,2916,22270,7.63717421124829,
2021Q2,,S08000024,,S08000024,d,All Inpatients,d,4,,5671,22035,3.8855581026274,,3321,21617,6.5091839807287,
2021Q3,,S08000024,,S08000024,d,All Inpatients,d,4,,5736,24225,4.22332635983264,,3185,22334,7.01224489795918,
2021Q4,,S08000024,,S08000024,d,All Inpatients,d,4,,5546,26382,4.75694194013704,,3089,25417,8.22822920038847,
2022Q1,,S08000024,,S08000024,d,All Inpatients,d,4,,5138,25568,4.97625535227715,,2933,23971,8.17286055233549,
2022Q2,,S08000024,,S08000024,d,All Inpatients,d,4,,5317,24639,4.63400413767162,,3026,25029,8.2713152676801,
2022Q3,,S08000024,,S08000024,d,All Inpatients,d,4,,5239,24143,4.60832219889292,,2965,23345,7.87352445193929,
2022Q4,p,S08000024,,S08000024,d,All Inpatients,d,4,,5361,23911,4.46017534042156,,3054,25066,8.20759659462999,
2017Q4,,S08000024,,S08000024,d,All Inpatients,d,5,,8739,42662,4.88179425563566,,5507,44652,8.10822589431633,
2018Q1,,S08000024,,S08000024,d,All Inpatients,d,5,,8318,41702,5.01346477518634,,5164,44692,8.65453137103021,
2018Q2,,S08000024,,S08000024,d,All Inpatients,d,5,,8246,43110,5.22798932815911,,5311,45102,8.49218602899642,
2018Q3,,S08000024,,S08000024,d,All Inpatients,d,5,,8154,40487,4.96529310767721,,5177,42329,8.17635696349237,
2018Q4,,S08000024,,S08000024,d,All Inpatients,d,5,,8779,43683,4.97585146372024,,5563,44636,8.02372820420636,
2019Q1,,S08000024,,S08000024,d,All Inpatients,d,5,,8466,40625,4.79860618946374,,5244,43026,8.20480549199085,
2019Q2,,S08000024,,S08000024,d,All Inpatients,d,5,,8607,40047,4.65284071104915,,5365,39979,7.45181733457596,
2019Q3,,S08000024,,S08000024,d,All Inpatients,d,5,,8768,38468,4.38731751824818,,5289,38009,7.18642465494422,
2019Q4,,S08000024,,S08000024,d,All Inpatients,d,5,,8781,40149,4.57225828493338,,5354,43521,8.12868883078072,
2020Q1,,S08000024,,S08000024,d,All Inpatients,d,5,,8338,42794,5.13240585272248,,4869,43478,8.92955432326966,
2020Q2,,S08000024,,S08000024,d,All Inpatients,d,5,,6605,27062,4.09719909159727,,3435,28469,8.28791848617176,
2020Q3,,S08000024,,S08000024,d,All Inpatients,d,5,,8051,31312,3.88920630977518,,4607,31194,6.77100065118298,
2020Q4,,S08000024,,S08000024,d,All Inpatients,d,5,,8033,35327,4.39773434582348,,4524,35090,7.75641025641026,
2021Q1,,S08000024,,S08000024,d,All Inpatients,d,5,,7890,37395,4.73954372623574,,4402,37457,8.50908677873694,
2021Q2,,S08000024,,S08000024,d,All Inpatients,d,5,,8377,36044,4.30273367554017,,4740,35731,7.53818565400844,
2021Q3,,S08000024,,S08000024,d,All Inpatients,d,5,,8211,38424,4.67957617829741,,4566,37226,8.15286903197547,
2021Q4,,S08000024,,S08000024,d,All Inpatients,d,5,,7915,38323,4.84181933038534,,4395,37738,8.58657565415245,
2022Q1,,S08000024,,S08000024,d,All Inpatients,d,5,,7957,40398,5.07703908508232,,4351,38670,8.88761204320846,
2022Q2,,S08000024,,S08000024,d,All Inpatients,d,5,,8102,41764,5.15477659837077,,4343,43700,10.0621690075984,
2022Q3,,S08000024,,S08000024,d,All Inpatients,d,5,,8353,42645,5.10535137076499,,4424,43346,9.79792043399638,
2022Q4,p,S08000024,,S08000024,d,All Inpatients,d,5,,8217,42225,5.13873676524279,,4430,42580,9.6117381489842,
2022Q3,,S08000024,,S08000024,d,All Inpatients,d,,:,0,0,,z,0,0,,z
2022Q4,p,S08000024,,S08000024,d,All Inpatients,d,,:,31,78,2.51612903225806,,20,80,4,
2017Q4,,S08000024,,S12000040,,All Inpatients,d,1,,1428,5930,4.15266106442577,,872,5584,6.40366972477064,
2018Q1,,S08000024,,S12000040,,All Inpatients,d,1,,1402,5728,4.08559201141227,,865,5572,6.44161849710983,
2018Q2,,S08000024,,S12000040,,All Inpatients,d,1,,1327,6060,4.56669178598342,,833,5822,6.98919567827131,
2018Q3,,S08000024,,S12000040,,All Inpatients,d,1,,1316,4866,3.69756838905775,,846,4630,5.47281323877069,
2018Q4,,S08000024,,S12000040,,All Inpatients,d,1,,1499,6259,4.17545030020013,,944,6169,6.53495762711864,
2019Q1,,S08000024,,S12000040,,All Inpatients,d,1,,1493,5920,3.96517079705291,,959,5665,5.90719499478624,
2019Q2,,S08000024,,S12000040,,All Inpatients,d,1,,1508,5727,3.79774535809019,,979,5513,5.63125638406537,
2019Q3,,S08000024,,S12000040,,All Inpatients,d,1,,1467,6224,4.24267211997273,,961,5909,6.14880332986472,
2019Q4,,S08000024,,S12000040,,All Inpatients,d,1,,1425,5115,3.58947368421053,,960,5033,5.24270833333333,
2020Q1,,S08000024,,S12000040,,All Inpatients,d,1,,1391,6091,4.37886412652768,,855,5595,6.54385964912281,
2020Q2,,S08000024,,S12000040,,All Inpatients,d,1,,1234,3791,3.07212317666126,,721,3812,5.2871012482663,
2020Q3,,S08000024,,S12000040,,All Inpatients,d,1,,1547,5171,3.3425985778927,,904,5257,5.81526548672566,
2020Q4,,S08000024,,S12000040,,All Inpatients,d,1,,1522,5169,3.39618922470434,,866,5031,5.8094688221709,
2021Q1,,S08000024,,S12000040,,All Inpatients,d,1,,1538,5170,3.36150845253576,,910,4808,5.28351648351648,
2021Q2,,S08000024,,S12000040,,All Inpatients,d,1,,1666,5801,3.48199279711885,,999,5744,5.74974974974975,
2021Q3,,S08000024,,S12000040,,All Inpatients,d,1,,1455,5074,3.4872852233677,,894,5038,5.63534675615213,
2021Q4,,S08000024,,S12000040,,All Inpatients,d,1,,1496,5652,3.77807486631016,,895,5583,6.23798882681564,
2022Q1,,S08000024,,S12000040,,All Inpatients,d,1,,1443,5847,4.05197505197505,,835,5923,7.0934131736527,
2022Q2,,S08000024,,S12000040,,All Inpatients,d,1,,1460,5254,3.5986301369863,,857,4905,5.72345390898483,
2022Q3,,S08000024,,S12000040,,All Inpatients,d,1,,1315,5719,4.34904942965779,,796,5541,6.96105527638191,
2022Q4,p,S08000024,,S12000040,,All Inpatients,d,1,,1325,5856,4.41962264150943,,771,5353,6.94293125810636,
2017Q4,,S08000024,,S12000040,,All Inpatients,d,2,,2303,10819,4.6977854971776,,1425,10361,7.27087719298246,
2018Q1,,S08000024,,S12000040,,All Inpatients,d,2,,2300,11005,4.78478260869565,,1445,10891,7.53702422145329,
2018Q2,,S08000024,,S12000040,,All Inpatients,d,2,,2239,9427,4.21036176864672,,1392,8656,6.2183908045977,
2018Q3,,S08000024,,S12000040,,All Inpatients,d,2,,2333,10079,4.3201885983712,,1485,9453,6.36565656565657,
2018Q4,,S08000024,,S12000040,,All Inpatients,d,2,,2493,10186,4.08584035298837,,1591,10458,6.57322438717788,
2019Q1,,S08000024,,S12000040,,All Inpatients,d,2,,2324,9652,4.15318416523236,,1522,8914,5.85676741130092,
2019Q2,,S08000024,,S12000040,,All Inpatients,d,2,,2548,10179,3.99489795918367,,1631,10135,6.21397915389332,
2019Q3,,S08000024,,S12000040,,All Inpatients,d,2,,2420,10505,4.34090909090909,,1522,10190,6.69513797634691,
2019Q4,,S08000024,,S12000040,,All Inpatients,d,2,,2684,10967,4.08606557377049,,1676,9961,5.94331742243437,
2020Q1,,S08000024,,S12000040,,All Inpatients,d,2,,2545,11429,4.49076620825147,,1534,11069,7.21577574967406,
2020Q2,,S08000024,,S12000040,,All Inpatients,d,2,,2022,5947,2.94114737883284,,1106,5960,5.38878842676311,
2020Q3,,S08000024,,S12000040,,All Inpatients,d,2,,2620,8363,3.19198473282443,,1467,7813,5.32583503749148,
2020Q4,,S08000024,,S12000040,,All Inpatients,d,2,,2531,9230,3.64677992888186,,1412,8957,6.34348441926346,
2021Q1,,S08000024,,S12000040,,All Inpatients,d,2,,2407,8273,3.43705857914416,,1434,8588,5.98884239888424,
2021Q2,,S08000024,,S12000040,,All Inpatients,d,2,,2761,8485,3.07316189786309,,1646,8660,5.26123936816525,
2021Q3,,S08000024,,S12000040,,All Inpatients,d,2,,2554,9296,3.63978073610024,,1552,8795,5.66688144329897,
2021Q4,,S08000024,,S12000040,,All Inpatients,d,2,,2420,9612,3.97190082644628,,1537,9722,6.32530904359141,
2022Q1,,S08000024,,S12000040,,All Inpatients,d,2,,2215,9144,4.12821670428894,,1281,8366,6.53083528493365,
2022Q2,,S08000024,,S12000040,,All Inpatients,d,2,,2476,9331,3.76857835218094,,1433,9446,6.59176552686671,
2022Q3,,S08000024,,S12000040,,All Inpatients,d,2,,2351,9183,3.90599744789451,,1472,9381,6.37296195652174,
2022Q4,p,S08000024,,S12000040,,All Inpatients,d,2,,2072,8101,3.90974903474903,,1254,8091,6.45215311004785,
2017Q4,,S08000024,,S12000040,,All Inpatients,d,3,,1466,6285,4.28717598908595,,904,6284,6.95132743362832,
2018Q1,,S08000024,,S12000040,,All Inpatients,d,3,,1506,6708,4.45418326693227,,894,6118,6.84340044742729,
2018Q2,,S08000024,,S12000040,,All Inpatients,d,3,,1379,5893,4.27338651196519,,855,5428,6.34853801169591,
2018Q3,,S08000024,,S12000040,,All Inpatients,d,3,,1420,5984,4.21408450704225,,923,5981,6.47995666305525,
2018Q4,,S08000024,,S12000040,,All Inpatients,d,3,,1442,6489,4.5,,948,6335,6.68248945147679,
2019Q1,,S08000024,,S12000040,,All Inpatients,d,3,,1408,5999,4.26065340909091,,937,5631,6.00960512273212,
2019Q2,,S08000024,,S12000040,,All Inpatients,d,3,,1540,5564,3.61298701298701,,1007,5766,5.72591857000993,
2019Q3,,S08000024,,S12000040,,All Inpatients,d,3,,1525,5974,3.91737704918033,,1008,6001,5.95337301587302,
2019Q4,,S08000024,,S12000040,,All Inpatients,d,3,,1529,5481,3.58469587965991,,977,5070,5.18935516888434,
2020Q1,,S08000024,,S12000040,,All Inpatients,d,3,,1621,7198,4.44046884639112,,978,7333,7.49795501022495,
2020Q2,,S08000024,,S12000040,,All Inpatients,d,3,,1336,3837,2.87200598802395,,729,3634,4.98491083676269,
2020Q3,,S08000024,,S12000040,,All Inpatients,d,3,,1623,5031,3.09981515711645,,896,4776,5.33035714285714,
2020Q4,,S08000024,,S12000040,,All Inpatients,d,3,,1394,4945,3.54734576757532,,825,4768,5.77939393939394,
2021Q1,,S08000024,,S12000040,,All Inpatients,d,3,,1497,5224,3.48964595858383,,933,5010,5.36977491961415,
2021Q2,,S08000024,,S12000040,,All Inpatients,d,3,,1654,5181,3.13240628778718,,983,4840,4.92370295015259,
2021Q3,,S08000024,,S12000040,,All Inpatients,d,3,,1429,4863,3.40307907627712,,917,4684,5.10796074154853,
2021Q4,,S08000024,,S12000040,,All Inpatients,d,3,,1421,5439,3.82758620689655,,896,5638,6.29241071428571,
2022Q1,,S08000024,,S12000040,,All Inpatients,d,3,,1426,5151,3.61220196353436,,826,5386,6.52058111380145,
2022Q2,,S08000024,,S12000040,,All Inpatients,d,3,,1596,5907,3.70112781954887,,935,5947,6.36042780748663,
2022Q3,,S08000024,,S12000040,,All Inpatients,d,3,,1484,6341,4.27291105121294,,904,6105,6.7533185840708,
2022Q4,p,S08000024,,S12000040,,All Inpatients,d,3,,1424,5815,4.08356741573034,,838,6398,7.63484486873508,
2017Q4,,S08000024,,S12000040,,All Inpatients,d,4,,952,3701,3.88760504201681,,642,3788,5.90031152647975,
2018Q1,,S08000024,,S12000040,,All Inpatients,d,4,,1058,4044,3.82230623818526,,669,3739,5.58893871449925,
2018Q2,,S08000024,,S12000040,,All Inpatients,d,4,,1055,4137,3.92132701421801,,666,4230,6.35135135135135,
2018Q3,,S08000024,,S12000040,,All Inpatients,d,4,,1020,3710,3.63725490196078,,675,3724,5.51703703703704,
2018Q4,,S08000024,,S12000040,,All Inpatients,d,4,,1109,4973,4.48422001803427,,746,4509,6.04423592493298,
2019Q1,,S08000024,,S12000040,,All Inpatients,d,4,,1090,4151,3.80825688073394,,719,4072,5.663421418637,
2019Q2,,S08000024,,S12000040,,All Inpatients,d,4,,1222,4422,3.61865793780687,,800,4249,5.31125,
2019Q3,,S08000024,,S12000040,,All Inpatients,d,4,,1192,4329,3.63171140939597,,788,3835,4.86675126903553,
2019Q4,,S08000024,,S12000040,,All Inpatients,d,4,,1116,4727,4.23566308243728,,742,4833,6.51347708894879,
2020Q1,,S08000024,,S12000040,,All Inpatients,d,4,,1106,4499,4.06781193490054,,681,4683,6.87665198237885,
2020Q2,,S08000024,,S12000040,,All Inpatients,d,4,,958,2891,3.01774530271399,,544,2952,5.42647058823529,
2020Q3,,S08000024,,S12000040,,All Inpatients,d,4,,1124,3007,2.67526690391459,,662,2930,4.42598187311178,
2020Q4,,S08000024,,S12000040,,All Inpatients,d,4,,1029,3465,3.36734693877551,,617,2862,4.6385737439222,
2021Q1,,S08000024,,S12000040,,All Inpatients,d,4,,1139,4104,3.60316066725198,,695,4132,5.9453237410072,
2021Q2,,S08000024,,S12000040,,All Inpatients,d,4,,1237,3785,3.05982215036378,,779,3902,5.00898587933248,
2021Q3,,S08000024,,S12000040,,All Inpatients,d,4,,1221,4193,3.43407043407043,,757,3928,5.1889035667107,
2021Q4,,S08000024,,S12000040,,All Inpatients,d,4,,1223,4188,3.42436631234669,,765,4019,5.25359477124183,
2022Q1,,S08000024,,S12000040,,All Inpatients,d,4,,1135,3678,3.24052863436123,,681,3547,5.20851688693098,
2022Q2,,S08000024,,S12000040,,All Inpatients,d,4,,1162,3865,3.32616179001721,,727,3855,5.30261348005502,
2022Q3,,S08000024,,S12000040,,All Inpatients,d,4,,1131,4473,3.95490716180371,,722,4343,6.01523545706371,
2022Q4,p,S08000024,,S12000040,,All Inpatients,d,4,,1110,4292,3.86666666666667,,657,4193,6.3820395738204,
2017Q4,,S08000024,,S12000040,,All Inpatients,d,5,,827,2951,3.5683192261185,,538,2779,5.16542750929368,
2018Q1,,S08000024,,S12000040,,All Inpatients,d,5,,824,2897,3.51577669902913,,533,2628,4.93058161350844,
2018Q2,,S08000024,,S12000040,,All Inpatients,d,5,,817,4232,5.17992656058752,,523,4094,7.82791586998088,
2018Q3,,S08000024,,S12000040,,All Inpatients,d,5,,823,3246,3.94410692588092,,547,3091,5.6508226691042,
2018Q4,,S08000024,,S12000040,,All Inpatients,d,5,,923,3480,3.7703141928494,,593,3139,5.29342327150084,
2019Q1,,S08000024,,S12000040,,All Inpatients,d,5,,832,3258,3.91586538461538,,557,3195,5.73608617594255,
2019Q2,,S08000024,,S12000040,,All Inpatients,d,5,,918,3502,3.81481481481481,,614,2895,4.71498371335505,
2019Q3,,S08000024,,S12000040,,All Inpatients,d,5,,901,3398,3.77136514983352,,590,3310,5.61016949152542,
2019Q4,,S08000024,,S12000040,,All Inpatients,d,5,,853,3390,3.97420867526378,,586,3136,5.35153583617747,
2020Q1,,S08000024,,S12000040,,All Inpatients,d,5,,824,3074,3.73058252427184,,549,3621,6.59562841530055,
2020Q2,,S08000024,,S12000040,,All Inpatients,d,5,,713,2029,2.84572230014025,,421,1928,4.57957244655582,
2020Q3,,S08000024,,S12000040,,All Inpatients,d,5,,918,2961,3.22549019607843,,539,2916,5.4100185528757,
2020Q4,,S08000024,,S12000040,,All Inpatients,d,5,,882,2657,3.0124716553288,,517,2532,4.89748549323017,
2021Q1,,S08000024,,S12000040,,All Inpatients,d,5,,834,2578,3.09112709832134,,509,2782,5.46561886051081,
2021Q2,,S08000024,,S12000040,,All Inpatients,d,5,,919,2915,3.17192600652884,,588,2587,4.39965986394558,
2021Q3,,S08000024,,S12000040,,All Inpatients,d,5,,898,2913,3.24387527839644,,578,2664,4.60899653979239,
2021Q4,,S08000024,,S12000040,,All Inpatients,d,5,,909,2730,3.003300330033,,564,2453,4.34929078014184,
2022Q1,,S08000024,,S12000040,,All Inpatients,d,5,,864,3150,3.64583333333333,,513,3162,6.16374269005848,
2022Q2,,S08000024,,S12000040,,All Inpatients,d,5,,935,3195,3.41711229946524,,570,3272,5.74035087719298,
2022Q3,,S08000024,,S12000040,,All Inpatients,d,5,,969,3452,3.562435500516,,597,3483,5.83417085427136,
2022Q4,p,S08000024,,S12000040,,All Inpatients,d,5,,830,3379,4.0710843373494,,492,3454,7.02032520325203,
2022Q4,p,S08000024,,S12000040,,All Inpatients,d,,:,0,0,,z,0,5,,z
2017Q4,,S08000025,,S08000025,d,All Inpatients,d,2,,156,844,5.41025641025641,,112,866,7.73214285714286,
2018Q1,,S08000025,,S08000025,d,All Inpatients,d,2,,153,676,4.41830065359477,,112,697,6.22321428571429,
2018Q2,,S08000025,,S08000025,d,All Inpatients,d,2,,160,585,3.65625,,115,572,4.97391304347826,
2018Q3,,S08000025,,S08000025,d,All Inpatients,d,2,,193,690,3.57512953367876,,133,734,5.5187969924812,
2018Q4,,S08000025,,S08000025,d,All Inpatients,d,2,,180,807,4.48333333333333,,126,790,6.26984126984127,
2019Q1,,S08000025,,S08000025,d,All Inpatients,d,2,,173,887,5.1271676300578,,127,821,6.46456692913386,
2019Q2,,S08000025,,S08000025,d,All Inpatients,d,2,,162,693,4.27777777777778,,115,818,7.11304347826087,
2019Q3,,S08000025,,S08000025,d,All Inpatients,d,2,,157,713,4.54140127388535,,128,686,5.359375,
2019Q4,,S08000025,,S08000025,d,All Inpatients,d,2,,156,735,4.71153846153846,,123,736,5.98373983739837,
2020Q1,,S08000025,,S08000025,d,All Inpatients,d,2,,133,780,5.86466165413534,,105,805,7.66666666666667,
2020Q2,,S08000025,,S08000025,d,All Inpatients,d,2,,100,594,5.94,,75,604,8.05333333333333,
2020Q3,,S08000025,,S08000025,d,All Inpatients,d,2,,151,493,3.26490066225166,,101,476,4.71287128712871,
2020Q4,,S08000025,,S08000025,d,All Inpatients,d,2,,131,717,5.47328244274809,,96,588,6.125,
2021Q1,,S08000025,,S08000025,d,All Inpatients,d,2,,152,754,4.96052631578947,,105,787,7.4952380952381,
2021Q2,,S08000025,,S08000025,d,All Inpatients,d,2,,173,1119,6.46820809248555,,116,1155,9.95689655172414,
2021Q3,,S08000025,,S08000025,d,All Inpatients,d,2,,163,837,5.13496932515337,,123,838,6.8130081300813,
2021Q4,,S08000025,,S08000025,d,All Inpatients,d,2,,149,914,6.13422818791946,,110,954,8.67272727272727,
2022Q1,,S08000025,,S08000025,d,All Inpatients,d,2,,154,749,4.86363636363636,,117,661,5.64957264957265,
2022Q2,,S08000025,,S08000025,d,All Inpatients,d,2,,141,727,5.15602836879433,,110,818,7.43636363636364,
2022Q3,,S08000025,,S08000025,d,All Inpatients,d,2,,121,699,5.77685950413223,,96,869,9.05208333333333,
2022Q4,p,S08000025,,S08000025,d,All Inpatients,d,2,,134,697,5.20149253731343,,99,765,7.72727272727273,
2017Q4,,S08000025,,S08000025,d,All Inpatients,d,3,,169,899,5.31952662721894,,120,926,7.71666666666667,
2018Q1,,S08000025,,S08000025,d,All Inpatients,d,3,,153,839,5.48366013071895,,119,865,7.26890756302521,
2018Q2,,S08000025,,S08000025,d,All Inpatients,d,3,,205,886,4.3219512195122,,145,876,6.04137931034483,
2018Q3,,S08000025,,S08000025,d,All Inpatients,d,3,,186,888,4.7741935483871,,135,924,6.84444444444444,
2018Q4,,S08000025,,S08000025,d,All Inpatients,d,3,,182,730,4.01098901098901,,141,757,5.36879432624113,
2019Q1,,S08000025,,S08000025,d,All Inpatients,d,3,,172,719,4.18023255813953,,122,610,5,
2019Q2,,S08000025,,S08000025,d,All Inpatients,d,3,,203,926,4.5615763546798,,145,927,6.39310344827586,
2019Q3,,S08000025,,S08000025,d,All Inpatients,d,3,,165,942,5.70909090909091,,130,998,7.67692307692308,
2019Q4,,S08000025,,S08000025,d,All Inpatients,d,3,,178,989,5.5561797752809,,125,893,7.144,
2020Q1,,S08000025,,S08000025,d,All Inpatients,d,3,,167,937,5.61077844311377,,130,1017,7.82307692307692,
2020Q2,,S08000025,,S08000025,d,All Inpatients,d,3,,104,631,6.06730769230769,,66,628,9.51515151515152,
2020Q3,,S08000025,,S08000025,d,All Inpatients,d,3,,165,756,4.58181818181818,,117,759,6.48717948717949,
2020Q4,,S08000025,,S08000025,d,All Inpatients,d,3,,143,900,6.29370629370629,,106,874,8.24528301886792,
2021Q1,,S08000025,,S08000025,d,All Inpatients,d,3,,139,771,5.54676258992806,,104,775,7.45192307692308,
2021Q2,,S08000025,,S08000025,d,All Inpatients,d,3,,149,1024,6.87248322147651,,107,1026,9.58878504672897,
2021Q3,,S08000025,,S08000025,d,All Inpatients,d,3,,154,730,4.74025974025974,,117,733,6.26495726495726,
2021Q4,,S08000025,,S08000025,d,All Inpatients,d,3,,146,704,4.82191780821918,,105,707,6.73333333333333,
2022Q1,,S08000025,,S08000025,d,All Inpatients,d,3,,121,697,5.7603305785124,,102,698,6.84313725490196,
2022Q2,,S08000025,,S08000025,d,All Inpatients,d,3,,145,984,6.78620689655172,,123,987,8.02439024390244,
2022Q3,,S08000025,,S08000025,d,All Inpatients,d,3,,126,1076,8.53968253968254,,107,868,8.11214953271028,
2022Q4,p,S08000025,,S08000025,d,All Inpatients,d,3,,134,855,6.38059701492537,,103,818,7.94174757281553,
2017Q4,,S08000025,,S08000025,d,All Inpatients,d,4,,520,2233,4.29423076923077,,362,2577,7.11878453038674,
2018Q1,,S08000025,,S08000025,d,All Inpatients,d,4,,454,2039,4.49118942731278,,338,1886,5.57988165680473,
2018Q2,,S08000025,,S08000025,d,All Inpatients,d,4,,502,2153,4.28884462151394,,356,2213,6.21629213483146,
2018Q3,,S08000025,,S08000025,d,All Inpatients,d,4,,492,2571,5.22560975609756,,379,2622,6.91820580474934,
2018Q4,,S08000025,,S08000025,d,All Inpatients,d,4,,574,2508,4.36933797909408,,388,2312,5.95876288659794,
2019Q1,,S08000025,,S08000025,d,All Inpatients,d,4,,539,2491,4.62152133580705,,391,2554,6.53196930946292,
2019Q2,,S08000025,,S08000025,d,All Inpatients,d,4,,516,2662,5.15891472868217,,343,2828,8.24489795918367,
2019Q3,,S08000025,,S08000025,d,All Inpatients,d,4,,419,1866,4.45346062052506,,327,1871,5.7217125382263,
2019Q4,,S08000025,,S08000025,d,All Inpatients,d,4,,481,2249,4.67567567567568,,378,2331,6.16666666666667,
2020Q1,,S08000025,,S08000025,d,All Inpatients,d,4,,450,2369,5.26444444444444,,354,2317,6.54519774011299,
2020Q2,,S08000025,,S08000025,d,All Inpatients,d,4,,343,1773,5.16909620991254,,255,1838,7.2078431372549,
2020Q3,,S08000025,,S08000025,d,All Inpatients,d,4,,420,2084,4.96190476190476,,325,2047,6.29846153846154,
2020Q4,,S08000025,,S08000025,d,All Inpatients,d,4,,436,2096,4.80733944954128,,355,2063,5.8112676056338,
2021Q1,,S08000025,,S08000025,d,All Inpatients,d,4,,449,1897,4.22494432071269,,335,1852,5.52835820895522,
2021Q2,,S08000025,,S08000025,d,All Inpatients,d,4,,473,2331,4.92811839323467,,367,2355,6.41689373297003,
2021Q3,,S08000025,,S08000025,d,All Inpatients,d,4,,514,2568,4.99610894941634,,391,2507,6.41176470588235,
2021Q4,,S08000025,,S08000025,d,All Inpatients,d,4,,515,2722,5.28543689320388,,378,2442,6.46031746031746,
2022Q1,,S08000025,,S08000025,d,All Inpatients,d,4,,482,2636,5.46887966804979,,363,2764,7.61432506887052,
2022Q2,,S08000025,,S08000025,d,All Inpatients,d,4,,454,2745,6.04625550660793,,358,3200,8.93854748603352,
2022Q3,,S08000025,,S08000025,d,All Inpatients,d,4,,416,2416,5.80769230769231,,320,2390,7.46875,
2022Q4,p,S08000025,,S08000025,d,All Inpatients,d,4,,484,2600,5.37190082644628,,374,2704,7.22994652406417,
2017Q4,,S08000025,,S12000023,,All Inpatients,d,2,,156,844,5.41025641025641,,112,866,7.73214285714286,
2018Q1,,S08000025,,S12000023,,All Inpatients,d,2,,153,676,4.41830065359477,,112,697,6.22321428571429,
2018Q2,,S08000025,,S12000023,,All Inpatients,d,2,,160,585,3.65625,,115,572,4.97391304347826,
2018Q3,,S08000025,,S12000023,,All Inpatients,d,2,,193,690,3.57512953367876,,133,734,5.5187969924812,
2018Q4,,S08000025,,S12000023,,All Inpatients,d,2,,180,807,4.48333333333333,,126,790,6.26984126984127,
2019Q1,,S08000025,,S12000023,,All Inpatients,d,2,,173,887,5.1271676300578,,127,821,6.46456692913386,
2019Q2,,S08000025,,S12000023,,All Inpatients,d,2,,162,693,4.27777777777778,,115,818,7.11304347826087,
2019Q3,,S08000025,,S12000023,,All Inpatients,d,2,,157,713,4.54140127388535,,128,686,5.359375,
2019Q4,,S08000025,,S12000023,,All Inpatients,d,2,,156,735,4.71153846153846,,123,736,5.98373983739837,
2020Q1,,S08000025,,S12000023,,All Inpatients,d,2,,133,780,5.86466165413534,,105,805,7.66666666666667,
2020Q2,,S08000025,,S12000023,,All Inpatients,d,2,,100,594,5.94,,75,604,8.05333333333333,
2020Q3,,S08000025,,S12000023,,All Inpatients,d,2,,151,493,3.26490066225166,,101,476,4.71287128712871,
2020Q4,,S08000025,,S12000023,,All Inpatients,d,2,,131,717,5.47328244274809,,96,588,6.125,
2021Q1,,S08000025,,S12000023,,All Inpatients,d,2,,152,754,4.96052631578947,,105,787,7.4952380952381,
2021Q2,,S08000025,,S12000023,,All Inpatients,d,2,,173,1119,6.46820809248555,,116,1155,9.95689655172414,
2021Q3,,S08000025,,S12000023,,All Inpatients,d,2,,163,837,5.13496932515337,,123,838,6.8130081300813,
2021Q4,,S08000025,,S12000023,,All Inpatients,d,2,,149,914,6.13422818791946,,110,954,8.67272727272727,
2022Q1,,S08000025,,S12000023,,All Inpatients,d,2,,154,749,4.86363636363636,,117,661,5.64957264957265,
2022Q2,,S08000025,,S12000023,,All Inpatients,d,2,,141,727,5.15602836879433,,110,818,7.43636363636364,
2022Q3,,S08000025,,S12000023,,All Inpatients,d,2,,121,699,5.77685950413223,,96,869,9.05208333333333,
2022Q4,p,S08000025,,S12000023,,All Inpatients,d,2,,134,697,5.20149253731343,,99,765,7.72727272727273,
2017Q4,,S08000025,,S12000023,,All Inpatients,d,3,,169,899,5.31952662721894,,120,926,7.71666666666667,
2018Q1,,S08000025,,S12000023,,All Inpatients,d,3,,153,839,5.48366013071895,,119,865,7.26890756302521,
2018Q2,,S08000025,,S12000023,,All Inpatients,d,3,,205,886,4.3219512195122,,145,876,6.04137931034483,
2018Q3,,S08000025,,S12000023,,All Inpatients,d,3,,186,888,4.7741935483871,,135,924,6.84444444444444,
2018Q4,,S08000025,,S12000023,,All Inpatients,d,3,,182,730,4.01098901098901,,141,757,5.36879432624113,
2019Q1,,S08000025,,S12000023,,All Inpatients,d,3,,172,719,4.18023255813953,,122,610,5,
2019Q2,,S08000025,,S12000023,,All Inpatients,d,3,,203,926,4.5615763546798,,145,927,6.39310344827586,
2019Q3,,S08000025,,S12000023,,All Inpatients,d,3,,165,942,5.70909090909091,,130,998,7.67692307692308,
2019Q4,,S08000025,,S12000023,,All Inpatients,d,3,,178,989,5.5561797752809,,125,893,7.144,
2020Q1,,S08000025,,S12000023,,All Inpatients,d,3,,167,937,5.61077844311377,,130,1017,7.82307692307692,
2020Q2,,S08000025,,S12000023,,All Inpatients,d,3,,104,631,6.06730769230769,,66,628,9.51515151515152,
2020Q3,,S08000025,,S12000023,,All Inpatients,d,3,,165,756,4.58181818181818,,117,759,6.48717948717949,
2020Q4,,S08000025,,S12000023,,All Inpatients,d,3,,143,900,6.29370629370629,,106,874,8.24528301886792,
2021Q1,,S08000025,,S12000023,,All Inpatients,d,3,,139,771,5.54676258992806,,104,775,7.45192307692308,
2021Q2,,S08000025,,S12000023,,All Inpatients,d,3,,149,1024,6.87248322147651,,107,1026,9.58878504672897,
2021Q3,,S08000025,,S12000023,,All Inpatients,d,3,,154,730,4.74025974025974,,117,733,6.26495726495726,
2021Q4,,S08000025,,S12000023,,All Inpatients,d,3,,146,704,4.82191780821918,,105,707,6.73333333333333,
2022Q1,,S08000025,,S12000023,,All Inpatients,d,3,,121,697,5.7603305785124,,102,698,6.84313725490196,
2022Q2,,S08000025,,S12000023,,All Inpatients,d,3,,145,984,6.78620689655172,,123,987,8.02439024390244,
2022Q3,,S08000025,,S12000023,,All Inpatients,d,3,,126,1076,8.53968253968254,,107,868,8.11214953271028,
2022Q4,p,S08000025,,S12000023,,All Inpatients,d,3,,134,855,6.38059701492537,,103,818,7.94174757281553,
2017Q4,,S08000025,,S12000023,,All Inpatients,d,4,,520,2233,4.29423076923077,,362,2577,7.11878453038674,
2018Q1,,S08000025,,S12000023,,All Inpatients,d,4,,454,2039,4.49118942731278,,338,1886,5.57988165680473,
2018Q2,,S08000025,,S12000023,,All Inpatients,d,4,,502,2153,4.28884462151394,,356,2213,6.21629213483146,
2018Q3,,S08000025,,S12000023,,All Inpatients,d,4,,492,2571,5.22560975609756,,379,2622,6.91820580474934,
2018Q4,,S08000025,,S12000023,,All Inpatients,d,4,,574,2508,4.36933797909408,,388,2312,5.95876288659794,
2019Q1,,S08000025,,S12000023,,All Inpatients,d,4,,539,2491,4.62152133580705,,391,2554,6.53196930946292,
2019Q2,,S08000025,,S12000023,,All Inpatients,d,4,,516,2662,5.15891472868217,,343,2828,8.24489795918367,
2019Q3,,S08000025,,S12000023,,All Inpatients,d,4,,419,1866,4.45346062052506,,327,1871,5.7217125382263,
2019Q4,,S08000025,,S12000023,,All Inpatients,d,4,,481,2249,4.67567567567568,,378,2331,6.16666666666667,
2020Q1,,S08000025,,S12000023,,All Inpatients,d,4,,450,2369,5.26444444444444,,354,2317,6.54519774011299,
2020Q2,,S08000025,,S12000023,,All Inpatients,d,4,,343,1773,5.16909620991254,,255,1838,7.2078431372549,
2020Q3,,S08000025,,S12000023,,All Inpatients,d,4,,420,2084,4.96190476190476,,325,2047,6.29846153846154,
2020Q4,,S08000025,,S12000023,,All Inpatients,d,4,,436,2096,4.80733944954128,,355,2063,5.8112676056338,
2021Q1,,S08000025,,S12000023,,All Inpatients,d,4,,449,1897,4.22494432071269,,335,1852,5.52835820895522,
2021Q2,,S08000025,,S12000023,,All Inpatients,d,4,,473,2331,4.92811839323467,,367,2355,6.41689373297003,
2021Q3,,S08000025,,S12000023,,All Inpatients,d,4,,514,2568,4.99610894941634,,391,2507,6.41176470588235,
2021Q4,,S08000025,,S12000023,,All Inpatients,d,4,,515,2722,5.28543689320388,,378,2442,6.46031746031746,
2022Q1,,S08000025,,S12000023,,All Inpatients,d,4,,482,2636,5.46887966804979,,363,2764,7.61432506887052,
2022Q2,,S08000025,,S12000023,,All Inpatients,d,4,,454,2745,6.04625550660793,,358,3200,8.93854748603352,
2022Q3,,S08000025,,S12000023,,All Inpatients,d,4,,416,2416,5.80769230769231,,320,2390,7.46875,
2022Q4,p,S08000025,,S12000023,,All Inpatients,d,4,,484,2600,5.37190082644628,,374,2704,7.22994652406417,
2017Q4,,S08000026,,S08000026,d,All Inpatients,d,2,,60,236,3.93333333333333,,53,239,4.50943396226415,
2018Q1,,S08000026,,S08000026,d,All Inpatients,d,2,,72,303,4.20833333333333,,56,309,5.51785714285714,
2018Q2,,S08000026,,S08000026,d,All Inpatients,d,2,,75,442,5.89333333333333,,57,449,7.87719298245614,
2018Q3,,S08000026,,S08000026,d,All Inpatients,d,2,,79,218,2.75949367088608,,74,218,2.94594594594595,
2018Q4,,S08000026,,S08000026,d,All Inpatients,d,2,,81,270,3.33333333333333,,74,275,3.71621621621622,
2019Q1,,S08000026,,S08000026,d,All Inpatients,d,2,,68,275,4.04411764705882,,59,243,4.11864406779661,
2019Q2,,S08000026,,S08000026,d,All Inpatients,d,2,,91,320,3.51648351648352,,73,350,4.7945205479452,
2019Q3,,S08000026,,S08000026,d,All Inpatients,d,2,,49,277,5.6530612244898,,43,225,5.23255813953488,
2019Q4,,S08000026,,S08000026,d,All Inpatients,d,2,,40,203,5.075,,33,229,6.93939393939394,
2020Q1,,S08000026,,S08000026,d,All Inpatients,d,2,,72,368,5.11111111111111,,60,371,6.18333333333333,
2020Q2,,S08000026,,S08000026,d,All Inpatients,d,2,,49,139,2.83673469387755,,36,159,4.41666666666667,
2020Q3,,S08000026,,S08000026,d,All Inpatients,d,2,,70,339,4.84285714285714,,56,342,6.10714285714286,
2020Q4,,S08000026,,S08000026,d,All Inpatients,d,2,,53,227,4.28301886792453,,38,234,6.1578947368421,
2021Q1,,S08000026,,S08000026,d,All Inpatients,d,2,,76,246,3.23684210526316,,46,214,4.65217391304348,
2021Q2,,S08000026,,S08000026,d,All Inpatients,d,2,,44,150,3.40909090909091,,36,146,4.05555555555556,
2021Q3,,S08000026,,S08000026,d,All Inpatients,d,2,,47,229,4.87234042553191,,39,264,6.76923076923077,
2021Q4,,S08000026,,S08000026,d,All Inpatients,d,2,,52,282,5.42307692307692,,44,217,4.93181818181818,
2022Q1,,S08000026,,S08000026,d,All Inpatients,d,2,,59,275,4.66101694915254,,52,278,5.34615384615385,
2022Q2,,S08000026,,S08000026,d,All Inpatients,d,2,,63,226,3.58730158730159,,52,226,4.34615384615385,
2022Q3,,S08000026,,S08000026,d,All Inpatients,d,2,,73,367,5.02739726027397,,54,368,6.81481481481481,
2022Q4,p,S08000026,,S08000026,d,All Inpatients,d,2,,58,193,3.32758620689655,,48,185,3.85416666666667,
2017Q4,,S08000026,,S08000026,d,All Inpatients,d,3,,400,1532,3.83,,325,1475,4.53846153846154,
2018Q1,,S08000026,,S08000026,d,All Inpatients,d,3,,335,1244,3.7134328358209,,269,1232,4.57992565055762,
2018Q2,,S08000026,,S08000026,d,All Inpatients,d,3,,334,1320,3.95209580838323,,265,1337,5.04528301886792,
2018Q3,,S08000026,,S08000026,d,All Inpatients,d,3,,340,1404,4.12941176470588,,276,1362,4.93478260869565,
2018Q4,,S08000026,,S08000026,d,All Inpatients,d,3,,333,1339,4.02102102102102,,273,1378,5.04761904761905,
2019Q1,,S08000026,,S08000026,d,All Inpatients,d,3,,324,1300,4.01234567901235,,265,1322,4.98867924528302,
2019Q2,,S08000026,,S08000026,d,All Inpatients,d,3,,374,1662,4.44385026737968,,303,1630,5.37953795379538,
2019Q3,,S08000026,,S08000026,d,All Inpatients,d,3,,402,1715,4.26616915422886,,322,1725,5.35714285714286,
2019Q4,,S08000026,,S08000026,d,All Inpatients,d,3,,376,1691,4.49734042553191,,291,1638,5.62886597938144,
2020Q1,,S08000026,,S08000026,d,All Inpatients,d,3,,307,1393,4.53745928338762,,236,1474,6.24576271186441,
2020Q2,,S08000026,,S08000026,d,All Inpatients,d,3,,188,777,4.13297872340426,,141,736,5.21985815602837,
2020Q3,,S08000026,,S08000026,d,All Inpatients,d,3,,334,1532,4.58682634730539,,253,1506,5.95256916996047,
2020Q4,,S08000026,,S08000026,d,All Inpatients,d,3,,265,1139,4.29811320754717,,213,1227,5.76056338028169,
2021Q1,,S08000026,,S08000026,d,All Inpatients,d,3,,293,1080,3.68600682593857,,220,1085,4.93181818181818,
2021Q2,,S08000026,,S08000026,d,All Inpatients,d,3,,295,1336,4.52881355932203,,232,1313,5.65948275862069,
2021Q3,,S08000026,,S08000026,d,All Inpatients,d,3,,320,1341,4.190625,,235,1184,5.03829787234043,
2021Q4,,S08000026,,S08000026,d,All Inpatients,d,3,,287,1290,4.49477351916376,,227,1450,6.38766519823789,
2022Q1,,S08000026,,S08000026,d,All Inpatients,d,3,,283,1226,4.3321554770318,,246,1236,5.02439024390244,
2022Q2,,S08000026,,S08000026,d,All Inpatients,d,3,,307,1514,4.93159609120521,,240,1513,6.30416666666667,
2022Q3,,S08000026,,S08000026,d,All Inpatients,d,3,,313,1482,4.73482428115016,,246,1367,5.55691056910569,
2022Q4,p,S08000026,,S08000026,d,All Inpatients,d,3,,242,1336,5.52066115702479,,193,1346,6.9740932642487,
2017Q4,,S08000026,,S08000026,d,All Inpatients,d,4,,460,2092,4.54782608695652,,366,2087,5.70218579234973,
2018Q1,,S08000026,,S08000026,d,All Inpatients,d,4,,411,1723,4.19221411192214,,355,1958,5.51549295774648,
2018Q2,,S08000026,,S08000026,d,All Inpatients,d,4,,436,1776,4.07339449541284,,353,1706,4.8328611898017,
2018Q3,,S08000026,,S08000026,d,All Inpatients,d,4,,393,1796,4.56997455470738,,318,1774,5.57861635220126,
2018Q4,,S08000026,,S08000026,d,All Inpatients,d,4,,464,1985,4.27801724137931,,387,2060,5.32299741602067,
2019Q1,,S08000026,,S08000026,d,All Inpatients,d,4,,426,1812,4.25352112676056,,336,1750,5.20833333333333,
2019Q2,,S08000026,,S08000026,d,All Inpatients,d,4,,374,1518,4.05882352941176,,312,1500,4.80769230769231,
2019Q3,,S08000026,,S08000026,d,All Inpatients,d,4,,387,1827,4.72093023255814,,321,1873,5.83489096573209,
2019Q4,,S08000026,,S08000026,d,All Inpatients,d,4,,395,1753,4.4379746835443,,317,1857,5.8580441640378504,
2020Q1,,S08000026,,S08000026,d,All Inpatients,d,4,,372,1548,4.16129032258065,,306,1523,4.97712418300654,
2020Q2,,S08000026,,S08000026,d,All Inpatients,d,4,,265,974,3.67547169811321,,198,1028,5.19191919191919,
2020Q3,,S08000026,,S08000026,d,All Inpatients,d,4,,303,1045,3.44884488448845,,254,1042,4.10236220472441,
2020Q4,,S08000026,,S08000026,d,All Inpatients,d,4,,355,1345,3.7887323943662,,283,1317,4.65371024734982,
2021Q1,,S08000026,,S08000026,d,All Inpatients,d,4,,296,1271,4.29391891891892,,232,1195,5.15086206896552,
2021Q2,,S08000026,,S08000026,d,All Inpatients,d,4,,356,1553,4.3623595505618,,274,1759,6.41970802919708,
2021Q3,,S08000026,,S08000026,d,All Inpatients,d,4,,397,1688,4.25188916876574,,301,1598,5.30897009966777,
2021Q4,,S08000026,,S08000026,d,All Inpatients,d,4,,360,1366,3.79444444444444,,303,1608,5.30693069306931,
2022Q1,,S08000026,,S08000026,d,All Inpatients,d,4,,366,1257,3.4344262295082,,312,1247,3.99679487179487,
2022Q2,,S08000026,,S08000026,d,All Inpatients,d,4,,360,1518,4.21666666666667,,293,1480,5.05119453924915,
2022Q3,,S08000026,,S08000026,d,All Inpatients,d,4,,374,1886,5.0427807486631,,299,1831,6.12374581939799,
2022Q4,p,S08000026,,S08000026,d,All Inpatients,d,4,,332,1230,3.70481927710843,,254,1324,5.21259842519685,
2017Q4,,S08000026,,S12000027,,All Inpatients,d,2,,60,236,3.93333333333333,,53,239,4.50943396226415,
2018Q1,,S08000026,,S12000027,,All Inpatients,d,2,,72,303,4.20833333333333,,56,309,5.51785714285714,
2018Q2,,S08000026,,S12000027,,All Inpatients,d,2,,75,442,5.89333333333333,,57,449,7.87719298245614,
2018Q3,,S08000026,,S12000027,,All Inpatients,d,2,,79,218,2.75949367088608,,74,218,2.94594594594595,
2018Q4,,S08000026,,S12000027,,All Inpatients,d,2,,81,270,3.33333333333333,,74,275,3.71621621621622,
2019Q1,,S08000026,,S12000027,,All Inpatients,d,2,,68,275,4.04411764705882,,59,243,4.11864406779661,
2019Q2,,S08000026,,S12000027,,All Inpatients,d,2,,91,320,3.51648351648352,,73,350,4.7945205479452,
2019Q3,,S08000026,,S12000027,,All Inpatients,d,2,,49,277,5.6530612244898,,43,225,5.23255813953488,
2019Q4,,S08000026,,S12000027,,All Inpatients,d,2,,40,203,5.075,,33,229,6.93939393939394,
2020Q1,,S08000026,,S12000027,,All Inpatients,d,2,,72,368,5.11111111111111,,60,371,6.18333333333333,
2020Q2,,S08000026,,S12000027,,All Inpatients,d,2,,49,139,2.83673469387755,,36,159,4.41666666666667,
2020Q3,,S08000026,,S12000027,,All Inpatients,d,2,,70,339,4.84285714285714,,56,342,6.10714285714286,
2020Q4,,S08000026,,S12000027,,All Inpatients,d,2,,53,227,4.28301886792453,,38,234,6.1578947368421,
2021Q1,,S08000026,,S12000027,,All Inpatients,d,2,,76,246,3.23684210526316,,46,214,4.65217391304348,
2021Q2,,S08000026,,S12000027,,All Inpatients,d,2,,44,150,3.40909090909091,,36,146,4.05555555555556,
2021Q3,,S08000026,,S12000027,,All Inpatients,d,2,,47,229,4.87234042553191,,39,264,6.76923076923077,
2021Q4,,S08000026,,S12000027,,All Inpatients,d,2,,52,282,5.42307692307692,,44,217,4.93181818181818,
2022Q1,,S08000026,,S12000027,,All Inpatients,d,2,,59,275,4.66101694915254,,52,278,5.34615384615385,
2022Q2,,S08000026,,S12000027,,All Inpatients,d,2,,63,226,3.58730158730159,,52,226,4.34615384615385,
2022Q3,,S08000026,,S12000027,,All Inpatients,d,2,,73,367,5.02739726027397,,54,368,6.81481481481481,
2022Q4,p,S08000026,,S12000027,,All Inpatients,d,2,,58,193,3.32758620689655,,48,185,3.85416666666667,
2017Q4,,S08000026,,S12000027,,All Inpatients,d,3,,400,1532,3.83,,325,1475,4.53846153846154,
2018Q1,,S08000026,,S12000027,,All Inpatients,d,3,,335,1244,3.7134328358209,,269,1232,4.57992565055762,
2018Q2,,S08000026,,S12000027,,All Inpatients,d,3,,334,1320,3.95209580838323,,265,1337,5.04528301886792,
2018Q3,,S08000026,,S12000027,,All Inpatients,d,3,,340,1404,4.12941176470588,,276,1362,4.93478260869565,
2018Q4,,S08000026,,S12000027,,All Inpatients,d,3,,333,1339,4.02102102102102,,273,1378,5.04761904761905,
2019Q1,,S08000026,,S12000027,,All Inpatients,d,3,,324,1300,4.01234567901235,,265,1322,4.98867924528302,
2019Q2,,S08000026,,S12000027,,All Inpatients,d,3,,374,1662,4.44385026737968,,303,1630,5.37953795379538,
2019Q3,,S08000026,,S12000027,,All Inpatients,d,3,,402,1715,4.26616915422886,,322,1725,5.35714285714286,
2019Q4,,S08000026,,S12000027,,All Inpatients,d,3,,376,1691,4.49734042553191,,291,1638,5.62886597938144,
2020Q1,,S08000026,,S12000027,,All Inpatients,d,3,,307,1393,4.53745928338762,,236,1474,6.24576271186441,
2020Q2,,S08000026,,S12000027,,All Inpatients,d,3,,188,777,4.13297872340426,,141,736,5.21985815602837,
2020Q3,,S08000026,,S12000027,,All Inpatients,d,3,,334,1532,4.58682634730539,,253,1506,5.95256916996047,
2020Q4,,S08000026,,S12000027,,All Inpatients,d,3,,265,1139,4.29811320754717,,213,1227,5.76056338028169,
2021Q1,,S08000026,,S12000027,,All Inpatients,d,3,,293,1080,3.68600682593857,,220,1085,4.93181818181818,
2021Q2,,S08000026,,S12000027,,All Inpatients,d,3,,295,1336,4.52881355932203,,232,1313,5.65948275862069,
2021Q3,,S08000026,,S12000027,,All Inpatients,d,3,,320,1341,4.190625,,235,1184,5.03829787234043,
2021Q4,,S08000026,,S12000027,,All Inpatients,d,3,,287,1290,4.49477351916376,,227,1450,6.38766519823789,
2022Q1,,S08000026,,S12000027,,All Inpatients,d,3,,283,1226,4.3321554770318,,246,1236,5.02439024390244,
2022Q2,,S08000026,,S12000027,,All Inpatients,d,3,,307,1514,4.93159609120521,,240,1513,6.30416666666667,
2022Q3,,S08000026,,S12000027,,All Inpatients,d,3,,313,1482,4.73482428115016,,246,1367,5.55691056910569,
2022Q4,p,S08000026,,S12000027,,All Inpatients,d,3,,242,1336,5.52066115702479,,193,1346,6.9740932642487,
2017Q4,,S08000026,,S12000027,,All Inpatients,d,4,,460,2092,4.54782608695652,,366,2087,5.70218579234973,
2018Q1,,S08000026,,S12000027,,All Inpatients,d,4,,411,1723,4.19221411192214,,355,1958,5.51549295774648,
2018Q2,,S08000026,,S12000027,,All Inpatients,d,4,,436,1776,4.07339449541284,,353,1706,4.8328611898017,
2018Q3,,S08000026,,S12000027,,All Inpatients,d,4,,393,1796,4.56997455470738,,318,1774,5.57861635220126,
2018Q4,,S08000026,,S12000027,,All Inpatients,d,4,,464,1985,4.27801724137931,,387,2060,5.32299741602067,
2019Q1,,S08000026,,S12000027,,All Inpatients,d,4,,426,1812,4.25352112676056,,336,1750,5.20833333333333,
2019Q2,,S08000026,,S12000027,,All Inpatients,d,4,,374,1518,4.05882352941176,,312,1500,4.80769230769231,
2019Q3,,S08000026,,S12000027,,All Inpatients,d,4,,387,1827,4.72093023255814,,321,1873,5.83489096573209,
2019Q4,,S08000026,,S12000027,,All Inpatients,d,4,,395,1753,4.4379746835443,,317,1857,5.8580441640378504,
2020Q1,,S08000026,,S12000027,,All Inpatients,d,4,,372,1548,4.16129032258065,,306,1523,4.97712418300654,
2020Q2,,S08000026,,S12000027,,All Inpatients,d,4,,265,974,3.67547169811321,,198,1028,5.19191919191919,
2020Q3,,S08000026,,S12000027,,All Inpatients,d,4,,303,1045,3.44884488448845,,254,1042,4.10236220472441,
2020Q4,,S08000026,,S12000027,,All Inpatients,d,4,,355,1345,3.7887323943662,,283,1317,4.65371024734982,
2021Q1,,S08000026,,S12000027,,All Inpatients,d,4,,296,1271,4.29391891891892,,232,1195,5.15086206896552,
2021Q2,,S08000026,,S12000027,,All Inpatients,d,4,,356,1553,4.3623595505618,,274,1759,6.41970802919708,
2021Q3,,S08000026,,S12000027,,All Inpatients,d,4,,397,1688,4.25188916876574,,301,1598,5.30897009966777,
2021Q4,,S08000026,,S12000027,,All Inpatients,d,4,,360,1366,3.79444444444444,,303,1608,5.30693069306931,
2022Q1,,S08000026,,S12000027,,All Inpatients,d,4,,366,1257,3.4344262295082,,312,1247,3.99679487179487,
2022Q2,,S08000026,,S12000027,,All Inpatients,d,4,,360,1518,4.21666666666667,,293,1480,5.05119453924915,
2022Q3,,S08000026,,S12000027,,All Inpatients,d,4,,374,1886,5.0427807486631,,299,1831,6.12374581939799,
2022Q4,p,S08000026,,S12000027,,All Inpatients,d,4,,332,1230,3.70481927710843,,254,1324,5.21259842519685,
2017Q4,,S08000030,,S12000041,,All Inpatients,d,1,,449,1822,4.05790645879733,,274,1889,6.8941605839416,
2018Q1,,S08000030,,S12000041,,All Inpatients,d,1,,392,1891,4.82397959183673,,253,2083,8.23320158102767,
2018Q2,,S08000030,,S12000041,,All Inpatients,d,1,,354,1939,5.4774011299435,,241,1793,7.43983402489627,
2018Q3,,S08000030,,S12000041,,All Inpatients,d,1,,351,1368,3.8974358974359,,232,1505,6.48706896551724,
2018Q4,,S08000030,,S12000041,,All Inpatients,d,1,,322,1309,4.06521739130435,,222,1599,7.2027027027027,
2019Q1,,S08000030,,S12000041,,All Inpatients,d,1,,382,1331,3.48429319371728,,251,1453,5.78884462151394,
2019Q2,,S08000030,,S12000041,,All Inpatients,d,1,,374,1221,3.26470588235294,,233,1128,4.8412017167382,
2019Q3,,S08000030,,S12000041,,All Inpatients,d,1,,298,1292,4.33557046979866,,190,1285,6.76315789473684,
2019Q4,,S08000030,,S12000041,,All Inpatients,d,1,,308,1135,3.68506493506493,,217,1110,5.11520737327189,
2020Q1,,S08000030,,S12000041,,All Inpatients,d,1,,327,1508,4.61162079510703,,232,1494,6.43965517241379,
2020Q2,,S08000030,,S12000041,,All Inpatients,d,1,,207,658,3.17874396135266,,132,703,5.32575757575758,
2020Q3,,S08000030,,S12000041,,All Inpatients,d,1,,312,1245,3.99038461538462,,189,1168,6.17989417989418,
2020Q4,,S08000030,,S12000041,,All Inpatients,d,1,,382,1540,4.03141361256545,,249,1590,6.3855421686747,
2021Q1,,S08000030,,S12000041,,All Inpatients,d,1,,325,1529,4.70461538461538,,183,1449,7.91803278688525,
2021Q2,,S08000030,,S12000041,,All Inpatients,d,1,,352,1219,3.46306818181818,,233,1178,5.05579399141631,
2021Q3,,S08000030,,S12000041,,All Inpatients,d,1,,327,1043,3.18960244648318,,214,1071,5.00467289719626,
2021Q4,,S08000030,,S12000041,,All Inpatients,d,1,,381,1788,4.69291338582677,,253,1792,7.08300395256917,
2022Q1,,S08000030,,S12000041,,All Inpatients,d,1,,383,1484,3.87467362924282,,244,1337,5.47950819672131,
2022Q2,,S08000030,,S12000041,,All Inpatients,d,1,,369,1423,3.85636856368564,,249,1555,6.24497991967872,
2022Q3,,S08000030,,S12000041,,All Inpatients,d,1,,398,1556,3.90954773869347,,254,1461,5.75196850393701,
2022Q4,p,S08000030,,S12000041,,All Inpatients,d,1,,411,1803,4.38686131386861,,257,1625,6.32295719844358,
2017Q4,,S08000030,,S12000041,,All Inpatients,d,2,,1093,5503,5.03476669716377,,704,5651,8.02698863636364,
2018Q1,,S08000030,,S12000041,,All Inpatients,d,2,,1186,5111,4.30944350758853,,735,5212,7.09115646258503,
2018Q2,,S08000030,,S12000041,,All Inpatients,d,2,,1051,4966,4.72502378686965,,715,5121,7.16223776223776,
2018Q3,,S08000030,,S12000041,,All Inpatients,d,2,,1042,4316,4.14203454894434,,690,4711,6.82753623188406,
2018Q4,,S08000030,,S12000041,,All Inpatients,d,2,,953,3876,4.06715634837356,,630,3882,6.16190476190476,
2019Q1,,S08000030,,S12000041,,All Inpatients,d,2,,1022,4290,4.19765166340509,,661,4230,6.39939485627837,
2019Q2,,S08000030,,S12000041,,All Inpatients,d,2,,1086,4348,4.0036832412523,,736,4288,5.82608695652174,
2019Q3,,S08000030,,S12000041,,All Inpatients,d,2,,1091,4796,4.39596700274977,,699,4540,6.49499284692418,
2019Q4,,S08000030,,S12000041,,All Inpatients,d,2,,1100,4360,3.96363636363636,,702,4267,6.07834757834758,
2020Q1,,S08000030,,S12000041,,All Inpatients,d,2,,1065,4390,4.12206572769953,,710,4683,6.59577464788732,
2020Q2,,S08000030,,S12000041,,All Inpatients,d,2,,701,2707,3.86162624821683,,438,2645,6.03881278538813,
2020Q3,,S08000030,,S12000041,,All Inpatients,d,2,,978,4360,4.45807770961145,,614,4276,6.96416938110749,
2020Q4,,S08000030,,S12000041,,All Inpatients,d,2,,1038,4384,4.22350674373796,,657,5045,7.67884322678843,
2021Q1,,S08000030,,S12000041,,All Inpatients,d,2,,801,3263,4.07365792759051,,504,3222,6.39285714285714,
2021Q2,,S08000030,,S12000041,,All Inpatients,d,2,,908,3683,4.05616740088106,,620,3648,5.88387096774194,
2021Q3,,S08000030,,S12000041,,All Inpatients,d,2,,935,4282,4.57967914438503,,628,4410,7.02229299363057,
2021Q4,,S08000030,,S12000041,,All Inpatients,d,2,,1096,4571,4.1706204379562,,672,4364,6.49404761904762,
2022Q1,,S08000030,,S12000041,,All Inpatients,d,2,,1033,4629,4.4811229428848,,668,4307,6.44760479041916,
2022Q2,,S08000030,,S12000041,,All Inpatients,d,2,,1046,4400,4.20650095602294,,673,4601,6.83655274888559,
2022Q3,,S08000030,,S12000041,,All Inpatients,d,2,,1095,4898,4.47305936073059,,658,4593,6.98024316109422,
2022Q4,p,S08000030,,S12000041,,All Inpatients,d,2,,1151,5169,4.49087749782798,,721,5479,7.59916782246879,
2017Q4,,S08000030,,S12000041,,All Inpatients,d,3,,1285,5500,4.28015564202335,,845,5499,6.50769230769231,
2018Q1,,S08000030,,S12000041,,All Inpatients,d,3,,1325,6237,4.70716981132075,,851,6122,7.19388954171563,
2018Q2,,S08000030,,S12000041,,All Inpatients,d,3,,1371,6113,4.45878920495988,,945,6460,6.83597883597884,
2018Q3,,S08000030,,S12000041,,All Inpatients,d,3,,1218,6139,5.04022988505747,,814,5400,6.63390663390663,
2018Q4,,S08000030,,S12000041,,All Inpatients,d,3,,1245,5607,4.50361445783133,,827,6042,7.30592503022975,
2019Q1,,S08000030,,S12000041,,All Inpatients,d,3,,1351,6081,4.50111028867506,,865,6053,6.99768786127168,
2019Q2,,S08000030,,S12000041,,All Inpatients,d,3,,1303,5693,4.36914811972371,,880,5732,6.51363636363636,
2019Q3,,S08000030,,S12000041,,All Inpatients,d,3,,1328,5335,4.01731927710843,,861,5396,6.267131242741,
2019Q4,,S08000030,,S12000041,,All Inpatients,d,3,,1493,7622,5.10515740120563,,939,7568,8.05963791267306,
2020Q1,,S08000030,,S12000041,,All Inpatients,d,3,,1177,4993,4.24214103653356,,834,5500,6.5947242206235,
2020Q2,,S08000030,,S12000041,,All Inpatients,d,3,,893,3247,3.63605823068309,,572,3181,5.56118881118881,
2020Q3,,S08000030,,S12000041,,All Inpatients,d,3,,1148,4431,3.85975609756098,,750,3999,5.332,
2020Q4,,S08000030,,S12000041,,All Inpatients,d,3,,1144,4726,4.13111888111888,,754,4682,6.20954907161804,
2021Q1,,S08000030,,S12000041,,All Inpatients,d,3,,1118,5012,4.4830053667263,,681,5269,7.73715124816446,
2021Q2,,S08000030,,S12000041,,All Inpatients,d,3,,1229,4807,3.9113100081367,,797,5112,6.41405269761606,
2021Q3,,S08000030,,S12000041,,All Inpatients,d,3,,1172,4560,3.89078498293515,,766,4315,5.6331592689295,
2021Q4,,S08000030,,S12000041,,All Inpatients,d,3,,1277,6004,4.70164447924824,,810,5728,7.0716049382716,
2022Q1,,S08000030,,S12000041,,All Inpatients,d,3,,1197,5194,4.33918128654971,,797,5078,6.37139272271016,
2022Q2,,S08000030,,S12000041,,All Inpatients,d,3,,1280,5779,4.51484375,,821,5786,7.04750304506699,
2022Q3,,S08000030,,S12000041,,All Inpatients,d,3,,1232,5784,4.6948051948052,,814,5930,7.28501228501228,
2022Q4,p,S08000030,,S12000041,,All Inpatients,d,3,,1249,5769,4.61889511609287,,814,5557,6.82678132678133,
2017Q4,,S08000030,,S12000041,,All Inpatients,d,4,,1251,5696,4.55315747402078,,835,5784,6.92694610778443,
2018Q1,,S08000030,,S12000041,,All Inpatients,d,4,,1202,5964,4.96173044925125,,767,6225,8.11603650586702,
2018Q2,,S08000030,,S12000041,,All Inpatients,d,4,,1131,5291,4.67816091954023,,773,5523,7.14489003880983,
2018Q3,,S08000030,,S12000041,,All Inpatients,d,4,,1097,4602,4.1950774840474,,756,4721,6.244708994709,
2018Q4,,S08000030,,S12000041,,All Inpatients,d,4,,1238,5526,4.46365105008078,,835,5320,6.37125748502994,
2019Q1,,S08000030,,S12000041,,All Inpatients,d,4,,1213,5300,4.36933223413026,,840,4551,5.41785714285714,
2019Q2,,S08000030,,S12000041,,All Inpatients,d,4,,1334,5496,4.11994002998501,,888,5464,6.15315315315315,
2019Q3,,S08000030,,S12000041,,All Inpatients,d,4,,1224,4999,4.08415032679739,,870,5169,5.94137931034483,
2019Q4,,S08000030,,S12000041,,All Inpatients,d,4,,1321,5066,3.83497350492051,,879,4834,5.49943117178612,
2020Q1,,S08000030,,S12000041,,All Inpatients,d,4,,1162,4881,4.20051635111876,,787,5029,6.39008894536213,
2020Q2,,S08000030,,S12000041,,All Inpatients,d,4,,848,3035,3.57900943396226,,545,2986,5.47889908256881,
2020Q3,,S08000030,,S12000041,,All Inpatients,d,4,,1076,4470,4.1542750929368,,674,4429,6.57121661721068,
2020Q4,,S08000030,,S12000041,,All Inpatients,d,4,,1070,5067,4.73551401869159,,684,4473,6.53947368421053,
2021Q1,,S08000030,,S12000041,,All Inpatients,d,4,,1006,4669,4.64115308151093,,650,4659,7.16769230769231,
2021Q2,,S08000030,,S12000041,,All Inpatients,d,4,,1168,4734,4.05308219178082,,806,4845,6.01116625310174,
2021Q3,,S08000030,,S12000041,,All Inpatients,d,4,,1148,4715,4.10714285714286,,769,4698,6.10923276983095,
2021Q4,,S08000030,,S12000041,,All Inpatients,d,4,,1134,4956,4.37037037037037,,733,4854,6.62210095497954,
2022Q1,,S08000030,,S12000041,,All Inpatients,d,4,,1140,4726,4.14561403508772,,739,4424,5.98646820027064,
2022Q2,,S08000030,,S12000041,,All Inpatients,d,4,,1194,4418,3.7001675041876,,804,4332,5.38805970149254,
2022Q3,,S08000030,,S12000041,,All Inpatients,d,4,,1277,5482,4.29287392325763,,796,5687,7.14447236180905,
2022Q4,p,S08000030,,S12000041,,All Inpatients,d,4,,1335,5322,3.98651685393258,,882,5349,6.06462585034014,
2017Q4,,S08000030,,S12000041,,All Inpatients,d,5,,491,2163,4.40529531568228,,332,2085,6.28012048192771,
2018Q1,,S08000030,,S12000041,,All Inpatients,d,5,,550,2480,4.50909090909091,,383,2525,6.59268929503916,
2018Q2,,S08000030,,S12000041,,All Inpatients,d,5,,476,1994,4.1890756302521,,323,1970,6.09907120743034,
2018Q3,,S08000030,,S12000041,,All Inpatients,d,5,,457,1882,4.11816192560175,,317,1905,6.00946372239748,
2018Q4,,S08000030,,S12000041,,All Inpatients,d,5,,511,2397,4.6908023483366,,350,2490,7.11428571428571,
2019Q1,,S08000030,,S12000041,,All Inpatients,d,5,,538,2482,4.61338289962825,,353,2450,6.94050991501416,
2019Q2,,S08000030,,S12000041,,All Inpatients,d,5,,512,2563,5.005859375,,357,2503,7.01120448179272,
2019Q3,,S08000030,,S12000041,,All Inpatients,d,5,,497,2112,4.24949698189135,,345,2230,6.46376811594203,
2019Q4,,S08000030,,S12000041,,All Inpatients,d,5,,476,1712,3.59663865546218,,320,1946,6.08125,
2020Q1,,S08000030,,S12000041,,All Inpatients,d,5,,427,1878,4.39812646370023,,297,1936,6.51851851851852,
2020Q2,,S08000030,,S12000041,,All Inpatients,d,5,,350,1190,3.4,,216,1156,5.35185185185185,
2020Q3,,S08000030,,S12000041,,All Inpatients,d,5,,397,1626,4.09571788413098,,264,1429,5.41287878787879,
2020Q4,,S08000030,,S12000041,,All Inpatients,d,5,,410,2079,5.07073170731707,,254,1836,7.22834645669291,
2021Q1,,S08000030,,S12000041,,All Inpatients,d,5,,401,1834,4.57356608478803,,245,2028,8.27755102040816,
2021Q2,,S08000030,,S12000041,,All Inpatients,d,5,,389,1872,4.81233933161954,,272,1761,6.47426470588235,
2021Q3,,S08000030,,S12000041,,All Inpatients,d,5,,473,1852,3.9154334038055,,313,1664,5.31629392971246,
2021Q4,,S08000030,,S12000041,,All Inpatients,d,5,,437,1791,4.09839816933638,,294,2046,6.95918367346939,
2022Q1,,S08000030,,S12000041,,All Inpatients,d,5,,384,1656,4.3125,,261,1634,6.26053639846743,
2022Q2,,S08000030,,S12000041,,All Inpatients,d,5,,417,1580,3.78896882494005,,272,1547,5.6875,
2022Q3,,S08000030,,S12000041,,All Inpatients,d,5,,457,1893,4.14223194748359,,302,1638,5.42384105960265,
2022Q4,p,S08000030,,S12000041,,All Inpatients,d,5,,461,2101,4.55748373101952,,302,2297,7.60596026490066,
2017Q4,,S08000030,,S12000042,,All Inpatients,d,1,,2779,11785,4.24073407700612,,1782,11689,6.55948372615039,
2018Q1,,S08000030,,S12000042,,All Inpatients,d,1,,2715,12343,4.54622467771639,,1723,12472,7.23853743470691,
2018Q2,,S08000030,,S12000042,,All Inpatients,d,1,,2626,12106,4.61005331302361,,1735,13184,7.59884726224784,
2018Q3,,S08000030,,S12000042,,All Inpatients,d,1,,2674,11591,4.33470456245325,,1775,12825,7.22535211267606,
2018Q4,,S08000030,,S12000042,,All Inpatients,d,1,,2589,10245,3.95712630359212,,1670,11277,6.75269461077844,
2019Q1,,S08000030,,S12000042,,All Inpatients,d,1,,2629,12041,4.58006846709776,,1699,12641,7.44025897586816,
2019Q2,,S08000030,,S12000042,,All Inpatients,d,1,,2617,10634,4.06343141001146,,1710,11411,6.67309941520468,
2019Q3,,S08000030,,S12000042,,All Inpatients,d,1,,2649,11803,4.4556436391091,,1730,12341,7.13352601156069,
2019Q4,,S08000030,,S12000042,,All Inpatients,d,1,,2720,10808,3.97352941176471,,1753,11217,6.39874500855676,
2020Q1,,S08000030,,S12000042,,All Inpatients,d,1,,2619,11444,4.36960672012218,,1708,12201,7.14344262295082,
2020Q2,,S08000030,,S12000042,,All Inpatients,d,1,,2087,7571,3.62769525634883,,1344,7743,5.76116071428571,
2020Q3,,S08000030,,S12000042,,All Inpatients,d,1,,2338,9101,3.89264328485885,,1574,8986,5.70902160101652,
2020Q4,,S08000030,,S12000042,,All Inpatients,d,1,,2415,9988,4.13581780538302,,1581,10010,6.3314358001265,
2021Q1,,S08000030,,S12000042,,All Inpatients,d,1,,2268,10488,4.62433862433862,,1460,10349,7.08835616438356,
2021Q2,,S08000030,,S12000042,,All Inpatients,d,1,,2333,9420,4.03771967423918,,1570,9309,5.92929936305732,
2021Q3,,S08000030,,S12000042,,All Inpatients,d,1,,2493,9840,3.94705174488568,,1643,9648,5.87218502738892,
2021Q4,,S08000030,,S12000042,,All Inpatients,d,1,,2516,10422,4.1422893481717,,1637,10324,6.30665852168601,
2022Q1,,S08000030,,S12000042,,All Inpatients,d,1,,2480,11388,4.59193548387097,,1612,10349,6.41997518610422,
2022Q2,,S08000030,,S12000042,,All Inpatients,d,1,,2443,10738,4.39541547277937,,1607,11454,7.1275668948351,
2022Q3,,S08000030,,S12000042,,All Inpatients,d,1,,2569,11607,4.51810042818217,,1612,11509,7.13957816377171,
2022Q4,p,S08000030,,S12000042,,All Inpatients,d,1,,2405,11768,4.89313929313929,,1563,11732,7.50607805502239,
2017Q4,,S08000030,,S12000042,,All Inpatients,d,2,,1334,6455,4.83883058470765,,852,6380,7.48826291079812,
2018Q1,,S08000030,,S12000042,,All Inpatients,d,2,,1254,6464,5.15470494417863,,809,6923,8.55747836835599,
2018Q2,,S08000030,,S12000042,,All Inpatients,d,2,,1254,5430,4.33014354066986,,860,5765,6.70348837209302,
2018Q3,,S08000030,,S12000042,,All Inpatients,d,2,,1271,5755,4.5279307631786,,868,6329,7.29147465437788,
2018Q4,,S08000030,,S12000042,,All Inpatients,d,2,,1247,5705,4.57497995188452,,813,6161,7.57810578105781,
2019Q1,,S08000030,,S12000042,,All Inpatients,d,2,,1281,5808,4.53395784543325,,833,6491,7.79231692677071,
2019Q2,,S08000030,,S12000042,,All Inpatients,d,2,,1204,5520,4.58471760797342,,792,5697,7.19318181818182,
2019Q3,,S08000030,,S12000042,,All Inpatients,d,2,,1256,5899,4.69665605095541,,839,6219,7.41239570917759,
2019Q4,,S08000030,,S12000042,,All Inpatients,d,2,,1366,5472,4.00585651537335,,876,5739,6.5513698630137,
2020Q1,,S08000030,,S12000042,,All Inpatients,d,2,,1271,6070,4.77576711250983,,831,6731,8.09987966305656,
2020Q2,,S08000030,,S12000042,,All Inpatients,d,2,,898,3743,4.16815144766147,,563,3855,6.84724689165187,
2020Q3,,S08000030,,S12000042,,All Inpatients,d,2,,1112,4707,4.23291366906475,,716,5262,7.34916201117318,
2020Q4,,S08000030,,S12000042,,All Inpatients,d,2,,1109,4759,4.29125338142471,,742,4926,6.63881401617251,
2021Q1,,S08000030,,S12000042,,All Inpatients,d,2,,1060,5008,4.72452830188679,,676,4787,7.08136094674556,
2021Q2,,S08000030,,S12000042,,All Inpatients,d,2,,1075,4056,3.77302325581395,,733,4128,5.63165075034106,
2021Q3,,S08000030,,S12000042,,All Inpatients,d,2,,1205,6261,5.19585062240664,,764,5946,7.78272251308901,
2021Q4,,S08000030,,S12000042,,All Inpatients,d,2,,1169,5385,4.60650128314799,,772,5418,7.01813471502591,
2022Q1,,S08000030,,S12000042,,All Inpatients,d,2,,1149,6111,5.31853785900783,,745,6157,8.26442953020134,
2022Q2,,S08000030,,S12000042,,All Inpatients,d,2,,1151,4798,4.16854908774978,,751,5034,6.70306258322237,
2022Q3,,S08000030,,S12000042,,All Inpatients,d,2,,1089,4685,4.30211202938476,,705,4313,6.1177304964539,
2022Q4,p,S08000030,,S12000042,,All Inpatients,d,2,,1241,5902,4.75584206285254,,785,5857,7.46114649681529,
2017Q4,,S08000030,,S12000042,,All Inpatients,d,3,,595,3388,5.69411764705882,,409,3310,8.09290953545232,
2018Q1,,S08000030,,S12000042,,All Inpatients,d,3,,566,2213,3.90989399293286,,378,2454,6.49206349206349,
2018Q2,,S08000030,,S12000042,,All Inpatients,d,3,,598,2773,4.6371237458194,,393,3135,7.97709923664122,
2018Q3,,S08000030,,S12000042,,All Inpatients,d,3,,559,2404,4.3005366726297,,376,2319,6.16755319148936,
2018Q4,,S08000030,,S12000042,,All Inpatients,d,3,,562,2787,4.95907473309609,,391,2950,7.54475703324808,
2019Q1,,S08000030,,S12000042,,All Inpatients,d,3,,571,2872,5.02977232924693,,383,2969,7.75195822454308,
2019Q2,,S08000030,,S12000042,,All Inpatients,d,3,,560,2408,4.3,,373,2643,7.0857908847185,
2019Q3,,S08000030,,S12000042,,All Inpatients,d,3,,533,2748,5.15572232645403,,340,2823,8.30294117647059,
2019Q4,,S08000030,,S12000042,,All Inpatients,d,3,,541,2632,4.86506469500924,,360,2907,8.075,
2020Q1,,S08000030,,S12000042,,All Inpatients,d,3,,611,2997,4.9050736497545,,408,2948,7.22549019607843,
2020Q2,,S08000030,,S12000042,,All Inpatients,d,3,,406,2345,5.77586206896552,,260,1803,6.93461538461538,
2020Q3,,S08000030,,S12000042,,All Inpatients,d,3,,449,1996,4.44543429844098,,294,2037,6.92857142857143,
2020Q4,,S08000030,,S12000042,,All Inpatients,d,3,,513,2394,4.66666666666667,,329,2400,7.29483282674772,
2021Q1,,S08000030,,S12000042,,All Inpatients,d,3,,461,2025,4.39262472885033,,291,1885,6.47766323024055,
2021Q2,,S08000030,,S12000042,,All Inpatients,d,3,,555,2392,4.30990990990991,,378,2361,6.24603174603175,
2021Q3,,S08000030,,S12000042,,All Inpatients,d,3,,544,2907,5.34375,,357,2724,7.63025210084034,
2021Q4,,S08000030,,S12000042,,All Inpatients,d,3,,530,2557,4.82452830188679,,364,2545,6.99175824175824,
2022Q1,,S08000030,,S12000042,,All Inpatients,d,3,,540,2351,4.3537037037037,,356,2509,7.0477528089887604,
2022Q2,,S08000030,,S12000042,,All Inpatients,d,3,,586,2871,4.89931740614334,,365,2830,7.75342465753425,
2022Q3,,S08000030,,S12000042,,All Inpatients,d,3,,528,2429,4.60037878787879,,338,2439,7.21597633136095,
2022Q4,p,S08000030,,S12000042,,All Inpatients,d,3,,528,2562,4.85227272727273,,333,2325,6.98198198198198,
2017Q4,,S08000030,,S12000042,,All Inpatients,d,4,,765,3954,5.16862745098039,,493,4211,8.54158215010142,
2018Q1,,S08000030,,S12000042,,All Inpatients,d,4,,777,3710,4.77477477477477,,504,3594,7.13095238095238,
2018Q2,,S08000030,,S12000042,,All Inpatients,d,4,,740,3437,4.64459459459459,,503,3330,6.62027833001988,
2018Q3,,S08000030,,S12000042,,All Inpatients,d,4,,740,3435,4.64189189189189,,503,3139,6.24055666003976,
2018Q4,,S08000030,,S12000042,,All Inpatients,d,4,,759,4201,5.53491436100132,,486,3931,8.08847736625514,
2019Q1,,S08000030,,S12000042,,All Inpatients,d,4,,796,4339,5.45100502512563,,513,4663,9.08966861598441,
2019Q2,,S08000030,,S12000042,,All Inpatients,d,4,,801,3555,4.43820224719101,,517,3428,6.63056092843327,
2019Q3,,S08000030,,S12000042,,All Inpatients,d,4,,695,2982,4.29064748201439,,471,2971,6.30785562632696,
2019Q4,,S08000030,,S12000042,,All Inpatients,d,4,,752,3591,4.77526595744681,,501,3464,6.91417165668663,
2020Q1,,S08000030,,S12000042,,All Inpatients,d,4,,766,3538,4.61879895561358,,510,3653,7.16274509803922,
2020Q2,,S08000030,,S12000042,,All Inpatients,d,4,,623,2293,3.68057784911717,,419,2251,5.37231503579952,
2020Q3,,S08000030,,S12000042,,All Inpatients,d,4,,658,3159,4.80091185410334,,433,2994,6.91454965357968,
2020Q4,,S08000030,,S12000042,,All Inpatients,d,4,,727,3366,4.62998624484182,,485,3291,6.78556701030928,
2021Q1,,S08000030,,S12000042,,All Inpatients,d,4,,683,3058,4.47730600292826,,448,3128,6.98214285714286,
2021Q2,,S08000030,,S12000042,,All Inpatients,d,4,,661,2607,3.94402420574887,,443,2629,5.93453724604966,
2021Q3,,S08000030,,S12000042,,All Inpatients,d,4,,715,3828,5.35384615384615,,483,3699,7.6583850931677,
2021Q4,,S08000030,,S12000042,,All Inpatients,d,4,,787,3820,4.85387547649301,,510,3727,7.3078431372549,
2022Q1,,S08000030,,S12000042,,All Inpatients,d,4,,767,3964,5.16818774445893,,511,3871,7.57534246575342,
2022Q2,,S08000030,,S12000042,,All Inpatients,d,4,,746,3133,4.19973190348525,,497,2772,5.57746478873239,
2022Q3,,S08000030,,S12000042,,All Inpatients,d,4,,708,3462,4.88983050847458,,478,3302,6.90794979079498,
2022Q4,p,S08000030,,S12000042,,All Inpatients,d,4,,814,4486,5.51105651105651,,533,4500,8.44277673545966,
2017Q4,,S08000030,,S12000042,,All Inpatients,d,5,,929,4177,4.4962325080732,,607,4316,7.11037891268534,
2018Q1,,S08000030,,S12000042,,All Inpatients,d,5,,915,4443,4.85573770491803,,618,5166,8.35922330097087,
2018Q2,,S08000030,,S12000042,,All Inpatients,d,5,,743,6768,9.10901749663526,,509,6657,13.0785854616896,
2018Q3,,S08000030,,S12000042,,All Inpatients,d,5,,711,3539,4.9774964838256,,483,3573,7.39751552795031,
2018Q4,,S08000030,,S12000042,,All Inpatients,d,5,,820,3830,4.67073170731707,,540,4016,7.43703703703704,
2019Q1,,S08000030,,S12000042,,All Inpatients,d,5,,782,3797,4.85549872122762,,506,3402,6.72332015810277,
2019Q2,,S08000030,,S12000042,,All Inpatients,d,5,,808,3777,4.67450495049505,,523,3919,7.49330783938815,
2019Q3,,S08000030,,S12000042,,All Inpatients,d,5,,832,4146,4.98317307692308,,535,4243,7.93084112149533,
2019Q4,,S08000030,,S12000042,,All Inpatients,d,5,,860,4587,5.33372093023256,,535,5172,9.66728971962617,
2020Q1,,S08000030,,S12000042,,All Inpatients,d,5,,768,3651,4.75390625,,510,3533,6.92745098039216,
2020Q2,,S08000030,,S12000042,,All Inpatients,d,5,,562,2301,4.09430604982206,,374,2408,6.43850267379679,
2020Q3,,S08000030,,S12000042,,All Inpatients,d,5,,676,2893,4.27958579881657,,459,2897,6.31154684095861,
2020Q4,,S08000030,,S12000042,,All Inpatients,d,5,,755,3133,4.14966887417219,,477,3028,6.34800838574423,
2021Q1,,S08000030,,S12000042,,All Inpatients,d,5,,738,3713,5.03116531165312,,486,3884,7.9917695473251,
2021Q2,,S08000030,,S12000042,,All Inpatients,d,5,,685,2853,4.16496350364964,,454,2871,6.32378854625551,
2021Q3,,S08000030,,S12000042,,All Inpatients,d,5,,651,3768,5.78801843317972,,453,3631,8.01545253863135,
2021Q4,,S08000030,,S12000042,,All Inpatients,d,5,,793,3968,5.00378310214376,,541,3748,6.9279112754159,
2022Q1,,S08000030,,S12000042,,All Inpatients,d,5,,705,3468,4.91914893617021,,504,3662,7.26587301587302,
2022Q2,,S08000030,,S12000042,,All Inpatients,d,5,,769,4512,5.86736020806242,,506,4534,8.9604743083004,
2022Q3,,S08000030,,S12000042,,All Inpatients,d,5,,801,3537,4.41573033707865,,503,3601,7.15904572564612,
2022Q4,p,S08000030,,S12000042,,All Inpatients,d,5,,871,5011,5.75315729047072,,589,5252,8.91680814940577,
2017Q4,,S08000030,,S08000030,d,All Inpatients,d,1,,3628,14968,4.12568908489526,,2326,14870,6.39294926913156,
2018Q1,,S08000030,,S08000030,d,All Inpatients,d,1,,3518,15820,4.4968732234224,,2260,16344,7.23185840707965,
2018Q2,,S08000030,,S08000030,d,All Inpatients,d,1,,3386,15882,4.690490253987,,2268,16446,7.25132275132275,
2018Q3,,S08000030,,S08000030,d,All Inpatients,d,1,,3484,14495,4.16044776119403,,2336,15976,6.83904109589041,
2018Q4,,S08000030,,S08000030,d,All Inpatients,d,1,,3354,13226,3.94335122242099,,2191,14658,6.69009584664537,
2019Q1,,S08000030,,S08000030,d,All Inpatients,d,1,,3517,15448,4.39237986920671,,2291,16346,7.1348756001746,
2019Q2,,S08000030,,S08000030,d,All Inpatients,d,1,,3465,13329,3.84675324675325,,2231,13977,6.2649036306589,
2019Q3,,S08000030,,S08000030,d,All Inpatients,d,1,,3450,14623,4.23855072463768,,2245,15113,6.73184855233853,
2019Q4,,S08000030,,S08000030,d,All Inpatients,d,1,,3519,13432,3.81699346405229,,2280,13904,6.09824561403509,
2020Q1,,S08000030,,S08000030,d,All Inpatients,d,1,,3450,14483,4.19797101449275,,2232,15304,6.85663082437276,
2020Q2,,S08000030,,S08000030,d,All Inpatients,d,1,,2664,9178,3.4451951951952,,1686,9367,5.55575326215896,
2020Q3,,S08000030,,S08000030,d,All Inpatients,d,1,,3049,11596,3.80321416857986,,2018,11322,5.61050545094153,
2020Q4,,S08000030,,S08000030,d,All Inpatients,d,1,,3172,12947,4.08165195460277,,2052,13002,6.33625730994152,
2021Q1,,S08000030,,S08000030,d,All Inpatients,d,1,,3048,13957,4.57906824146982,,1907,13586,7.12427897220766,
2021Q2,,S08000030,,S08000030,d,All Inpatients,d,1,,3174,12237,3.85538752362949,,2084,12254,5.88003838771593,
2021Q3,,S08000030,,S08000030,d,All Inpatients,d,1,,3236,12983,4.01205191594561,,2114,12656,5.98675496688742,
2021Q4,,S08000030,,S08000030,d,All Inpatients,d,1,,3326,13795,4.14762477450391,,2162,13865,6.41304347826087,
2022Q1,,S08000030,,S08000030,d,All Inpatients,d,1,,3294,14731,4.47207043108682,,2135,13347,6.25152224824356,
2022Q2,,S08000030,,S08000030,d,All Inpatients,d,1,,3269,14232,4.35362496176201,,2142,15198,7.0952380952381,
2022Q3,,S08000030,,S08000030,d,All Inpatients,d,1,,3437,15074,4.38580157113762,,2155,15032,6.9754060324826,
2022Q4,p,S08000030,,S08000030,d,All Inpatients,d,1,,3335,15908,4.77001499250375,,2125,15718,7.39670588235294,
2017Q4,,S08000030,,S08000030,d,All Inpatients,d,2,,3327,15135,4.54914337240757,,2146,15653,7.29403541472507,
2018Q1,,S08000030,,S08000030,d,All Inpatients,d,2,,3338,15074,4.51587777112043,,2153,15802,7.33952624245239,
2018Q2,,S08000030,,S08000030,d,All Inpatients,d,2,,3121,13471,4.31624479333547,,2116,14585,6.89272211720227,
2018Q3,,S08000030,,S08000030,d,All Inpatients,d,2,,3164,13848,4.37673830594185,,2125,14596,6.86870588235294,
2018Q4,,S08000030,,S08000030,d,All Inpatients,d,2,,3086,13529,4.38399222294232,,2024,14662,7.24407114624506,
2019Q1,,S08000030,,S08000030,d,All Inpatients,d,2,,3141,13217,4.20789557465775,,2056,14199,6.90612840466926,
2019Q2,,S08000030,,S08000030,d,All Inpatients,d,2,,3297,13539,4.10646041856233,,2139,14149,6.61477325853202,
2019Q3,,S08000030,,S08000030,d,All Inpatients,d,2,,3340,14534,4.35149700598802,,2134,14653,6.86644798500469,
2019Q4,,S08000030,,S08000030,d,All Inpatients,d,2,,3485,14142,4.05796269727403,,2208,14677,6.64719202898551,
2020Q1,,S08000030,,S08000030,d,All Inpatients,d,2,,3342,13833,4.13913824057451,,2173,14938,6.87436723423838,
2020Q2,,S08000030,,S08000030,d,All Inpatients,d,2,,2485,9276,3.7327967806841,,1521,9392,6.17488494411571,
2020Q3,,S08000030,,S08000030,d,All Inpatients,d,2,,3024,12046,3.98346560846561,,1895,12409,6.54828496042216,
2020Q4,,S08000030,,S08000030,d,All Inpatients,d,2,,3184,13117,4.1196608040201,,2011,14002,6.96270512182994,
2021Q1,,S08000030,,S08000030,d,All Inpatients,d,2,,2816,12217,4.33842329545455,,1704,11890,6.97769953051643,
2021Q2,,S08000030,,S08000030,d,All Inpatients,d,2,,2908,11272,3.87620357634113,,1911,11313,5.91993720565149,
2021Q3,,S08000030,,S08000030,d,All Inpatients,d,2,,3088,14846,4.80764248704663,,1945,14864,7.64215938303342,
2021Q4,,S08000030,,S08000030,d,All Inpatients,d,2,,3150,13584,4.31238095238095,,1975,13206,6.68658227848101,
2022Q1,,S08000030,,S08000030,d,All Inpatients,d,2,,3187,14487,4.54565422026985,,2031,14144,6.96405711472181,
2022Q2,,S08000030,,S08000030,d,All Inpatients,d,2,,3297,14645,4.44191689414619,,2063,15030,7.28550654386815,
2022Q3,,S08000030,,S08000030,d,All Inpatients,d,2,,3253,14731,4.52843529050108,,1973,14039,7.11556006082108,
2022Q4,p,S08000030,,S08000030,d,All Inpatients,d,2,,3404,14994,4.4048178613396,,2135,15213,7.12552693208431,
2017Q4,,S08000030,,S08000030,d,All Inpatients,d,3,,3214,14416,4.48537647790915,,2165,15318,7.07528868360277,
2018Q1,,S08000030,,S08000030,d,All Inpatients,d,3,,3203,14251,4.44926631283172,,2110,15134,7.17251184834123,
2018Q2,,S08000030,,S08000030,d,All Inpatients,d,3,,3341,14407,4.31218198144268,,2247,15449,6.87538940809969,
2018Q3,,S08000030,,S08000030,d,All Inpatients,d,3,,3192,13910,4.3577694235589,,2147,14179,6.6040987424313,
2018Q4,,S08000030,,S08000030,d,All Inpatients,d,3,,3260,13917,4.26901840490798,,2157,15566,7.21650440426518,
2019Q1,,S08000030,,S08000030,d,All Inpatients,d,3,,3339,14944,4.47559149445942,,2160,15674,7.25648148148148,
2019Q2,,S08000030,,S08000030,d,All Inpatients,d,3,,3409,13752,4.03402757406864,,2166,14881,6.87026777469991,
2019Q3,,S08000030,,S08000030,d,All Inpatients,d,3,,3546,14007,3.95008460236887,,2207,14708,6.66425011327594,
2019Q4,,S08000030,,S08000030,d,All Inpatients,d,3,,3795,16898,4.45270092226614,,2345,17571,7.49296375266525,
2020Q1,,S08000030,,S08000030,d,All Inpatients,d,3,,3376,14407,4.26747630331754,,2190,15932,7.27488584474886,
2020Q2,,S08000030,,S08000030,d,All Inpatients,d,3,,2508,10285,4.10087719298246,,1524,9757,6.40223097112861,
2020Q3,,S08000030,,S08000030,d,All Inpatients,d,3,,3193,11763,3.68399624177889,,1953,11678,5.97951868919611,
2020Q4,,S08000030,,S08000030,d,All Inpatients,d,3,,3158,12905,4.08644711842939,,1947,12525,6.43297380585516,
2021Q1,,S08000030,,S08000030,d,All Inpatients,d,3,,2987,12971,4.34248409775695,,1794,13672,7.62095875139353,
2021Q2,,S08000030,,S08000030,d,All Inpatients,d,3,,3339,14070,4.21383647798742,,2107,14542,6.90175605125771,
2021Q3,,S08000030,,S08000030,d,All Inpatients,d,3,,3202,13995,4.37070580886946,,2013,13581,6.74664679582712,
2021Q4,,S08000030,,S08000030,d,All Inpatients,d,3,,3318,15803,4.76280892103677,,2070,15445,7.46135265700483,
2022Q1,,S08000030,,S08000030,d,All Inpatients,d,3,,3156,13781,4.36660329531052,,2019,14550,7.20653789004458,
2022Q2,,S08000030,,S08000030,d,All Inpatients,d,3,,3422,15766,4.6072472238457,,2158,15794,7.31881371640408,
2022Q3,,S08000030,,S08000030,d,All Inpatients,d,3,,3288,14486,4.40571776155718,,2113,14951,7.07572172266919,
2022Q4,p,S08000030,,S08000030,d,All Inpatients,d,3,,3499,15901,4.54444126893398,,2187,14986,6.85230909922268,
2017Q4,,S08000030,,S08000030,d,All Inpatients,d,4,,4086,18032,4.41311796377876,,2718,19261,7.08646063281825,
2018Q1,,S08000030,,S08000030,d,All Inpatients,d,4,,4027,18295,4.54308418177303,,2637,19985,7.57868790291998,
2018Q2,,S08000030,,S08000030,d,All Inpatients,d,4,,3695,16194,4.38267929634641,,2565,18210,7.09941520467836,
2018Q3,,S08000030,,S08000030,d,All Inpatients,d,4,,3645,14797,4.05953360768176,,2521,15612,6.19278064260214,
2018Q4,,S08000030,,S08000030,d,All Inpatients,d,4,,3949,17163,4.3461635857179,,2629,17508,6.65956637504755,
2019Q1,,S08000030,,S08000030,d,All Inpatients,d,4,,3994,17154,4.29494241362043,,2708,17469,6.45088626292467,
2019Q2,,S08000030,,S08000030,d,All Inpatients,d,4,,4388,17116,3.90063810391978,,2792,18001,6.44734957020057,
2019Q3,,S08000030,,S08000030,d,All Inpatients,d,4,,4040,15746,3.89752475247525,,2668,16363,6.13305847076462,
2019Q4,,S08000030,,S08000030,d,All Inpatients,d,4,,4501,17799,3.95445456565208,,2807,18299,6.51905949412184,
2020Q1,,S08000030,,S08000030,d,All Inpatients,d,4,,4226,18592,4.39943208707998,,2681,20303,7.57292055203282,
2020Q2,,S08000030,,S08000030,d,All Inpatients,d,4,,3166,11287,3.56506632975363,,1951,11919,6.10917478216299,
2020Q3,,S08000030,,S08000030,d,All Inpatients,d,4,,3796,15163,3.99446786090622,,2298,15272,6.64577893820714,
2020Q4,,S08000030,,S08000030,d,All Inpatients,d,4,,3872,16133,4.1665805785124,,2376,15329,6.45159932659933,
2021Q1,,S08000030,,S08000030,d,All Inpatients,d,4,,3705,15689,4.23454790823212,,2229,15916,7.14042171377299,
2021Q2,,S08000030,,S08000030,d,All Inpatients,d,4,,3854,15427,4.00285417747795,,2509,16198,6.4559585492228,
2021Q3,,S08000030,,S08000030,d,All Inpatients,d,4,,3862,16354,4.23459347488348,,2467,16656,6.7515200648561,
2021Q4,,S08000030,,S08000030,d,All Inpatients,d,4,,4207,18784,4.46493938673639,,2592,18779,7.24498456790123,
2022Q1,,S08000030,,S08000030,d,All Inpatients,d,4,,4117,19059,4.62934175370415,,2612,19028,7.28483920367534,
2022Q2,,S08000030,,S08000030,d,All Inpatients,d,4,,4200,18198,4.33285714285714,,2712,17360,6.40117994100295,
2022Q3,,S08000030,,S08000030,d,All Inpatients,d,4,,4488,20711,4.6147504456328,,2732,20432,7.4787701317716,
2022Q4,p,S08000030,,S08000030,d,All Inpatients,d,4,,4628,20059,4.33426966292135,,2933,20936,7.1380838731674,
2017Q4,,S08000030,,S08000030,d,All Inpatients,d,5,,2671,11756,4.40134780980906,,1788,12735,7.12248322147651,
2018Q1,,S08000030,,S08000030,d,All Inpatients,d,5,,2662,12171,4.57212622088655,,1818,13385,7.36248624862486,
2018Q2,,S08000030,,S08000030,d,All Inpatients,d,5,,2458,13882,5.64768104149715,,1650,14375,8.71212121212121,
2018Q3,,S08000030,,S08000030,d,All Inpatients,d,5,,2313,9997,4.3220925205361,,1570,10598,6.75031847133758,
2018Q4,,S08000030,,S08000030,d,All Inpatients,d,5,,2578,11316,4.38944918541505,,1717,12000,6.9889341875364,
2019Q1,,S08000030,,S08000030,d,All Inpatients,d,5,,2586,11760,4.54756380510441,,1710,11916,6.96842105263158,
2019Q2,,S08000030,,S08000030,d,All Inpatients,d,5,,2749,11882,4.32229901782466,,1764,11856,6.72108843537415,
2019Q3,,S08000030,,S08000030,d,All Inpatients,d,5,,2752,12168,4.42151162790698,,1747,12347,7.06754436176302,
2019Q4,,S08000030,,S08000030,d,All Inpatients,d,5,,2821,12712,4.50620347394541,,1752,13935,7.95376712328767,
2020Q1,,S08000030,,S08000030,d,All Inpatients,d,5,,2657,12157,4.57546104629281,,1682,12714,7.55885850178359,
2020Q2,,S08000030,,S08000030,d,All Inpatients,d,5,,2037,7818,3.8379970544919,,1242,8685,6.99275362318841,
2020Q3,,S08000030,,S08000030,d,All Inpatients,d,5,,2409,9277,3.85097550850976,,1494,9871,6.60709504685408,
2020Q4,,S08000030,,S08000030,d,All Inpatients,d,5,,2523,10326,4.09274673008323,,1532,10089,6.5855091383812,
2021Q1,,S08000030,,S08000030,d,All Inpatients,d,5,,2343,10567,4.51002987622706,,1403,10889,7.76122594440485,
2021Q2,,S08000030,,S08000030,d,All Inpatients,d,5,,2386,9637,4.03897736797988,,1528,9584,6.27225130890052,
2021Q3,,S08000030,,S08000030,d,All Inpatients,d,5,,2449,11607,4.73948550428746,,1547,11179,7.2262443438914,
2021Q4,,S08000030,,S08000030,d,All Inpatients,d,5,,2598,11993,4.61624326404927,,1699,12404,7.3007651559741,
2022Q1,,S08000030,,S08000030,d,All Inpatients,d,5,,2426,10983,4.52720527617477,,1569,11363,7.24219247928617,
2022Q2,,S08000030,,S08000030,d,All Inpatients,d,5,,2573,13290,5.16517683637777,,1658,13472,8.1254523522316,
2022Q3,,S08000030,,S08000030,d,All Inpatients,d,5,,2737,12549,4.58494702228718,,1690,12347,7.30591715976331,
2022Q4,p,S08000030,,S08000030,d,All Inpatients,d,5,,2851,14903,5.22728867064188,,1821,15856,8.70730367929709,
2022Q4,p,S08000030,,S08000030,d,All Inpatients,d,,:,0,0,,z,0,0,,z
2017Q4,,S08000030,,S12000048,,All Inpatients,d,1,,400,1361,3.4025,,270,1292,4.78518518518518,
2018Q1,,S08000030,,S12000048,,All Inpatients,d,1,,411,1586,3.85888077858881,,284,1789,6.29929577464789,
2018Q2,,S08000030,,S12000048,,All Inpatients,d,1,,406,1837,4.52463054187192,,292,1469,5.03082191780822,
2018Q3,,S08000030,,S12000048,,All Inpatients,d,1,,459,1536,3.34640522875817,,329,1646,5.00303951367781,
2018Q4,,S08000030,,S12000048,,All Inpatients,d,1,,443,1672,3.77426636568849,,299,1782,5.95986622073579,
2019Q1,,S08000030,,S12000048,,All Inpatients,d,1,,506,2076,4.10276679841897,,341,2252,6.60410557184751,
2019Q2,,S08000030,,S12000048,,All Inpatients,d,1,,474,1474,3.10970464135021,,288,1438,4.99305555555556,
2019Q3,,S08000030,,S12000048,,All Inpatients,d,1,,503,1528,3.03777335984095,,325,1487,4.57538461538462,
2019Q4,,S08000030,,S12000048,,All Inpatients,d,1,,491,1489,3.03258655804481,,310,1577,5.08709677419355,
2020Q1,,S08000030,,S12000048,,All Inpatients,d,1,,504,1531,3.03769841269841,,292,1609,5.51027397260274,
2020Q2,,S08000030,,S12000048,,All Inpatients,d,1,,370,949,2.56486486486486,,210,921,4.38571428571429,
2020Q3,,S08000030,,S12000048,,All Inpatients,d,1,,399,1250,3.1328320802005,,255,1168,4.58039215686274,
2020Q4,,S08000030,,S12000048,,All Inpatients,d,1,,375,1419,3.784,,222,1402,6.31531531531532,
2021Q1,,S08000030,,S12000048,,All Inpatients,d,1,,455,1940,4.26373626373626,,264,1788,6.77272727272727,
2021Q2,,S08000030,,S12000048,,All Inpatients,d,1,,489,1598,3.2678936605317,,281,1767,6.28825622775801,
2021Q3,,S08000030,,S12000048,,All Inpatients,d,1,,416,2100,5.04807692307692,,257,1937,7.53696498054475,
2021Q4,,S08000030,,S12000048,,All Inpatients,d,1,,429,1585,3.69463869463869,,272,1749,6.43014705882353,
2022Q1,,S08000030,,S12000048,,All Inpatients,d,1,,431,1859,4.31322505800464,,279,1661,5.95340501792115,
2022Q2,,S08000030,,S12000048,,All Inpatients,d,1,,457,2071,4.53172866520788,,286,2189,7.65384615384615,
2022Q3,,S08000030,,S12000048,,All Inpatients,d,1,,470,1911,4.06595744680851,,289,2062,7.13494809688581,
2022Q4,p,S08000030,,S12000048,,All Inpatients,d,1,,519,2337,4.5028901734104,,305,2361,7.74098360655738,
2017Q4,,S08000030,,S12000048,,All Inpatients,d,2,,900,3177,3.53,,590,3622,6.13898305084746,
2018Q1,,S08000030,,S12000048,,All Inpatients,d,2,,898,3499,3.89643652561247,,609,3667,6.02134646962233,
2018Q2,,S08000030,,S12000048,,All Inpatients,d,2,,816,3075,3.76838235294118,,541,3699,6.83733826247689,
2018Q3,,S08000030,,S12000048,,All Inpatients,d,2,,851,3777,4.43830787309048,,567,3556,6.2716049382716,
2018Q4,,S08000030,,S12000048,,All Inpatients,d,2,,886,3948,4.45598194130925,,581,4619,7.95008605851979,
2019Q1,,S08000030,,S12000048,,All Inpatients,d,2,,838,3119,3.72195704057279,,562,3478,6.18861209964413,
2019Q2,,S08000030,,S12000048,,All Inpatients,d,2,,1007,3671,3.6454816285998,,611,4164,6.81505728314239,
2019Q3,,S08000030,,S12000048,,All Inpatients,d,2,,993,3839,3.86606243705942,,596,3894,6.53355704697987,
2019Q4,,S08000030,,S12000048,,All Inpatients,d,2,,1019,4310,4.22963689892051,,630,4671,7.41428571428571,
2020Q1,,S08000030,,S12000048,,All Inpatients,d,2,,1006,3373,3.35288270377734,,632,3524,5.57594936708861,
2020Q2,,S08000030,,S12000048,,All Inpatients,d,2,,886,2826,3.18961625282167,,520,2892,5.56153846153846,
2020Q3,,S08000030,,S12000048,,All Inpatients,d,2,,934,2979,3.18950749464668,,565,2871,5.08141592920354,
2020Q4,,S08000030,,S12000048,,All Inpatients,d,2,,1037,3974,3.83220829315333,,612,4031,6.58660130718954,
2021Q1,,S08000030,,S12000048,,All Inpatients,d,2,,955,3946,4.13193717277487,,524,3881,7.40648854961832,
2021Q2,,S08000030,,S12000048,,All Inpatients,d,2,,925,3533,3.81945945945946,,558,3537,6.33870967741935,
2021Q3,,S08000030,,S12000048,,All Inpatients,d,2,,948,4303,4.53902953586498,,553,4508,8.15189873417722,
2021Q4,,S08000030,,S12000048,,All Inpatients,d,2,,885,3628,4.09943502824859,,531,3424,6.44821092278719,
2022Q1,,S08000030,,S12000048,,All Inpatients,d,2,,1005,3747,3.72835820895522,,618,3680,5.9546925566343,
2022Q2,,S08000030,,S12000048,,All Inpatients,d,2,,1100,5447,4.95181818181818,,639,5395,8.44287949921753,
2022Q3,,S08000030,,S12000048,,All Inpatients,d,2,,1069,5148,4.81571562207671,,610,5133,8.41475409836066,
2022Q4,p,S08000030,,S12000048,,All Inpatients,d,2,,1012,3923,3.87648221343874,,629,3877,6.1637519872814,
2017Q4,,S08000030,,S12000048,,All Inpatients,d,3,,1334,5528,4.14392803598201,,911,6509,7.14489571899012,
2018Q1,,S08000030,,S12000048,,All Inpatients,d,3,,1312,5801,4.42149390243902,,881,6558,7.44381384790011,
2018Q2,,S08000030,,S12000048,,All Inpatients,d,3,,1372,5521,4.02405247813411,,909,5854,6.44004400440044,
2018Q3,,S08000030,,S12000048,,All Inpatients,d,3,,1415,5367,3.79293286219081,,957,6460,6.75026123301985,
2018Q4,,S08000030,,S12000048,,All Inpatients,d,3,,1453,5523,3.80110116999312,,939,6574,7.0010649627263,
2019Q1,,S08000030,,S12000048,,All Inpatients,d,3,,1417,5991,4.22794636556104,,912,6652,7.29385964912281,
2019Q2,,S08000030,,S12000048,,All Inpatients,d,3,,1546,5651,3.65523932729625,,913,6506,7.12595837897043,
2019Q3,,S08000030,,S12000048,,All Inpatients,d,3,,1685,5924,3.51572700296736,,1006,6489,6.45029821073559,
2019Q4,,S08000030,,S12000048,,All Inpatients,d,3,,1761,6644,3.77285633162976,,1046,7096,6.78393881453155,
2020Q1,,S08000030,,S12000048,,All Inpatients,d,3,,1588,6417,4.04093198992443,,948,7484,7.89451476793249,
2020Q2,,S08000030,,S12000048,,All Inpatients,d,3,,1209,4693,3.88172043010753,,692,4773,6.89739884393064,
2020Q3,,S08000030,,S12000048,,All Inpatients,d,3,,1596,5336,3.34335839598997,,909,5642,6.20682068206821,
2020Q4,,S08000030,,S12000048,,All Inpatients,d,3,,1501,5785,3.85409726848768,,864,5443,6.29976851851852,
2021Q1,,S08000030,,S12000048,,All Inpatients,d,3,,1408,5934,4.21448863636364,,822,6518,7.9294403892944,
2021Q2,,S08000030,,S12000048,,All Inpatients,d,3,,1555,6871,4.41864951768489,,932,7069,7.58476394849785,
2021Q3,,S08000030,,S12000048,,All Inpatients,d,3,,1486,6528,4.39300134589502,,890,6542,7.35056179775281,
2021Q4,,S08000030,,S12000048,,All Inpatients,d,3,,1511,7242,4.7928524156188,,896,7172,8.00446428571429,
2022Q1,,S08000030,,S12000048,,All Inpatients,d,3,,1419,6236,4.39464411557435,,866,6963,8.04041570438799,
2022Q2,,S08000030,,S12000048,,All Inpatients,d,3,,1556,7116,4.573264781491,,972,7178,7.38477366255144,
2022Q3,,S08000030,,S12000048,,All Inpatients,d,3,,1528,6273,4.1053664921466,,961,6582,6.84911550468262,
2022Q4,p,S08000030,,S12000048,,All Inpatients,d,3,,1722,7570,4.39605110336818,,1040,7104,6.83076923076923,
2017Q4,,S08000030,,S12000048,,All Inpatients,d,4,,2070,8382,4.0492753623188404,,1390,9266,6.66618705035971,
2018Q1,,S08000030,,S12000048,,All Inpatients,d,4,,2048,8621,4.20947265625,,1366,10166,7.44216691068814,
2018Q2,,S08000030,,S12000048,,All Inpatients,d,4,,1824,7466,4.09320175438596,,1289,9357,7.25911559348332,
2018Q3,,S08000030,,S12000048,,All Inpatients,d,4,,1808,6760,3.73893805309735,,1262,7752,6.14263074484945,
2018Q4,,S08000030,,S12000048,,All Inpatients,d,4,,1952,7436,3.8094262295082,,1308,8257,6.31269113149847,
2019Q1,,S08000030,,S12000048,,All Inpatients,d,4,,1985,7515,3.78589420654912,,1355,8255,6.09225092250923,
2019Q2,,S08000030,,S12000048,,All Inpatients,d,4,,2253,8065,3.57967154904572,,1387,9109,6.56741167988464,
2019Q3,,S08000030,,S12000048,,All Inpatients,d,4,,2121,7765,3.6610089580386602,,1327,8223,6.1966842501884,
2019Q4,,S08000030,,S12000048,,All Inpatients,d,4,,2428,9142,3.76523887973641,,1427,10001,7.00840925017519,
2020Q1,,S08000030,,S12000048,,All Inpatients,d,4,,2298,10173,4.42689295039164,,1384,11621,8.39667630057803,
2020Q2,,S08000030,,S12000048,,All Inpatients,d,4,,1695,5959,3.51563421828909,,987,6682,6.77001013171226,
2020Q3,,S08000030,,S12000048,,All Inpatients,d,4,,2062,7534,3.6537342386033,,1191,7849,6.59026028547439,
2020Q4,,S08000030,,S12000048,,All Inpatients,d,4,,2075,7700,3.71084337349398,,1207,7565,6.26760563380282,
2021Q1,,S08000030,,S12000048,,All Inpatients,d,4,,2016,7962,3.94940476190476,,1131,8129,7.18744473916888,
2021Q2,,S08000030,,S12000048,,All Inpatients,d,4,,2025,8086,3.99308641975309,,1260,8724,6.92380952380952,
2021Q3,,S08000030,,S12000048,,All Inpatients,d,4,,1999,7811,3.90745372686343,,1215,8259,6.79753086419753,
2021Q4,,S08000030,,S12000048,,All Inpatients,d,4,,2286,10008,4.37795275590551,,1349,10198,7.5596738324685004,
2022Q1,,S08000030,,S12000048,,All Inpatients,d,4,,2210,10369,4.69185520361991,,1362,10733,7.88032305433186,
2022Q2,,S08000030,,S12000048,,All Inpatients,d,4,,2260,10647,4.71106194690265,,1411,10256,7.268603827073,
2022Q3,,S08000030,,S12000048,,All Inpatients,d,4,,2503,11767,4.7011586096684,,1458,11443,7.84842249657064,
2022Q4,p,S08000030,,S12000048,,All Inpatients,d,4,,2479,10251,4.13513513513514,,1518,11087,7.30368906455863,
2017Q4,,S08000030,,S12000048,,All Inpatients,d,5,,1251,5416,4.32933653077538,,849,6334,7.4605418138987,
2018Q1,,S08000030,,S12000048,,All Inpatients,d,5,,1197,5248,4.38429406850459,,817,5694,6.96940024479804,
2018Q2,,S08000030,,S12000048,,All Inpatients,d,5,,1239,5120,4.13236481033091,,818,5748,7.02689486552567,
2018Q3,,S08000030,,S12000048,,All Inpatients,d,5,,1145,4576,3.99650655021834,,770,5120,6.64935064935065,
2018Q4,,S08000030,,S12000048,,All Inpatients,d,5,,1247,5089,4.08099438652767,,827,5494,6.64328899637243,
2019Q1,,S08000030,,S12000048,,All Inpatients,d,5,,1266,5481,4.32938388625592,,851,6064,7.12573443008226,
2019Q2,,S08000030,,S12000048,,All Inpatients,d,5,,1429,5542,3.87823652904129,,884,5434,6.14705882352941,
2019Q3,,S08000030,,S12000048,,All Inpatients,d,5,,1423,5910,4.15319747013352,,867,5874,6.77508650519031,
2019Q4,,S08000030,,S12000048,,All Inpatients,d,5,,1485,6413,4.31851851851852,,897,6817,7.59977703455964,
2020Q1,,S08000030,,S12000048,,All Inpatients,d,5,,1462,6628,4.53351573187414,,875,7245,8.28,
2020Q2,,S08000030,,S12000048,,All Inpatients,d,5,,1125,4327,3.84622222222222,,652,5121,7.85429447852761,
2020Q3,,S08000030,,S12000048,,All Inpatients,d,5,,1336,4758,3.56137724550898,,771,5545,7.19195849546044,
2020Q4,,S08000030,,S12000048,,All Inpatients,d,5,,1358,5114,3.76583210603829,,801,5225,6.5230961298377,
2021Q1,,S08000030,,S12000048,,All Inpatients,d,5,,1204,5020,4.16943521594684,,672,4977,7.40625,
2021Q2,,S08000030,,S12000048,,All Inpatients,d,5,,1312,4912,3.74390243902439,,802,4952,6.17456359102244,
2021Q3,,S08000030,,S12000048,,All Inpatients,d,5,,1325,5987,4.51849056603774,,781,5884,7.53393085787452,
2021Q4,,S08000030,,S12000048,,All Inpatients,d,5,,1368,6234,4.55701754385965,,864,6610,7.65046296296296,
2022Q1,,S08000030,,S12000048,,All Inpatients,d,5,,1337,5859,4.38219895287958,,804,6067,7.54601990049751,
2022Q2,,S08000030,,S12000048,,All Inpatients,d,5,,1387,7198,5.18961788031723,,880,7391,8.39886363636364,
2022Q3,,S08000030,,S12000048,,All Inpatients,d,5,,1479,7119,4.81338742393509,,885,7108,8.0316384180791,
2022Q4,p,S08000030,,S12000048,,All Inpatients,d,5,,1519,7791,5.12903225806452,,930,8307,8.93225806451613,
2022Q4,p,S08000030,,S12000048,,All Inpatients,d,,:,0,0,,z,0,0,,z
2017Q4,,S08000028,,S08000028,d,All Inpatients,d,2,,262,1131,4.31679389312977,,159,1415,8.89937106918239,
2018Q1,,S08000028,,S08000028,d,All Inpatients,d,2,,272,1426,5.24264705882353,,157,1253,7.98089171974522,
2018Q2,,S08000028,,S08000028,d,All Inpatients,d,2,,268,1237,4.61567164179105,,155,1090,7.03225806451613,
2018Q3,,S08000028,,S08000028,d,All Inpatients,d,2,,262,1083,4.13358778625954,,143,1051,7.34965034965035,
2018Q4,,S08000028,,S08000028,d,All Inpatients,d,2,,255,1475,5.7843137254902,,146,1224,8.38356164383562,
2019Q1,,S08000028,,S08000028,d,All Inpatients,d,2,,317,1431,4.51419558359621,,177,1227,6.93220338983051,
2019Q2,,S08000028,,S08000028,d,All Inpatients,d,2,,280,1016,3.62857142857143,,173,975,5.63583815028902,
2019Q3,,S08000028,,S08000028,d,All Inpatients,d,2,,299,1130,3.77926421404682,,175,991,5.66285714285714,
2019Q4,,S08000028,,S08000028,d,All Inpatients,d,2,,284,1205,4.24295774647887,,174,1327,7.6264367816092,
2020Q1,,S08000028,,S08000028,d,All Inpatients,d,2,,234,908,3.88034188034188,,132,834,6.31818181818182,
2020Q2,,S08000028,,S08000028,d,All Inpatients,d,2,,186,506,2.72043010752688,,102,521,5.1078431372549,
2020Q3,,S08000028,,S08000028,d,All Inpatients,d,2,,261,705,2.70114942528736,,137,728,5.31386861313869,
2020Q4,,S08000028,,S08000028,d,All Inpatients,d,2,,236,858,3.63559322033898,,142,882,6.2112676056338,
2021Q1,,S08000028,,S08000028,d,All Inpatients,d,2,,213,900,4.22535211267606,,120,860,7.16666666666667,
2021Q2,,S08000028,,S08000028,d,All Inpatients,d,2,,202,755,3.73762376237624,,114,683,5.99122807017544,
2021Q3,,S08000028,,S08000028,d,All Inpatients,d,2,,206,1019,4.94660194174757,,106,989,9.33018867924528,
2021Q4,,S08000028,,S08000028,d,All Inpatients,d,2,,161,928,5.7639751552795,,108,779,7.21296296296296,
2022Q1,,S08000028,,S08000028,d,All Inpatients,d,2,,191,863,4.51832460732984,,125,852,6.816,
2022Q2,,S08000028,,S08000028,d,All Inpatients,d,2,,194,870,4.48453608247423,,118,666,5.64406779661017,
2022Q3,,S08000028,,S08000028,d,All Inpatients,d,2,,247,1425,5.76923076923077,,139,1370,9.85611510791367,
2022Q4,p,S08000028,,S08000028,d,All Inpatients,d,2,,240,1165,4.85416666666667,,147,1166,7.93197278911565,
2017Q4,,S08000028,,S08000028,d,All Inpatients,d,3,,1345,5770,4.28996282527881,,801,5634,7.03370786516854,
2018Q1,,S08000028,,S08000028,d,All Inpatients,d,3,,1412,6360,4.5042492917847,,832,5834,7.01201923076923,
2018Q2,,S08000028,,S08000028,d,All Inpatients,d,3,,1270,5385,4.24015748031496,,740,5134,6.93783783783784,
2018Q3,,S08000028,,S08000028,d,All Inpatients,d,3,,1322,5901,4.46369137670197,,771,5360,6.95201037613489,
2018Q4,,S08000028,,S08000028,d,All Inpatients,d,3,,1162,5350,4.60413080895009,,726,5692,7.84022038567493,
2019Q1,,S08000028,,S08000028,d,All Inpatients,d,3,,1259,5186,4.11914217633042,,742,5225,7.04177897574124,
2019Q2,,S08000028,,S08000028,d,All Inpatients,d,3,,1339,6270,4.68259895444361,,754,5818,7.71618037135279,
2019Q3,,S08000028,,S08000028,d,All Inpatients,d,3,,1363,6712,4.92443140132062,,826,6833,8.27239709443099,
2019Q4,,S08000028,,S08000028,d,All Inpatients,d,3,,1363,5767,4.23110785033015,,852,5856,6.87323943661972,
2020Q1,,S08000028,,S08000028,d,All Inpatients,d,3,,1260,7212,5.72380952380952,,729,7072,9.70096021947874,
2020Q2,,S08000028,,S08000028,d,All Inpatients,d,3,,827,2854,3.45102781136638,,471,2761,5.8619957537155,
2020Q3,,S08000028,,S08000028,d,All Inpatients,d,3,,916,3760,4.10480349344978,,540,3351,6.20555555555556,
2020Q4,,S08000028,,S08000028,d,All Inpatients,d,3,,1209,4095,3.38709677419355,,712,4025,5.65308988764045,
2021Q1,,S08000028,,S08000028,d,All Inpatients,d,3,,909,4425,4.86798679867987,,523,4067,7.77629063097514,
2021Q2,,S08000028,,S08000028,d,All Inpatients,d,3,,1122,5226,4.65775401069519,,663,5178,7.80995475113122,
2021Q3,,S08000028,,S08000028,d,All Inpatients,d,3,,1205,5118,4.24730290456432,,663,4941,7.4524886877828,
2021Q4,,S08000028,,S08000028,d,All Inpatients,d,3,,1056,5323,5.0407196969697,,589,4719,8.01188455008489,
2022Q1,,S08000028,,S08000028,d,All Inpatients,d,3,,1046,5299,5.065965583174,,586,4645,7.92662116040956,
2022Q2,,S08000028,,S08000028,d,All Inpatients,d,3,,1047,5834,5.57211079274117,,630,5892,9.35238095238095,
2022Q3,,S08000028,,S08000028,d,All Inpatients,d,3,,1130,5214,4.6141592920354,,729,5054,6.93278463648834,
2022Q4,p,S08000028,,S08000028,d,All Inpatients,d,3,,1096,6598,6.02007299270073,,736,6095,8.28125,
2017Q4,,S08000028,,S12000013,,All Inpatients,d,2,,262,1131,4.31679389312977,,159,1415,8.89937106918239,
2018Q1,,S08000028,,S12000013,,All Inpatients,d,2,,272,1426,5.24264705882353,,157,1253,7.98089171974522,
2018Q2,,S08000028,,S12000013,,All Inpatients,d,2,,268,1237,4.61567164179105,,155,1090,7.03225806451613,
2018Q3,,S08000028,,S12000013,,All Inpatients,d,2,,262,1083,4.13358778625954,,143,1051,7.34965034965035,
2018Q4,,S08000028,,S12000013,,All Inpatients,d,2,,255,1475,5.7843137254902,,146,1224,8.38356164383562,
2019Q1,,S08000028,,S12000013,,All Inpatients,d,2,,317,1431,4.51419558359621,,177,1227,6.93220338983051,
2019Q2,,S08000028,,S12000013,,All Inpatients,d,2,,280,1016,3.62857142857143,,173,975,5.63583815028902,
2019Q3,,S08000028,,S12000013,,All Inpatients,d,2,,299,1130,3.77926421404682,,175,991,5.66285714285714,
2019Q4,,S08000028,,S12000013,,All Inpatients,d,2,,284,1205,4.24295774647887,,174,1327,7.6264367816092,
2020Q1,,S08000028,,S12000013,,All Inpatients,d,2,,234,908,3.88034188034188,,132,834,6.31818181818182,
2020Q2,,S08000028,,S12000013,,All Inpatients,d,2,,186,506,2.72043010752688,,102,521,5.1078431372549,
2020Q3,,S08000028,,S12000013,,All Inpatients,d,2,,261,705,2.70114942528736,,137,728,5.31386861313869,
2020Q4,,S08000028,,S12000013,,All Inpatients,d,2,,236,858,3.63559322033898,,142,882,6.2112676056338,
2021Q1,,S08000028,,S12000013,,All Inpatients,d,2,,213,900,4.22535211267606,,120,860,7.16666666666667,
2021Q2,,S08000028,,S12000013,,All Inpatients,d,2,,202,755,3.73762376237624,,114,683,5.99122807017544,
2021Q3,,S08000028,,S12000013,,All Inpatients,d,2,,206,1019,4.94660194174757,,106,989,9.33018867924528,
2021Q4,,S08000028,,S12000013,,All Inpatients,d,2,,161,928,5.7639751552795,,108,779,7.21296296296296,
2022Q1,,S08000028,,S12000013,,All Inpatients,d,2,,191,863,4.51832460732984,,125,852,6.816,
2022Q2,,S08000028,,S12000013,,All Inpatients,d,2,,194,870,4.48453608247423,,118,666,5.64406779661017,
2022Q3,,S08000028,,S12000013,,All Inpatients,d,2,,247,1425,5.76923076923077,,139,1370,9.85611510791367,
2022Q4,p,S08000028,,S12000013,,All Inpatients,d,2,,240,1165,4.85416666666667,,147,1166,7.93197278911565,
2017Q4,,S08000028,,S12000013,,All Inpatients,d,3,,1345,5770,4.28996282527881,,801,5634,7.03370786516854,
2018Q1,,S08000028,,S12000013,,All Inpatients,d,3,,1412,6360,4.5042492917847,,832,5834,7.01201923076923,
2018Q2,,S08000028,,S12000013,,All Inpatients,d,3,,1270,5385,4.24015748031496,,740,5134,6.93783783783784,
2018Q3,,S08000028,,S12000013,,All Inpatients,d,3,,1322,5901,4.46369137670197,,771,5360,6.95201037613489,
2018Q4,,S08000028,,S12000013,,All Inpatients,d,3,,1162,5350,4.60413080895009,,726,5692,7.84022038567493,
2019Q1,,S08000028,,S12000013,,All Inpatients,d,3,,1259,5186,4.11914217633042,,742,5225,7.04177897574124,
2019Q2,,S08000028,,S12000013,,All Inpatients,d,3,,1339,6270,4.68259895444361,,754,5818,7.71618037135279,
2019Q3,,S08000028,,S12000013,,All Inpatients,d,3,,1363,6712,4.92443140132062,,826,6833,8.27239709443099,
2019Q4,,S08000028,,S12000013,,All Inpatients,d,3,,1363,5767,4.23110785033015,,852,5856,6.87323943661972,
2020Q1,,S08000028,,S12000013,,All Inpatients,d,3,,1260,7212,5.72380952380952,,729,7072,9.70096021947874,
2020Q2,,S08000028,,S12000013,,All Inpatients,d,3,,827,2854,3.45102781136638,,471,2761,5.8619957537155,
2020Q3,,S08000028,,S12000013,,All Inpatients,d,3,,916,3760,4.10480349344978,,540,3351,6.20555555555556,
2020Q4,,S08000028,,S12000013,,All Inpatients,d,3,,1209,4095,3.38709677419355,,712,4025,5.65308988764045,
2021Q1,,S08000028,,S12000013,,All Inpatients,d,3,,909,4425,4.86798679867987,,523,4067,7.77629063097514,
2021Q2,,S08000028,,S12000013,,All Inpatients,d,3,,1122,5226,4.65775401069519,,663,5178,7.80995475113122,
2021Q3,,S08000028,,S12000013,,All Inpatients,d,3,,1205,5118,4.24730290456432,,663,4941,7.4524886877828,
2021Q4,,S08000028,,S12000013,,All Inpatients,d,3,,1056,5323,5.0407196969697,,589,4719,8.01188455008489,
2022Q1,,S08000028,,S12000013,,All Inpatients,d,3,,1046,5299,5.065965583174,,586,4645,7.92662116040956,
2022Q2,,S08000028,,S12000013,,All Inpatients,d,3,,1047,5834,5.57211079274117,,630,5892,9.35238095238095,
2022Q3,,S08000028,,S12000013,,All Inpatients,d,3,,1130,5214,4.6141592920354,,729,5054,6.93278463648834,
2022Q4,p,S08000028,,S12000013,,All Inpatients,d,3,,1096,6598,6.02007299270073,,736,6095,8.28125,
2017Q4,,RA2701,,RA2701,,All Inpatients,d,,:,102,330,3.23529411764706,,53,424,8,
2018Q1,,RA2701,,RA2701,,All Inpatients,d,,:,45,139,3.08888888888889,,32,249,7.78125,
2018Q2,,RA2701,,RA2701,,All Inpatients,d,,:,60,123,2.05,,43,165,3.83720930232558,
2018Q3,,RA2701,,RA2701,,All Inpatients,d,,:,53,122,2.30188679245283,,41,117,2.85365853658537,
2018Q4,,RA2701,,RA2701,,All Inpatients,d,,:,63,259,4.11111111111111,,34,184,5.41176470588235,
2019Q1,,RA2701,,RA2701,,All Inpatients,d,,:,46,84,1.82608695652174,,32,90,2.8125,
2019Q2,,RA2701,,RA2701,,All Inpatients,d,,:,57,358,6.28070175438596,,36,167,4.63888888888889,
2019Q3,,RA2701,,RA2701,,All Inpatients,d,,:,83,147,1.7710843373494,,63,118,1.87301587301587,
2019Q4,,RA2701,,RA2701,,All Inpatients,d,,:,56,165,2.94642857142857,,38,396,10.4210526315789,
2020Q1,,RA2701,,RA2701,,All Inpatients,d,,:,48,177,3.6875,,27,180,6.66666666666667,
2020Q2,,RA2701,,RA2701,,All Inpatients,d,,:,32,24,0.75,,29,26,0.896551724137931,
2020Q3,,RA2701,,RA2701,,All Inpatients,d,,:,62,121,1.95161290322581,,49,72,1.46938775510204,
2020Q4,,RA2701,,RA2701,,All Inpatients,d,,:,26,41,1.57692307692308,,19,32,1.68421052631579,
2021Q1,,RA2701,,RA2701,,All Inpatients,d,,:,33,138,4.18181818181818,,22,100,4.54545454545455,
2021Q2,,RA2701,,RA2701,,All Inpatients,d,,:,29,42,1.44827586206897,,22,49,2.22727272727273,
2021Q3,,RA2701,,RA2701,,All Inpatients,d,,:,22,64,2.90909090909091,,13,21,1.61538461538462,
2021Q4,,RA2701,,RA2701,,All Inpatients,d,,:,18,59,3.27777777777778,,11,55,5,
2022Q1,,RA2701,,RA2701,,All Inpatients,d,,:,14,55,3.92857142857143,,10,83,8.3,
2022Q2,,RA2701,,RA2701,,All Inpatients,d,,:,15,56,3.73333333333333,,10,21,2.1,
2022Q3,,RA2701,,RA2701,,All Inpatients,d,,:,17,59,3.47058823529412,,10,28,2.8,
2022Q4,p,RA2701,,RA2701,,All Inpatients,d,,:,11,16,1.45454545454545,,11,81,7.36363636363636,
2017Q4,,RA2703,,RA2703,,All Inpatients,d,,:,260,635,2.44230769230769,,181,831,4.59116022099448,
2018Q1,,RA2703,,RA2703,,All Inpatients,d,,:,213,670,3.14553990610329,,134,666,4.97014925373134,
2018Q2,,RA2703,,RA2703,,All Inpatients,d,,:,558,1366,2.44802867383513,,396,1295,3.27020202020202,
2018Q3,,RA2703,,RA2703,,All Inpatients,d,,:,873,2273,2.60366552119129,,563,2125,3.77442273534636,
2018Q4,,RA2703,,RA2703,,All Inpatients,d,,:,354,1147,3.24011299435028,,233,1125,4.82832618025751,
2019Q1,,RA2703,,RA2703,,All Inpatients,d,,:,278,662,2.38129496402878,,173,696,4.02312138728324,
2019Q2,,RA2703,,RA2703,,All Inpatients,d,,:,639,1602,2.50704225352113,,415,1615,3.89156626506024,
2019Q3,,RA2703,,RA2703,,All Inpatients,d,,:,835,1950,2.33532934131737,,525,1941,3.69714285714286,
2019Q4,,RA2703,,RA2703,,All Inpatients,d,,:,343,958,2.7930029154519,,213,913,4.28638497652582,
2020Q1,,RA2703,,RA2703,,All Inpatients,d,,:,164,371,2.26219512195122,,105,751,7.15238095238095,
2020Q2,,RA2703,,RA2703,,All Inpatients,d,,:,59,243,4.11864406779661,,33,185,5.60606060606061,
2020Q3,,RA2703,,RA2703,,All Inpatients,d,,:,73,256,3.50684931506849,,48,302,6.29166666666667,
2020Q4,,RA2703,,RA2703,,All Inpatients,d,,:,59,107,1.8135593220339,,38,104,2.73684210526316,
2021Q1,,RA2703,,RA2703,,All Inpatients,d,,:,56,232,4.14285714285714,,36,244,6.77777777777778,
2021Q2,,RA2703,,RA2703,,All Inpatients,d,,:,37,107,2.89189189189189,,22,106,4.81818181818182,
2021Q3,,RA2703,,RA2703,,All Inpatients,d,,:,87,186,2.13793103448276,,62,187,3.01612903225806,
2021Q4,,RA2703,,RA2703,,All Inpatients,d,,:,106,272,2.56603773584906,,64,273,4.265625,
2022Q1,,RA2703,,RA2703,,All Inpatients,d,,:,101,263,2.6039603960396,,63,262,4.15873015873016,
2022Q2,,RA2703,,RA2703,,All Inpatients,d,,:,382,905,2.36910994764398,,222,850,3.82882882882883,
2022Q3,,RA2703,,RA2703,,All Inpatients,d,,:,598,1845,3.08528428093645,,371,1899,5.11859838274933,
2022Q4,p,RA2703,,RA2703,,All Inpatients,d,,:,213,563,2.64319248826291,,132,855,6.47727272727273,
2017Q4,,RA2702,,RA2702,,All Inpatients,d,,:,1163,3262,2.80481513327601,,782,3233,4.13427109974425,
2018Q1,,RA2702,,RA2702,,All Inpatients,d,,:,1018,3054,3,,643,2849,4.4307931570762,
2018Q2,,RA2702,,RA2702,,All Inpatients,d,,:,1384,3717,2.6856936416185,,915,3815,4.16939890710383,
2018Q3,,RA2702,,RA2702,,All Inpatients,d,,:,1695,4246,2.50501474926254,,1122,3982,3.54901960784314,
2018Q4,,RA2702,,RA2702,,All Inpatients,d,,:,1180,3083,2.61271186440678,,799,3266,4.08760951188986,
2019Q1,,RA2702,,RA2702,,All Inpatients,d,,:,967,2856,2.95346432264736,,626,2912,4.6517571884984,
2019Q2,,RA2702,,RA2702,,All Inpatients,d,,:,1525,4019,2.6354098360655702,,974,3990,4.09650924024641,
2019Q3,,RA2702,,RA2702,,All Inpatients,d,,:,1688,4071,2.4117298578199,,1109,4012,3.61767357980162,
2019Q4,,RA2702,,RA2702,,All Inpatients,d,,:,1189,3031,2.54920100925147,,739,2959,4.00405953991881,
2020Q1,,RA2702,,RA2702,,All Inpatients,d,,:,821,2528,3.07917174177832,,535,2711,5.06728971962617,
2020Q2,,RA2702,,RA2702,,All Inpatients,d,,:,316,854,2.70253164556962,,194,816,4.20618556701031,
2020Q3,,RA2702,,RA2702,,All Inpatients,d,,:,1094,2389,2.1837294332724,,670,2296,3.42686567164179,
2020Q4,,RA2702,,RA2702,,All Inpatients,d,,:,519,1514,2.91714836223507,,330,1514,4.58787878787879,
2021Q1,,RA2702,,RA2702,,All Inpatients,d,,:,341,1015,2.97653958944282,,207,1002,4.84057971014493,
2021Q2,,RA2702,,RA2702,,All Inpatients,d,,:,1031,2288,2.2192046556741,,593,2173,3.66441821247892,
2021Q3,,RA2702,,RA2702,,All Inpatients,d,,:,1751,4846,2.76756139348943,,1069,4583,4.28718428437792,
2021Q4,,RA2702,,RA2702,,All Inpatients,d,,:,970,3285,3.38659793814433,,590,3239,5.48983050847458,
2022Q1,,RA2702,,RA2702,,All Inpatients,d,,:,694,2299,3.31268011527378,,416,2598,6.24519230769231,
2022Q2,,RA2702,,RA2702,,All Inpatients,d,,:,1304,3800,2.91411042944785,,804,3815,4.74502487562189,
2022Q3,,RA2702,,RA2702,,All Inpatients,d,,:,1417,4002,2.8242766407904,,881,4022,4.56526674233825,
2022Q4,p,RA2702,,RA2702,,All Inpatients,d,,:,917,2925,3.18974918211559,,567,3183,5.61375661375661,
2017Q4,,S92000003,d,S92000003,d,All Inpatients,d,1,,74247,282762,3.80839629884036,,42419,281430,6.63452698083406,
2018Q1,,S92000003,d,S92000003,d,All Inpatients,d,1,,73148,290085,3.96572701919396,,41777,291964,6.9886301074754,
2018Q2,,S92000003,d,S92000003,d,All Inpatients,d,1,,72623,277602,3.82250802087493,,42256,280439,6.63666698220371,
2018Q3,,S92000003,d,S92000003,d,All Inpatients,d,1,,71975,268303,3.72772490448072,,42002,270070,6.42993190800438,
2018Q4,,S92000003,d,S92000003,d,All Inpatients,d,1,,73527,271432,3.69159628435813,,41858,271564,6.48774427827416,
2019Q1,,S92000003,d,S92000003,d,All Inpatients,d,1,,75191,279330,3.7149392879467,,42810,277682,6.48638168652184,
2019Q2,,S92000003,d,S92000003,d,All Inpatients,d,1,,75568,275819,3.64994442091891,,43289,277127,6.40178798309039,
2019Q3,,S92000003,d,S92000003,d,All Inpatients,d,1,,76729,272998,3.55795070964042,,43462,275165,6.33116285490774,
2019Q4,,S92000003,d,S92000003,d,All Inpatients,d,1,,77395,279607,3.61272692034369,,42847,276318,6.44894625061264,
2020Q1,,S92000003,d,S92000003,d,All Inpatients,d,1,,71884,280996,3.90902008791943,,39428,286328,7.26204727604748,
2020Q2,,S92000003,d,S92000003,d,All Inpatients,d,1,,56959,192780,3.38453975666708,,29590,194929,6.58766475160527,
2020Q3,,S92000003,d,S92000003,d,All Inpatients,d,1,,68282,236041,3.45685539380803,,36792,232173,6.31042074363992,
2020Q4,,S92000003,d,S92000003,d,All Inpatients,d,1,,67726,253285,3.73984880252783,,35920,254154,7.07555679287305,
2021Q1,,S92000003,d,S92000003,d,All Inpatients,d,1,,65782,253918,3.859992095102,,34095,251190,7.36735591728992,
2021Q2,,S92000003,d,S92000003,d,All Inpatients,d,1,,72526,257004,3.54361194606072,,39524,260460,6.58992004857808,
2021Q3,,S92000003,d,S92000003,d,All Inpatients,d,1,,70137,259817,3.70442134679271,,37494,259150,6.91177255027471,
2021Q4,,S92000003,d,S92000003,d,All Inpatients,d,1,,67828,275545,4.06240785516306,,35866,276996,7.72308035465343,
2022Q1,,S92000003,d,S92000003,d,All Inpatients,d,1,,65245,265858,4.0747643497586,,34076,261947,7.68714050944947,
2022Q2,,S92000003,d,S92000003,d,All Inpatients,d,1,,66161,268643,4.06044346367195,,34817,274469,7.88318924663239,
2022Q3,,S92000003,d,S92000003,d,All Inpatients,d,1,,66944,275548,4.11609703632887,,35466,280420,7.90672757006711,
2022Q4,p,S92000003,d,S92000003,d,All Inpatients,d,1,,66305,275225,4.15089359776789,,35243,280779,7.96694379025622,
2017Q4,,S92000003,d,S92000003,d,All Inpatients,d,2,,60879,253762,4.16830105619343,,35972,253181,7.0382797731569,
2018Q1,,S92000003,d,S92000003,d,All Inpatients,d,2,,60832,255680,4.20305102577591,,35576,258998,7.28013267371262,
2018Q2,,S92000003,d,S92000003,d,All Inpatients,d,2,,59706,243573,4.07953974474927,,35978,248140,6.89699260659292,
2018Q3,,S92000003,d,S92000003,d,All Inpatients,d,2,,59116,234390,3.96491643548278,,35474,240312,6.7743135817782,
2018Q4,,S92000003,d,S92000003,d,All Inpatients,d,2,,60988,244704,4.01233029448416,,36057,252773,7.01037246581801,
2019Q1,,S92000003,d,S92000003,d,All Inpatients,d,2,,60855,241746,3.97249198915455,,35999,247113,6.86444067890775,
2019Q2,,S92000003,d,S92000003,d,All Inpatients,d,2,,62884,237384,3.7749507028815,,36781,238467,6.48342894429189,
2019Q3,,S92000003,d,S92000003,d,All Inpatients,d,2,,63351,238259,3.76093510757526,,36840,245162,6.65477741585233,
2019Q4,,S92000003,d,S92000003,d,All Inpatients,d,2,,64368,246178,3.82454014417102,,36624,253413,6.91931520314548,
2020Q1,,S92000003,d,S92000003,d,All Inpatients,d,2,,60008,251624,4.19317424343421,,34044,262027,7.69671601456938,
2020Q2,,S92000003,d,S92000003,d,All Inpatients,d,2,,46314,159593,3.44589109124671,,24598,164771,6.69855272786405,
2020Q3,,S92000003,d,S92000003,d,All Inpatients,d,2,,56812,203253,3.57764204745476,,31302,204706,6.53970992268865,
2020Q4,,S92000003,d,S92000003,d,All Inpatients,d,2,,56080,217992,3.88716119828816,,30617,219714,7.17620929548943,
2021Q1,,S92000003,d,S92000003,d,All Inpatients,d,2,,55344,217574,3.93130239953744,,29503,222253,7.53323390841609,
2021Q2,,S92000003,d,S92000003,d,All Inpatients,d,2,,60574,220995,3.64834747581471,,33581,223783,6.66397665346476,
2021Q3,,S92000003,d,S92000003,d,All Inpatients,d,2,,58866,230201,3.91059355145585,,32309,233744,7.23464050264632,
2021Q4,,S92000003,d,S92000003,d,All Inpatients,d,2,,56450,235149,4.16561558901683,,30727,237997,7.74553324437791,
2022Q1,,S92000003,d,S92000003,d,All Inpatients,d,2,,54899,230236,4.1938104519208,,29357,233896,7.96729911094458,
2022Q2,,S92000003,d,S92000003,d,All Inpatients,d,2,,57953,243190,4.19633151001674,,31150,248007,7.96170144462279,
2022Q3,,S92000003,d,S92000003,d,All Inpatients,d,2,,56845,239608,4.21511126748175,,31012,245557,7.9181284664001,
2022Q4,p,S92000003,d,S92000003,d,All Inpatients,d,2,,57147,241523,4.22634608990848,,31138,251651,8.08179716102511,
2017Q4,,S92000003,d,S92000003,d,All Inpatients,d,3,,51034,210747,4.12954109025356,,30822,219161,7.11053792745442,
2018Q1,,S92000003,d,S92000003,d,All Inpatients,d,3,,50950,210084,4.12333660451423,,30450,216066,7.09576354679803,
2018Q2,,S92000003,d,S92000003,d,All Inpatients,d,3,,49839,201677,4.04656995525592,,30631,214199,6.99288302699879,
2018Q3,,S92000003,d,S92000003,d,All Inpatients,d,3,,49006,196074,4.00102028323063,,29874,199606,6.68159603668742,
2018Q4,,S92000003,d,S92000003,d,All Inpatients,d,3,,50557,201333,3.98229720909073,,30827,213002,6.90959224056833,
2019Q1,,S92000003,d,S92000003,d,All Inpatients,d,3,,50708,198231,3.90926481028635,,30607,205572,6.71650276080635,
2019Q2,,S92000003,d,S92000003,d,All Inpatients,d,3,,52977,208898,3.94318289068841,,31520,216969,6.88353426395939,
2019Q3,,S92000003,d,S92000003,d,All Inpatients,d,3,,53003,201505,3.80176593777711,,31491,210546,6.68591026007431,
2019Q4,,S92000003,d,S92000003,d,All Inpatients,d,3,,55089,210370,3.81872969195302,,31844,215047,6.75314030900641,
2020Q1,,S92000003,d,S92000003,d,All Inpatients,d,3,,50604,217714,4.30230811793534,,29235,232940,7.96784675902172,
2020Q2,,S92000003,d,S92000003,d,All Inpatients,d,3,,38538,137812,3.57600290622243,,20698,145253,7.01773118175669,
2020Q3,,S92000003,d,S92000003,d,All Inpatients,d,3,,46722,165968,3.55224519498309,,26281,167504,6.37357786994407,
2020Q4,,S92000003,d,S92000003,d,All Inpatients,d,3,,47634,187589,3.9381324264181,,26528,188713,7.11372889022919,
2021Q1,,S92000003,d,S92000003,d,All Inpatients,d,3,,45852,184276,4.01893047195324,,25019,190951,7.63223949798153,
2021Q2,,S92000003,d,S92000003,d,All Inpatients,d,3,,50099,186392,3.72047346254416,,28472,194095,6.81704832818207,
2021Q3,,S92000003,d,S92000003,d,All Inpatients,d,3,,48113,187814,3.9036019371064,,27171,188250,6.92834271833941,
2021Q4,,S92000003,d,S92000003,d,All Inpatients,d,3,,48199,205113,4.25554472084483,,26883,211819,7.8792917457129,
2022Q1,,S92000003,d,S92000003,d,All Inpatients,d,3,,46072,199284,4.32549053655148,,25692,204273,7.95084072863148,
2022Q2,,S92000003,d,S92000003,d,All Inpatients,d,3,,48027,206161,4.29260624232203,,26921,214944,7.9842502135879,
2022Q3,,S92000003,d,S92000003,d,All Inpatients,d,3,,48099,210847,4.3836046487453,,27568,216720,7.86128845037725,
2022Q4,p,S92000003,d,S92000003,d,All Inpatients,d,3,,47973,209521,4.36747753944927,,27510,221491,8.05129043984006,
2017Q4,,S92000003,d,S92000003,d,All Inpatients,d,4,,42206,170597,4.04200824527318,,26396,177571,6.72719351416881,
2018Q1,,S92000003,d,S92000003,d,All Inpatients,d,4,,41791,173989,4.16331267497787,,25671,182869,7.12356355420513,
2018Q2,,S92000003,d,S92000003,d,All Inpatients,d,4,,42244,167740,3.97074140706373,,26567,177660,6.68724357285354,
2018Q3,,S92000003,d,S92000003,d,All Inpatients,d,4,,41603,167391,4.02353195683004,,26183,173566,6.62895772065844,
2018Q4,,S92000003,d,S92000003,d,All Inpatients,d,4,,43028,176663,4.1057683368969,,26792,184641,6.89164676022693,
2019Q1,,S92000003,d,S92000003,d,All Inpatients,d,4,,42980,170528,3.96761284318288,,26602,177360,6.66716788211413,
2019Q2,,S92000003,d,S92000003,d,All Inpatients,d,4,,44174,167342,3.78824647982976,,27300,173669,6.36150183150183,
2019Q3,,S92000003,d,S92000003,d,All Inpatients,d,4,,44404,168723,3.79972524997748,,27017,175425,6.49313395269645,
2019Q4,,S92000003,d,S92000003,d,All Inpatients,d,4,,45332,173475,3.82676696373423,,27134,180624,6.65674062062357,
2020Q1,,S92000003,d,S92000003,d,All Inpatients,d,4,,42330,176984,4.18105362626978,,25343,187610,7.40283312946376,
2020Q2,,S92000003,d,S92000003,d,All Inpatients,d,4,,32966,117910,3.57671540374932,,18175,126247,6.94618982118294,
2020Q3,,S92000003,d,S92000003,d,All Inpatients,d,4,,39632,142706,3.60077714977796,,22797,145290,6.37320700092117,
2020Q4,,S92000003,d,S92000003,d,All Inpatients,d,4,,39540,152858,3.86590794132524,,22875,153975,6.73114754098361,
2021Q1,,S92000003,d,S92000003,d,All Inpatients,d,4,,38114,152268,3.99506742929107,,21399,155965,7.28842469274265,
2021Q2,,S92000003,d,S92000003,d,All Inpatients,d,4,,42929,157235,3.66267558060984,,25107,164042,6.53371569681762,
2021Q3,,S92000003,d,S92000003,d,All Inpatients,d,4,,41915,164419,3.92267684599785,,24406,165166,6.76743423748259,
2021Q4,,S92000003,d,S92000003,d,All Inpatients,d,4,,41823,177786,4.25091456853884,,23862,180751,7.57484703713016,
2022Q1,,S92000003,d,S92000003,d,All Inpatients,d,4,,40054,169676,4.23618115544016,,23083,173602,7.52077286314604,
2022Q2,,S92000003,d,S92000003,d,All Inpatients,d,4,,41560,174595,4.20103464870067,,24156,186030,7.70119225037258,
2022Q3,,S92000003,d,S92000003,d,All Inpatients,d,4,,41896,179008,4.27267519572274,,24266,188820,7.78125772686063,
2022Q4,p,S92000003,d,S92000003,d,All Inpatients,d,4,,42485,179345,4.22137224902907,,24879,191439,7.69480284577354,
2017Q4,,S92000003,d,S92000003,d,All Inpatients,d,5,,36940,154491,4.18221440173254,,22955,159284,6.93896754519712,
2018Q1,,S92000003,d,S92000003,d,All Inpatients,d,5,,37018,159198,4.30055648603382,,22610,163839,7.24630694383016,
2018Q2,,S92000003,d,S92000003,d,All Inpatients,d,5,,36583,160937,4.39922915015171,,22729,167365,7.36350037397158,
2018Q3,,S92000003,d,S92000003,d,All Inpatients,d,5,,35507,147396,4.15118145717746,,22089,150645,6.81991036262393,
2018Q4,,S92000003,d,S92000003,d,All Inpatients,d,5,,37784,155304,4.11031124285412,,23223,161232,6.94277225164707,
2019Q1,,S92000003,d,S92000003,d,All Inpatients,d,5,,37403,153554,4.1053926155656,,22978,158507,6.89820698059013,
2019Q2,,S92000003,d,S92000003,d,All Inpatients,d,5,,38415,155471,4.04714304308213,,23179,156794,6.76448509426636,
2019Q3,,S92000003,d,S92000003,d,All Inpatients,d,5,,39126,155811,3.98228799263917,,23306,157682,6.76572556423239,
2019Q4,,S92000003,d,S92000003,d,All Inpatients,d,5,,39843,163007,4.09123308987777,,23560,168878,7.16799660441426,
2020Q1,,S92000003,d,S92000003,d,All Inpatients,d,5,,37000,160614,4.34091891891892,,21712,165369,7.61647936624908,
2020Q2,,S92000003,d,S92000003,d,All Inpatients,d,5,,28376,102842,3.62425993797575,,15191,107161,7.0542426436706,
2020Q3,,S92000003,d,S92000003,d,All Inpatients,d,5,,34864,126045,3.61533386874713,,19653,128458,6.5363048898387,
2020Q4,,S92000003,d,S92000003,d,All Inpatients,d,5,,34974,136905,3.91447932750043,,19646,135880,6.916420645424,
2021Q1,,S92000003,d,S92000003,d,All Inpatients,d,5,,34363,140762,4.09632453511044,,18816,143583,7.63089923469388,
2021Q2,,S92000003,d,S92000003,d,All Inpatients,d,5,,37743,141682,3.75386164321861,,21459,142516,6.64131599794958,
2021Q3,,S92000003,d,S92000003,d,All Inpatients,d,5,,36277,149525,4.1217575874521,,20526,148510,7.23521387508526,
2021Q4,,S92000003,d,S92000003,d,All Inpatients,d,5,,36054,153088,4.24607533144727,,20413,154532,7.57027384509871,
2022Q1,,S92000003,d,S92000003,d,All Inpatients,d,5,,35718,153750,4.30455232655804,,19683,154656,7.85733882030178,
2022Q2,,S92000003,d,S92000003,d,All Inpatients,d,5,,36860,166271,4.51087900162778,,20414,171279,8.39027138238464,
2022Q3,,S92000003,d,S92000003,d,All Inpatients,d,5,,37407,162970,4.35667121127062,,20750,166270,8.01301204819277,
2022Q4,p,S92000003,d,S92000003,d,All Inpatients,d,5,,37304,169076,4.53238258631782,,21136,174986,8.27904996214989,
2017Q4,,S92000003,d,S92000003,d,All Inpatients,d,,:,1955,4988,2.55140664961637,,1315,5356,4.07300380228137,
2018Q1,,S92000003,d,S92000003,d,All Inpatients,d,,:,1608,4554,2.83208955223881,,1039,4950,4.76419634263715,
2018Q2,,S92000003,d,S92000003,d,All Inpatients,d,,:,2417,6042,2.4997931319818,,1644,6585,4.00547445255474,
2018Q3,,S92000003,d,S92000003,d,All Inpatients,d,,:,3119,7731,2.4786790638025,,2052,7747,3.77534113060429,
2018Q4,,S92000003,d,S92000003,d,All Inpatients,d,,:,1953,5198,2.66154633896569,,1293,5410,4.18406805877804,
2019Q1,,S92000003,d,S92000003,d,All Inpatients,d,,:,1696,4508,2.65801886792453,,1118,5062,4.52772808586762,
2019Q2,,S92000003,d,S92000003,d,All Inpatients,d,,:,2719,7041,2.5895549834498,,1746,6949,3.97995418098511,
2019Q3,,S92000003,d,S92000003,d,All Inpatients,d,,:,3145,7909,2.5147853736089,,2053,7851,3.82415976619581,
2019Q4,,S92000003,d,S92000003,d,All Inpatients,d,,:,2021,5230,2.58782780801583,,1248,5517,4.42067307692308,
2020Q1,,S92000003,d,S92000003,d,All Inpatients,d,,:,1429,4061,2.84184744576627,,915,4872,5.32459016393443,
2020Q2,,S92000003,d,S92000003,d,All Inpatients,d,,:,831,1936,2.32972322503008,,551,1746,3.16878402903811,
2020Q3,,S92000003,d,S92000003,d,All Inpatients,d,,:,1650,3442,2.08606060606061,,1048,3479,3.31965648854962,
2020Q4,,S92000003,d,S92000003,d,All Inpatients,d,,:,901,2296,2.54827968923418,,596,2391,4.01174496644295,
2021Q1,,S92000003,d,S92000003,d,All Inpatients,d,,:,736,2211,3.00407608695652,,464,2180,4.69827586206897,
2021Q2,,S92000003,d,S92000003,d,All Inpatients,d,,:,1491,3253,2.18175720992622,,895,3518,3.93072625698324,
2021Q3,,S92000003,d,S92000003,d,All Inpatients,d,,:,2246,6004,2.67319679430098,,1364,5682,4.16568914956012,
2021Q4,,S92000003,d,S92000003,d,All Inpatients,d,,:,1449,4810,3.31953071083506,,885,4646,5.24971751412429,
2022Q1,,S92000003,d,S92000003,d,All Inpatients,d,,:,1108,3470,3.13176895306859,,677,3792,5.60118168389956,
2022Q2,,S92000003,d,S92000003,d,All Inpatients,d,,:,1985,5510,2.77581863979849,,1226,5625,4.58809135399674,
2022Q3,,S92000003,d,S92000003,d,All Inpatients,d,,:,2392,6807,2.84573578595318,,1471,7057,4.79741672331747,
2022Q4,p,S92000003,d,S92000003,d,All Inpatients,d,,:,1436,4752,3.3091922005571,,879,6023,6.85210466439135,
2017Q4,,RA2704,,RA2704,,All Inpatients,d,,:,430,761,1.76976744186047,,299,868,2.90301003344482,
2018Q1,,RA2704,,RA2704,,All Inpatients,d,,:,332,691,2.08132530120482,,230,1186,5.15652173913043,
2018Q2,,RA2704,,RA2704,,All Inpatients,d,,:,415,836,2.0144578313253,,290,1310,4.51724137931035,
2018Q3,,RA2704,,RA2704,,All Inpatients,d,,:,498,1090,2.18875502008032,,326,1523,4.67177914110429,
2018Q4,,RA2704,,RA2704,,All Inpatients,d,,:,356,709,1.99157303370787,,227,835,3.6784140969163,
2019Q1,,RA2704,,RA2704,,All Inpatients,d,,:,405,906,2.23703703703704,,287,1364,4.75261324041812,
2019Q2,,RA2704,,RA2704,,All Inpatients,d,,:,498,1062,2.13253012048193,,321,1177,3.66666666666667,
2019Q3,,RA2704,,RA2704,,All Inpatients,d,,:,539,1741,3.23005565862709,,356,1780,5,
2019Q4,,RA2704,,RA2704,,All Inpatients,d,,:,433,1076,2.48498845265589,,258,1249,4.84108527131783,
2020Q1,,RA2704,,RA2704,,All Inpatients,d,,:,396,985,2.48737373737374,,248,1230,4.95967741935484,
2020Q2,,RA2704,,RA2704,,All Inpatients,d,,:,424,815,1.92216981132075,,295,719,2.43728813559322,
2020Q3,,RA2704,,RA2704,,All Inpatients,d,,:,421,676,1.60570071258907,,281,809,2.87900355871886,
2020Q4,,RA2704,,RA2704,,All Inpatients,d,,:,297,634,2.13468013468013,,209,741,3.54545454545455,
2021Q1,,RA2704,,RA2704,,All Inpatients,d,,:,306,826,2.69934640522876,,199,834,4.19095477386935,
2021Q2,,RA2704,,RA2704,,All Inpatients,d,,:,394,816,2.07106598984772,,258,1190,4.61240310077519,
2021Q3,,RA2704,,RA2704,,All Inpatients,d,,:,386,908,2.35233160621762,,220,891,4.05,
2021Q4,,RA2704,,RA2704,,All Inpatients,d,,:,355,1194,3.36338028169014,,220,1079,4.90454545454545,
2022Q1,,RA2704,,RA2704,,All Inpatients,d,,:,299,853,2.85284280936455,,188,849,4.51595744680851,
2022Q2,,RA2704,,RA2704,,All Inpatients,d,,:,284,749,2.63732394366197,,190,939,4.94210526315789,
2022Q3,,RA2704,,RA2704,,All Inpatients,d,,:,331,818,2.47129909365559,,199,1030,5.17587939698493,
2022Q4,p,RA2704,,RA2704,,All Inpatients,d,,:,222,973,4.38288288288288,,125,1678,13.424,
2017Q4,,S08000015,,S12000008,,All Inpatients and Day cases,d,1,,3633,10219,2.81282686484999,,2430,10405,4.28189300411523,
2018Q1,,S08000015,,S12000008,,All Inpatients and Day cases,d,1,,3357,8974,2.67322013702711,,2337,8738,3.73898160034232,
2018Q2,,S08000015,,S12000008,,All Inpatients and Day cases,d,1,,3366,9678,2.87522281639929,,2348,9823,4.1835604770017,
2018Q3,,S08000015,,S12000008,,All Inpatients and Day cases,d,1,,3123,8628,2.76272814601345,,2174,8499,3.90938362465501,
2018Q4,,S08000015,,S12000008,,All Inpatients and Day cases,d,1,,3332,9494,2.84933973589436,,2303,9238,4.01128962223187,
2019Q1,,S08000015,,S12000008,,All Inpatients and Day cases,d,1,,3321,8720,2.62571514604035,,2332,9273,3.97641509433962,
2019Q2,,S08000015,,S12000008,,All Inpatients and Day cases,d,1,,3473,9266,2.66801036567809,,2502,9368,3.74420463629097,
2019Q3,,S08000015,,S12000008,,All Inpatients and Day cases,d,1,,3257,7872,2.41694811175929,,2297,8094,3.52372659991293,
2019Q4,,S08000015,,S12000008,,All Inpatients and Day cases,d,1,,3291,9418,2.86174415071407,,2302,9476,4.11642050390964,
2020Q1,,S08000015,,S12000008,,All Inpatients and Day cases,d,1,,3070,9438,3.0742671009772,,2151,9867,4.58716875871688,
2020Q2,,S08000015,,S12000008,,All Inpatients and Day cases,d,1,,2137,7060,3.30369677117454,,1384,7694,5.5592485549133,
2020Q3,,S08000015,,S12000008,,All Inpatients and Day cases,d,1,,2671,7032,2.63272182703107,,1913,7351,3.84265551489807,
2020Q4,,S08000015,,S12000008,,All Inpatients and Day cases,d,1,,2637,8885,3.36935912021236,,1827,8852,4.84510125889436,
2021Q1,,S08000015,,S12000008,,All Inpatients and Day cases,d,1,,2473,9418,3.80832996360696,,1669,9118,5.46315158777711,
2021Q2,,S08000015,,S12000008,,All Inpatients and Day cases,d,1,,2999,8882,2.96165388462821,,2081,9018,4.33349351273426,
2021Q3,,S08000015,,S12000008,,All Inpatients and Day cases,d,1,,2921,8083,2.7672030126669,,2041,8257,4.04556589906908,
2021Q4,,S08000015,,S12000008,,All Inpatients and Day cases,d,1,,2901,9804,3.37952430196484,,2019,10321,5.11193660227836,
2022Q1,,S08000015,,S12000008,,All Inpatients and Day cases,d,1,,2629,8892,3.38227462913655,,1884,9717,5.15764331210191,
2022Q2,,S08000015,,S12000008,,All Inpatients and Day cases,d,1,,2656,10190,3.83659638554217,,2011,10343,5.14321233217305,
2022Q3,,S08000015,,S12000008,,All Inpatients and Day cases,d,1,,2624,9611,3.66272865853659,,1983,9929,5.00706001008573,
2022Q4,p,S08000015,,S12000008,,All Inpatients and Day cases,d,1,,2657,8186,3.08091832894242,,2027,8975,4.42772570300937,
2017Q4,,S08000015,,S12000008,,All Inpatients and Day cases,d,2,,2693,7848,2.9142220571853,,1825,7725,4.23287671232877,
2018Q1,,S08000015,,S12000008,,All Inpatients and Day cases,d,2,,2614,7796,2.98240244835501,,1794,8431,4.69955406911929,
2018Q2,,S08000015,,S12000008,,All Inpatients and Day cases,d,2,,2611,8798,3.36959019532746,,1809,8071,4.46158098396904,
2018Q3,,S08000015,,S12000008,,All Inpatients and Day cases,d,2,,2561,7754,3.02772354549004,,1772,8323,4.69695259593679,
2018Q4,,S08000015,,S12000008,,All Inpatients and Day cases,d,2,,2629,7218,2.74553062000761,,1860,7152,3.84516129032258,
2019Q1,,S08000015,,S12000008,,All Inpatients and Day cases,d,2,,2674,7133,2.66753926701571,,1897,7285,3.84027411702688,
2019Q2,,S08000015,,S12000008,,All Inpatients and Day cases,d,2,,2568,6513,2.53621495327103,,1841,6589,3.57903313416621,
2019Q3,,S08000015,,S12000008,,All Inpatients and Day cases,d,2,,2590,6892,2.66100386100386,,1858,6885,3.70559741657696,
2019Q4,,S08000015,,S12000008,,All Inpatients and Day cases,d,2,,2545,6801,2.67229862475442,,1869,6796,3.63616907437132,
2020Q1,,S08000015,,S12000008,,All Inpatients and Day cases,d,2,,2269,6885,3.0343763772587,,1694,7344,4.33530106257379,
2020Q2,,S08000015,,S12000008,,All Inpatients and Day cases,d,2,,1471,4847,3.29503738953093,,982,4837,4.92566191446029,
2020Q3,,S08000015,,S12000008,,All Inpatients and Day cases,d,2,,2043,6693,3.27606461086637,,1428,6137,4.29761904761905,
2020Q4,,S08000015,,S12000008,,All Inpatients and Day cases,d,2,,2101,6839,3.25511661113755,,1454,6532,4.49243466299862,
2021Q1,,S08000015,,S12000008,,All Inpatients and Day cases,d,2,,1899,7089,3.73301737756714,,1300,7627,5.86692307692308,
2021Q2,,S08000015,,S12000008,,All Inpatients and Day cases,d,2,,2238,6199,2.76988382484361,,1605,6254,3.89657320872274,
2021Q3,,S08000015,,S12000008,,All Inpatients and Day cases,d,2,,2162,7187,3.32423681776133,,1550,7526,4.85548387096774,
2021Q4,,S08000015,,S12000008,,All Inpatients and Day cases,d,2,,2024,6888,3.40316205533597,,1435,6711,4.67665505226481,
2022Q1,,S08000015,,S12000008,,All Inpatients and Day cases,d,2,,2019,7546,3.73749380881625,,1459,7433,5.09458533241947,
2022Q2,,S08000015,,S12000008,,All Inpatients and Day cases,d,2,,2188,7581,3.46480804387569,,1626,7776,4.78228782287823,
2022Q3,,S08000015,,S12000008,,All Inpatients and Day cases,d,2,,2100,7606,3.62190476190476,,1587,8344,5.25771896660365,
2022Q4,p,S08000015,,S12000008,,All Inpatients and Day cases,d,2,,2068,7930,3.83462282398453,,1532,8170,5.33289817232376,
2017Q4,,S08000015,,S12000008,,All Inpatients and Day cases,d,3,,1777,5581,3.14068655036579,,1214,5280,4.3492586490939,
2018Q1,,S08000015,,S12000008,,All Inpatients and Day cases,d,3,,1586,4535,2.859394703657,,1137,4525,3.97977132805629,
2018Q2,,S08000015,,S12000008,,All Inpatients and Day cases,d,3,,1442,4184,2.90152565880721,,1079,4521,4.18999073215941,
2018Q3,,S08000015,,S12000008,,All Inpatients and Day cases,d,3,,1589,4300,2.70610446821901,,1129,4348,3.85119574844996,
2018Q4,,S08000015,,S12000008,,All Inpatients and Day cases,d,3,,1683,4152,2.46702317290553,,1212,3958,3.26567656765677,
2019Q1,,S08000015,,S12000008,,All Inpatients and Day cases,d,3,,1723,4609,2.67498549042368,,1244,4696,3.77491961414791,
2019Q2,,S08000015,,S12000008,,All Inpatients and Day cases,d,3,,1711,4333,2.53243717124489,,1254,4424,3.52791068580542,
2019Q3,,S08000015,,S12000008,,All Inpatients and Day cases,d,3,,1700,4607,2.71,,1276,4864,3.81191222570533,
2019Q4,,S08000015,,S12000008,,All Inpatients and Day cases,d,3,,1526,3699,2.42398427260813,,1150,3743,3.25478260869565,
2020Q1,,S08000015,,S12000008,,All Inpatients and Day cases,d,3,,1487,4348,2.92400806993948,,1107,4559,4.11833785004517,
2020Q2,,S08000015,,S12000008,,All Inpatients and Day cases,d,3,,954,2330,2.44234800838574,,647,2344,3.62287480680062,
2020Q3,,S08000015,,S12000008,,All Inpatients and Day cases,d,3,,1396,3866,2.76934097421203,,1013,3626,3.57946692991115,
2020Q4,,S08000015,,S12000008,,All Inpatients and Day cases,d,3,,1337,3902,2.91847419596111,,966,4097,4.24120082815735,
2021Q1,,S08000015,,S12000008,,All Inpatients and Day cases,d,3,,1185,4096,3.45654008438819,,851,4116,4.83666274970623,
2021Q2,,S08000015,,S12000008,,All Inpatients and Day cases,d,3,,1428,4236,2.96638655462185,,1062,4473,4.21186440677966,
2021Q3,,S08000015,,S12000008,,All Inpatients and Day cases,d,3,,1430,4180,2.92307692307692,,1032,4180,4.05038759689922,
2021Q4,,S08000015,,S12000008,,All Inpatients and Day cases,d,3,,1357,4436,3.2689756816507,,982,4564,4.64765784114053,
2022Q1,,S08000015,,S12000008,,All Inpatients and Day cases,d,3,,1238,4903,3.96042003231018,,948,5039,5.31540084388186,
2022Q2,,S08000015,,S12000008,,All Inpatients and Day cases,d,3,,1405,5164,3.67544483985765,,1040,5121,4.92403846153846,
2022Q3,,S08000015,,S12000008,,All Inpatients and Day cases,d,3,,1354,4373,3.22968980797637,,1009,4838,4.79484638255699,
2022Q4,p,S08000015,,S12000008,,All Inpatients and Day cases,d,3,,1333,5002,3.75243810952738,,1016,5297,5.21358267716535,
2017Q4,,S08000015,,S12000008,,All Inpatients and Day cases,d,4,,1317,3104,2.35687167805619,,971,3181,3.27600411946447,
2018Q1,,S08000015,,S12000008,,All Inpatients and Day cases,d,4,,1175,3137,2.66978723404255,,861,2993,3.47619047619048,
2018Q2,,S08000015,,S12000008,,All Inpatients and Day cases,d,4,,1231,3177,2.58082859463851,,912,3164,3.46929824561404,
2018Q3,,S08000015,,S12000008,,All Inpatients and Day cases,d,4,,1202,3625,3.01580698835275,,886,3452,3.8961625282167,
2018Q4,,S08000015,,S12000008,,All Inpatients and Day cases,d,4,,1265,3289,2.6,,929,3146,3.38643702906351,
2019Q1,,S08000015,,S12000008,,All Inpatients and Day cases,d,4,,1243,3077,2.47546259050684,,976,2803,2.8719262295082,
2019Q2,,S08000015,,S12000008,,All Inpatients and Day cases,d,4,,1232,3013,2.44561688311688,,969,3015,3.11145510835913,
2019Q3,,S08000015,,S12000008,,All Inpatients and Day cases,d,4,,1286,3448,2.68118195956454,,994,3478,3.4989939637827,
2019Q4,,S08000015,,S12000008,,All Inpatients and Day cases,d,4,,1225,2977,2.43020408163265,,939,3321,3.53674121405751,
2020Q1,,S08000015,,S12000008,,All Inpatients and Day cases,d,4,,1055,2673,2.53364928909953,,833,2578,3.09483793517407,
2020Q2,,S08000015,,S12000008,,All Inpatients and Day cases,d,4,,715,2045,2.86013986013986,,514,1960,3.81322957198444,
2020Q3,,S08000015,,S12000008,,All Inpatients and Day cases,d,4,,1089,2452,2.25160697887971,,816,2506,3.07107843137255,
2020Q4,,S08000015,,S12000008,,All Inpatients and Day cases,d,4,,1099,2639,2.40127388535032,,841,2533,3.01189060642093,
2021Q1,,S08000015,,S12000008,,All Inpatients and Day cases,d,4,,992,3116,3.14112903225806,,731,2910,3.98084815321477,
2021Q2,,S08000015,,S12000008,,All Inpatients and Day cases,d,4,,1122,3012,2.68449197860963,,840,3164,3.76666666666667,
2021Q3,,S08000015,,S12000008,,All Inpatients and Day cases,d,4,,1125,3771,3.352,,837,3558,4.25089605734767,
2021Q4,,S08000015,,S12000008,,All Inpatients and Day cases,d,4,,1024,3233,3.1572265625,,763,3451,4.52293577981651,
2022Q1,,S08000015,,S12000008,,All Inpatients and Day cases,d,4,,953,3011,3.1594963273872,,734,2736,3.7275204359673,
2022Q2,,S08000015,,S12000008,,All Inpatients and Day cases,d,4,,1032,2953,2.86143410852713,,814,3322,4.08108108108108,
2022Q3,,S08000015,,S12000008,,All Inpatients and Day cases,d,4,,1015,2926,2.88275862068966,,789,2938,3.72370088719899,
2022Q4,p,S08000015,,S12000008,,All Inpatients and Day cases,d,4,,1099,4021,3.65878070973612,,868,4453,5.13018433179723,
2017Q4,,S08000015,,S12000008,,All Inpatients and Day cases,d,5,,841,2470,2.93697978596908,,638,2528,3.96238244514107,
2018Q1,,S08000015,,S12000008,,All Inpatients and Day cases,d,5,,806,2318,2.87593052109181,,596,2400,4.02684563758389,
2018Q2,,S08000015,,S12000008,,All Inpatients and Day cases,d,5,,817,2200,2.69277845777234,,612,2302,3.76143790849673,
2018Q3,,S08000015,,S12000008,,All Inpatients and Day cases,d,5,,766,2032,2.65274151436031,,595,1910,3.21008403361345,
2018Q4,,S08000015,,S12000008,,All Inpatients and Day cases,d,5,,809,1820,2.24969097651422,,651,1835,2.81874039938556,
2019Q1,,S08000015,,S12000008,,All Inpatients and Day cases,d,5,,835,1749,2.09461077844311,,633,1566,2.4739336492891,
2019Q2,,S08000015,,S12000008,,All Inpatients and Day cases,d,5,,891,2207,2.47699214365881,,685,2456,3.58540145985401,
2019Q3,,S08000015,,S12000008,,All Inpatients and Day cases,d,5,,841,1719,2.04399524375743,,658,1718,2.61094224924012,
2019Q4,,S08000015,,S12000008,,All Inpatients and Day cases,d,5,,789,1957,2.48035487959442,,627,2062,3.28867623604466,
2020Q1,,S08000015,,S12000008,,All Inpatients and Day cases,d,5,,683,1497,2.19180087847731,,537,1647,3.06703910614525,
2020Q2,,S08000015,,S12000008,,All Inpatients and Day cases,d,5,,462,1269,2.74675324675325,,303,1232,4.06600660066007,
2020Q3,,S08000015,,S12000008,,All Inpatients and Day cases,d,5,,687,1840,2.6783114992722,,519,1764,3.39884393063584,
2020Q4,,S08000015,,S12000008,,All Inpatients and Day cases,d,5,,650,1860,2.86153846153846,,496,1846,3.72177419354839,
2021Q1,,S08000015,,S12000008,,All Inpatients and Day cases,d,5,,664,2101,3.16415662650602,,494,2220,4.49392712550607,
2021Q2,,S08000015,,S12000008,,All Inpatients and Day cases,d,5,,823,1895,2.30255164034022,,590,1868,3.16610169491525,
2021Q3,,S08000015,,S12000008,,All Inpatients and Day cases,d,5,,736,2344,3.18478260869565,,548,2380,4.34306569343066,
2021Q4,,S08000015,,S12000008,,All Inpatients and Day cases,d,5,,649,1904,2.93374422187982,,479,2140,4.46764091858038,
2022Q1,,S08000015,,S12000008,,All Inpatients and Day cases,d,5,,624,1767,2.83173076923077,,496,1980,3.99193548387097,
2022Q2,,S08000015,,S12000008,,All Inpatients and Day cases,d,5,,670,2016,3.0089552238806,,540,1947,3.60555555555556,
2022Q3,,S08000015,,S12000008,,All Inpatients and Day cases,d,5,,695,2212,3.18273381294964,,562,2324,4.13523131672598,
2022Q4,p,S08000015,,S12000008,,All Inpatients and Day cases,d,5,,701,2265,3.23109843081312,,571,2269,3.97373029772329,
2017Q4,,S08000015,,S08000015,d,All Inpatients and Day cases,d,1,,10872,34573,3.18000367917586,,7384,35685,4.83274647887324,
2018Q1,,S08000015,,S08000015,d,All Inpatients and Day cases,d,1,,10606,34704,3.27211012634358,,7274,33095,4.54976629089909,
2018Q2,,S08000015,,S08000015,d,All Inpatients and Day cases,d,1,,10359,33084,3.19374456993918,,7277,32339,4.44400164903119,
2018Q3,,S08000015,,S08000015,d,All Inpatients and Day cases,d,1,,10144,30999,3.05589511041009,,7149,31504,4.40677017764722,
2018Q4,,S08000015,,S08000015,d,All Inpatients and Day cases,d,1,,10484,30884,2.94582220526517,,7297,30639,4.19884884198986,
2019Q1,,S08000015,,S08000015,d,All Inpatients and Day cases,d,1,,10367,31599,3.04803704060963,,7368,31409,4.26289359391965,
2019Q2,,S08000015,,S08000015,d,All Inpatients and Day cases,d,1,,10390,30619,2.94696823869105,,7455,30734,4.12260228034876,
2019Q3,,S08000015,,S08000015,d,All Inpatients and Day cases,d,1,,10140,29475,2.90680473372781,,7301,30073,4.1190247911245,
2019Q4,,S08000015,,S08000015,d,All Inpatients and Day cases,d,1,,10158,31306,3.08190588698563,,7123,29494,4.14067106556226,
2020Q1,,S08000015,,S08000015,d,All Inpatients and Day cases,d,1,,9325,32748,3.51184986595174,,6632,33772,5.09227985524729,
2020Q2,,S08000015,,S08000015,d,All Inpatients and Day cases,d,1,,6428,22213,3.45566272557561,,4196,24443,5.82530981887512,
2020Q3,,S08000015,,S08000015,d,All Inpatients and Day cases,d,1,,8592,25767,2.99895251396648,,6015,25511,4.24123025768911,
2020Q4,,S08000015,,S08000015,d,All Inpatients and Day cases,d,1,,8102,29519,3.64342137743767,,5644,29354,5.20092133238838,
2021Q1,,S08000015,,S08000015,d,All Inpatients and Day cases,d,1,,7608,31110,4.0891167192429,,5148,28593,5.5541958041958,
2021Q2,,S08000015,,S08000015,d,All Inpatients and Day cases,d,1,,8883,29240,3.29168073848925,,6280,30502,4.85700636942675,
2021Q3,,S08000015,,S08000015,d,All Inpatients and Day cases,d,1,,8574,28398,3.31210636808957,,5991,29155,4.86646636621599,
2021Q4,,S08000015,,S08000015,d,All Inpatients and Day cases,d,1,,8405,32289,3.84164187983343,,5858,33149,5.65875725503585,
2022Q1,,S08000015,,S08000015,d,All Inpatients and Day cases,d,1,,7721,29529,3.82450459785002,,5568,29313,5.2645474137931,
2022Q2,,S08000015,,S08000015,d,All Inpatients and Day cases,d,1,,7754,30805,3.9727882383286,,5792,31371,5.4162638121547,
2022Q3,,S08000015,,S08000015,d,All Inpatients and Day cases,d,1,,8009,30831,3.84954426270446,,5959,31051,5.21077361973486,
2022Q4,p,S08000015,,S08000015,d,All Inpatients and Day cases,d,1,,7879,30113,3.821931717223,,5895,31101,5.27582697201018,
2017Q4,,S08000015,,S08000015,d,All Inpatients and Day cases,d,2,,7805,24581,3.14939141575913,,5288,24249,4.5856656580938,
2018Q1,,S08000015,,S08000015,d,All Inpatients and Day cases,d,2,,7548,24213,3.20786963434022,,5163,24611,4.76680224675576,
2018Q2,,S08000015,,S08000015,d,All Inpatients and Day cases,d,2,,7466,24994,3.34770961693008,,5234,25497,4.87141765380206,
2018Q3,,S08000015,,S08000015,d,All Inpatients and Day cases,d,2,,7282,21290,2.92364734962922,,5127,22326,4.35459332943242,
2018Q4,,S08000015,,S08000015,d,All Inpatients and Day cases,d,2,,7455,21281,2.85459423205902,,5298,20702,3.90751226878067,
2019Q1,,S08000015,,S08000015,d,All Inpatients and Day cases,d,2,,7542,22642,3.00212145319544,,5404,23665,4.37916358253146,
2019Q2,,S08000015,,S08000015,d,All Inpatients and Day cases,d,2,,7238,20092,2.77590494611771,,5253,19981,3.80373120121835,
2019Q3,,S08000015,,S08000015,d,All Inpatients and Day cases,d,2,,7458,21638,2.90131402520783,,5339,21954,4.11200599363177,
2019Q4,,S08000015,,S08000015,d,All Inpatients and Day cases,d,2,,7434,23018,3.09631423190745,,5376,25534,4.74962797619048,
2020Q1,,S08000015,,S08000015,d,All Inpatients and Day cases,d,2,,6655,21899,3.29060856498873,,4897,22811,4.65815805595262,
2020Q2,,S08000015,,S08000015,d,All Inpatients and Day cases,d,2,,4409,15656,3.55091857564073,,2988,16126,5.39692101740294,
2020Q3,,S08000015,,S08000015,d,All Inpatients and Day cases,d,2,,6179,18689,3.02459944974915,,4329,18597,4.2959112959113,
2020Q4,,S08000015,,S08000015,d,All Inpatients and Day cases,d,2,,6201,20483,3.30317690695049,,4362,20723,4.75080238422742,
2021Q1,,S08000015,,S08000015,d,All Inpatients and Day cases,d,2,,5769,20794,3.60443751083377,,4015,21079,5.25006226650062,
2021Q2,,S08000015,,S08000015,d,All Inpatients and Day cases,d,2,,6543,20260,3.09643894238117,,4696,21155,4.50489778534923,
2021Q3,,S08000015,,S08000015,d,All Inpatients and Day cases,d,2,,6401,21798,3.4054054054054,,4601,22445,4.87828732884156,
2021Q4,,S08000015,,S08000015,d,All Inpatients and Day cases,d,2,,6085,22189,3.64650780608053,,4318,22278,5.1593330245484,
2022Q1,,S08000015,,S08000015,d,All Inpatients and Day cases,d,2,,5684,21275,3.74296270232231,,4193,21463,5.11876937753398,
2022Q2,,S08000015,,S08000015,d,All Inpatients and Day cases,d,2,,6111,23303,3.81328751431844,,4512,23655,5.24268617021277,
2022Q3,,S08000015,,S08000015,d,All Inpatients and Day cases,d,2,,5868,22115,3.76874573960464,,4443,23122,5.20414134593743,
2022Q4,p,S08000015,,S08000015,d,All Inpatients and Day cases,d,2,,5846,22788,3.89804994868286,,4385,24047,5.48392246294185,
2017Q4,,S08000015,,S08000015,d,All Inpatients and Day cases,d,3,,5726,19180,3.34963325183374,,3910,18101,4.62941176470588,
2018Q1,,S08000015,,S08000015,d,All Inpatients and Day cases,d,3,,5271,16356,3.10301650540694,,3748,17353,4.62993596584845,
2018Q2,,S08000015,,S08000015,d,All Inpatients and Day cases,d,3,,5002,15455,3.08976409436226,,3627,16427,4.52908740005514,
2018Q3,,S08000015,,S08000015,d,All Inpatients and Day cases,d,3,,5030,13893,2.76202783300199,,3623,13493,3.7242616616064,
2018Q4,,S08000015,,S08000015,d,All Inpatients and Day cases,d,3,,5486,15491,2.82373313889902,,4011,15558,3.87883320867614,
2019Q1,,S08000015,,S08000015,d,All Inpatients and Day cases,d,3,,5465,15820,2.89478499542543,,3991,15429,3.86594838386369,
2019Q2,,S08000015,,S08000015,d,All Inpatients and Day cases,d,3,,5535,16096,2.90803974706414,,3992,16536,4.14228456913828,
2019Q3,,S08000015,,S08000015,d,All Inpatients and Day cases,d,3,,5430,16183,2.98029465930018,,4069,16870,4.14598181371344,
2019Q4,,S08000015,,S08000015,d,All Inpatients and Day cases,d,3,,5186,14986,2.8897030466641,,3821,15171,3.97042658989793,
2020Q1,,S08000015,,S08000015,d,All Inpatients and Day cases,d,3,,4836,16214,3.35277088502895,,3584,16691,4.65708705357143,
2020Q2,,S08000015,,S08000015,d,All Inpatients and Day cases,d,3,,3166,11185,3.53284902084649,,2124,11516,5.42184557438795,
2020Q3,,S08000015,,S08000015,d,All Inpatients and Day cases,d,3,,4529,13905,3.07021417531464,,3251,13557,4.17010150722855,
2020Q4,,S08000015,,S08000015,d,All Inpatients and Day cases,d,3,,4464,14265,3.19556451612903,,3200,14798,4.624375,
2021Q1,,S08000015,,S08000015,d,All Inpatients and Day cases,d,3,,3885,13938,3.58764478764479,,2774,14094,5.08074981975487,
2021Q2,,S08000015,,S08000015,d,All Inpatients and Day cases,d,3,,4626,15172,3.27972330306961,,3325,15457,4.64872180451128,
2021Q3,,S08000015,,S08000015,d,All Inpatients and Day cases,d,3,,4810,14674,3.05072765072765,,3435,14114,4.10887918486172,
2021Q4,,S08000015,,S08000015,d,All Inpatients and Day cases,d,3,,4555,16547,3.63271130625686,,3300,16738,5.07212121212121,
2022Q1,,S08000015,,S08000015,d,All Inpatients and Day cases,d,3,,4216,15970,3.78795066413662,,3164,16438,5.19532237673831,
2022Q2,,S08000015,,S08000015,d,All Inpatients and Day cases,d,3,,4556,18087,3.96992976294996,,3468,18214,5.2520184544406,
2022Q3,,S08000015,,S08000015,d,All Inpatients and Day cases,d,3,,4485,16366,3.64905239687848,,3340,16248,4.86467065868263,
2022Q4,p,S08000015,,S08000015,d,All Inpatients and Day cases,d,3,,4544,16900,3.71919014084507,,3497,17530,5.01286817271947,
2017Q4,,S08000015,,S08000015,d,All Inpatients and Day cases,d,4,,4222,12553,2.97323543344387,,3056,12317,4.03043193717278,
2018Q1,,S08000015,,S08000015,d,All Inpatients and Day cases,d,4,,4054,12557,3.09743463246177,,2954,12463,4.21902505077861,
2018Q2,,S08000015,,S08000015,d,All Inpatients and Day cases,d,4,,4092,11535,2.81891495601173,,3021,11506,3.80867262495862,
2018Q3,,S08000015,,S08000015,d,All Inpatients and Day cases,d,4,,3967,11364,2.86463322409882,,2894,11402,3.93987560469938,
2018Q4,,S08000015,,S08000015,d,All Inpatients and Day cases,d,4,,4160,12667,3.04495192307692,,3040,12417,4.0845394736842104,
2019Q1,,S08000015,,S08000015,d,All Inpatients and Day cases,d,4,,4177,11880,2.84414651663874,,3112,10823,3.47782776349614,
2019Q2,,S08000015,,S08000015,d,All Inpatients and Day cases,d,4,,4021,12874,3.20169112161154,,3021,11972,3.96292618338299,
2019Q3,,S08000015,,S08000015,d,All Inpatients and Day cases,d,4,,4136,13043,3.15352998065764,,3070,12993,4.23224755700326,
2019Q4,,S08000015,,S08000015,d,All Inpatients and Day cases,d,4,,4093,12413,3.03273882237967,,3016,12331,4.08852785145889,
2020Q1,,S08000015,,S08000015,d,All Inpatients and Day cases,d,4,,3636,12272,3.37513751375138,,2765,12123,4.38444846292948,
2020Q2,,S08000015,,S08000015,d,All Inpatients and Day cases,d,4,,2304,8191,3.55512152777778,,1588,8270,5.20780856423174,
2020Q3,,S08000015,,S08000015,d,All Inpatients and Day cases,d,4,,3523,10440,2.96338347998865,,2536,10615,4.18572555205047,
2020Q4,,S08000015,,S08000015,d,All Inpatients and Day cases,d,4,,3536,10649,3.01159502262443,,2613,9906,3.7910447761194,
2021Q1,,S08000015,,S08000015,d,All Inpatients and Day cases,d,4,,3083,9895,3.20953616607201,,2273,9825,4.32248130224373,
2021Q2,,S08000015,,S08000015,d,All Inpatients and Day cases,d,4,,3642,11227,3.08264689730917,,2719,11237,4.1327694005149,
2021Q3,,S08000015,,S08000015,d,All Inpatients and Day cases,d,4,,3733,12397,3.32092151084918,,2781,11699,4.20676015821647,
2021Q4,,S08000015,,S08000015,d,All Inpatients and Day cases,d,4,,3601,12337,3.42599277978339,,2617,11924,4.55636224684754,
2022Q1,,S08000015,,S08000015,d,All Inpatients and Day cases,d,4,,3247,11431,3.5204804434863,,2489,11037,4.43431096826035,
2022Q2,,S08000015,,S08000015,d,All Inpatients and Day cases,d,4,,3544,12569,3.54655756207675,,2710,11966,4.41549815498155,
2022Q3,,S08000015,,S08000015,d,All Inpatients and Day cases,d,4,,3601,13101,3.63815606775896,,2759,13389,4.85284523378036,
2022Q4,p,S08000015,,S08000015,d,All Inpatients and Day cases,d,4,,3703,14047,3.79341074804213,,2880,14394,4.99791666666667,
2017Q4,,S08000015,,S08000015,d,All Inpatients and Day cases,d,5,,3691,11694,3.16824708751016,,2715,11818,4.35285451197053,
2018Q1,,S08000015,,S08000015,d,All Inpatients and Day cases,d,5,,3771,10558,2.79978785468046,,2700,10225,3.78703703703704,
2018Q2,,S08000015,,S08000015,d,All Inpatients and Day cases,d,5,,3667,11286,3.07772020725389,,2671,11381,4.26095095469861,
2018Q3,,S08000015,,S08000015,d,All Inpatients and Day cases,d,5,,3485,10391,2.98163558106169,,2558,9680,3.7842064112588,
2018Q4,,S08000015,,S08000015,d,All Inpatients and Day cases,d,5,,3717,10364,2.78827011030401,,2748,11191,4.07241630276565,
2019Q1,,S08000015,,S08000015,d,All Inpatients and Day cases,d,5,,3783,10717,2.83293682262754,,2809,10241,3.64578141687433,
2019Q2,,S08000015,,S08000015,d,All Inpatients and Day cases,d,5,,3779,11298,2.98967980947341,,2849,11696,4.1053001053001,
2019Q3,,S08000015,,S08000015,d,All Inpatients and Day cases,d,5,,3557,10154,2.8546527973011,,2695,10669,3.95881261595547,
2019Q4,,S08000015,,S08000015,d,All Inpatients and Day cases,d,5,,3545,9752,2.7509167842031,,2676,9587,3.58258594917788,
2020Q1,,S08000015,,S08000015,d,All Inpatients and Day cases,d,5,,3313,9859,2.97585270147902,,2520,9497,3.76865079365079,
2020Q2,,S08000015,,S08000015,d,All Inpatients and Day cases,d,5,,2061,7161,3.4745269286754,,1427,6968,4.88297126839523,
2020Q3,,S08000015,,S08000015,d,All Inpatients and Day cases,d,5,,2977,8989,3.01948270070541,,2152,9008,4.18587360594796,
2020Q4,,S08000015,,S08000015,d,All Inpatients and Day cases,d,5,,3022,10187,3.37094639311714,,2222,9847,4.43159315931593,
2021Q1,,S08000015,,S08000015,d,All Inpatients and Day cases,d,5,,2842,9845,3.46410978184377,,2094,9981,4.76647564469914,
2021Q2,,S08000015,,S08000015,d,All Inpatients and Day cases,d,5,,3536,10295,2.91148190045249,,2633,9635,3.65932396505887,
2021Q3,,S08000015,,S08000015,d,All Inpatients and Day cases,d,5,,3194,9471,2.96524733876018,,2396,8987,3.7508347245409,
2021Q4,,S08000015,,S08000015,d,All Inpatients and Day cases,d,5,,3108,11679,3.75772200772201,,2337,11892,5.08857509627728,
2022Q1,,S08000015,,S08000015,d,All Inpatients and Day cases,d,5,,3031,10717,3.53579676674365,,2303,10802,4.69040382110291,
2022Q2,,S08000015,,S08000015,d,All Inpatients and Day cases,d,5,,3148,11455,3.63881829733164,,2423,10822,4.46636401155592,
2022Q3,,S08000015,,S08000015,d,All Inpatients and Day cases,d,5,,3258,11881,3.64671577655003,,2500,11870,4.748,
2022Q4,p,S08000015,,S08000015,d,All Inpatients and Day cases,d,5,,3210,11930,3.71651090342679,,2537,12130,4.78123768230193,
2022Q4,p,S08000015,,S08000015,d,All Inpatients and Day cases,d,,:,11,12,1.09090909090909,,5,12,2.4,
2017Q4,,S08000015,,S12000021,,All Inpatients and Day cases,d,1,,5212,18175,3.48714504988488,,3616,19020,5.25995575221239,
2018Q1,,S08000015,,S12000021,,All Inpatients and Day cases,d,1,,5172,17737,3.42942768754834,,3587,16910,4.71424588792863,
2018Q2,,S08000015,,S12000021,,All Inpatients and Day cases,d,1,,4965,17169,3.45800604229607,,3517,15937,4.53141882286039,
2018Q3,,S08000015,,S12000021,,All Inpatients and Day cases,d,1,,4987,16567,3.32203729697213,,3566,17071,4.78715647784633,
2018Q4,,S08000015,,S12000021,,All Inpatients and Day cases,d,1,,5143,16125,3.1353295741785,,3622,16135,4.45472114853672,
2019Q1,,S08000015,,S12000021,,All Inpatients and Day cases,d,1,,5072,16429,3.23915615141956,,3680,15930,4.32880434782609,
2019Q2,,S08000015,,S12000021,,All Inpatients and Day cases,d,1,,5053,15224,3.01286364535919,,3665,15214,4.15115961800819,
2019Q3,,S08000015,,S12000021,,All Inpatients and Day cases,d,1,,4915,15488,3.15116988809766,,3611,15438,4.27527000830795,
2019Q4,,S08000015,,S12000021,,All Inpatients and Day cases,d,1,,4851,15727,3.24201195629767,,3463,14041,4.05457695639619,
2020Q1,,S08000015,,S12000021,,All Inpatients and Day cases,d,1,,4420,15981,3.61561085972851,,3224,17039,5.28504962779156,
2020Q2,,S08000015,,S12000021,,All Inpatients and Day cases,d,1,,3095,10814,3.49402261712439,,1999,11437,5.72136068034017,
2020Q3,,S08000015,,S12000021,,All Inpatients and Day cases,d,1,,4234,13500,3.18847425602267,,2984,13100,4.39008042895442,
2020Q4,,S08000015,,S12000021,,All Inpatients and Day cases,d,1,,3823,14239,3.72456186241172,,2703,14078,5.20828708842027,
2021Q1,,S08000015,,S12000021,,All Inpatients and Day cases,d,1,,3658,14170,3.87370147621651,,2492,13287,5.33186195826645,
2021Q2,,S08000015,,S12000021,,All Inpatients and Day cases,d,1,,4122,14901,3.61499272197962,,2951,15393,5.21619789901728,
2021Q3,,S08000015,,S12000021,,All Inpatients and Day cases,d,1,,3920,15146,3.86377551020408,,2748,15003,5.45960698689956,
2021Q4,,S08000015,,S12000021,,All Inpatients and Day cases,d,1,,3851,15550,4.03791223058946,,2695,15768,5.85083487940631,
2022Q1,,S08000015,,S12000021,,All Inpatients and Day cases,d,1,,3501,14467,4.1322479291631,,2550,13784,5.40549019607843,
2022Q2,,S08000015,,S12000021,,All Inpatients and Day cases,d,1,,3519,14261,4.05257175333902,,2626,14001,5.33168316831683,
2022Q3,,S08000015,,S12000021,,All Inpatients and Day cases,d,1,,3849,15162,3.93920498830865,,2852,15103,5.29558204768583,
2022Q4,p,S08000015,,S12000021,,All Inpatients and Day cases,d,1,,3758,16122,4.29004789781799,,2793,16006,5.73075546007877,
2017Q4,,S08000015,,S12000021,,All Inpatients and Day cases,d,2,,2180,7359,3.3756880733945,,1547,7441,4.80995475113122,
2018Q1,,S08000015,,S12000021,,All Inpatients and Day cases,d,2,,2155,7865,3.64965197215777,,1517,7742,5.10349373764008,
2018Q2,,S08000015,,S12000021,,All Inpatients and Day cases,d,2,,2156,7216,3.3469387755102,,1566,7336,4.6845466155811,
2018Q3,,S08000015,,S12000021,,All Inpatients and Day cases,d,2,,2107,6149,2.91836734693878,,1538,6158,4.00390117035111,
2018Q4,,S08000015,,S12000021,,All Inpatients and Day cases,d,2,,2169,6564,3.02627939142462,,1560,6152,3.94358974358974,
2019Q1,,S08000015,,S12000021,,All Inpatients and Day cases,d,2,,2145,6453,3.00839160839161,,1575,6307,4.00444444444444,
2019Q2,,S08000015,,S12000021,,All Inpatients and Day cases,d,2,,2126,7278,3.42333019755409,,1608,6487,4.0342039800995,
2019Q3,,S08000015,,S12000021,,All Inpatients and Day cases,d,2,,2189,7129,3.25673823663773,,1578,7335,4.64828897338403,
2019Q4,,S08000015,,S12000021,,All Inpatients and Day cases,d,2,,2235,7190,3.21700223713647,,1614,7754,4.80421313506815,
2020Q1,,S08000015,,S12000021,,All Inpatients and Day cases,d,2,,2000,6897,3.4485,,1496,6347,4.24264705882353,
2020Q2,,S08000015,,S12000021,,All Inpatients and Day cases,d,2,,1357,5089,3.75018422991894,,948,5465,5.76476793248945,
2020Q3,,S08000015,,S12000021,,All Inpatients and Day cases,d,2,,1890,5654,2.99153439153439,,1342,5433,4.04843517138599,
2020Q4,,S08000015,,S12000021,,All Inpatients and Day cases,d,2,,1873,6105,3.25947677522691,,1357,6196,4.5659543109801,
2021Q1,,S08000015,,S12000021,,All Inpatients and Day cases,d,2,,1733,6224,3.59145989613387,,1237,5950,4.81002425222312,
2021Q2,,S08000015,,S12000021,,All Inpatients and Day cases,d,2,,1952,6975,3.57325819672131,,1437,7156,4.97981906750174,
2021Q3,,S08000015,,S12000021,,All Inpatients and Day cases,d,2,,1820,6325,3.47527472527473,,1328,6332,4.76807228915663,
2021Q4,,S08000015,,S12000021,,All Inpatients and Day cases,d,2,,1718,7029,4.09138533178114,,1239,6802,5.48991121872478,
2022Q1,,S08000015,,S12000021,,All Inpatients and Day cases,d,2,,1646,7209,4.37970838396112,,1216,7218,5.9358552631579,
2022Q2,,S08000015,,S12000021,,All Inpatients and Day cases,d,2,,1687,6656,3.94546532305868,,1286,6801,5.28849144634526,
2022Q3,,S08000015,,S12000021,,All Inpatients and Day cases,d,2,,1668,6996,4.19424460431655,,1278,6803,5.32316118935837,
2022Q4,p,S08000015,,S12000021,,All Inpatients and Day cases,d,2,,1615,6479,4.01176470588235,,1242,6872,5.53301127214171,
2017Q4,,S08000015,,S12000021,,All Inpatients and Day cases,d,3,,1716,6238,3.63519813519814,,1204,6031,5.00913621262458,
2018Q1,,S08000015,,S12000021,,All Inpatients and Day cases,d,3,,1548,5034,3.25193798449612,,1123,5403,4.81121994657168,
2018Q2,,S08000015,,S12000021,,All Inpatients and Day cases,d,3,,1516,5012,3.30606860158311,,1110,5293,4.76846846846847,
2018Q3,,S08000015,,S12000021,,All Inpatients and Day cases,d,3,,1486,4236,2.85060565275908,,1100,4095,3.72272727272727,
2018Q4,,S08000015,,S12000021,,All Inpatients and Day cases,d,3,,1616,4616,2.85643564356436,,1201,4335,3.60949208992506,
2019Q1,,S08000015,,S12000021,,All Inpatients and Day cases,d,3,,1620,5121,3.16111111111111,,1200,4949,4.12416666666667,
2019Q2,,S08000015,,S12000021,,All Inpatients and Day cases,d,3,,1663,6085,3.65904990980156,,1199,5917,4.9349457881568,
2019Q3,,S08000015,,S12000021,,All Inpatients and Day cases,d,3,,1690,5444,3.22130177514793,,1255,5451,4.34342629482072,
2019Q4,,S08000015,,S12000021,,All Inpatients and Day cases,d,3,,1673,5816,3.47638971906754,,1215,5651,4.65102880658436,
2020Q1,,S08000015,,S12000021,,All Inpatients and Day cases,d,3,,1441,5711,3.96321998612075,,1058,5566,5.26086956521739,
2020Q2,,S08000015,,S12000021,,All Inpatients and Day cases,d,3,,960,4184,4.35833333333333,,615,3734,6.07154471544715,
2020Q3,,S08000015,,S12000021,,All Inpatients and Day cases,d,3,,1354,4545,3.35672082717873,,971,4335,4.46446961894954,
2020Q4,,S08000015,,S12000021,,All Inpatients and Day cases,d,3,,1405,5380,3.82918149466192,,995,5387,5.41407035175879,
2021Q1,,S08000015,,S12000021,,All Inpatients and Day cases,d,3,,1122,4020,3.58288770053476,,818,4072,4.97799511002445,
2021Q2,,S08000015,,S12000021,,All Inpatients and Day cases,d,3,,1325,5225,3.94339622641509,,937,5036,5.37459978655283,
2021Q3,,S08000015,,S12000021,,All Inpatients and Day cases,d,3,,1369,4871,3.55807158509861,,975,4445,4.55897435897436,
2021Q4,,S08000015,,S12000021,,All Inpatients and Day cases,d,3,,1298,4954,3.81664098613251,,934,4882,5.22698072805139,
2022Q1,,S08000015,,S12000021,,All Inpatients and Day cases,d,3,,1219,5020,4.11812961443806,,891,4527,5.08080808080808,
2022Q2,,S08000015,,S12000021,,All Inpatients and Day cases,d,3,,1366,6714,4.91508052708638,,1036,6606,6.37644787644788,
2022Q3,,S08000015,,S12000021,,All Inpatients and Day cases,d,3,,1403,5844,4.16535994297933,,1039,5202,5.00673724735322,
2022Q4,p,S08000015,,S12000021,,All Inpatients and Day cases,d,3,,1410,5413,3.83900709219858,,1064,5293,4.97462406015038,
2017Q4,,S08000015,,S12000021,,All Inpatients and Day cases,d,4,,1380,4682,3.39275362318841,,1025,4302,4.19707317073171,
2018Q1,,S08000015,,S12000021,,All Inpatients and Day cases,d,4,,1385,4348,3.13935018050542,,1020,4420,4.33333333333333,
2018Q2,,S08000015,,S12000021,,All Inpatients and Day cases,d,4,,1421,3928,2.76425052779733,,1067,3887,3.64292408622306,
2018Q3,,S08000015,,S12000021,,All Inpatients and Day cases,d,4,,1424,3405,2.39115168539326,,1061,3472,3.27238454288407,
2018Q4,,S08000015,,S12000021,,All Inpatients and Day cases,d,4,,1491,4188,2.80885311871227,,1108,4227,3.81498194945848,
2019Q1,,S08000015,,S12000021,,All Inpatients and Day cases,d,4,,1508,4228,2.80371352785146,,1111,3507,3.15661566156616,
2019Q2,,S08000015,,S12000021,,All Inpatients and Day cases,d,4,,1391,4539,3.26312005751258,,1046,4302,4.11281070745698,
2019Q3,,S08000015,,S12000021,,All Inpatients and Day cases,d,4,,1446,4450,3.07745504840941,,1070,4340,4.05607476635514,
2019Q4,,S08000015,,S12000021,,All Inpatients and Day cases,d,4,,1402,3856,2.75035663338088,,1033,3637,3.52081316553727,
2020Q1,,S08000015,,S12000021,,All Inpatients and Day cases,d,4,,1263,4261,3.37371338083927,,928,4231,4.55926724137931,
2020Q2,,S08000015,,S12000021,,All Inpatients and Day cases,d,4,,767,2672,3.48370273794003,,524,2740,5.22900763358779,
2020Q3,,S08000015,,S12000021,,All Inpatients and Day cases,d,4,,1231,3997,3.24695369618197,,879,3745,4.26052332195677,
2020Q4,,S08000015,,S12000021,,All Inpatients and Day cases,d,4,,1252,4015,3.20686900958466,,914,3863,4.22647702407002,
2021Q1,,S08000015,,S12000021,,All Inpatients and Day cases,d,4,,1057,3432,3.24692526017029,,788,3315,4.20685279187817,
2021Q2,,S08000015,,S12000021,,All Inpatients and Day cases,d,4,,1304,4269,3.27377300613497,,969,4042,4.17131062951496,
2021Q3,,S08000015,,S12000021,,All Inpatients and Day cases,d,4,,1359,4218,3.1037527593819,,1031,3935,3.81668283220175,
2021Q4,,S08000015,,S12000021,,All Inpatients and Day cases,d,4,,1336,4577,3.42589820359281,,982,4128,4.20366598778004,
2022Q1,,S08000015,,S12000021,,All Inpatients and Day cases,d,4,,1188,4498,3.78619528619529,,911,4260,4.6761800219539,
2022Q2,,S08000015,,S12000021,,All Inpatients and Day cases,d,4,,1263,4814,3.81155977830562,,991,4132,4.16952573158426,
2022Q3,,S08000015,,S12000021,,All Inpatients and Day cases,d,4,,1330,5145,3.86842105263158,,1015,5624,5.54088669950739,
2022Q4,p,S08000015,,S12000021,,All Inpatients and Day cases,d,4,,1328,4817,3.62725903614458,,1029,4394,4.27016520894072,
2017Q4,,S08000015,,S12000021,,All Inpatients and Day cases,d,5,,926,3370,3.63930885529158,,683,3271,4.7891654465593,
2018Q1,,S08000015,,S12000021,,All Inpatients and Day cases,d,5,,973,2755,2.83144912641316,,680,2554,3.75588235294118,
2018Q2,,S08000015,,S12000021,,All Inpatients and Day cases,d,5,,920,2878,3.12826086956522,,664,2823,4.25150602409639,
2018Q3,,S08000015,,S12000021,,All Inpatients and Day cases,d,5,,939,3381,3.60063897763578,,703,3397,4.8321479374111,
2018Q4,,S08000015,,S12000021,,All Inpatients and Day cases,d,5,,988,3000,3.03643724696356,,719,3310,4.60361613351878,
2019Q1,,S08000015,,S12000021,,All Inpatients and Day cases,d,5,,970,2898,2.98762886597938,,739,2711,3.66847090663058,
2019Q2,,S08000015,,S12000021,,All Inpatients and Day cases,d,5,,936,3337,3.56517094017094,,699,3289,4.70529327610873,
2019Q3,,S08000015,,S12000021,,All Inpatients and Day cases,d,5,,970,2327,2.39896907216495,,750,2798,3.73066666666667,
2019Q4,,S08000015,,S12000021,,All Inpatients and Day cases,d,5,,864,2383,2.75810185185185,,642,2357,3.67133956386293,
2020Q1,,S08000015,,S12000021,,All Inpatients and Day cases,d,5,,869,3100,3.56731875719217,,672,2867,4.26636904761905,
2020Q2,,S08000015,,S12000021,,All Inpatients and Day cases,d,5,,573,1639,2.86038394415358,,411,1807,4.39659367396594,
2020Q3,,S08000015,,S12000021,,All Inpatients and Day cases,d,5,,834,2260,2.70983213429257,,606,2085,3.44059405940594,
2020Q4,,S08000015,,S12000021,,All Inpatients and Day cases,d,5,,916,3045,3.32423580786026,,690,3221,4.66811594202899,
2021Q1,,S08000015,,S12000021,,All Inpatients and Day cases,d,5,,852,2811,3.29929577464789,,642,2793,4.35046728971963,
2021Q2,,S08000015,,S12000021,,All Inpatients and Day cases,d,5,,966,3009,3.11490683229814,,749,2878,3.84245660881175,
2021Q3,,S08000015,,S12000021,,All Inpatients and Day cases,d,5,,872,2369,2.71674311926605,,672,2196,3.26785714285714,
2021Q4,,S08000015,,S12000021,,All Inpatients and Day cases,d,5,,820,3096,3.77560975609756,,657,3214,4.89193302891933,
2022Q1,,S08000015,,S12000021,,All Inpatients and Day cases,d,5,,817,2811,3.4406364749082,,623,2994,4.80577849117175,
2022Q2,,S08000015,,S12000021,,All Inpatients and Day cases,d,5,,908,3016,3.3215859030837,,700,2732,3.90285714285714,
2022Q3,,S08000015,,S12000021,,All Inpatients and Day cases,d,5,,944,2859,3.02860169491525,,704,2837,4.02982954545455,
2022Q4,p,S08000015,,S12000021,,All Inpatients and Day cases,d,5,,938,3572,3.80810234541578,,719,3680,5.1182197496523,
2022Q4,p,S08000015,,S12000021,,All Inpatients and Day cases,d,,:,5,10,2,,5,10,2,
2017Q4,,S08000015,,S12000028,,All Inpatients and Day cases,d,1,,2027,6179,3.04834731129748,,1338,6260,4.67862481315396,
2018Q1,,S08000015,,S12000028,,All Inpatients and Day cases,d,1,,2077,7993,3.84833895040924,,1350,7447,5.5162962962963,
2018Q2,,S08000015,,S12000028,,All Inpatients and Day cases,d,1,,2028,6237,3.07544378698225,,1412,6579,4.65934844192635,
2018Q3,,S08000015,,S12000028,,All Inpatients and Day cases,d,1,,2034,5804,2.85349065880039,,1409,5934,4.21149751596877,
2018Q4,,S08000015,,S12000028,,All Inpatients and Day cases,d,1,,2009,5265,2.62070681931309,,1372,5266,3.83819241982507,
2019Q1,,S08000015,,S12000028,,All Inpatients and Day cases,d,1,,1974,6450,3.26747720364742,,1356,6206,4.57669616519174,
2019Q2,,S08000015,,S12000028,,All Inpatients and Day cases,d,1,,1864,6129,3.28809012875536,,1288,6152,4.77639751552795,
2019Q3,,S08000015,,S12000028,,All Inpatients and Day cases,d,1,,1968,6115,3.10721544715447,,1393,6541,4.69562096195262,
2019Q4,,S08000015,,S12000028,,All Inpatients and Day cases,d,1,,2016,6161,3.05605158730159,,1358,5977,4.40132547864507,
2020Q1,,S08000015,,S12000028,,All Inpatients and Day cases,d,1,,1835,7329,3.99400544959128,,1257,6866,5.46221161495624,
2020Q2,,S08000015,,S12000028,,All Inpatients and Day cases,d,1,,1196,4339,3.62792642140468,,813,5312,6.53382533825338,
2020Q3,,S08000015,,S12000028,,All Inpatients and Day cases,d,1,,1687,5235,3.1031416716064,,1118,5060,4.52593917710197,
2020Q4,,S08000015,,S12000028,,All Inpatients and Day cases,d,1,,1642,6395,3.89464068209501,,1114,6424,5.76660682226212,
2021Q1,,S08000015,,S12000028,,All Inpatients and Day cases,d,1,,1477,7522,5.09275558564658,,987,6188,6.26950354609929,
2021Q2,,S08000015,,S12000028,,All Inpatients and Day cases,d,1,,1762,5457,3.09704880817253,,1248,6091,4.88060897435897,
2021Q3,,S08000015,,S12000028,,All Inpatients and Day cases,d,1,,1733,5169,2.98268897864974,,1202,5895,4.90432612312812,
2021Q4,,S08000015,,S12000028,,All Inpatients and Day cases,d,1,,1653,6935,4.19540229885058,,1144,7060,6.17132867132867,
2022Q1,,S08000015,,S12000028,,All Inpatients and Day cases,d,1,,1591,6170,3.87806411062225,,1134,5812,5.12522045855379,
2022Q2,,S08000015,,S12000028,,All Inpatients and Day cases,d,1,,1579,6354,4.02406586447118,,1155,7027,6.08398268398268,
2022Q3,,S08000015,,S12000028,,All Inpatients and Day cases,d,1,,1536,6058,3.94401041666667,,1124,6019,5.35498220640569,
2022Q4,p,S08000015,,S12000028,,All Inpatients and Day cases,d,1,,1464,5805,3.96516393442623,,1075,6120,5.69302325581395,
2017Q4,,S08000015,,S12000028,,All Inpatients and Day cases,d,2,,2932,9374,3.19713506139154,,1916,9083,4.74060542797495,
2018Q1,,S08000015,,S12000028,,All Inpatients and Day cases,d,2,,2779,8552,3.07736595897805,,1852,8438,4.5561555075594,
2018Q2,,S08000015,,S12000028,,All Inpatients and Day cases,d,2,,2699,8980,3.32715820674324,,1859,10090,5.42764927380312,
2018Q3,,S08000015,,S12000028,,All Inpatients and Day cases,d,2,,2614,7387,2.82593726090283,,1817,7845,4.31755641166758,
2018Q4,,S08000015,,S12000028,,All Inpatients and Day cases,d,2,,2657,7499,2.82235604064735,,1878,7398,3.93929712460064,
2019Q1,,S08000015,,S12000028,,All Inpatients and Day cases,d,2,,2723,9056,3.32574366507528,,1932,10073,5.21376811594203,
2019Q2,,S08000015,,S12000028,,All Inpatients and Day cases,d,2,,2544,6301,2.47680817610063,,1804,6905,3.82760532150776,
2019Q3,,S08000015,,S12000028,,All Inpatients and Day cases,d,2,,2679,7617,2.84322508398656,,1903,7734,4.06410930110352,
2019Q4,,S08000015,,S12000028,,All Inpatients and Day cases,d,2,,2654,9027,3.40128108515448,,1893,10984,5.80243000528262,
2020Q1,,S08000015,,S12000028,,All Inpatients and Day cases,d,2,,2386,8117,3.40192791282481,,1707,9120,5.3427065026362,
2020Q2,,S08000015,,S12000028,,All Inpatients and Day cases,d,2,,1581,5720,3.617963314358,,1058,5824,5.5047258979206,
2020Q3,,S08000015,,S12000028,,All Inpatients and Day cases,d,2,,2246,6342,2.82368655387355,,1559,7027,4.50737652341244,
2020Q4,,S08000015,,S12000028,,All Inpatients and Day cases,d,2,,2227,7539,3.38527166591828,,1551,7995,5.15473887814313,
2021Q1,,S08000015,,S12000028,,All Inpatients and Day cases,d,2,,2137,7481,3.50070191857745,,1478,7502,5.07577807848444,
2021Q2,,S08000015,,S12000028,,All Inpatients and Day cases,d,2,,2353,7086,3.01147471313217,,1654,7745,4.6825876662636,
2021Q3,,S08000015,,S12000028,,All Inpatients and Day cases,d,2,,2419,8286,3.42538238941711,,1723,8587,4.98374927452118,
2021Q4,,S08000015,,S12000028,,All Inpatients and Day cases,d,2,,2343,8272,3.53051643192488,,1644,8765,5.33150851581509,
2022Q1,,S08000015,,S12000028,,All Inpatients and Day cases,d,2,,2019,6520,3.22932144626053,,1518,6812,4.48748353096179,
2022Q2,,S08000015,,S12000028,,All Inpatients and Day cases,d,2,,2236,9066,4.05456171735242,,1600,9078,5.67375,
2022Q3,,S08000015,,S12000028,,All Inpatients and Day cases,d,2,,2100,7513,3.57761904761905,,1578,7975,5.05386565272497,
2022Q4,p,S08000015,,S12000028,,All Inpatients and Day cases,d,2,,2163,8379,3.87378640776699,,1611,9005,5.58969584109249,
2017Q4,,S08000015,,S12000028,,All Inpatients and Day cases,d,3,,2233,7361,3.29646215853112,,1492,6790,4.55093833780161,
2018Q1,,S08000015,,S12000028,,All Inpatients and Day cases,d,3,,2137,6787,3.17594759007955,,1488,7425,4.98991935483871,
2018Q2,,S08000015,,S12000028,,All Inpatients and Day cases,d,3,,2044,6259,3.06213307240705,,1438,6613,4.59874826147427,
2018Q3,,S08000015,,S12000028,,All Inpatients and Day cases,d,3,,1955,5357,2.74015345268542,,1394,5050,3.62266857962697,
2018Q4,,S08000015,,S12000028,,All Inpatients and Day cases,d,3,,2187,6723,3.07407407407407,,1598,7265,4.54630788485607,
2019Q1,,S08000015,,S12000028,,All Inpatients and Day cases,d,3,,2122,6090,2.86993402450518,,1547,5784,3.73884938590821,
2019Q2,,S08000015,,S12000028,,All Inpatients and Day cases,d,3,,2161,5678,2.62748727441,,1539,6195,4.02534113060429,
2019Q3,,S08000015,,S12000028,,All Inpatients and Day cases,d,3,,2040,6132,3.00588235294118,,1538,6555,4.26202860858257,
2019Q4,,S08000015,,S12000028,,All Inpatients and Day cases,d,3,,1987,5471,2.75339708102667,,1456,5777,3.96771978021978,
2020Q1,,S08000015,,S12000028,,All Inpatients and Day cases,d,3,,1908,6155,3.2258909853249502,,1419,6566,4.62720225510923,
2020Q2,,S08000015,,S12000028,,All Inpatients and Day cases,d,3,,1252,4671,3.73083067092652,,862,5438,6.30858468677494,
2020Q3,,S08000015,,S12000028,,All Inpatients and Day cases,d,3,,1779,5494,3.08825182686903,,1267,5596,4.41673243883189,
2020Q4,,S08000015,,S12000028,,All Inpatients and Day cases,d,3,,1722,4983,2.89372822299652,,1239,5314,4.28894269572236,
2021Q1,,S08000015,,S12000028,,All Inpatients and Day cases,d,3,,1578,5822,3.68948035487959,,1105,5906,5.3447963800905,
2021Q2,,S08000015,,S12000028,,All Inpatients and Day cases,d,3,,1873,5711,3.04911906033102,,1326,5948,4.48567119155354,
2021Q3,,S08000015,,S12000028,,All Inpatients and Day cases,d,3,,2011,5623,2.79612133267031,,1428,5489,3.84383753501401,
2021Q4,,S08000015,,S12000028,,All Inpatients and Day cases,d,3,,1900,7157,3.76684210526316,,1384,7292,5.26878612716763,
2022Q1,,S08000015,,S12000028,,All Inpatients and Day cases,d,3,,1759,6047,3.43774872086413,,1325,6872,5.18641509433962,
2022Q2,,S08000015,,S12000028,,All Inpatients and Day cases,d,3,,1785,6209,3.47843137254902,,1392,6487,4.66020114942529,
2022Q3,,S08000015,,S12000028,,All Inpatients and Day cases,d,3,,1728,6149,3.55844907407407,,1292,6208,4.80495356037152,
2022Q4,p,S08000015,,S12000028,,All Inpatients and Day cases,d,3,,1801,6485,3.60077734591893,,1417,6940,4.89767113620325,
2017Q4,,S08000015,,S12000028,,All Inpatients and Day cases,d,4,,1525,4767,3.12590163934426,,1060,4834,4.56037735849057,
2018Q1,,S08000015,,S12000028,,All Inpatients and Day cases,d,4,,1494,5072,3.39491298527443,,1073,5050,4.70643056849953,
2018Q2,,S08000015,,S12000028,,All Inpatients and Day cases,d,4,,1440,4430,3.07638888888889,,1042,4455,4.27543186180422,
2018Q3,,S08000015,,S12000028,,All Inpatients and Day cases,d,4,,1341,4334,3.23191648023863,,947,4478,4.7286166842661,
2018Q4,,S08000015,,S12000028,,All Inpatients and Day cases,d,4,,1404,5190,3.6965811965812,,1003,5044,5.02891326021934,
2019Q1,,S08000015,,S12000028,,All Inpatients and Day cases,d,4,,1426,4575,3.20827489481066,,1025,4513,4.40292682926829,
2019Q2,,S08000015,,S12000028,,All Inpatients and Day cases,d,4,,1398,5322,3.8068669527897,,1006,4655,4.6272365805169,
2019Q3,,S08000015,,S12000028,,All Inpatients and Day cases,d,4,,1404,5145,3.66452991452991,,1006,5175,5.1441351888668,
2019Q4,,S08000015,,S12000028,,All Inpatients and Day cases,d,4,,1466,5580,3.806275579809,,1044,5373,5.14655172413793,
2020Q1,,S08000015,,S12000028,,All Inpatients and Day cases,d,4,,1318,5338,4.05007587253414,,1004,5314,5.29282868525896,
2020Q2,,S08000015,,S12000028,,All Inpatients and Day cases,d,4,,822,3474,4.22627737226277,,550,3570,6.49090909090909,
2020Q3,,S08000015,,S12000028,,All Inpatients and Day cases,d,4,,1203,3991,3.31753948462178,,841,4364,5.18906064209275,
2020Q4,,S08000015,,S12000028,,All Inpatients and Day cases,d,4,,1185,3995,3.37130801687764,,858,3510,4.09090909090909,
2021Q1,,S08000015,,S12000028,,All Inpatients and Day cases,d,4,,1034,3347,3.23694390715667,,754,3600,4.77453580901857,
2021Q2,,S08000015,,S12000028,,All Inpatients and Day cases,d,4,,1216,3946,3.24506578947368,,910,4031,4.42967032967033,
2021Q3,,S08000015,,S12000028,,All Inpatients and Day cases,d,4,,1249,4408,3.52922337870296,,913,4206,4.60679079956188,
2021Q4,,S08000015,,S12000028,,All Inpatients and Day cases,d,4,,1241,4527,3.64786462530218,,872,4345,4.98279816513761,
2022Q1,,S08000015,,S12000028,,All Inpatients and Day cases,d,4,,1106,3922,3.54611211573237,,844,4041,4.78791469194313,
2022Q2,,S08000015,,S12000028,,All Inpatients and Day cases,d,4,,1249,4802,3.84467574059247,,905,4512,4.98563535911602,
2022Q3,,S08000015,,S12000028,,All Inpatients and Day cases,d,4,,1256,5030,4.00477707006369,,955,4827,5.0544502617801,
2022Q4,p,S08000015,,S12000028,,All Inpatients and Day cases,d,4,,1276,5209,4.08228840125392,,983,5547,5.64292980671414,
2017Q4,,S08000015,,S12000028,,All Inpatients and Day cases,d,5,,1924,5854,3.04261954261954,,1394,6019,4.31779053084648,
2018Q1,,S08000015,,S12000028,,All Inpatients and Day cases,d,5,,1992,5485,2.7535140562249,,1424,5271,3.70154494382022,
2018Q2,,S08000015,,S12000028,,All Inpatients and Day cases,d,5,,1930,6208,3.21658031088083,,1395,6256,4.48458781362007,
2018Q3,,S08000015,,S12000028,,All Inpatients and Day cases,d,5,,1780,4978,2.79662921348315,,1260,4373,3.47063492063492,
2018Q4,,S08000015,,S12000028,,All Inpatients and Day cases,d,5,,1920,5544,2.8875,,1378,6046,4.38751814223512,
2019Q1,,S08000015,,S12000028,,All Inpatients and Day cases,d,5,,1978,6070,3.06875631951466,,1437,5964,4.15031315240083,
2019Q2,,S08000015,,S12000028,,All Inpatients and Day cases,d,5,,1952,5754,2.94774590163934,,1465,5951,4.06211604095563,
2019Q3,,S08000015,,S12000028,,All Inpatients and Day cases,d,5,,1746,6108,3.49828178694158,,1287,6153,4.78088578088578,
2019Q4,,S08000015,,S12000028,,All Inpatients and Day cases,d,5,,1892,5412,2.86046511627907,,1407,5168,3.67306325515281,
2020Q1,,S08000015,,S12000028,,All Inpatients and Day cases,d,5,,1761,5262,2.98807495741056,,1311,4983,3.80091533180778,
2020Q2,,S08000015,,S12000028,,All Inpatients and Day cases,d,5,,1026,4253,4.14522417153996,,713,3929,5.51051893408135,
2020Q3,,S08000015,,S12000028,,All Inpatients and Day cases,d,5,,1456,4889,3.35782967032967,,1027,5159,5.02336903602726,
2020Q4,,S08000015,,S12000028,,All Inpatients and Day cases,d,5,,1456,5282,3.62774725274725,,1036,4780,4.61389961389961,
2021Q1,,S08000015,,S12000028,,All Inpatients and Day cases,d,5,,1326,4933,3.72021116138763,,958,4968,5.18580375782881,
2021Q2,,S08000015,,S12000028,,All Inpatients and Day cases,d,5,,1747,5391,3.0858614768174,,1294,4889,3.77820710973725,
2021Q3,,S08000015,,S12000028,,All Inpatients and Day cases,d,5,,1586,4758,3,,1176,4411,3.75085034013605,
2021Q4,,S08000015,,S12000028,,All Inpatients and Day cases,d,5,,1639,6679,4.07504575960952,,1201,6538,5.44379683597002,
2022Q1,,S08000015,,S12000028,,All Inpatients and Day cases,d,5,,1590,6139,3.86100628930818,,1184,5828,4.9222972972973,
2022Q2,,S08000015,,S12000028,,All Inpatients and Day cases,d,5,,1570,6423,4.09108280254777,,1183,6143,5.1927303465765,
2022Q3,,S08000015,,S12000028,,All Inpatients and Day cases,d,5,,1619,6810,4.20630018529957,,1234,6709,5.43679092382496,
2022Q4,p,S08000015,,S12000028,,All Inpatients and Day cases,d,5,,1571,6093,3.87842138765118,,1247,6181,4.95669607056937,
2022Q4,p,S08000015,,S12000028,,All Inpatients and Day cases,d,,:,10,5,0.5,,5,5,1,
2017Q4,,S08000016,,S08000016,d,All Inpatients and Day cases,d,1,,661,2110,3.19213313161876,,460,1952,4.24347826086957,
2018Q1,,S08000016,,S08000016,d,All Inpatients and Day cases,d,1,,588,1855,3.1547619047619,,404,1921,4.7549504950495,
2018Q2,,S08000016,,S08000016,d,All Inpatients and Day cases,d,1,,617,1702,2.75850891410049,,429,1654,3.85547785547786,
2018Q3,,S08000016,,S08000016,d,All Inpatients and Day cases,d,1,,634,1836,2.89589905362776,,439,1834,4.17767653758542,
2018Q4,,S08000016,,S08000016,d,All Inpatients and Day cases,d,1,,544,1396,2.56617647058824,,374,1482,3.96256684491979,
2019Q1,,S08000016,,S08000016,d,All Inpatients and Day cases,d,1,,558,1783,3.19534050179211,,377,1903,5.04774535809019,
2019Q2,,S08000016,,S08000016,d,All Inpatients and Day cases,d,1,,512,1352,2.640625,,373,1212,3.24932975871314,
2019Q3,,S08000016,,S08000016,d,All Inpatients and Day cases,d,1,,585,1897,3.24273504273504,,409,1911,4.67237163814181,
2019Q4,,S08000016,,S08000016,d,All Inpatients and Day cases,d,1,,615,1711,2.78211382113821,,405,1579,3.89876543209877,
2020Q1,,S08000016,,S08000016,d,All Inpatients and Day cases,d,1,,577,1422,2.46447140381283,,356,1524,4.28089887640449,
2020Q2,,S08000016,,S08000016,d,All Inpatients and Day cases,d,1,,345,823,2.38550724637681,,211,848,4.01895734597156,
2020Q3,,S08000016,,S08000016,d,All Inpatients and Day cases,d,1,,383,1068,2.78851174934726,,258,1039,4.02713178294574,
2020Q4,,S08000016,,S08000016,d,All Inpatients and Day cases,d,1,,369,1146,3.10569105691057,,252,1106,4.38888888888889,
2021Q1,,S08000016,,S08000016,d,All Inpatients and Day cases,d,1,,418,1425,3.40909090909091,,248,1455,5.86693548387097,
2021Q2,,S08000016,,S08000016,d,All Inpatients and Day cases,d,1,,493,1441,2.92292089249493,,305,1395,4.57377049180328,
2021Q3,,S08000016,,S08000016,d,All Inpatients and Day cases,d,1,,405,1349,3.33086419753086,,242,1305,5.39256198347107,
2021Q4,,S08000016,,S08000016,d,All Inpatients and Day cases,d,1,,483,1716,3.5527950310559002,,285,1586,5.56491228070175,
2022Q1,,S08000016,,S08000016,d,All Inpatients and Day cases,d,1,,474,1608,3.39240506329114,,298,1866,6.26174496644295,
2022Q2,,S08000016,,S08000016,d,All Inpatients and Day cases,d,1,,416,1291,3.10336538461538,,277,1285,4.63898916967509,
2022Q3,,S08000016,,S08000016,d,All Inpatients and Day cases,d,1,,455,1546,3.3978021978022,,303,1237,4.08250825082508,
2022Q4,p,S08000016,,S08000016,d,All Inpatients and Day cases,d,1,,395,1438,3.64050632911392,,279,1338,4.79569892473118,
2017Q4,,S08000016,,S08000016,d,All Inpatients and Day cases,d,2,,1484,4520,3.04582210242588,,1066,4749,4.45497185741088,
2018Q1,,S08000016,,S08000016,d,All Inpatients and Day cases,d,2,,1351,4326,3.2020725388601,,910,4134,4.54285714285714,
2018Q2,,S08000016,,S08000016,d,All Inpatients and Day cases,d,2,,1351,4101,3.03552923760178,,896,3928,4.38392857142857,
2018Q3,,S08000016,,S08000016,d,All Inpatients and Day cases,d,2,,1487,4643,3.12239408204438,,960,5033,5.24270833333333,
2018Q4,,S08000016,,S08000016,d,All Inpatients and Day cases,d,2,,1364,4189,3.07111436950147,,911,4007,4.39846322722283,
2019Q1,,S08000016,,S08000016,d,All Inpatients and Day cases,d,2,,1541,3810,2.47242050616483,,1051,4048,3.85156993339676,
2019Q2,,S08000016,,S08000016,d,All Inpatients and Day cases,d,2,,1331,3416,2.56649135987979,,941,3491,3.70988310308183,
2019Q3,,S08000016,,S08000016,d,All Inpatients and Day cases,d,2,,1386,3732,2.69264069264069,,964,3580,3.71369294605809,
2019Q4,,S08000016,,S08000016,d,All Inpatients and Day cases,d,2,,1489,4372,2.93619879113499,,992,4382,4.41733870967742,
2020Q1,,S08000016,,S08000016,d,All Inpatients and Day cases,d,2,,1365,3774,2.76483516483516,,873,3915,4.48453608247423,
2020Q2,,S08000016,,S08000016,d,All Inpatients and Day cases,d,2,,993,2656,2.67472306143001,,557,2526,4.53500897666068,
2020Q3,,S08000016,,S08000016,d,All Inpatients and Day cases,d,2,,1144,3248,2.83916083916084,,707,3067,4.33804809052334,
2020Q4,,S08000016,,S08000016,d,All Inpatients and Day cases,d,2,,1077,3304,3.0677808727948,,737,3423,4.64450474898236,
2021Q1,,S08000016,,S08000016,d,All Inpatients and Day cases,d,2,,1102,3574,3.2431941923775,,683,3511,5.14055636896047,
2021Q2,,S08000016,,S08000016,d,All Inpatients and Day cases,d,2,,1251,3724,2.97681854516387,,815,3537,4.3398773006135,
2021Q3,,S08000016,,S08000016,d,All Inpatients and Day cases,d,2,,1197,3739,3.12364243943191,,729,3799,5.21124828532236,
2021Q4,,S08000016,,S08000016,d,All Inpatients and Day cases,d,2,,1186,4441,3.74451939291737,,736,4114,5.58967391304348,
2022Q1,,S08000016,,S08000016,d,All Inpatients and Day cases,d,2,,1134,4060,3.58024691358025,,769,3927,5.10663198959688,
2022Q2,,S08000016,,S08000016,d,All Inpatients and Day cases,d,2,,1163,3769,3.24075666380052,,784,3949,5.03698979591837,
2022Q3,,S08000016,,S08000016,d,All Inpatients and Day cases,d,2,,1191,3785,3.17800167926113,,837,3656,4.36798088410992,
2022Q4,p,S08000016,,S08000016,d,All Inpatients and Day cases,d,2,,1299,4951,3.81139337952271,,911,4376,4.80351262349067,
2017Q4,,S08000016,,S08000016,d,All Inpatients and Day cases,d,3,,2956,8426,2.85047361299053,,2139,8278,3.8700327255727,
2018Q1,,S08000016,,S08000016,d,All Inpatients and Day cases,d,3,,3023,9415,3.11445583857096,,2113,8675,4.10553715097018,
2018Q2,,S08000016,,S08000016,d,All Inpatients and Day cases,d,3,,3132,8579,2.73914431673052,,2199,9066,4.12278308321965,
2018Q3,,S08000016,,S08000016,d,All Inpatients and Day cases,d,3,,3054,8059,2.6388343156516,,2124,8401,3.95527306967985,
2018Q4,,S08000016,,S08000016,d,All Inpatients and Day cases,d,3,,3089,8338,2.69925542246682,,2135,8214,3.84730679156909,
2019Q1,,S08000016,,S08000016,d,All Inpatients and Day cases,d,3,,3143,8635,2.74737511931276,,2124,8173,3.84792843691149,
2019Q2,,S08000016,,S08000016,d,All Inpatients and Day cases,d,3,,3025,8819,2.91537190082645,,2143,8550,3.98973401773215,
2019Q3,,S08000016,,S08000016,d,All Inpatients and Day cases,d,3,,2865,7276,2.53961605584642,,2110,7443,3.52748815165877,
2019Q4,,S08000016,,S08000016,d,All Inpatients and Day cases,d,3,,3234,7652,2.3661100803958,,2241,7374,3.2904953145917,
2020Q1,,S08000016,,S08000016,d,All Inpatients and Day cases,d,3,,3024,8066,2.66732804232804,,2025,8185,4.04197530864197,
2020Q2,,S08000016,,S08000016,d,All Inpatients and Day cases,d,3,,2110,5160,2.44549763033175,,1259,5099,4.05003971405878,
2020Q3,,S08000016,,S08000016,d,All Inpatients and Day cases,d,3,,2371,6167,2.60101223112611,,1545,6099,3.94757281553398,
2020Q4,,S08000016,,S08000016,d,All Inpatients and Day cases,d,3,,2242,6902,3.07850133809099,,1526,6664,4.36697247706422,
2021Q1,,S08000016,,S08000016,d,All Inpatients and Day cases,d,3,,2455,7988,3.25376782077393,,1544,8181,5.29857512953368,
2021Q2,,S08000016,,S08000016,d,All Inpatients and Day cases,d,3,,2867,8331,2.90582490408092,,1831,8361,4.56635718186783,
2021Q3,,S08000016,,S08000016,d,All Inpatients and Day cases,d,3,,2392,7138,2.98411371237458,,1583,7197,4.54643082754264,
2021Q4,,S08000016,,S08000016,d,All Inpatients and Day cases,d,3,,2526,8211,3.25059382422803,,1597,7787,4.87601753287414,
2022Q1,,S08000016,,S08000016,d,All Inpatients and Day cases,d,3,,2579,8925,3.46064366033346,,1667,8162,4.89622075584883,
2022Q2,,S08000016,,S08000016,d,All Inpatients and Day cases,d,3,,2552,8770,3.43652037617555,,1754,9261,5.27993158494869,
2022Q3,,S08000016,,S08000016,d,All Inpatients and Day cases,d,3,,2611,10103,3.86939869781693,,1867,9150,4.9009105516872,
2022Q4,p,S08000016,,S08000016,d,All Inpatients and Day cases,d,3,,2684,8365,3.11661698956781,,1912,8277,4.32897489539749,
2017Q4,,S08000016,,S08000016,d,All Inpatients and Day cases,d,4,,1941,5509,2.8382277176713,,1442,5630,3.90429958391123,
2018Q1,,S08000016,,S08000016,d,All Inpatients and Day cases,d,4,,2070,6485,3.13285024154589,,1431,5984,4.18169112508735,
2018Q2,,S08000016,,S08000016,d,All Inpatients and Day cases,d,4,,2042,6675,3.26885406464251,,1386,6856,4.94660894660895,
2018Q3,,S08000016,,S08000016,d,All Inpatients and Day cases,d,4,,2117,6166,2.91261218705716,,1453,6480,4.45973847212663,
2018Q4,,S08000016,,S08000016,d,All Inpatients and Day cases,d,4,,2162,6213,2.87372802960222,,1456,6203,4.2603021978022,
2019Q1,,S08000016,,S08000016,d,All Inpatients and Day cases,d,4,,2131,5284,2.47958704833412,,1483,5483,3.69723533378287,
2019Q2,,S08000016,,S08000016,d,All Inpatients and Day cases,d,4,,2025,5578,2.75456790123457,,1427,5626,3.94253679046952,
2019Q3,,S08000016,,S08000016,d,All Inpatients and Day cases,d,4,,2025,5768,2.8483950617284,,1466,6003,4.09481582537517,
2019Q4,,S08000016,,S08000016,d,All Inpatients and Day cases,d,4,,2068,5092,2.46228239845261,,1414,5067,3.58345120226308,
2020Q1,,S08000016,,S08000016,d,All Inpatients and Day cases,d,4,,2074,5314,2.56219864995178,,1337,5273,3.94390426327599,
2020Q2,,S08000016,,S08000016,d,All Inpatients and Day cases,d,4,,1305,3339,2.55862068965517,,791,3270,4.13400758533502,
2020Q3,,S08000016,,S08000016,d,All Inpatients and Day cases,d,4,,1498,3929,2.62283044058745,,999,3875,3.87887887887888,
2020Q4,,S08000016,,S08000016,d,All Inpatients and Day cases,d,4,,1541,4346,2.82024659312135,,1057,4275,4.04446546830653,
2021Q1,,S08000016,,S08000016,d,All Inpatients and Day cases,d,4,,1635,4954,3.02996941896024,,1052,4866,4.6254752851711,
2021Q2,,S08000016,,S08000016,d,All Inpatients and Day cases,d,4,,1991,5867,2.94676042189854,,1259,5813,4.61715647339158,
2021Q3,,S08000016,,S08000016,d,All Inpatients and Day cases,d,4,,1695,5510,3.25073746312684,,1134,5613,4.94973544973545,
2021Q4,,S08000016,,S08000016,d,All Inpatients and Day cases,d,4,,1822,6809,3.7371020856202,,1202,5885,4.89600665557404,
2022Q1,,S08000016,,S08000016,d,All Inpatients and Day cases,d,4,,1639,5541,3.38071995118975,,1130,4942,4.37345132743363,
2022Q2,,S08000016,,S08000016,d,All Inpatients and Day cases,d,4,,1703,5171,3.03640634174985,,1177,5349,4.5446049277825,
2022Q3,,S08000016,,S08000016,d,All Inpatients and Day cases,d,4,,1698,6689,3.93934040047114,,1207,6631,5.49378624689312,
2022Q4,p,S08000016,,S08000016,d,All Inpatients and Day cases,d,4,,1717,6308,3.67384973791497,,1253,5946,4.74541101356744,
2017Q4,,S08000016,,S08000016,d,All Inpatients and Day cases,d,5,,584,1360,2.32876712328767,,452,1456,3.2212389380531,
2018Q1,,S08000016,,S08000016,d,All Inpatients and Day cases,d,5,,575,1743,3.03130434782609,,432,1742,4.03240740740741,
2018Q2,,S08000016,,S08000016,d,All Inpatients and Day cases,d,5,,510,1140,2.23529411764706,,369,1185,3.21138211382114,
2018Q3,,S08000016,,S08000016,d,All Inpatients and Day cases,d,5,,524,1219,2.3263358778626,,379,1306,3.44591029023747,
2018Q4,,S08000016,,S08000016,d,All Inpatients and Day cases,d,5,,472,1121,2.375,,341,1058,3.10263929618768,
2019Q1,,S08000016,,S08000016,d,All Inpatients and Day cases,d,5,,408,1091,2.67401960784314,,299,1132,3.78595317725753,
2019Q2,,S08000016,,S08000016,d,All Inpatients and Day cases,d,5,,462,1192,2.58008658008658,,357,1381,3.86834733893557,
2019Q3,,S08000016,,S08000016,d,All Inpatients and Day cases,d,5,,464,1194,2.57327586206897,,323,1145,3.54489164086687,
2019Q4,,S08000016,,S08000016,d,All Inpatients and Day cases,d,5,,563,1264,2.24511545293073,,402,1295,3.22139303482587,
2020Q1,,S08000016,,S08000016,d,All Inpatients and Day cases,d,5,,553,1387,2.50813743218806,,385,1416,3.67792207792208,
2020Q2,,S08000016,,S08000016,d,All Inpatients and Day cases,d,5,,450,927,2.06,,279,955,3.42293906810036,
2020Q3,,S08000016,,S08000016,d,All Inpatients and Day cases,d,5,,464,972,2.0948275862069,,315,1060,3.36507936507937,
2020Q4,,S08000016,,S08000016,d,All Inpatients and Day cases,d,5,,459,1200,2.61437908496732,,320,994,3.10625,
2021Q1,,S08000016,,S08000016,d,All Inpatients and Day cases,d,5,,411,1306,3.17761557177616,,266,1478,5.55639097744361,
2021Q2,,S08000016,,S08000016,d,All Inpatients and Day cases,d,5,,466,1003,2.15236051502146,,322,881,2.7360248447205,
2021Q3,,S08000016,,S08000016,d,All Inpatients and Day cases,d,5,,469,1267,2.70149253731343,,329,1199,3.64437689969605,
2021Q4,,S08000016,,S08000016,d,All Inpatients and Day cases,d,5,,427,1525,3.57142857142857,,288,1507,5.23263888888889,
2022Q1,,S08000016,,S08000016,d,All Inpatients and Day cases,d,5,,471,1611,3.4203821656051,,302,1361,4.50662251655629,
2022Q2,,S08000016,,S08000016,d,All Inpatients and Day cases,d,5,,424,1606,3.7877358490566,,283,1599,5.65017667844523,
2022Q3,,S08000016,,S08000016,d,All Inpatients and Day cases,d,5,,441,1444,3.27437641723356,,298,1783,5.98322147651007,
2022Q4,p,S08000016,,S08000016,d,All Inpatients and Day cases,d,5,,427,1193,2.79391100702576,,314,1202,3.82802547770701,
2017Q4,,S08000016,,S12000026,,All Inpatients and Day cases,d,1,,661,2110,3.19213313161876,,460,1952,4.24347826086957,
2018Q1,,S08000016,,S12000026,,All Inpatients and Day cases,d,1,,588,1855,3.1547619047619,,404,1921,4.7549504950495,
2018Q2,,S08000016,,S12000026,,All Inpatients and Day cases,d,1,,617,1702,2.75850891410049,,429,1654,3.85547785547786,
2018Q3,,S08000016,,S12000026,,All Inpatients and Day cases,d,1,,634,1836,2.89589905362776,,439,1834,4.17767653758542,
2018Q4,,S08000016,,S12000026,,All Inpatients and Day cases,d,1,,544,1396,2.56617647058824,,374,1482,3.96256684491979,
2019Q1,,S08000016,,S12000026,,All Inpatients and Day cases,d,1,,558,1783,3.19534050179211,,377,1903,5.04774535809019,
2019Q2,,S08000016,,S12000026,,All Inpatients and Day cases,d,1,,512,1352,2.640625,,373,1212,3.24932975871314,
2019Q3,,S08000016,,S12000026,,All Inpatients and Day cases,d,1,,585,1897,3.24273504273504,,409,1911,4.67237163814181,
2019Q4,,S08000016,,S12000026,,All Inpatients and Day cases,d,1,,615,1711,2.78211382113821,,405,1579,3.89876543209877,
2020Q1,,S08000016,,S12000026,,All Inpatients and Day cases,d,1,,577,1422,2.46447140381283,,356,1524,4.28089887640449,
2020Q2,,S08000016,,S12000026,,All Inpatients and Day cases,d,1,,345,823,2.38550724637681,,211,848,4.01895734597156,
2020Q3,,S08000016,,S12000026,,All Inpatients and Day cases,d,1,,383,1068,2.78851174934726,,258,1039,4.02713178294574,
2020Q4,,S08000016,,S12000026,,All Inpatients and Day cases,d,1,,369,1146,3.10569105691057,,252,1106,4.38888888888889,
2021Q1,,S08000016,,S12000026,,All Inpatients and Day cases,d,1,,418,1425,3.40909090909091,,248,1455,5.86693548387097,
2021Q2,,S08000016,,S12000026,,All Inpatients and Day cases,d,1,,493,1441,2.92292089249493,,305,1395,4.57377049180328,
2021Q3,,S08000016,,S12000026,,All Inpatients and Day cases,d,1,,405,1349,3.33086419753086,,242,1305,5.39256198347107,
2021Q4,,S08000016,,S12000026,,All Inpatients and Day cases,d,1,,483,1716,3.5527950310559002,,285,1586,5.56491228070175,
2022Q1,,S08000016,,S12000026,,All Inpatients and Day cases,d,1,,474,1608,3.39240506329114,,298,1866,6.26174496644295,
2022Q2,,S08000016,,S12000026,,All Inpatients and Day cases,d,1,,416,1291,3.10336538461538,,277,1285,4.63898916967509,
2022Q3,,S08000016,,S12000026,,All Inpatients and Day cases,d,1,,455,1546,3.3978021978022,,303,1237,4.08250825082508,
2022Q4,p,S08000016,,S12000026,,All Inpatients and Day cases,d,1,,395,1438,3.64050632911392,,279,1338,4.79569892473118,
2017Q4,,S08000016,,S12000026,,All Inpatients and Day cases,d,2,,1484,4520,3.04582210242588,,1066,4749,4.45497185741088,
2018Q1,,S08000016,,S12000026,,All Inpatients and Day cases,d,2,,1351,4326,3.2020725388601,,910,4134,4.54285714285714,
2018Q2,,S08000016,,S12000026,,All Inpatients and Day cases,d,2,,1351,4101,3.03552923760178,,896,3928,4.38392857142857,
2018Q3,,S08000016,,S12000026,,All Inpatients and Day cases,d,2,,1487,4643,3.12239408204438,,960,5033,5.24270833333333,
2018Q4,,S08000016,,S12000026,,All Inpatients and Day cases,d,2,,1364,4189,3.07111436950147,,911,4007,4.39846322722283,
2019Q1,,S08000016,,S12000026,,All Inpatients and Day cases,d,2,,1541,3810,2.47242050616483,,1051,4048,3.85156993339676,
2019Q2,,S08000016,,S12000026,,All Inpatients and Day cases,d,2,,1331,3416,2.56649135987979,,941,3491,3.70988310308183,
2019Q3,,S08000016,,S12000026,,All Inpatients and Day cases,d,2,,1386,3732,2.69264069264069,,964,3580,3.71369294605809,
2019Q4,,S08000016,,S12000026,,All Inpatients and Day cases,d,2,,1489,4372,2.93619879113499,,992,4382,4.41733870967742,
2020Q1,,S08000016,,S12000026,,All Inpatients and Day cases,d,2,,1365,3774,2.76483516483516,,873,3915,4.48453608247423,
2020Q2,,S08000016,,S12000026,,All Inpatients and Day cases,d,2,,993,2656,2.67472306143001,,557,2526,4.53500897666068,
2020Q3,,S08000016,,S12000026,,All Inpatients and Day cases,d,2,,1144,3248,2.83916083916084,,707,3067,4.33804809052334,
2020Q4,,S08000016,,S12000026,,All Inpatients and Day cases,d,2,,1077,3304,3.0677808727948,,737,3423,4.64450474898236,
2021Q1,,S08000016,,S12000026,,All Inpatients and Day cases,d,2,,1102,3574,3.2431941923775,,683,3511,5.14055636896047,
2021Q2,,S08000016,,S12000026,,All Inpatients and Day cases,d,2,,1251,3724,2.97681854516387,,815,3537,4.3398773006135,
2021Q3,,S08000016,,S12000026,,All Inpatients and Day cases,d,2,,1197,3739,3.12364243943191,,729,3799,5.21124828532236,
2021Q4,,S08000016,,S12000026,,All Inpatients and Day cases,d,2,,1186,4441,3.74451939291737,,736,4114,5.58967391304348,
2022Q1,,S08000016,,S12000026,,All Inpatients and Day cases,d,2,,1134,4060,3.58024691358025,,769,3927,5.10663198959688,
2022Q2,,S08000016,,S12000026,,All Inpatients and Day cases,d,2,,1163,3769,3.24075666380052,,784,3949,5.03698979591837,
2022Q3,,S08000016,,S12000026,,All Inpatients and Day cases,d,2,,1191,3785,3.17800167926113,,837,3656,4.36798088410992,
2022Q4,p,S08000016,,S12000026,,All Inpatients and Day cases,d,2,,1299,4951,3.81139337952271,,911,4376,4.80351262349067,
2017Q4,,S08000016,,S12000026,,All Inpatients and Day cases,d,3,,2956,8426,2.85047361299053,,2139,8278,3.8700327255727,
2018Q1,,S08000016,,S12000026,,All Inpatients and Day cases,d,3,,3023,9415,3.11445583857096,,2113,8675,4.10553715097018,
2018Q2,,S08000016,,S12000026,,All Inpatients and Day cases,d,3,,3132,8579,2.73914431673052,,2199,9066,4.12278308321965,
2018Q3,,S08000016,,S12000026,,All Inpatients and Day cases,d,3,,3054,8059,2.6388343156516,,2124,8401,3.95527306967985,
2018Q4,,S08000016,,S12000026,,All Inpatients and Day cases,d,3,,3089,8338,2.69925542246682,,2135,8214,3.84730679156909,
2019Q1,,S08000016,,S12000026,,All Inpatients and Day cases,d,3,,3143,8635,2.74737511931276,,2124,8173,3.84792843691149,
2019Q2,,S08000016,,S12000026,,All Inpatients and Day cases,d,3,,3025,8819,2.91537190082645,,2143,8550,3.98973401773215,
2019Q3,,S08000016,,S12000026,,All Inpatients and Day cases,d,3,,2865,7276,2.53961605584642,,2110,7443,3.52748815165877,
2019Q4,,S08000016,,S12000026,,All Inpatients and Day cases,d,3,,3234,7652,2.3661100803958,,2241,7374,3.2904953145917,
2020Q1,,S08000016,,S12000026,,All Inpatients and Day cases,d,3,,3024,8066,2.66732804232804,,2025,8185,4.04197530864197,
2020Q2,,S08000016,,S12000026,,All Inpatients and Day cases,d,3,,2110,5160,2.44549763033175,,1259,5099,4.05003971405878,
2020Q3,,S08000016,,S12000026,,All Inpatients and Day cases,d,3,,2371,6167,2.60101223112611,,1545,6099,3.94757281553398,
2020Q4,,S08000016,,S12000026,,All Inpatients and Day cases,d,3,,2242,6902,3.07850133809099,,1526,6664,4.36697247706422,
2021Q1,,S08000016,,S12000026,,All Inpatients and Day cases,d,3,,2455,7988,3.25376782077393,,1544,8181,5.29857512953368,
2021Q2,,S08000016,,S12000026,,All Inpatients and Day cases,d,3,,2867,8331,2.90582490408092,,1831,8361,4.56635718186783,
2021Q3,,S08000016,,S12000026,,All Inpatients and Day cases,d,3,,2392,7138,2.98411371237458,,1583,7197,4.54643082754264,
2021Q4,,S08000016,,S12000026,,All Inpatients and Day cases,d,3,,2526,8211,3.25059382422803,,1597,7787,4.87601753287414,
2022Q1,,S08000016,,S12000026,,All Inpatients and Day cases,d,3,,2579,8925,3.46064366033346,,1667,8162,4.89622075584883,
2022Q2,,S08000016,,S12000026,,All Inpatients and Day cases,d,3,,2552,8770,3.43652037617555,,1754,9261,5.27993158494869,
2022Q3,,S08000016,,S12000026,,All Inpatients and Day cases,d,3,,2611,10103,3.86939869781693,,1867,9150,4.9009105516872,
2022Q4,p,S08000016,,S12000026,,All Inpatients and Day cases,d,3,,2684,8365,3.11661698956781,,1912,8277,4.32897489539749,
2017Q4,,S08000016,,S12000026,,All Inpatients and Day cases,d,4,,1941,5509,2.8382277176713,,1442,5630,3.90429958391123,
2018Q1,,S08000016,,S12000026,,All Inpatients and Day cases,d,4,,2070,6485,3.13285024154589,,1431,5984,4.18169112508735,
2018Q2,,S08000016,,S12000026,,All Inpatients and Day cases,d,4,,2042,6675,3.26885406464251,,1386,6856,4.94660894660895,
2018Q3,,S08000016,,S12000026,,All Inpatients and Day cases,d,4,,2117,6166,2.91261218705716,,1453,6480,4.45973847212663,
2018Q4,,S08000016,,S12000026,,All Inpatients and Day cases,d,4,,2162,6213,2.87372802960222,,1456,6203,4.2603021978022,
2019Q1,,S08000016,,S12000026,,All Inpatients and Day cases,d,4,,2131,5284,2.47958704833412,,1483,5483,3.69723533378287,
2019Q2,,S08000016,,S12000026,,All Inpatients and Day cases,d,4,,2025,5578,2.75456790123457,,1427,5626,3.94253679046952,
2019Q3,,S08000016,,S12000026,,All Inpatients and Day cases,d,4,,2025,5768,2.8483950617284,,1466,6003,4.09481582537517,
2019Q4,,S08000016,,S12000026,,All Inpatients and Day cases,d,4,,2068,5092,2.46228239845261,,1414,5067,3.58345120226308,
2020Q1,,S08000016,,S12000026,,All Inpatients and Day cases,d,4,,2074,5314,2.56219864995178,,1337,5273,3.94390426327599,
2020Q2,,S08000016,,S12000026,,All Inpatients and Day cases,d,4,,1305,3339,2.55862068965517,,791,3270,4.13400758533502,
2020Q3,,S08000016,,S12000026,,All Inpatients and Day cases,d,4,,1498,3929,2.62283044058745,,999,3875,3.87887887887888,
2020Q4,,S08000016,,S12000026,,All Inpatients and Day cases,d,4,,1541,4346,2.82024659312135,,1057,4275,4.04446546830653,
2021Q1,,S08000016,,S12000026,,All Inpatients and Day cases,d,4,,1635,4954,3.02996941896024,,1052,4866,4.6254752851711,
2021Q2,,S08000016,,S12000026,,All Inpatients and Day cases,d,4,,1991,5867,2.94676042189854,,1259,5813,4.61715647339158,
2021Q3,,S08000016,,S12000026,,All Inpatients and Day cases,d,4,,1695,5510,3.25073746312684,,1134,5613,4.94973544973545,
2021Q4,,S08000016,,S12000026,,All Inpatients and Day cases,d,4,,1822,6809,3.7371020856202,,1202,5885,4.89600665557404,
2022Q1,,S08000016,,S12000026,,All Inpatients and Day cases,d,4,,1639,5541,3.38071995118975,,1130,4942,4.37345132743363,
2022Q2,,S08000016,,S12000026,,All Inpatients and Day cases,d,4,,1703,5171,3.03640634174985,,1177,5349,4.5446049277825,
2022Q3,,S08000016,,S12000026,,All Inpatients and Day cases,d,4,,1698,6689,3.93934040047114,,1207,6631,5.49378624689312,
2022Q4,p,S08000016,,S12000026,,All Inpatients and Day cases,d,4,,1717,6308,3.67384973791497,,1253,5946,4.74541101356744,
2017Q4,,S08000016,,S12000026,,All Inpatients and Day cases,d,5,,584,1360,2.32876712328767,,452,1456,3.2212389380531,
2018Q1,,S08000016,,S12000026,,All Inpatients and Day cases,d,5,,575,1743,3.03130434782609,,432,1742,4.03240740740741,
2018Q2,,S08000016,,S12000026,,All Inpatients and Day cases,d,5,,510,1140,2.23529411764706,,369,1185,3.21138211382114,
2018Q3,,S08000016,,S12000026,,All Inpatients and Day cases,d,5,,524,1219,2.3263358778626,,379,1306,3.44591029023747,
2018Q4,,S08000016,,S12000026,,All Inpatients and Day cases,d,5,,472,1121,2.375,,341,1058,3.10263929618768,
2019Q1,,S08000016,,S12000026,,All Inpatients and Day cases,d,5,,408,1091,2.67401960784314,,299,1132,3.78595317725753,
2019Q2,,S08000016,,S12000026,,All Inpatients and Day cases,d,5,,462,1192,2.58008658008658,,357,1381,3.86834733893557,
2019Q3,,S08000016,,S12000026,,All Inpatients and Day cases,d,5,,464,1194,2.57327586206897,,323,1145,3.54489164086687,
2019Q4,,S08000016,,S12000026,,All Inpatients and Day cases,d,5,,563,1264,2.24511545293073,,402,1295,3.22139303482587,
2020Q1,,S08000016,,S12000026,,All Inpatients and Day cases,d,5,,553,1387,2.50813743218806,,385,1416,3.67792207792208,
2020Q2,,S08000016,,S12000026,,All Inpatients and Day cases,d,5,,450,927,2.06,,279,955,3.42293906810036,
2020Q3,,S08000016,,S12000026,,All Inpatients and Day cases,d,5,,464,972,2.0948275862069,,315,1060,3.36507936507937,
2020Q4,,S08000016,,S12000026,,All Inpatients and Day cases,d,5,,459,1200,2.61437908496732,,320,994,3.10625,
2021Q1,,S08000016,,S12000026,,All Inpatients and Day cases,d,5,,411,1306,3.17761557177616,,266,1478,5.55639097744361,
2021Q2,,S08000016,,S12000026,,All Inpatients and Day cases,d,5,,466,1003,2.15236051502146,,322,881,2.7360248447205,
2021Q3,,S08000016,,S12000026,,All Inpatients and Day cases,d,5,,469,1267,2.70149253731343,,329,1199,3.64437689969605,
2021Q4,,S08000016,,S12000026,,All Inpatients and Day cases,d,5,,427,1525,3.57142857142857,,288,1507,5.23263888888889,
2022Q1,,S08000016,,S12000026,,All Inpatients and Day cases,d,5,,471,1611,3.4203821656051,,302,1361,4.50662251655629,
2022Q2,,S08000016,,S12000026,,All Inpatients and Day cases,d,5,,424,1606,3.7877358490566,,283,1599,5.65017667844523,
2022Q3,,S08000016,,S12000026,,All Inpatients and Day cases,d,5,,441,1444,3.27437641723356,,298,1783,5.98322147651007,
2022Q4,p,S08000016,,S12000026,,All Inpatients and Day cases,d,5,,427,1193,2.79391100702576,,314,1202,3.82802547770701,
2017Q4,,S08000017,,S12000006,,All Inpatients and Day cases,d,1,,1069,2856,2.67165575304022,,709,2615,3.68829337094499,
2018Q1,,S08000017,,S12000006,,All Inpatients and Day cases,d,1,,1078,3357,3.11410018552876,,774,3504,4.52713178294574,
2018Q2,,S08000017,,S12000006,,All Inpatients and Day cases,d,1,,1179,2824,2.39525021204411,,789,2682,3.39923954372624,
2018Q3,,S08000017,,S12000006,,All Inpatients and Day cases,d,1,,1075,2873,2.67255813953488,,752,3112,4.13829787234043,
2018Q4,,S08000017,,S12000006,,All Inpatients and Day cases,d,1,,1167,2822,2.41816623821765,,766,2617,3.41644908616188,
2019Q1,,S08000017,,S12000006,,All Inpatients and Day cases,d,1,,1290,3123,2.42093023255814,,818,3161,3.86430317848411,
2019Q2,,S08000017,,S12000006,,All Inpatients and Day cases,d,1,,1327,3377,2.54483798040693,,874,3536,4.04576659038902,
2019Q3,,S08000017,,S12000006,,All Inpatients and Day cases,d,1,,1242,3591,2.89130434782609,,796,3571,4.48618090452261,
2019Q4,,S08000017,,S12000006,,All Inpatients and Day cases,d,1,,1265,3119,2.46561264822134,,801,2850,3.55805243445693,
2020Q1,,S08000017,,S12000006,,All Inpatients and Day cases,d,1,,1077,3547,3.29340761374188,,739,4208,5.69418132611637,
2020Q2,,S08000017,,S12000006,,All Inpatients and Day cases,d,1,,729,2017,2.76680384087791,,412,1646,3.99514563106796,
2020Q3,,S08000017,,S12000006,,All Inpatients and Day cases,d,1,,934,3241,3.47002141327623,,630,3032,4.81269841269841,
2020Q4,,S08000017,,S12000006,,All Inpatients and Day cases,d,1,,1025,2648,2.58341463414634,,695,2583,3.71654676258993,
2021Q1,,S08000017,,S12000006,,All Inpatients and Day cases,d,1,,876,2218,2.53196347031963,,566,2435,4.30212014134276,
2021Q2,,S08000017,,S12000006,,All Inpatients and Day cases,d,1,,1090,2812,2.57981651376147,,709,2918,4.11565585331453,
2021Q3,,S08000017,,S12000006,,All Inpatients and Day cases,d,1,,1167,3452,2.95801199657241,,796,3293,4.13693467336683,
2021Q4,,S08000017,,S12000006,,All Inpatients and Day cases,d,1,,865,2768,3.2,,621,3241,5.21900161030596,
2022Q1,,S08000017,,S12000006,,All Inpatients and Day cases,d,1,,903,2215,2.45293466223699,,601,2387,3.97171381031614,
2022Q2,,S08000017,,S12000006,,All Inpatients and Day cases,d,1,,1008,2633,2.61210317460317,,678,3461,5.1047197640118,
2022Q3,,S08000017,,S12000006,,All Inpatients and Day cases,d,1,,918,2920,3.18082788671024,,643,3882,6.03732503888025,
2022Q4,p,S08000017,,S12000006,,All Inpatients and Day cases,d,1,,857,2226,2.59743290548425,,595,2642,4.44033613445378,
2017Q4,,S08000017,,S12000006,,All Inpatients and Day cases,d,2,,2995,9897,3.30450751252087,,2031,10129,4.98719842442147,
2018Q1,,S08000017,,S12000006,,All Inpatients and Day cases,d,2,,3070,8416,2.7413680781759,,2122,8853,4.17200754005655,
2018Q2,,S08000017,,S12000006,,All Inpatients and Day cases,d,2,,3245,9056,2.79075500770416,,2233,9176,4.10927004030452,
2018Q3,,S08000017,,S12000006,,All Inpatients and Day cases,d,2,,3191,8860,2.7765590723911,,2140,10022,4.68317757009346,
2018Q4,,S08000017,,S12000006,,All Inpatients and Day cases,d,2,,3287,8948,2.72223912382111,,2224,8866,3.98651079136691,
2019Q1,,S08000017,,S12000006,,All Inpatients and Day cases,d,2,,3448,8610,2.49709976798144,,2234,9478,4.24261414503133,
2019Q2,,S08000017,,S12000006,,All Inpatients and Day cases,d,2,,3434,8314,2.42108328479907,,2232,9098,4.07616487455197,
2019Q3,,S08000017,,S12000006,,All Inpatients and Day cases,d,2,,3424,9610,2.80665887850467,,2269,9618,4.23887174966946,
2019Q4,,S08000017,,S12000006,,All Inpatients and Day cases,d,2,,3338,9486,2.84182144997004,,2235,9825,4.39597315436242,
2020Q1,,S08000017,,S12000006,,All Inpatients and Day cases,d,2,,3167,9352,2.95295232080834,,2096,10783,5.14456106870229,
2020Q2,,S08000017,,S12000006,,All Inpatients and Day cases,d,2,,1753,5530,3.15459212778095,,1041,5336,5.12584053794428,
2020Q3,,S08000017,,S12000006,,All Inpatients and Day cases,d,2,,2626,7836,2.98400609291698,,1653,8251,4.99153055051422,
2020Q4,,S08000017,,S12000006,,All Inpatients and Day cases,d,2,,2923,8030,2.74717755730414,,1907,7989,4.18930256948086,
2021Q1,,S08000017,,S12000006,,All Inpatients and Day cases,d,2,,2556,7676,3.00312989045383,,1664,7920,4.75961538461539,
2021Q2,,S08000017,,S12000006,,All Inpatients and Day cases,d,2,,3072,7915,2.57649739583333,,2150,9114,4.23906976744186,
2021Q3,,S08000017,,S12000006,,All Inpatients and Day cases,d,2,,2823,7616,2.69783917817924,,1987,7776,3.91343734272773,
2021Q4,,S08000017,,S12000006,,All Inpatients and Day cases,d,2,,2589,7060,2.72692159134801,,1783,7566,4.24340998317443,
2022Q1,,S08000017,,S12000006,,All Inpatients and Day cases,d,2,,2676,6905,2.58034379671151,,1884,8135,4.31794055201699,
2022Q2,,S08000017,,S12000006,,All Inpatients and Day cases,d,2,,2872,7678,2.67339832869081,,1947,8809,4.52439650744735,
2022Q3,,S08000017,,S12000006,,All Inpatients and Day cases,d,2,,2570,6971,2.7124513618677,,1821,7477,4.1059857221307,
2022Q4,p,S08000017,,S12000006,,All Inpatients and Day cases,d,2,,2592,7379,2.84683641975309,,1846,9589,5.19447453954496,
2017Q4,,S08000017,,S12000006,,All Inpatients and Day cases,d,3,,4578,12969,2.83289646133683,,3116,14289,4.58568677792041,
2018Q1,,S08000017,,S12000006,,All Inpatients and Day cases,d,3,,4740,13835,2.91877637130802,,3270,15596,4.76941896024465,
2018Q2,,S08000017,,S12000006,,All Inpatients and Day cases,d,3,,4679,12184,2.60397520837786,,3243,13669,4.21492445266728,
2018Q3,,S08000017,,S12000006,,All Inpatients and Day cases,d,3,,4668,12446,2.6662382176521,,3157,13419,4.25055432372506,
2018Q4,,S08000017,,S12000006,,All Inpatients and Day cases,d,3,,4738,12626,2.66483748417054,,3208,14145,4.40928927680798,
2019Q1,,S08000017,,S12000006,,All Inpatients and Day cases,d,3,,5047,13633,2.70120863879532,,3219,15113,4.69493631562597,
2019Q2,,S08000017,,S12000006,,All Inpatients and Day cases,d,3,,5087,14067,2.76528405740122,,3384,15792,4.66666666666667,
2019Q3,,S08000017,,S12000006,,All Inpatients and Day cases,d,3,,4783,12590,2.63223918043069,,3247,14481,4.45980905451186,
2019Q4,,S08000017,,S12000006,,All Inpatients and Day cases,d,3,,5111,14239,2.78595186851888,,3463,15945,4.6043892578689,
2020Q1,,S08000017,,S12000006,,All Inpatients and Day cases,d,3,,4588,13837,3.01591107236269,,3069,16985,5.53437601824699,
2020Q2,,S08000017,,S12000006,,All Inpatients and Day cases,d,3,,2591,8402,3.24276341181011,,1543,9874,6.39922229423202,
2020Q3,,S08000017,,S12000006,,All Inpatients and Day cases,d,3,,3921,11836,3.01861769956644,,2518,11714,4.65210484511517,
2020Q4,,S08000017,,S12000006,,All Inpatients and Day cases,d,3,,4359,13272,3.04473503097041,,2878,12909,4.48540653231411,
2021Q1,,S08000017,,S12000006,,All Inpatients and Day cases,d,3,,3689,11092,3.00677690431011,,2415,12899,5.34120082815735,
2021Q2,,S08000017,,S12000006,,All Inpatients and Day cases,d,3,,4512,11049,2.44880319148936,,3138,12668,4.03696622052263,
2021Q3,,S08000017,,S12000006,,All Inpatients and Day cases,d,3,,4030,11530,2.86104218362283,,2823,12035,4.26319518243004,
2021Q4,,S08000017,,S12000006,,All Inpatients and Day cases,d,3,,4129,12914,3.12763380963914,,2789,14398,5.16242380781642,
2022Q1,,S08000017,,S12000006,,All Inpatients and Day cases,d,3,,4113,10813,2.62898127887187,,2882,13041,4.52498265093685,
2022Q2,,S08000017,,S12000006,,All Inpatients and Day cases,d,3,,4119,11588,2.81330420004856,,2905,13044,4.49018932874355,
2022Q3,,S08000017,,S12000006,,All Inpatients and Day cases,d,3,,4017,12633,3.14488424197162,,2859,14439,5.05036726128017,
2022Q4,p,S08000017,,S12000006,,All Inpatients and Day cases,d,3,,4016,12660,3.15239043824701,,2866,14345,5.00523377529658,
2017Q4,,S08000017,,S12000006,,All Inpatients and Day cases,d,4,,1767,4981,2.81890209394454,,1202,4893,4.07071547420965,
2018Q1,,S08000017,,S12000006,,All Inpatients and Day cases,d,4,,1754,5070,2.89053591790194,,1237,5867,4.7429264349232,
2018Q2,,S08000017,,S12000006,,All Inpatients and Day cases,d,4,,1902,4994,2.62565720294427,,1332,5181,3.88963963963964,
2018Q3,,S08000017,,S12000006,,All Inpatients and Day cases,d,4,,1953,5301,2.71428571428571,,1344,6121,4.55431547619048,
2018Q4,,S08000017,,S12000006,,All Inpatients and Day cases,d,4,,1933,4950,2.56078634247284,,1335,6004,4.49737827715356,
2019Q1,,S08000017,,S12000006,,All Inpatients and Day cases,d,4,,2103,5657,2.68996671421778,,1321,5774,4.37093111279334,
2019Q2,,S08000017,,S12000006,,All Inpatients and Day cases,d,4,,2039,5381,2.63903874448259,,1359,5956,4.38263428991906,
2019Q3,,S08000017,,S12000006,,All Inpatients and Day cases,d,4,,1954,5461,2.79477993858751,,1331,6398,4.80691209616829,
2019Q4,,S08000017,,S12000006,,All Inpatients and Day cases,d,4,,2092,5234,2.5019120458891,,1407,5738,4.07818052594172,
2020Q1,,S08000017,,S12000006,,All Inpatients and Day cases,d,4,,1850,5378,2.90702702702703,,1247,6699,5.37209302325581,
2020Q2,,S08000017,,S12000006,,All Inpatients and Day cases,d,4,,1061,3420,3.22337417530631,,640,3826,5.978125,
2020Q3,,S08000017,,S12000006,,All Inpatients and Day cases,d,4,,1558,4366,2.80231065468549,,999,4393,4.3973973973974,
2020Q4,,S08000017,,S12000006,,All Inpatients and Day cases,d,4,,1660,3848,2.31807228915663,,1186,3979,3.35497470489039,
2021Q1,,S08000017,,S12000006,,All Inpatients and Day cases,d,4,,1494,4451,2.97925033467202,,998,5127,5.1372745490982,
2021Q2,,S08000017,,S12000006,,All Inpatients and Day cases,d,4,,1884,4205,2.23195329087049,,1320,4949,3.74924242424242,
2021Q3,,S08000017,,S12000006,,All Inpatients and Day cases,d,4,,1768,5087,2.87726244343891,,1238,5702,4.60581583198708,
2021Q4,,S08000017,,S12000006,,All Inpatients and Day cases,d,4,,1687,5099,3.02252519264967,,1209,5964,4.93300248138958,
2022Q1,,S08000017,,S12000006,,All Inpatients and Day cases,d,4,,1622,4873,3.00431565967941,,1144,5881,5.14073426573427,
2022Q2,,S08000017,,S12000006,,All Inpatients and Day cases,d,4,,1787,4512,2.52490207050923,,1267,5794,4.57300710339384,
2022Q3,,S08000017,,S12000006,,All Inpatients and Day cases,d,4,,1633,4883,2.99020208205756,,1173,6821,5.8150042625746,
2022Q4,p,S08000017,,S12000006,,All Inpatients and Day cases,d,4,,1608,4520,2.81094527363184,,1151,5194,4.5125977410947,
2017Q4,,S08000017,,S12000006,,All Inpatients and Day cases,d,5,,787,1936,2.45997458703939,,580,1936,3.33793103448276,
2018Q1,,S08000017,,S12000006,,All Inpatients and Day cases,d,5,,867,2234,2.57670126874279,,602,2306,3.83056478405316,
2018Q2,,S08000017,,S12000006,,All Inpatients and Day cases,d,5,,912,2228,2.44298245614035,,659,2570,3.89984825493171,
2018Q3,,S08000017,,S12000006,,All Inpatients and Day cases,d,5,,871,2249,2.58208955223881,,628,2397,3.81687898089172,
2018Q4,,S08000017,,S12000006,,All Inpatients and Day cases,d,5,,917,2509,2.7360959651036,,638,2727,4.2742946708464,
2019Q1,,S08000017,,S12000006,,All Inpatients and Day cases,d,5,,837,2260,2.70011947431302,,563,2312,4.10657193605684,
2019Q2,,S08000017,,S12000006,,All Inpatients and Day cases,d,5,,881,2091,2.37343927355278,,605,2068,3.41818181818182,
2019Q3,,S08000017,,S12000006,,All Inpatients and Day cases,d,5,,829,1988,2.39806996381182,,613,2231,3.6394779771615,
2019Q4,,S08000017,,S12000006,,All Inpatients and Day cases,d,5,,958,2342,2.4446764091858,,685,2292,3.34598540145985,
2020Q1,,S08000017,,S12000006,,All Inpatients and Day cases,d,5,,900,3128,3.47555555555556,,625,3569,5.7104,
2020Q2,,S08000017,,S12000006,,All Inpatients and Day cases,d,5,,474,1571,3.31434599156118,,283,1766,6.24028268551237,
2020Q3,,S08000017,,S12000006,,All Inpatients and Day cases,d,5,,663,1810,2.73001508295626,,470,1900,4.04255319148936,
2020Q4,,S08000017,,S12000006,,All Inpatients and Day cases,d,5,,770,1670,2.16883116883117,,536,1589,2.96455223880597,
2021Q1,,S08000017,,S12000006,,All Inpatients and Day cases,d,5,,669,1756,2.62481315396114,,462,2158,4.67099567099567,
2021Q2,,S08000017,,S12000006,,All Inpatients and Day cases,d,5,,880,1804,2.05,,635,1772,2.79055118110236,
2021Q3,,S08000017,,S12000006,,All Inpatients and Day cases,d,5,,809,2175,2.6885043263288,,579,2683,4.63385146804836,
2021Q4,,S08000017,,S12000006,,All Inpatients and Day cases,d,5,,796,2352,2.95477386934673,,550,2644,4.80727272727273,
2022Q1,,S08000017,,S12000006,,All Inpatients and Day cases,d,5,,852,2382,2.79577464788732,,622,2524,4.05787781350482,
2022Q2,,S08000017,,S12000006,,All Inpatients and Day cases,d,5,,786,2211,2.81297709923664,,593,2257,3.80607082630691,
2022Q3,,S08000017,,S12000006,,All Inpatients and Day cases,d,5,,820,2272,2.77073170731707,,613,2809,4.58238172920065,
2022Q4,p,S08000017,,S12000006,,All Inpatients and Day cases,d,5,,816,2665,3.26593137254902,,587,2835,4.82964224872232,
2022Q3,,S08000017,,S12000006,,All Inpatients and Day cases,d,,:,12,17,1.41666666666667,,10,17,1.7,
2022Q4,p,S08000017,,S12000006,,All Inpatients and Day cases,d,,:,16,15,0.9375,,11,17,1.54545454545455,
2017Q4,,S08000017,,S08000017,d,All Inpatients and Day cases,d,1,,1069,2856,2.67165575304022,,709,2615,3.68829337094499,
2018Q1,,S08000017,,S08000017,d,All Inpatients and Day cases,d,1,,1078,3357,3.11410018552876,,774,3504,4.52713178294574,
2018Q2,,S08000017,,S08000017,d,All Inpatients and Day cases,d,1,,1179,2824,2.39525021204411,,789,2682,3.39923954372624,
2018Q3,,S08000017,,S08000017,d,All Inpatients and Day cases,d,1,,1075,2873,2.67255813953488,,752,3112,4.13829787234043,
2018Q4,,S08000017,,S08000017,d,All Inpatients and Day cases,d,1,,1167,2822,2.41816623821765,,766,2617,3.41644908616188,
2019Q1,,S08000017,,S08000017,d,All Inpatients and Day cases,d,1,,1290,3123,2.42093023255814,,818,3161,3.86430317848411,
2019Q2,,S08000017,,S08000017,d,All Inpatients and Day cases,d,1,,1327,3377,2.54483798040693,,874,3536,4.04576659038902,
2019Q3,,S08000017,,S08000017,d,All Inpatients and Day cases,d,1,,1242,3591,2.89130434782609,,796,3571,4.48618090452261,
2019Q4,,S08000017,,S08000017,d,All Inpatients and Day cases,d,1,,1265,3119,2.46561264822134,,801,2850,3.55805243445693,
2020Q1,,S08000017,,S08000017,d,All Inpatients and Day cases,d,1,,1077,3547,3.29340761374188,,739,4208,5.69418132611637,
2020Q2,,S08000017,,S08000017,d,All Inpatients and Day cases,d,1,,729,2017,2.76680384087791,,412,1646,3.99514563106796,
2020Q3,,S08000017,,S08000017,d,All Inpatients and Day cases,d,1,,934,3241,3.47002141327623,,630,3032,4.81269841269841,
2020Q4,,S08000017,,S08000017,d,All Inpatients and Day cases,d,1,,1025,2648,2.58341463414634,,695,2583,3.71654676258993,
2021Q1,,S08000017,,S08000017,d,All Inpatients and Day cases,d,1,,876,2218,2.53196347031963,,566,2435,4.30212014134276,
2021Q2,,S08000017,,S08000017,d,All Inpatients and Day cases,d,1,,1090,2812,2.57981651376147,,709,2918,4.11565585331453,
2021Q3,,S08000017,,S08000017,d,All Inpatients and Day cases,d,1,,1167,3452,2.95801199657241,,796,3293,4.13693467336683,
2021Q4,,S08000017,,S08000017,d,All Inpatients and Day cases,d,1,,865,2768,3.2,,621,3241,5.21900161030596,
2022Q1,,S08000017,,S08000017,d,All Inpatients and Day cases,d,1,,903,2215,2.45293466223699,,601,2387,3.97171381031614,
2022Q2,,S08000017,,S08000017,d,All Inpatients and Day cases,d,1,,1008,2633,2.61210317460317,,678,3461,5.1047197640118,
2022Q3,,S08000017,,S08000017,d,All Inpatients and Day cases,d,1,,918,2920,3.18082788671024,,643,3882,6.03732503888025,
2022Q4,p,S08000017,,S08000017,d,All Inpatients and Day cases,d,1,,857,2226,2.59743290548425,,595,2642,4.44033613445378,
2017Q4,,S08000017,,S08000017,d,All Inpatients and Day cases,d,2,,2995,9897,3.30450751252087,,2031,10129,4.98719842442147,
2018Q1,,S08000017,,S08000017,d,All Inpatients and Day cases,d,2,,3070,8416,2.7413680781759,,2122,8853,4.17200754005655,
2018Q2,,S08000017,,S08000017,d,All Inpatients and Day cases,d,2,,3245,9056,2.79075500770416,,2233,9176,4.10927004030452,
2018Q3,,S08000017,,S08000017,d,All Inpatients and Day cases,d,2,,3191,8860,2.7765590723911,,2140,10022,4.68317757009346,
2018Q4,,S08000017,,S08000017,d,All Inpatients and Day cases,d,2,,3287,8948,2.72223912382111,,2224,8866,3.98651079136691,
2019Q1,,S08000017,,S08000017,d,All Inpatients and Day cases,d,2,,3448,8610,2.49709976798144,,2234,9478,4.24261414503133,
2019Q2,,S08000017,,S08000017,d,All Inpatients and Day cases,d,2,,3434,8314,2.42108328479907,,2232,9098,4.07616487455197,
2019Q3,,S08000017,,S08000017,d,All Inpatients and Day cases,d,2,,3424,9610,2.80665887850467,,2269,9618,4.23887174966946,
2019Q4,,S08000017,,S08000017,d,All Inpatients and Day cases,d,2,,3338,9486,2.84182144997004,,2235,9825,4.39597315436242,
2020Q1,,S08000017,,S08000017,d,All Inpatients and Day cases,d,2,,3167,9352,2.95295232080834,,2096,10783,5.14456106870229,
2020Q2,,S08000017,,S08000017,d,All Inpatients and Day cases,d,2,,1753,5530,3.15459212778095,,1041,5336,5.12584053794428,
2020Q3,,S08000017,,S08000017,d,All Inpatients and Day cases,d,2,,2626,7836,2.98400609291698,,1653,8251,4.99153055051422,
2020Q4,,S08000017,,S08000017,d,All Inpatients and Day cases,d,2,,2923,8030,2.74717755730414,,1907,7989,4.18930256948086,
2021Q1,,S08000017,,S08000017,d,All Inpatients and Day cases,d,2,,2556,7676,3.00312989045383,,1664,7920,4.75961538461539,
2021Q2,,S08000017,,S08000017,d,All Inpatients and Day cases,d,2,,3072,7915,2.57649739583333,,2150,9114,4.23906976744186,
2021Q3,,S08000017,,S08000017,d,All Inpatients and Day cases,d,2,,2823,7616,2.69783917817924,,1987,7776,3.91343734272773,
2021Q4,,S08000017,,S08000017,d,All Inpatients and Day cases,d,2,,2589,7060,2.72692159134801,,1783,7566,4.24340998317443,
2022Q1,,S08000017,,S08000017,d,All Inpatients and Day cases,d,2,,2676,6905,2.58034379671151,,1884,8135,4.31794055201699,
2022Q2,,S08000017,,S08000017,d,All Inpatients and Day cases,d,2,,2872,7678,2.67339832869081,,1947,8809,4.52439650744735,
2022Q3,,S08000017,,S08000017,d,All Inpatients and Day cases,d,2,,2570,6971,2.7124513618677,,1821,7477,4.1059857221307,
2022Q4,p,S08000017,,S08000017,d,All Inpatients and Day cases,d,2,,2592,7379,2.84683641975309,,1846,9589,5.19447453954496,
2017Q4,,S08000017,,S08000017,d,All Inpatients and Day cases,d,3,,4578,12969,2.83289646133683,,3116,14289,4.58568677792041,
2018Q1,,S08000017,,S08000017,d,All Inpatients and Day cases,d,3,,4740,13835,2.91877637130802,,3270,15596,4.76941896024465,
2018Q2,,S08000017,,S08000017,d,All Inpatients and Day cases,d,3,,4679,12184,2.60397520837786,,3243,13669,4.21492445266728,
2018Q3,,S08000017,,S08000017,d,All Inpatients and Day cases,d,3,,4668,12446,2.6662382176521,,3157,13419,4.25055432372506,
2018Q4,,S08000017,,S08000017,d,All Inpatients and Day cases,d,3,,4738,12626,2.66483748417054,,3208,14145,4.40928927680798,
2019Q1,,S08000017,,S08000017,d,All Inpatients and Day cases,d,3,,5047,13633,2.70120863879532,,3219,15113,4.69493631562597,
2019Q2,,S08000017,,S08000017,d,All Inpatients and Day cases,d,3,,5087,14067,2.76528405740122,,3384,15792,4.66666666666667,
2019Q3,,S08000017,,S08000017,d,All Inpatients and Day cases,d,3,,4783,12590,2.63223918043069,,3247,14481,4.45980905451186,
2019Q4,,S08000017,,S08000017,d,All Inpatients and Day cases,d,3,,5111,14239,2.78595186851888,,3463,15945,4.6043892578689,
2020Q1,,S08000017,,S08000017,d,All Inpatients and Day cases,d,3,,4588,13837,3.01591107236269,,3069,16985,5.53437601824699,
2020Q2,,S08000017,,S08000017,d,All Inpatients and Day cases,d,3,,2591,8402,3.24276341181011,,1543,9874,6.39922229423202,
2020Q3,,S08000017,,S08000017,d,All Inpatients and Day cases,d,3,,3921,11836,3.01861769956644,,2518,11714,4.65210484511517,
2020Q4,,S08000017,,S08000017,d,All Inpatients and Day cases,d,3,,4359,13272,3.04473503097041,,2878,12909,4.48540653231411,
2021Q1,,S08000017,,S08000017,d,All Inpatients and Day cases,d,3,,3689,11092,3.00677690431011,,2415,12899,5.34120082815735,
2021Q2,,S08000017,,S08000017,d,All Inpatients and Day cases,d,3,,4512,11049,2.44880319148936,,3138,12668,4.03696622052263,
2021Q3,,S08000017,,S08000017,d,All Inpatients and Day cases,d,3,,4030,11530,2.86104218362283,,2823,12035,4.26319518243004,
2021Q4,,S08000017,,S08000017,d,All Inpatients and Day cases,d,3,,4129,12914,3.12763380963914,,2789,14398,5.16242380781642,
2022Q1,,S08000017,,S08000017,d,All Inpatients and Day cases,d,3,,4113,10813,2.62898127887187,,2882,13041,4.52498265093685,
2022Q2,,S08000017,,S08000017,d,All Inpatients and Day cases,d,3,,4119,11588,2.81330420004856,,2905,13044,4.49018932874355,
2022Q3,,S08000017,,S08000017,d,All Inpatients and Day cases,d,3,,4017,12633,3.14488424197162,,2859,14439,5.05036726128017,
2022Q4,p,S08000017,,S08000017,d,All Inpatients and Day cases,d,3,,4016,12660,3.15239043824701,,2866,14345,5.00523377529658,
2017Q4,,S08000017,,S08000017,d,All Inpatients and Day cases,d,4,,1767,4981,2.81890209394454,,1202,4893,4.07071547420965,
2018Q1,,S08000017,,S08000017,d,All Inpatients and Day cases,d,4,,1754,5070,2.89053591790194,,1237,5867,4.7429264349232,
2018Q2,,S08000017,,S08000017,d,All Inpatients and Day cases,d,4,,1902,4994,2.62565720294427,,1332,5181,3.88963963963964,
2018Q3,,S08000017,,S08000017,d,All Inpatients and Day cases,d,4,,1953,5301,2.71428571428571,,1344,6121,4.55431547619048,
2018Q4,,S08000017,,S08000017,d,All Inpatients and Day cases,d,4,,1933,4950,2.56078634247284,,1335,6004,4.49737827715356,
2019Q1,,S08000017,,S08000017,d,All Inpatients and Day cases,d,4,,2103,5657,2.68996671421778,,1321,5774,4.37093111279334,
2019Q2,,S08000017,,S08000017,d,All Inpatients and Day cases,d,4,,2039,5381,2.63903874448259,,1359,5956,4.38263428991906,
2019Q3,,S08000017,,S08000017,d,All Inpatients and Day cases,d,4,,1954,5461,2.79477993858751,,1331,6398,4.80691209616829,
2019Q4,,S08000017,,S08000017,d,All Inpatients and Day cases,d,4,,2092,5234,2.5019120458891,,1407,5738,4.07818052594172,
2020Q1,,S08000017,,S08000017,d,All Inpatients and Day cases,d,4,,1850,5378,2.90702702702703,,1247,6699,5.37209302325581,
2020Q2,,S08000017,,S08000017,d,All Inpatients and Day cases,d,4,,1061,3420,3.22337417530631,,640,3826,5.978125,
2020Q3,,S08000017,,S08000017,d,All Inpatients and Day cases,d,4,,1558,4366,2.80231065468549,,999,4393,4.3973973973974,
2020Q4,,S08000017,,S08000017,d,All Inpatients and Day cases,d,4,,1660,3848,2.31807228915663,,1186,3979,3.35497470489039,
2021Q1,,S08000017,,S08000017,d,All Inpatients and Day cases,d,4,,1494,4451,2.97925033467202,,998,5127,5.1372745490982,
2021Q2,,S08000017,,S08000017,d,All Inpatients and Day cases,d,4,,1884,4205,2.23195329087049,,1320,4949,3.74924242424242,
2021Q3,,S08000017,,S08000017,d,All Inpatients and Day cases,d,4,,1768,5087,2.87726244343891,,1238,5702,4.60581583198708,
2021Q4,,S08000017,,S08000017,d,All Inpatients and Day cases,d,4,,1687,5099,3.02252519264967,,1209,5964,4.93300248138958,
2022Q1,,S08000017,,S08000017,d,All Inpatients and Day cases,d,4,,1622,4873,3.00431565967941,,1144,5881,5.14073426573427,
2022Q2,,S08000017,,S08000017,d,All Inpatients and Day cases,d,4,,1787,4512,2.52490207050923,,1267,5794,4.57300710339384,
2022Q3,,S08000017,,S08000017,d,All Inpatients and Day cases,d,4,,1633,4883,2.99020208205756,,1173,6821,5.8150042625746,
2022Q4,p,S08000017,,S08000017,d,All Inpatients and Day cases,d,4,,1608,4520,2.81094527363184,,1151,5194,4.5125977410947,
2017Q4,,S08000017,,S08000017,d,All Inpatients and Day cases,d,5,,787,1936,2.45997458703939,,580,1936,3.33793103448276,
2018Q1,,S08000017,,S08000017,d,All Inpatients and Day cases,d,5,,867,2234,2.57670126874279,,602,2306,3.83056478405316,
2018Q2,,S08000017,,S08000017,d,All Inpatients and Day cases,d,5,,912,2228,2.44298245614035,,659,2570,3.89984825493171,
2018Q3,,S08000017,,S08000017,d,All Inpatients and Day cases,d,5,,871,2249,2.58208955223881,,628,2397,3.81687898089172,
2018Q4,,S08000017,,S08000017,d,All Inpatients and Day cases,d,5,,917,2509,2.7360959651036,,638,2727,4.2742946708464,
2019Q1,,S08000017,,S08000017,d,All Inpatients and Day cases,d,5,,837,2260,2.70011947431302,,563,2312,4.10657193605684,
2019Q2,,S08000017,,S08000017,d,All Inpatients and Day cases,d,5,,881,2091,2.37343927355278,,605,2068,3.41818181818182,
2019Q3,,S08000017,,S08000017,d,All Inpatients and Day cases,d,5,,829,1988,2.39806996381182,,613,2231,3.6394779771615,
2019Q4,,S08000017,,S08000017,d,All Inpatients and Day cases,d,5,,958,2342,2.4446764091858,,685,2292,3.34598540145985,
2020Q1,,S08000017,,S08000017,d,All Inpatients and Day cases,d,5,,900,3128,3.47555555555556,,625,3569,5.7104,
2020Q2,,S08000017,,S08000017,d,All Inpatients and Day cases,d,5,,474,1571,3.31434599156118,,283,1766,6.24028268551237,
2020Q3,,S08000017,,S08000017,d,All Inpatients and Day cases,d,5,,663,1810,2.73001508295626,,470,1900,4.04255319148936,
2020Q4,,S08000017,,S08000017,d,All Inpatients and Day cases,d,5,,770,1670,2.16883116883117,,536,1589,2.96455223880597,
2021Q1,,S08000017,,S08000017,d,All Inpatients and Day cases,d,5,,669,1756,2.62481315396114,,462,2158,4.67099567099567,
2021Q2,,S08000017,,S08000017,d,All Inpatients and Day cases,d,5,,880,1804,2.05,,635,1772,2.79055118110236,
2021Q3,,S08000017,,S08000017,d,All Inpatients and Day cases,d,5,,809,2175,2.6885043263288,,579,2683,4.63385146804836,
2021Q4,,S08000017,,S08000017,d,All Inpatients and Day cases,d,5,,796,2352,2.95477386934673,,550,2644,4.80727272727273,
2022Q1,,S08000017,,S08000017,d,All Inpatients and Day cases,d,5,,852,2382,2.79577464788732,,622,2524,4.05787781350482,
2022Q2,,S08000017,,S08000017,d,All Inpatients and Day cases,d,5,,786,2211,2.81297709923664,,593,2257,3.80607082630691,
2022Q3,,S08000017,,S08000017,d,All Inpatients and Day cases,d,5,,820,2272,2.77073170731707,,613,2809,4.58238172920065,
2022Q4,p,S08000017,,S08000017,d,All Inpatients and Day cases,d,5,,816,2665,3.26593137254902,,587,2835,4.82964224872232,
2022Q3,,S08000017,,S08000017,d,All Inpatients and Day cases,d,,:,12,17,1.41666666666667,,10,17,1.7,
2022Q4,p,S08000017,,S08000017,d,All Inpatients and Day cases,d,,:,16,15,0.9375,,11,17,1.54545454545455,
2017Q4,,S08000029,,S12000047,,All Inpatients and Day cases,d,1,,5350,14396,2.69084112149533,,3633,14371,3.95568400770713,
2018Q1,,S08000029,,S12000047,,All Inpatients and Day cases,d,1,,5388,16945,3.14495174461767,,3683,16487,4.47651371164811,
2018Q2,,S08000029,,S12000047,,All Inpatients and Day cases,d,1,,5793,16909,2.91886759882617,,4036,17304,4.28741328047572,
2018Q3,,S08000029,,S12000047,,All Inpatients and Day cases,d,1,,5389,15583,2.89163110038968,,3662,15560,4.24904423812124,
2018Q4,,S08000029,,S12000047,,All Inpatients and Day cases,d,1,,5737,17613,3.07007146592296,,3919,18291,4.6672620566471,
2019Q1,,S08000029,,S12000047,,All Inpatients and Day cases,d,1,,5959,16515,2.77143816076523,,4172,16344,3.91754554170662,
2019Q2,,S08000029,,S12000047,,All Inpatients and Day cases,d,1,,5667,15344,2.70760543497441,,4010,15290,3.81296758104738,
2019Q3,,S08000029,,S12000047,,All Inpatients and Day cases,d,1,,5744,17179,2.99077298050139,,4029,16947,4.20625465376024,
2019Q4,,S08000029,,S12000047,,All Inpatients and Day cases,d,1,,5571,16357,2.93609764853707,,3920,16517,4.21352040816326,
2020Q1,,S08000029,,S12000047,,All Inpatients and Day cases,d,1,,5156,17383,3.37141194724593,,3647,18368,5.03646833013436,
2020Q2,,S08000029,,S12000047,,All Inpatients and Day cases,d,1,,3336,9982,2.99220623501199,,2160,10845,5.02083333333333,
2020Q3,,S08000029,,S12000047,,All Inpatients and Day cases,d,1,,4693,13350,2.84466226294481,,3190,13275,4.16144200626959,
2020Q4,,S08000029,,S12000047,,All Inpatients and Day cases,d,1,,4900,13193,2.69244897959184,,3356,13755,4.09862932061979,
2021Q1,,S08000029,,S12000047,,All Inpatients and Day cases,d,1,,4743,13460,2.83786632932743,,3205,13351,4.16567862714509,
2021Q2,,S08000029,,S12000047,,All Inpatients and Day cases,d,1,,5579,16374,2.9349345760889,,3814,16931,4.43917147351862,
2021Q3,,S08000029,,S12000047,,All Inpatients and Day cases,d,1,,5269,13888,2.63579426836212,,3607,15372,4.26171333518159,
2021Q4,,S08000029,,S12000047,,All Inpatients and Day cases,d,1,,5137,14722,2.86587502433327,,3415,15756,4.61376281112738,
2022Q1,,S08000029,,S12000047,,All Inpatients and Day cases,d,1,,4873,13623,2.79560845475067,,3309,14066,4.25083106678755,
2022Q2,,S08000029,,S12000047,,All Inpatients and Day cases,d,1,,4875,13534,2.77620512820513,,3321,14159,4.26347485697079,
2022Q3,,S08000029,,S12000047,,All Inpatients and Day cases,d,1,,4881,13134,2.69084204056546,,3315,13949,4.2078431372549,
2022Q4,p,S08000029,,S12000047,,All Inpatients and Day cases,d,1,,4849,13293,2.74138997731491,,3375,13423,3.97718518518519,
2017Q4,,S08000029,,S12000047,,All Inpatients and Day cases,d,2,,5597,16091,2.87493299982133,,3851,15652,4.06439885743963,
2018Q1,,S08000029,,S12000047,,All Inpatients and Day cases,d,2,,5534,17569,3.1747379833755,,3791,18180,4.79556845159589,
2018Q2,,S08000029,,S12000047,,All Inpatients and Day cases,d,2,,5748,16295,2.83489909533751,,4072,16719,4.10584479371316,
2018Q3,,S08000029,,S12000047,,All Inpatients and Day cases,d,2,,5571,16085,2.88727338000359,,3979,16906,4.24880623272179,
2018Q4,,S08000029,,S12000047,,All Inpatients and Day cases,d,2,,5924,16941,2.85972316002701,,4142,17459,4.21511347175278,
2019Q1,,S08000029,,S12000047,,All Inpatients and Day cases,d,2,,6095,17685,2.90155865463495,,4277,18442,4.31190086509235,
2019Q2,,S08000029,,S12000047,,All Inpatients and Day cases,d,2,,6024,16962,2.81573705179283,,4282,16726,3.90611863615133,
2019Q3,,S08000029,,S12000047,,All Inpatients and Day cases,d,2,,5774,16042,2.7783165916176,,4130,18264,4.42227602905569,
2019Q4,,S08000029,,S12000047,,All Inpatients and Day cases,d,2,,5991,17750,2.96277749958271,,4178,18432,4.41168022977501,
2020Q1,,S08000029,,S12000047,,All Inpatients and Day cases,d,2,,5566,16648,2.99101688825009,,3951,18447,4.66894457099469,
2020Q2,,S08000029,,S12000047,,All Inpatients and Day cases,d,2,,3631,11224,3.0911594602038,,2398,10997,4.58590492076731,
2020Q3,,S08000029,,S12000047,,All Inpatients and Day cases,d,2,,4890,14208,2.90552147239264,,3384,15129,4.47074468085106,
2020Q4,,S08000029,,S12000047,,All Inpatients and Day cases,d,2,,4898,15755,3.21661902817477,,3400,16796,4.94,
2021Q1,,S08000029,,S12000047,,All Inpatients and Day cases,d,2,,4882,14540,2.97828758705449,,3365,15599,4.63566121842496,
2021Q2,,S08000029,,S12000047,,All Inpatients and Day cases,d,2,,5210,14185,2.72264875239923,,3681,15378,4.17766911165444,
2021Q3,,S08000029,,S12000047,,All Inpatients and Day cases,d,2,,5191,14995,2.88865343864381,,3567,16390,4.59489767311466,
2021Q4,,S08000029,,S12000047,,All Inpatients and Day cases,d,2,,4944,14208,2.87378640776699,,3410,15605,4.57624633431085,
2022Q1,,S08000029,,S12000047,,All Inpatients and Day cases,d,2,,5007,14100,2.81605751947274,,3461,15761,4.55388616006934,
2022Q2,,S08000029,,S12000047,,All Inpatients and Day cases,d,2,,5311,14434,2.71775560158162,,3658,14918,4.0781848004374,
2022Q3,,S08000029,,S12000047,,All Inpatients and Day cases,d,2,,5258,14603,2.77729174591099,,3676,15501,4.21681175190424,
2022Q4,p,S08000029,,S12000047,,All Inpatients and Day cases,d,2,,5276,15266,2.89347990902199,,3618,16056,4.43781094527363,
2017Q4,,S08000029,,S12000047,,All Inpatients and Day cases,d,3,,4806,13542,2.81772784019975,,3416,14084,4.12295081967213,
2018Q1,,S08000029,,S12000047,,All Inpatients and Day cases,d,3,,4795,14671,3.05964546402503,,3382,15610,4.61561206386753,
2018Q2,,S08000029,,S12000047,,All Inpatients and Day cases,d,3,,4660,12416,2.66437768240343,,3352,13604,4.05847255369928,
2018Q3,,S08000029,,S12000047,,All Inpatients and Day cases,d,3,,4687,11897,2.5382974183913,,3464,12066,3.48325635103926,
2018Q4,,S08000029,,S12000047,,All Inpatients and Day cases,d,3,,4928,13198,2.67816558441558,,3540,14222,4.01751412429379,
2019Q1,,S08000029,,S12000047,,All Inpatients and Day cases,d,3,,4900,12650,2.58163265306122,,3549,12949,3.64863341786419,
2019Q2,,S08000029,,S12000047,,All Inpatients and Day cases,d,3,,4873,14192,2.91237430740817,,3469,15765,4.54453733064284,
2019Q3,,S08000029,,S12000047,,All Inpatients and Day cases,d,3,,4871,13668,2.805994662287,,3445,14504,4.21015965166909,
2019Q4,,S08000029,,S12000047,,All Inpatients and Day cases,d,3,,4822,14125,2.92928245541269,,3386,14773,4.3629651506202,
2020Q1,,S08000029,,S12000047,,All Inpatients and Day cases,d,3,,4477,14827,3.31181594817958,,3239,16468,5.08428527323248,
2020Q2,,S08000029,,S12000047,,All Inpatients and Day cases,d,3,,2995,7857,2.62337228714524,,2010,9018,4.4865671641791,
2020Q3,,S08000029,,S12000047,,All Inpatients and Day cases,d,3,,4267,10706,2.50902273259902,,2979,11673,3.91842900302115,
2020Q4,,S08000029,,S12000047,,All Inpatients and Day cases,d,3,,4289,11355,2.64747027279086,,3049,12920,4.23745490324697,
2021Q1,,S08000029,,S12000047,,All Inpatients and Day cases,d,3,,3967,11717,2.95361734308041,,2750,13271,4.82581818181818,
2021Q2,,S08000029,,S12000047,,All Inpatients and Day cases,d,3,,4355,10966,2.51802525832377,,3068,12107,3.94621903520209,
2021Q3,,S08000029,,S12000047,,All Inpatients and Day cases,d,3,,4356,10787,2.47635445362718,,3106,12030,3.87314874436574,
2021Q4,,S08000029,,S12000047,,All Inpatients and Day cases,d,3,,4491,11243,2.50345134713872,,3172,12305,3.87925598991173,
2022Q1,,S08000029,,S12000047,,All Inpatients and Day cases,d,3,,4213,10111,2.39995252788986,,3038,12085,3.97794601711652,
2022Q2,,S08000029,,S12000047,,All Inpatients and Day cases,d,3,,4288,11246,2.62266791044776,,3010,12187,4.04883720930233,
2022Q3,,S08000029,,S12000047,,All Inpatients and Day cases,d,3,,4499,11229,2.49588797510558,,3179,11316,3.55960994023278,
2022Q4,p,S08000029,,S12000047,,All Inpatients and Day cases,d,3,,4532,11591,2.55759046778464,,3238,13127,4.05404570722668,
2017Q4,,S08000029,,S12000047,,All Inpatients and Day cases,d,4,,4415,12722,2.88154020385051,,3174,14090,4.43919344675488,
2018Q1,,S08000029,,S12000047,,All Inpatients and Day cases,d,4,,4404,13022,2.95685740236149,,3122,14690,4.70531710442024,
2018Q2,,S08000029,,S12000047,,All Inpatients and Day cases,d,4,,4385,11778,2.68597491448119,,3251,13550,4.16794832359274,
2018Q3,,S08000029,,S12000047,,All Inpatients and Day cases,d,4,,4173,11254,2.69686077162713,,3047,12218,4.00984574991795,
2018Q4,,S08000029,,S12000047,,All Inpatients and Day cases,d,4,,4160,12364,2.97211538461538,,3076,13120,4.26527958387516,
2019Q1,,S08000029,,S12000047,,All Inpatients and Day cases,d,4,,4355,12246,2.81194029850746,,3270,14293,4.37094801223242,
2019Q2,,S08000029,,S12000047,,All Inpatients and Day cases,d,4,,4404,11592,2.63215258855586,,3249,12379,3.81009541397353,
2019Q3,,S08000029,,S12000047,,All Inpatients and Day cases,d,4,,4293,11010,2.56464011180992,,3118,11047,3.54297626683772,
2019Q4,,S08000029,,S12000047,,All Inpatients and Day cases,d,4,,4440,11724,2.64054054054054,,3214,13468,4.19041692594897,
2020Q1,,S08000029,,S12000047,,All Inpatients and Day cases,d,4,,4065,12313,3.0290282902829,,3027,14179,4.68417575156921,
2020Q2,,S08000029,,S12000047,,All Inpatients and Day cases,d,4,,2782,7614,2.73687994248742,,1908,8465,4.43658280922432,
2020Q3,,S08000029,,S12000047,,All Inpatients and Day cases,d,4,,3767,10409,2.76320679585877,,2729,11298,4.13997801392451,
2020Q4,,S08000029,,S12000047,,All Inpatients and Day cases,d,4,,3684,10463,2.84011943539631,,2666,10800,4.0510127531883,
2021Q1,,S08000029,,S12000047,,All Inpatients and Day cases,d,4,,3523,10031,2.84728924212319,,2481,11199,4.51390568319226,
2021Q2,,S08000029,,S12000047,,All Inpatients and Day cases,d,4,,3966,9751,2.45864851235502,,2879,10787,3.74678707884682,
2021Q3,,S08000029,,S12000047,,All Inpatients and Day cases,d,4,,4111,11061,2.69058623206033,,2922,11517,3.94147843942505,
2021Q4,,S08000029,,S12000047,,All Inpatients and Day cases,d,4,,4000,10969,2.74225,,2850,12463,4.37298245614035,
2022Q1,,S08000029,,S12000047,,All Inpatients and Day cases,d,4,,3993,11047,2.76659153518658,,2858,12784,4.47305808257523,
2022Q2,,S08000029,,S12000047,,All Inpatients and Day cases,d,4,,4077,11113,2.72577875889134,,2964,12998,4.38529014844804,
2022Q3,,S08000029,,S12000047,,All Inpatients and Day cases,d,4,,4119,10830,2.62927895120175,,3010,12212,4.05714285714286,
2022Q4,p,S08000029,,S12000047,,All Inpatients and Day cases,d,4,,4250,10262,2.41458823529412,,3085,11636,3.77179902755267,
2017Q4,,S08000029,,S12000047,,All Inpatients and Day cases,d,5,,3181,7623,2.39641622131405,,2445,8450,3.4560327198364,
2018Q1,,S08000029,,S12000047,,All Inpatients and Day cases,d,5,,3436,8171,2.37805587892899,,2566,8522,3.32112236944661,
2018Q2,,S08000029,,S12000047,,All Inpatients and Day cases,d,5,,3511,8214,2.33950441469667,,2697,8590,3.18502039302929,
2018Q3,,S08000029,,S12000047,,All Inpatients and Day cases,d,5,,3243,7538,2.32439099599137,,2521,7768,3.08131693772313,
2018Q4,,S08000029,,S12000047,,All Inpatients and Day cases,d,5,,3616,8288,2.29203539823009,,2793,9209,3.29717150017902,
2019Q1,,S08000029,,S12000047,,All Inpatients and Day cases,d,5,,3841,7861,2.04660244727935,,2925,8437,2.88444444444444,
2019Q2,,S08000029,,S12000047,,All Inpatients and Day cases,d,5,,3559,9093,2.55493116043833,,2732,9942,3.63909224011713,
2019Q3,,S08000029,,S12000047,,All Inpatients and Day cases,d,5,,3683,8682,2.35731740428998,,2787,9301,3.3372802296376,
2019Q4,,S08000029,,S12000047,,All Inpatients and Day cases,d,5,,3724,8706,2.33780880773362,,2886,9586,3.32155232155232,
2020Q1,,S08000029,,S12000047,,All Inpatients and Day cases,d,5,,3370,8865,2.63056379821958,,2617,9581,3.66106228505923,
2020Q2,,S08000029,,S12000047,,All Inpatients and Day cases,d,5,,2109,5523,2.61877667140825,,1541,6116,3.96885139519792,
2020Q3,,S08000029,,S12000047,,All Inpatients and Day cases,d,5,,3079,7356,2.38908736602793,,2327,8373,3.5981951009884,
2020Q4,,S08000029,,S12000047,,All Inpatients and Day cases,d,5,,3117,6707,2.15174847609881,,2366,7620,3.22062552831784,
2021Q1,,S08000029,,S12000047,,All Inpatients and Day cases,d,5,,2989,7813,2.61391769822683,,2219,8180,3.68634520054078,
2021Q2,,S08000029,,S12000047,,All Inpatients and Day cases,d,5,,3394,7678,2.26222746022392,,2553,8598,3.36780258519389,
2021Q3,,S08000029,,S12000047,,All Inpatients and Day cases,d,5,,3411,7886,2.3119319847552,,2581,8359,3.2386671832623,
2021Q4,,S08000029,,S12000047,,All Inpatients and Day cases,d,5,,3431,7566,2.20518799183911,,2610,8529,3.26781609195402,
2022Q1,,S08000029,,S12000047,,All Inpatients and Day cases,d,5,,3287,7378,2.24459993915424,,2488,7857,3.15795819935691,
2022Q2,,S08000029,,S12000047,,All Inpatients and Day cases,d,5,,3566,8958,2.51205832865956,,2657,9620,3.6206247647723,
2022Q3,,S08000029,,S12000047,,All Inpatients and Day cases,d,5,,3450,7827,2.26869565217391,,2578,8918,3.45927075252133,
2022Q4,p,S08000029,,S12000047,,All Inpatients and Day cases,d,5,,3359,8117,2.4164930038702,,2562,8628,3.36768149882904,
2017Q4,,S08000029,,S08000029,d,All Inpatients and Day cases,d,1,,5350,14396,2.69084112149533,,3633,14371,3.95568400770713,
2018Q1,,S08000029,,S08000029,d,All Inpatients and Day cases,d,1,,5388,16945,3.14495174461767,,3683,16487,4.47651371164811,
2018Q2,,S08000029,,S08000029,d,All Inpatients and Day cases,d,1,,5793,16909,2.91886759882617,,4036,17304,4.28741328047572,
2018Q3,,S08000029,,S08000029,d,All Inpatients and Day cases,d,1,,5389,15583,2.89163110038968,,3662,15560,4.24904423812124,
2018Q4,,S08000029,,S08000029,d,All Inpatients and Day cases,d,1,,5737,17613,3.07007146592296,,3919,18291,4.6672620566471,
2019Q1,,S08000029,,S08000029,d,All Inpatients and Day cases,d,1,,5959,16515,2.77143816076523,,4172,16344,3.91754554170662,
2019Q2,,S08000029,,S08000029,d,All Inpatients and Day cases,d,1,,5667,15344,2.70760543497441,,4010,15290,3.81296758104738,
2019Q3,,S08000029,,S08000029,d,All Inpatients and Day cases,d,1,,5744,17179,2.99077298050139,,4029,16947,4.20625465376024,
2019Q4,,S08000029,,S08000029,d,All Inpatients and Day cases,d,1,,5571,16357,2.93609764853707,,3920,16517,4.21352040816326,
2020Q1,,S08000029,,S08000029,d,All Inpatients and Day cases,d,1,,5156,17383,3.37141194724593,,3647,18368,5.03646833013436,
2020Q2,,S08000029,,S08000029,d,All Inpatients and Day cases,d,1,,3336,9982,2.99220623501199,,2160,10845,5.02083333333333,
2020Q3,,S08000029,,S08000029,d,All Inpatients and Day cases,d,1,,4693,13350,2.84466226294481,,3190,13275,4.16144200626959,
2020Q4,,S08000029,,S08000029,d,All Inpatients and Day cases,d,1,,4900,13193,2.69244897959184,,3356,13755,4.09862932061979,
2021Q1,,S08000029,,S08000029,d,All Inpatients and Day cases,d,1,,4743,13460,2.83786632932743,,3205,13351,4.16567862714509,
2021Q2,,S08000029,,S08000029,d,All Inpatients and Day cases,d,1,,5579,16374,2.9349345760889,,3814,16931,4.43917147351862,
2021Q3,,S08000029,,S08000029,d,All Inpatients and Day cases,d,1,,5269,13888,2.63579426836212,,3607,15372,4.26171333518159,
2021Q4,,S08000029,,S08000029,d,All Inpatients and Day cases,d,1,,5137,14722,2.86587502433327,,3415,15756,4.61376281112738,
2022Q1,,S08000029,,S08000029,d,All Inpatients and Day cases,d,1,,4873,13623,2.79560845475067,,3309,14066,4.25083106678755,
2022Q2,,S08000029,,S08000029,d,All Inpatients and Day cases,d,1,,4875,13534,2.77620512820513,,3321,14159,4.26347485697079,
2022Q3,,S08000029,,S08000029,d,All Inpatients and Day cases,d,1,,4881,13134,2.69084204056546,,3315,13949,4.2078431372549,
2022Q4,p,S08000029,,S08000029,d,All Inpatients and Day cases,d,1,,4849,13293,2.74138997731491,,3375,13423,3.97718518518519,
2017Q4,,S08000029,,S08000029,d,All Inpatients and Day cases,d,2,,5597,16091,2.87493299982133,,3851,15652,4.06439885743963,
2018Q1,,S08000029,,S08000029,d,All Inpatients and Day cases,d,2,,5534,17569,3.1747379833755,,3791,18180,4.79556845159589,
2018Q2,,S08000029,,S08000029,d,All Inpatients and Day cases,d,2,,5748,16295,2.83489909533751,,4072,16719,4.10584479371316,
2018Q3,,S08000029,,S08000029,d,All Inpatients and Day cases,d,2,,5571,16085,2.88727338000359,,3979,16906,4.24880623272179,
2018Q4,,S08000029,,S08000029,d,All Inpatients and Day cases,d,2,,5924,16941,2.85972316002701,,4142,17459,4.21511347175278,
2019Q1,,S08000029,,S08000029,d,All Inpatients and Day cases,d,2,,6095,17685,2.90155865463495,,4277,18442,4.31190086509235,
2019Q2,,S08000029,,S08000029,d,All Inpatients and Day cases,d,2,,6024,16962,2.81573705179283,,4282,16726,3.90611863615133,
2019Q3,,S08000029,,S08000029,d,All Inpatients and Day cases,d,2,,5774,16042,2.7783165916176,,4130,18264,4.42227602905569,
2019Q4,,S08000029,,S08000029,d,All Inpatients and Day cases,d,2,,5991,17750,2.96277749958271,,4178,18432,4.41168022977501,
2020Q1,,S08000029,,S08000029,d,All Inpatients and Day cases,d,2,,5566,16648,2.99101688825009,,3951,18447,4.66894457099469,
2020Q2,,S08000029,,S08000029,d,All Inpatients and Day cases,d,2,,3631,11224,3.0911594602038,,2398,10997,4.58590492076731,
2020Q3,,S08000029,,S08000029,d,All Inpatients and Day cases,d,2,,4890,14208,2.90552147239264,,3384,15129,4.47074468085106,
2020Q4,,S08000029,,S08000029,d,All Inpatients and Day cases,d,2,,4898,15755,3.21661902817477,,3400,16796,4.94,
2021Q1,,S08000029,,S08000029,d,All Inpatients and Day cases,d,2,,4882,14540,2.97828758705449,,3365,15599,4.63566121842496,
2021Q2,,S08000029,,S08000029,d,All Inpatients and Day cases,d,2,,5210,14185,2.72264875239923,,3681,15378,4.17766911165444,
2021Q3,,S08000029,,S08000029,d,All Inpatients and Day cases,d,2,,5191,14995,2.88865343864381,,3567,16390,4.59489767311466,
2021Q4,,S08000029,,S08000029,d,All Inpatients and Day cases,d,2,,4944,14208,2.87378640776699,,3410,15605,4.57624633431085,
2022Q1,,S08000029,,S08000029,d,All Inpatients and Day cases,d,2,,5007,14100,2.81605751947274,,3461,15761,4.55388616006934,
2022Q2,,S08000029,,S08000029,d,All Inpatients and Day cases,d,2,,5311,14434,2.71775560158162,,3658,14918,4.0781848004374,
2022Q3,,S08000029,,S08000029,d,All Inpatients and Day cases,d,2,,5258,14603,2.77729174591099,,3676,15501,4.21681175190424,
2022Q4,p,S08000029,,S08000029,d,All Inpatients and Day cases,d,2,,5276,15266,2.89347990902199,,3618,16056,4.43781094527363,
2017Q4,,S08000029,,S08000029,d,All Inpatients and Day cases,d,3,,4806,13542,2.81772784019975,,3416,14084,4.12295081967213,
2018Q1,,S08000029,,S08000029,d,All Inpatients and Day cases,d,3,,4795,14671,3.05964546402503,,3382,15610,4.61561206386753,
2018Q2,,S08000029,,S08000029,d,All Inpatients and Day cases,d,3,,4660,12416,2.66437768240343,,3352,13604,4.05847255369928,
2018Q3,,S08000029,,S08000029,d,All Inpatients and Day cases,d,3,,4687,11897,2.5382974183913,,3464,12066,3.48325635103926,
2018Q4,,S08000029,,S08000029,d,All Inpatients and Day cases,d,3,,4928,13198,2.67816558441558,,3540,14222,4.01751412429379,
2019Q1,,S08000029,,S08000029,d,All Inpatients and Day cases,d,3,,4900,12650,2.58163265306122,,3549,12949,3.64863341786419,
2019Q2,,S08000029,,S08000029,d,All Inpatients and Day cases,d,3,,4873,14192,2.91237430740817,,3469,15765,4.54453733064284,
2019Q3,,S08000029,,S08000029,d,All Inpatients and Day cases,d,3,,4871,13668,2.805994662287,,3445,14504,4.21015965166909,
2019Q4,,S08000029,,S08000029,d,All Inpatients and Day cases,d,3,,4822,14125,2.92928245541269,,3386,14773,4.3629651506202,
2020Q1,,S08000029,,S08000029,d,All Inpatients and Day cases,d,3,,4477,14827,3.31181594817958,,3239,16468,5.08428527323248,
2020Q2,,S08000029,,S08000029,d,All Inpatients and Day cases,d,3,,2995,7857,2.62337228714524,,2010,9018,4.4865671641791,
2020Q3,,S08000029,,S08000029,d,All Inpatients and Day cases,d,3,,4267,10706,2.50902273259902,,2979,11673,3.91842900302115,
2020Q4,,S08000029,,S08000029,d,All Inpatients and Day cases,d,3,,4289,11355,2.64747027279086,,3049,12920,4.23745490324697,
2021Q1,,S08000029,,S08000029,d,All Inpatients and Day cases,d,3,,3967,11717,2.95361734308041,,2750,13271,4.82581818181818,
2021Q2,,S08000029,,S08000029,d,All Inpatients and Day cases,d,3,,4355,10966,2.51802525832377,,3068,12107,3.94621903520209,
2021Q3,,S08000029,,S08000029,d,All Inpatients and Day cases,d,3,,4356,10787,2.47635445362718,,3106,12030,3.87314874436574,
2021Q4,,S08000029,,S08000029,d,All Inpatients and Day cases,d,3,,4491,11243,2.50345134713872,,3172,12305,3.87925598991173,
2022Q1,,S08000029,,S08000029,d,All Inpatients and Day cases,d,3,,4213,10111,2.39995252788986,,3038,12085,3.97794601711652,
2022Q2,,S08000029,,S08000029,d,All Inpatients and Day cases,d,3,,4288,11246,2.62266791044776,,3010,12187,4.04883720930233,
2022Q3,,S08000029,,S08000029,d,All Inpatients and Day cases,d,3,,4499,11229,2.49588797510558,,3179,11316,3.55960994023278,
2022Q4,p,S08000029,,S08000029,d,All Inpatients and Day cases,d,3,,4532,11591,2.55759046778464,,3238,13127,4.05404570722668,
2017Q4,,S08000029,,S08000029,d,All Inpatients and Day cases,d,4,,4415,12722,2.88154020385051,,3174,14090,4.43919344675488,
2018Q1,,S08000029,,S08000029,d,All Inpatients and Day cases,d,4,,4404,13022,2.95685740236149,,3122,14690,4.70531710442024,
2018Q2,,S08000029,,S08000029,d,All Inpatients and Day cases,d,4,,4385,11778,2.68597491448119,,3251,13550,4.16794832359274,
2018Q3,,S08000029,,S08000029,d,All Inpatients and Day cases,d,4,,4173,11254,2.69686077162713,,3047,12218,4.00984574991795,
2018Q4,,S08000029,,S08000029,d,All Inpatients and Day cases,d,4,,4160,12364,2.97211538461538,,3076,13120,4.26527958387516,
2019Q1,,S08000029,,S08000029,d,All Inpatients and Day cases,d,4,,4355,12246,2.81194029850746,,3270,14293,4.37094801223242,
2019Q2,,S08000029,,S08000029,d,All Inpatients and Day cases,d,4,,4404,11592,2.63215258855586,,3249,12379,3.81009541397353,
2019Q3,,S08000029,,S08000029,d,All Inpatients and Day cases,d,4,,4293,11010,2.56464011180992,,3118,11047,3.54297626683772,
2019Q4,,S08000029,,S08000029,d,All Inpatients and Day cases,d,4,,4440,11724,2.64054054054054,,3214,13468,4.19041692594897,
2020Q1,,S08000029,,S08000029,d,All Inpatients and Day cases,d,4,,4065,12313,3.0290282902829,,3027,14179,4.68417575156921,
2020Q2,,S08000029,,S08000029,d,All Inpatients and Day cases,d,4,,2782,7614,2.73687994248742,,1908,8465,4.43658280922432,
2020Q3,,S08000029,,S08000029,d,All Inpatients and Day cases,d,4,,3767,10409,2.76320679585877,,2729,11298,4.13997801392451,
2020Q4,,S08000029,,S08000029,d,All Inpatients and Day cases,d,4,,3684,10463,2.84011943539631,,2666,10800,4.0510127531883,
2021Q1,,S08000029,,S08000029,d,All Inpatients and Day cases,d,4,,3523,10031,2.84728924212319,,2481,11199,4.51390568319226,
2021Q2,,S08000029,,S08000029,d,All Inpatients and Day cases,d,4,,3966,9751,2.45864851235502,,2879,10787,3.74678707884682,
2021Q3,,S08000029,,S08000029,d,All Inpatients and Day cases,d,4,,4111,11061,2.69058623206033,,2922,11517,3.94147843942505,
2021Q4,,S08000029,,S08000029,d,All Inpatients and Day cases,d,4,,4000,10969,2.74225,,2850,12463,4.37298245614035,
2022Q1,,S08000029,,S08000029,d,All Inpatients and Day cases,d,4,,3993,11047,2.76659153518658,,2858,12784,4.47305808257523,
2022Q2,,S08000029,,S08000029,d,All Inpatients and Day cases,d,4,,4077,11113,2.72577875889134,,2964,12998,4.38529014844804,
2022Q3,,S08000029,,S08000029,d,All Inpatients and Day cases,d,4,,4119,10830,2.62927895120175,,3010,12212,4.05714285714286,
2022Q4,p,S08000029,,S08000029,d,All Inpatients and Day cases,d,4,,4250,10262,2.41458823529412,,3085,11636,3.77179902755267,
2017Q4,,S08000029,,S08000029,d,All Inpatients and Day cases,d,5,,3181,7623,2.39641622131405,,2445,8450,3.4560327198364,
2018Q1,,S08000029,,S08000029,d,All Inpatients and Day cases,d,5,,3436,8171,2.37805587892899,,2566,8522,3.32112236944661,
2018Q2,,S08000029,,S08000029,d,All Inpatients and Day cases,d,5,,3511,8214,2.33950441469667,,2697,8590,3.18502039302929,
2018Q3,,S08000029,,S08000029,d,All Inpatients and Day cases,d,5,,3243,7538,2.32439099599137,,2521,7768,3.08131693772313,
2018Q4,,S08000029,,S08000029,d,All Inpatients and Day cases,d,5,,3616,8288,2.29203539823009,,2793,9209,3.29717150017902,
2019Q1,,S08000029,,S08000029,d,All Inpatients and Day cases,d,5,,3841,7861,2.04660244727935,,2925,8437,2.88444444444444,
2019Q2,,S08000029,,S08000029,d,All Inpatients and Day cases,d,5,,3559,9093,2.55493116043833,,2732,9942,3.63909224011713,
2019Q3,,S08000029,,S08000029,d,All Inpatients and Day cases,d,5,,3683,8682,2.35731740428998,,2787,9301,3.3372802296376,
2019Q4,,S08000029,,S08000029,d,All Inpatients and Day cases,d,5,,3724,8706,2.33780880773362,,2886,9586,3.32155232155232,
2020Q1,,S08000029,,S08000029,d,All Inpatients and Day cases,d,5,,3370,8865,2.63056379821958,,2617,9581,3.66106228505923,
2020Q2,,S08000029,,S08000029,d,All Inpatients and Day cases,d,5,,2109,5523,2.61877667140825,,1541,6116,3.96885139519792,
2020Q3,,S08000029,,S08000029,d,All Inpatients and Day cases,d,5,,3079,7356,2.38908736602793,,2327,8373,3.5981951009884,
2020Q4,,S08000029,,S08000029,d,All Inpatients and Day cases,d,5,,3117,6707,2.15174847609881,,2366,7620,3.22062552831784,
2021Q1,,S08000029,,S08000029,d,All Inpatients and Day cases,d,5,,2989,7813,2.61391769822683,,2219,8180,3.68634520054078,
2021Q2,,S08000029,,S08000029,d,All Inpatients and Day cases,d,5,,3394,7678,2.26222746022392,,2553,8598,3.36780258519389,
2021Q3,,S08000029,,S08000029,d,All Inpatients and Day cases,d,5,,3411,7886,2.3119319847552,,2581,8359,3.2386671832623,
2021Q4,,S08000029,,S08000029,d,All Inpatients and Day cases,d,5,,3431,7566,2.20518799183911,,2610,8529,3.26781609195402,
2022Q1,,S08000029,,S08000029,d,All Inpatients and Day cases,d,5,,3287,7378,2.24459993915424,,2488,7857,3.15795819935691,
2022Q2,,S08000029,,S08000029,d,All Inpatients and Day cases,d,5,,3566,8958,2.51205832865956,,2657,9620,3.6206247647723,
2022Q3,,S08000029,,S08000029,d,All Inpatients and Day cases,d,5,,3450,7827,2.26869565217391,,2578,8918,3.45927075252133,
2022Q4,p,S08000029,,S08000029,d,All Inpatients and Day cases,d,5,,3359,8117,2.4164930038702,,2562,8628,3.36768149882904,
2017Q4,,S08000019,,S12000005,,All Inpatients and Day cases,d,1,,848,3394,4.00235849056604,,594,3401,5.72558922558923,
2018Q1,,S08000019,,S12000005,,All Inpatients and Day cases,d,1,,779,2657,3.41078305519897,,540,2694,4.98888888888889,
2018Q2,,S08000019,,S12000005,,All Inpatients and Day cases,d,1,,793,2854,3.59899117276166,,565,2844,5.03362831858407,
2018Q3,,S08000019,,S12000005,,All Inpatients and Day cases,d,1,,922,3263,3.53904555314534,,615,3117,5.06829268292683,
2018Q4,,S08000019,,S12000005,,All Inpatients and Day cases,d,1,,939,2717,2.89350372736954,,642,2601,4.05140186915888,
2019Q1,,S08000019,,S12000005,,All Inpatients and Day cases,d,1,,863,3554,4.11819235225956,,591,3506,5.93231810490694,
2019Q2,,S08000019,,S12000005,,All Inpatients and Day cases,d,1,,1167,3129,2.68123393316195,,682,3192,4.68035190615836,
2019Q3,,S08000019,,S12000005,,All Inpatients and Day cases,d,1,,1282,2953,2.30343213728549,,670,3066,4.57611940298507,
2019Q4,,S08000019,,S12000005,,All Inpatients and Day cases,d,1,,1353,3150,2.32815964523282,,724,3110,4.29558011049724,
2020Q1,,S08000019,,S12000005,,All Inpatients and Day cases,d,1,,1120,3168,2.82857142857143,,643,3233,5.02799377916019,
2020Q2,,S08000019,,S12000005,,All Inpatients and Day cases,d,1,,906,2509,2.76931567328918,,398,2410,6.05527638190955,
2020Q3,,S08000019,,S12000005,,All Inpatients and Day cases,d,1,,1138,3076,2.70298769771529,,583,2887,4.95197255574614,
2020Q4,,S08000019,,S12000005,,All Inpatients and Day cases,d,1,,1173,3219,2.74424552429668,,523,2927,5.59655831739962,
2021Q1,,S08000019,,S12000005,,All Inpatients and Day cases,d,1,,1254,4174,3.32854864433812,,569,4469,7.85413005272408,
2021Q2,,S08000019,,S12000005,,All Inpatients and Day cases,d,1,,1123,2487,2.21460373998219,,600,2708,4.51333333333333,
2021Q3,,S08000019,,S12000005,,All Inpatients and Day cases,d,1,,1061,3214,3.02921771913289,,538,3196,5.94052044609665,
2021Q4,,S08000019,,S12000005,,All Inpatients and Day cases,d,1,,1099,3141,2.85805277525023,,572,3019,5.27797202797203,
2022Q1,,S08000019,,S12000005,,All Inpatients and Day cases,d,1,,1183,3730,3.15300084530854,,567,3777,6.66137566137566,
2022Q2,,S08000019,,S12000005,,All Inpatients and Day cases,d,1,,1317,3610,2.7410782080486,,630,3382,5.36825396825397,
2022Q3,,S08000019,,S12000005,,All Inpatients and Day cases,d,1,,1229,4093,3.33034987794955,,584,3797,6.50171232876712,
2022Q4,p,S08000019,,S12000005,,All Inpatients and Day cases,d,1,,1152,3765,3.26822916666667,,560,3672,6.55714285714286,
2017Q4,,S08000019,,S12000005,,All Inpatients and Day cases,d,2,,620,2295,3.70161290322581,,421,2240,5.32066508313539,
2018Q1,,S08000019,,S12000005,,All Inpatients and Day cases,d,2,,583,2195,3.76500857632933,,397,1997,5.03022670025189,
2018Q2,,S08000019,,S12000005,,All Inpatients and Day cases,d,2,,723,2629,3.63623789764869,,496,2488,5.01612903225806,
2018Q3,,S08000019,,S12000005,,All Inpatients and Day cases,d,2,,639,2199,3.44131455399061,,434,2154,4.963133640553,
2018Q4,,S08000019,,S12000005,,All Inpatients and Day cases,d,2,,600,2434,4.05666666666667,,421,2317,5.50356294536817,
2019Q1,,S08000019,,S12000005,,All Inpatients and Day cases,d,2,,671,2609,3.88822652757079,,459,2390,5.20697167755991,
2019Q2,,S08000019,,S12000005,,All Inpatients and Day cases,d,2,,910,2536,2.78681318681319,,537,2476,4.61080074487896,
2019Q3,,S08000019,,S12000005,,All Inpatients and Day cases,d,2,,1169,3073,2.62874251497006,,601,3057,5.0865224625624,
2019Q4,,S08000019,,S12000005,,All Inpatients and Day cases,d,2,,1057,2606,2.46546830652791,,540,2900,5.37037037037037,
2020Q1,,S08000019,,S12000005,,All Inpatients and Day cases,d,2,,941,3371,3.58235919234857,,523,3122,5.96940726577438,
2020Q2,,S08000019,,S12000005,,All Inpatients and Day cases,d,2,,598,1742,2.91304347826087,,293,1698,5.79522184300341,
2020Q3,,S08000019,,S12000005,,All Inpatients and Day cases,d,2,,948,2801,2.95464135021097,,436,2667,6.11697247706422,
2020Q4,,S08000019,,S12000005,,All Inpatients and Day cases,d,2,,869,2463,2.83429228998849,,441,2453,5.56235827664399,
2021Q1,,S08000019,,S12000005,,All Inpatients and Day cases,d,2,,940,2811,2.99042553191489,,423,2926,6.91725768321513,
2021Q2,,S08000019,,S12000005,,All Inpatients and Day cases,d,2,,1067,3407,3.19306466729147,,533,3150,5.90994371482176,
2021Q3,,S08000019,,S12000005,,All Inpatients and Day cases,d,2,,902,2656,2.94456762749446,,434,2679,6.17281105990783,
2021Q4,,S08000019,,S12000005,,All Inpatients and Day cases,d,2,,919,2825,3.07399347116431,,451,2878,6.38137472283814,
2022Q1,,S08000019,,S12000005,,All Inpatients and Day cases,d,2,,1047,3654,3.48997134670487,,492,3778,7.67886178861789,
2022Q2,,S08000019,,S12000005,,All Inpatients and Day cases,d,2,,1059,2827,2.66949952785647,,536,2720,5.07462686567164,
2022Q3,,S08000019,,S12000005,,All Inpatients and Day cases,d,2,,1033,3347,3.24007744433688,,507,3733,7.3629191321499,
2022Q4,p,S08000019,,S12000005,,All Inpatients and Day cases,d,2,,1024,3039,2.9677734375,,500,3042,6.084,
2017Q4,,S08000019,,S12000005,,All Inpatients and Day cases,d,3,,435,1740,4,,329,1787,5.43161094224924,
2018Q1,,S08000019,,S12000005,,All Inpatients and Day cases,d,3,,469,1959,4.17697228144989,,330,1753,5.31212121212121,
2018Q2,,S08000019,,S12000005,,All Inpatients and Day cases,d,3,,484,1834,3.78925619834711,,345,2064,5.98260869565217,
2018Q3,,S08000019,,S12000005,,All Inpatients and Day cases,d,3,,457,1679,3.67396061269147,,305,1591,5.21639344262295,
2018Q4,,S08000019,,S12000005,,All Inpatients and Day cases,d,3,,480,1751,3.64791666666667,,333,1821,5.46846846846847,
2019Q1,,S08000019,,S12000005,,All Inpatients and Day cases,d,3,,473,1478,3.12473572938689,,330,1611,4.88181818181818,
2019Q2,,S08000019,,S12000005,,All Inpatients and Day cases,d,3,,681,2181,3.20264317180617,,354,2048,5.78531073446328,
2019Q3,,S08000019,,S12000005,,All Inpatients and Day cases,d,3,,741,2144,2.89338731443995,,377,1907,5.05835543766578,
2019Q4,,S08000019,,S12000005,,All Inpatients and Day cases,d,3,,756,1771,2.34259259259259,,386,1533,3.97150259067358,
2020Q1,,S08000019,,S12000005,,All Inpatients and Day cases,d,3,,608,2325,3.82401315789474,,316,1978,6.25949367088608,
2020Q2,,S08000019,,S12000005,,All Inpatients and Day cases,d,3,,436,1613,3.69954128440367,,191,1730,9.05759162303665,
2020Q3,,S08000019,,S12000005,,All Inpatients and Day cases,d,3,,500,1485,2.97,,257,1543,6.00389105058366,
2020Q4,,S08000019,,S12000005,,All Inpatients and Day cases,d,3,,585,1986,3.3948717948718,,300,1799,5.99666666666667,
2021Q1,,S08000019,,S12000005,,All Inpatients and Day cases,d,3,,572,1483,2.59265734265734,,274,1593,5.81386861313869,
2021Q2,,S08000019,,S12000005,,All Inpatients and Day cases,d,3,,661,1778,2.68986384266263,,358,1750,4.88826815642458,
2021Q3,,S08000019,,S12000005,,All Inpatients and Day cases,d,3,,611,1986,3.25040916530278,,314,1934,6.15923566878981,
2021Q4,,S08000019,,S12000005,,All Inpatients and Day cases,d,3,,670,1806,2.6955223880597,,354,1846,5.21468926553672,
2022Q1,,S08000019,,S12000005,,All Inpatients and Day cases,d,3,,739,2027,2.74289580514208,,361,1897,5.25484764542936,
2022Q2,,S08000019,,S12000005,,All Inpatients and Day cases,d,3,,719,2321,3.22809457579972,,375,2291,6.10933333333333,
2022Q3,,S08000019,,S12000005,,All Inpatients and Day cases,d,3,,641,1881,2.93447737909516,,321,1910,5.95015576323988,
2022Q4,p,S08000019,,S12000005,,All Inpatients and Day cases,d,3,,740,1882,2.54324324324324,,350,1961,5.60285714285714,
2017Q4,,S08000019,,S12000005,,All Inpatients and Day cases,d,4,,331,1236,3.73413897280967,,228,1177,5.16228070175439,
2018Q1,,S08000019,,S12000005,,All Inpatients and Day cases,d,4,,384,1509,3.9296875,,251,1462,5.82470119521912,
2018Q2,,S08000019,,S12000005,,All Inpatients and Day cases,d,4,,384,1545,4.0234375,,277,1760,6.35379061371841,
2018Q3,,S08000019,,S12000005,,All Inpatients and Day cases,d,4,,338,1411,4.17455621301775,,237,1326,5.59493670886076,
2018Q4,,S08000019,,S12000005,,All Inpatients and Day cases,d,4,,358,1585,4.42737430167598,,258,1342,5.2015503875969,
2019Q1,,S08000019,,S12000005,,All Inpatients and Day cases,d,4,,351,1131,3.22222222222222,,257,1223,4.75875486381323,
2019Q2,,S08000019,,S12000005,,All Inpatients and Day cases,d,4,,475,1478,3.11157894736842,,276,1554,5.6304347826087,
2019Q3,,S08000019,,S12000005,,All Inpatients and Day cases,d,4,,586,1604,2.73720136518771,,287,1476,5.14285714285714,
2019Q4,,S08000019,,S12000005,,All Inpatients and Day cases,d,4,,535,1539,2.87663551401869,,306,1527,4.99019607843137,
2020Q1,,S08000019,,S12000005,,All Inpatients and Day cases,d,4,,533,1677,3.14634146341463,,294,1741,5.92176870748299,
2020Q2,,S08000019,,S12000005,,All Inpatients and Day cases,d,4,,338,981,2.90236686390533,,150,1298,8.65333333333333,
2020Q3,,S08000019,,S12000005,,All Inpatients and Day cases,d,4,,481,1406,2.92307692307692,,272,1233,4.53308823529412,
2020Q4,,S08000019,,S12000005,,All Inpatients and Day cases,d,4,,512,1620,3.1640625,,276,1899,6.8804347826087,
2021Q1,,S08000019,,S12000005,,All Inpatients and Day cases,d,4,,472,1083,2.29449152542373,,199,828,4.1608040201005,
2021Q2,,S08000019,,S12000005,,All Inpatients and Day cases,d,4,,555,1908,3.43783783783784,,287,2085,7.26480836236934,
2021Q3,,S08000019,,S12000005,,All Inpatients and Day cases,d,4,,464,1187,2.55818965517241,,249,1113,4.46987951807229,
2021Q4,,S08000019,,S12000005,,All Inpatients and Day cases,d,4,,494,1266,2.56275303643725,,249,1271,5.10441767068273,
2022Q1,,S08000019,,S12000005,,All Inpatients and Day cases,d,4,,489,1273,2.60327198364008,,247,1140,4.61538461538461,
2022Q2,,S08000019,,S12000005,,All Inpatients and Day cases,d,4,,554,1543,2.78519855595668,,288,1517,5.26736111111111,
2022Q3,,S08000019,,S12000005,,All Inpatients and Day cases,d,4,,446,1115,2.5,,235,1206,5.13191489361702,
2022Q4,p,S08000019,,S12000005,,All Inpatients and Day cases,d,4,,432,1117,2.58564814814815,,242,1058,4.37190082644628,
2017Q4,,S08000019,,S12000005,,All Inpatients and Day cases,d,5,,301,1096,3.64119601328904,,225,1105,4.91111111111111,
2018Q1,,S08000019,,S12000005,,All Inpatients and Day cases,d,5,,295,846,2.86779661016949,,206,835,4.05339805825243,
2018Q2,,S08000019,,S12000005,,All Inpatients and Day cases,d,5,,326,1402,4.30061349693251,,246,1559,6.33739837398374,
2018Q3,,S08000019,,S12000005,,All Inpatients and Day cases,d,5,,326,1018,3.12269938650307,,240,1011,4.2125,
2018Q4,,S08000019,,S12000005,,All Inpatients and Day cases,d,5,,302,935,3.09602649006623,,220,892,4.05454545454545,
2019Q1,,S08000019,,S12000005,,All Inpatients and Day cases,d,5,,308,924,3,,222,855,3.85135135135135,
2019Q2,,S08000019,,S12000005,,All Inpatients and Day cases,d,5,,443,1261,2.84650112866817,,280,1443,5.15357142857143,
2019Q3,,S08000019,,S12000005,,All Inpatients and Day cases,d,5,,509,1270,2.4950884086444,,288,1249,4.33680555555556,
2019Q4,,S08000019,,S12000005,,All Inpatients and Day cases,d,5,,564,1431,2.53723404255319,,333,1418,4.25825825825826,
2020Q1,,S08000019,,S12000005,,All Inpatients and Day cases,d,5,,420,855,2.03571428571429,,277,898,3.24187725631769,
2020Q2,,S08000019,,S12000005,,All Inpatients and Day cases,d,5,,299,755,2.52508361204013,,159,757,4.76100628930818,
2020Q3,,S08000019,,S12000005,,All Inpatients and Day cases,d,5,,448,1181,2.63616071428571,,253,1219,4.81818181818182,
2020Q4,,S08000019,,S12000005,,All Inpatients and Day cases,d,5,,385,1024,2.65974025974026,,204,997,4.88725490196078,
2021Q1,,S08000019,,S12000005,,All Inpatients and Day cases,d,5,,481,1179,2.45114345114345,,219,1146,5.23287671232877,
2021Q2,,S08000019,,S12000005,,All Inpatients and Day cases,d,5,,522,1112,2.13026819923372,,300,1088,3.62666666666667,
2021Q3,,S08000019,,S12000005,,All Inpatients and Day cases,d,5,,415,718,1.73012048192771,,231,651,2.81818181818182,
2021Q4,,S08000019,,S12000005,,All Inpatients and Day cases,d,5,,405,990,2.44444444444444,,236,880,3.72881355932203,
2022Q1,,S08000019,,S12000005,,All Inpatients and Day cases,d,5,,460,1305,2.83695652173913,,251,1216,4.84462151394422,
2022Q2,,S08000019,,S12000005,,All Inpatients and Day cases,d,5,,558,1372,2.45878136200717,,286,1483,5.18531468531468,
2022Q3,,S08000019,,S12000005,,All Inpatients and Day cases,d,5,,458,1157,2.52620087336245,,250,1128,4.512,
2022Q4,p,S08000019,,S12000005,,All Inpatients and Day cases,d,5,,553,1464,2.64737793851718,,280,1299,4.63928571428571,
2017Q4,,S08000019,,S12000014,,All Inpatients and Day cases,d,1,,1669,7385,4.42480527261833,,1158,6982,6.0293609671848,
2018Q1,,S08000019,,S12000014,,All Inpatients and Day cases,d,1,,1716,8594,5.00815850815851,,1191,9111,7.64987405541562,
2018Q2,,S08000019,,S12000014,,All Inpatients and Day cases,d,1,,1733,5725,3.30351990767455,,1249,5644,4.51881505204163,
2018Q3,,S08000019,,S12000014,,All Inpatients and Day cases,d,1,,1626,6524,4.01230012300123,,1117,6562,5.87466427931961,
2018Q4,,S08000019,,S12000014,,All Inpatients and Day cases,d,1,,1680,7179,4.27321428571429,,1158,7135,6.16148531951641,
2019Q1,,S08000019,,S12000014,,All Inpatients and Day cases,d,1,,1798,7529,4.18743047830923,,1200,7059,5.8825,
2019Q2,,S08000019,,S12000014,,All Inpatients and Day cases,d,1,,2273,7207,3.17069951605807,,1306,7251,5.552067381317,
2019Q3,,S08000019,,S12000014,,All Inpatients and Day cases,d,1,,2606,6325,2.4270913277053,,1392,6665,4.78807471264368,
2019Q4,,S08000019,,S12000014,,All Inpatients and Day cases,d,1,,2703,5782,2.13910469848317,,1383,5751,4.15835140997831,
2020Q1,,S08000019,,S12000014,,All Inpatients and Day cases,d,1,,2437,6721,2.75789905621666,,1305,7198,5.51570881226054,
2020Q2,,S08000019,,S12000014,,All Inpatients and Day cases,d,1,,1753,4813,2.74557900741586,,767,5078,6.62059973924381,
2020Q3,,S08000019,,S12000014,,All Inpatients and Day cases,d,1,,2278,6318,2.77348551360843,,1119,5932,5.3011617515639,
2020Q4,,S08000019,,S12000014,,All Inpatients and Day cases,d,1,,2274,6089,2.67766051011434,,1135,6012,5.29691629955947,
2021Q1,,S08000019,,S12000014,,All Inpatients and Day cases,d,1,,2329,5598,2.40360669815371,,1068,5327,4.9878277153558,
2021Q2,,S08000019,,S12000014,,All Inpatients and Day cases,d,1,,2535,6146,2.42445759368836,,1257,6418,5.10580747812251,
2021Q3,,S08000019,,S12000014,,All Inpatients and Day cases,d,1,,2375,5664,2.38484210526316,,1192,5454,4.5755033557047,
2021Q4,,S08000019,,S12000014,,All Inpatients and Day cases,d,1,,2254,7135,3.16548358473824,,1222,7312,5.98363338788871,
2022Q1,,S08000019,,S12000014,,All Inpatients and Day cases,d,1,,2331,6574,2.82024882024882,,1141,6479,5.6783523225241,
2022Q2,,S08000019,,S12000014,,All Inpatients and Day cases,d,1,,2578,8026,3.11326609775019,,1280,7782,6.0796875,
2022Q3,,S08000019,,S12000014,,All Inpatients and Day cases,d,1,,2540,7492,2.9496062992126,,1212,7289,6.01402640264026,
2022Q4,p,S08000019,,S12000014,,All Inpatients and Day cases,d,1,,2667,7560,2.83464566929134,,1246,7253,5.82102728731942,
2017Q4,,S08000019,,S12000014,,All Inpatients and Day cases,d,2,,2272,9046,3.98151408450704,,1530,8873,5.79934640522876,
2018Q1,,S08000019,,S12000014,,All Inpatients and Day cases,d,2,,2341,9518,4.06578385305425,,1587,9109,5.73976055450536,
2018Q2,,S08000019,,S12000014,,All Inpatients and Day cases,d,2,,2210,9462,4.2814479638009,,1514,9548,6.30647291941876,
2018Q3,,S08000019,,S12000014,,All Inpatients and Day cases,d,2,,2120,8507,4.0127358490566,,1451,8863,6.10820124052378,
2018Q4,,S08000019,,S12000014,,All Inpatients and Day cases,d,2,,2186,8803,4.02698993595608,,1486,8521,5.73418573351279,
2019Q1,,S08000019,,S12000014,,All Inpatients and Day cases,d,2,,2323,9152,3.93973310374516,,1585,8339,5.26119873817035,
2019Q2,,S08000019,,S12000014,,All Inpatients and Day cases,d,2,,3122,9950,3.18705957719411,,1802,8862,4.91786903440622,
2019Q3,,S08000019,,S12000014,,All Inpatients and Day cases,d,2,,3496,8899,2.54548054919908,,1790,9115,5.09217877094972,
2019Q4,,S08000019,,S12000014,,All Inpatients and Day cases,d,2,,3462,9047,2.61322934719815,,1758,8945,5.08816837315131,
2020Q1,,S08000019,,S12000014,,All Inpatients and Day cases,d,2,,3147,10195,3.23959326342548,,1708,10313,6.03805620608899,
2020Q2,,S08000019,,S12000014,,All Inpatients and Day cases,d,2,,2295,6208,2.70501089324619,,1064,6614,6.21616541353383,
2020Q3,,S08000019,,S12000014,,All Inpatients and Day cases,d,2,,2813,7177,2.55136864557412,,1384,6370,4.60260115606936,
2020Q4,,S08000019,,S12000014,,All Inpatients and Day cases,d,2,,2877,7995,2.77893639207508,,1416,8280,5.84745762711864,
2021Q1,,S08000019,,S12000014,,All Inpatients and Day cases,d,2,,3165,8101,2.55955766192733,,1366,7815,5.72108345534407,
2021Q2,,S08000019,,S12000014,,All Inpatients and Day cases,d,2,,3228,8346,2.58550185873606,,1594,8485,5.32308657465496,
2021Q3,,S08000019,,S12000014,,All Inpatients and Day cases,d,2,,2852,8084,2.83450210378682,,1420,7960,5.6056338028169,
2021Q4,,S08000019,,S12000014,,All Inpatients and Day cases,d,2,,2883,8381,2.90704127644814,,1500,8568,5.712,
2022Q1,,S08000019,,S12000014,,All Inpatients and Day cases,d,2,,3081,8743,2.83771502758845,,1501,10284,6.85143237841439,
2022Q2,,S08000019,,S12000014,,All Inpatients and Day cases,d,2,,3354,10045,2.99493142516398,,1672,9680,5.78947368421053,
2022Q3,,S08000019,,S12000014,,All Inpatients and Day cases,d,2,,3286,10840,3.29884357881923,,1616,10685,6.61200495049505,
2022Q4,p,S08000019,,S12000014,,All Inpatients and Day cases,d,2,,3393,9818,2.89360447981138,,1584,10345,6.53093434343434,
2017Q4,,S08000019,,S12000014,,All Inpatients and Day cases,d,3,,2225,8736,3.92629213483146,,1522,7874,5.17345597897503,
2018Q1,,S08000019,,S12000014,,All Inpatients and Day cases,d,3,,2107,8836,4.19364024679639,,1466,8451,5.76466575716235,
2018Q2,,S08000019,,S12000014,,All Inpatients and Day cases,d,3,,2294,8876,3.86922406277245,,1589,9236,5.81246066708622,
2018Q3,,S08000019,,S12000014,,All Inpatients and Day cases,d,3,,2142,8210,3.8328664799253,,1497,7997,5.34201736806947,
2018Q4,,S08000019,,S12000014,,All Inpatients and Day cases,d,3,,2285,9921,4.3417943107221,,1616,9887,6.11819306930693,
2019Q1,,S08000019,,S12000014,,All Inpatients and Day cases,d,3,,2242,8125,3.62399643175736,,1565,8103,5.1776357827476,
2019Q2,,S08000019,,S12000014,,All Inpatients and Day cases,d,3,,3063,8343,2.72380019588639,,1807,8192,4.53348090758163,
2019Q3,,S08000019,,S12000014,,All Inpatients and Day cases,d,3,,3279,7738,2.35986581274779,,1753,7235,4.12721049629207,
2019Q4,,S08000019,,S12000014,,All Inpatients and Day cases,d,3,,3361,8259,2.4573043736983,,1756,8105,4.61560364464692,
2020Q1,,S08000019,,S12000014,,All Inpatients and Day cases,d,3,,2887,8011,2.77485278836162,,1652,7922,4.7953995157385,
2020Q2,,S08000019,,S12000014,,All Inpatients and Day cases,d,3,,2149,6353,2.95625872498837,,986,6071,6.15720081135903,
2020Q3,,S08000019,,S12000014,,All Inpatients and Day cases,d,3,,2563,6640,2.59071400702302,,1315,6446,4.90190114068441,
2020Q4,,S08000019,,S12000014,,All Inpatients and Day cases,d,3,,2979,7712,2.58878818395435,,1465,7497,5.11740614334471,
2021Q1,,S08000019,,S12000014,,All Inpatients and Day cases,d,3,,2948,7987,2.70929443690638,,1300,7827,6.02076923076923,
2021Q2,,S08000019,,S12000014,,All Inpatients and Day cases,d,3,,3026,6474,2.13945803040317,,1576,6954,4.41243654822335,
2021Q3,,S08000019,,S12000014,,All Inpatients and Day cases,d,3,,2714,7061,2.60169491525424,,1449,6353,4.38440303657695,
2021Q4,,S08000019,,S12000014,,All Inpatients and Day cases,d,3,,2784,8814,3.16594827586207,,1551,9232,5.95228884590587,
2022Q1,,S08000019,,S12000014,,All Inpatients and Day cases,d,3,,2803,7907,2.82090617195862,,1423,8006,5.62614195361911,
2022Q2,,S08000019,,S12000014,,All Inpatients and Day cases,d,3,,3089,7685,2.48786014891551,,1625,7769,4.78092307692308,
2022Q3,,S08000019,,S12000014,,All Inpatients and Day cases,d,3,,2978,8464,2.84217595701813,,1553,8212,5.28783000643915,
2022Q4,p,S08000019,,S12000014,,All Inpatients and Day cases,d,3,,3245,9150,2.81972265023113,,1579,9223,5.8410386320456,
2017Q4,,S08000019,,S12000014,,All Inpatients and Day cases,d,4,,1285,3962,3.08326848249027,,933,4176,4.47588424437299,
2018Q1,,S08000019,,S12000014,,All Inpatients and Day cases,d,4,,1151,3984,3.46133796698523,,818,4097,5.00855745721271,
2018Q2,,S08000019,,S12000014,,All Inpatients and Day cases,d,4,,1269,3901,3.07407407407407,,903,3696,4.09302325581395,
2018Q3,,S08000019,,S12000014,,All Inpatients and Day cases,d,4,,1225,5074,4.14204081632653,,867,4756,5.48558246828143,
2018Q4,,S08000019,,S12000014,,All Inpatients and Day cases,d,4,,1188,4698,3.95454545454545,,855,4975,5.8187134502924,
2019Q1,,S08000019,,S12000014,,All Inpatients and Day cases,d,4,,1299,4350,3.34872979214781,,920,4059,4.41195652173913,
2019Q2,,S08000019,,S12000014,,All Inpatients and Day cases,d,4,,1748,4670,2.67162471395881,,1059,4760,4.49480642115203,
2019Q3,,S08000019,,S12000014,,All Inpatients and Day cases,d,4,,2112,4595,2.17566287878788,,1124,4173,3.7126334519573,
2019Q4,,S08000019,,S12000014,,All Inpatients and Day cases,d,4,,1914,5326,2.78265412748171,,1079,5723,5.30398517145505,
2020Q1,,S08000019,,S12000014,,All Inpatients and Day cases,d,4,,1823,4918,2.69775095995612,,1014,4696,4.63116370808678,
2020Q2,,S08000019,,S12000014,,All Inpatients and Day cases,d,4,,1260,3096,2.45714285714286,,625,3034,4.8544,
2020Q3,,S08000019,,S12000014,,All Inpatients and Day cases,d,4,,1478,3457,2.33897158322057,,794,3347,4.21536523929471,
2020Q4,,S08000019,,S12000014,,All Inpatients and Day cases,d,4,,1543,3680,2.3849643551523,,848,3779,4.4563679245283,
2021Q1,,S08000019,,S12000014,,All Inpatients and Day cases,d,4,,1734,4146,2.39100346020761,,813,3993,4.91143911439114,
2021Q2,,S08000019,,S12000014,,All Inpatients and Day cases,d,4,,1847,4528,2.45154304277206,,954,4486,4.70230607966457,
2021Q3,,S08000019,,S12000014,,All Inpatients and Day cases,d,4,,1628,3774,2.31818181818182,,891,3425,3.84399551066218,
2021Q4,,S08000019,,S12000014,,All Inpatients and Day cases,d,4,,1722,4921,2.85772357723577,,960,5127,5.340625,
2022Q1,,S08000019,,S12000014,,All Inpatients and Day cases,d,4,,1780,4432,2.48988764044944,,945,4457,4.71640211640212,
2022Q2,,S08000019,,S12000014,,All Inpatients and Day cases,d,4,,1632,3969,2.43198529411765,,934,3665,3.92398286937902,
2022Q3,,S08000019,,S12000014,,All Inpatients and Day cases,d,4,,1822,5689,3.12239297475302,,930,5766,6.2,
2022Q4,p,S08000019,,S12000014,,All Inpatients and Day cases,d,4,,1837,5728,3.11812738160044,,926,5677,6.13066954643628,
2017Q4,,S08000019,,S12000014,,All Inpatients and Day cases,d,5,,1057,3171,3,,804,3419,4.25248756218905,
2018Q1,,S08000019,,S12000014,,All Inpatients and Day cases,d,5,,1028,3472,3.37743190661479,,753,3309,4.39442231075697,
2018Q2,,S08000019,,S12000014,,All Inpatients and Day cases,d,5,,1052,4207,3.99904942965779,,788,4542,5.76395939086294,
2018Q3,,S08000019,,S12000014,,All Inpatients and Day cases,d,5,,1046,3826,3.65774378585086,,764,3828,5.01047120418848,
2018Q4,,S08000019,,S12000014,,All Inpatients and Day cases,d,5,,1032,3548,3.43798449612403,,749,3570,4.76635514018692,
2019Q1,,S08000019,,S12000014,,All Inpatients and Day cases,d,5,,1001,2949,2.94605394605395,,758,2757,3.63720316622691,
2019Q2,,S08000019,,S12000014,,All Inpatients and Day cases,d,5,,1515,3376,2.22838283828383,,941,3157,3.35494155154091,
2019Q3,,S08000019,,S12000014,,All Inpatients and Day cases,d,5,,1715,3748,2.18542274052478,,1014,3474,3.42603550295858,
2019Q4,,S08000019,,S12000014,,All Inpatients and Day cases,d,5,,1794,3848,2.14492753623188,,1046,3708,3.54493307839388,
2020Q1,,S08000019,,S12000014,,All Inpatients and Day cases,d,5,,1541,3704,2.40363400389358,,972,3685,3.79115226337449,
2020Q2,,S08000019,,S12000014,,All Inpatients and Day cases,d,5,,979,2320,2.36976506639428,,504,2174,4.31349206349206,
2020Q3,,S08000019,,S12000014,,All Inpatients and Day cases,d,5,,1337,3354,2.50860134629768,,760,3052,4.01578947368421,
2020Q4,,S08000019,,S12000014,,All Inpatients and Day cases,d,5,,1314,3555,2.70547945205479,,732,3397,4.64071038251366,
2021Q1,,S08000019,,S12000014,,All Inpatients and Day cases,d,5,,1413,3079,2.1790516631281,,751,3273,4.35818908122503,
2021Q2,,S08000019,,S12000014,,All Inpatients and Day cases,d,5,,1616,3769,2.33230198019802,,901,3842,4.26415094339623,
2021Q3,,S08000019,,S12000014,,All Inpatients and Day cases,d,5,,1450,3274,2.25793103448276,,864,3388,3.9212962962963,
2021Q4,,S08000019,,S12000014,,All Inpatients and Day cases,d,5,,1428,3571,2.50070028011204,,834,3120,3.7410071942446,
2022Q1,,S08000019,,S12000014,,All Inpatients and Day cases,d,5,,1465,3488,2.38088737201365,,831,3226,3.8820697954272,
2022Q2,,S08000019,,S12000014,,All Inpatients and Day cases,d,5,,1610,4507,2.79937888198758,,930,4561,4.90430107526882,
2022Q3,,S08000019,,S12000014,,All Inpatients and Day cases,d,5,,1601,3938,2.45971267957527,,869,3935,4.52819332566168,
2022Q4,p,S08000019,,S12000014,,All Inpatients and Day cases,d,5,,1611,3065,1.90254500310366,,876,2929,3.34360730593607,
2017Q4,,S08000019,,S08000019,d,All Inpatients and Day cases,d,1,,3174,13227,4.16729678638941,,2194,12875,5.86827711941659,
2018Q1,,S08000019,,S08000019,d,All Inpatients and Day cases,d,1,,3189,14311,4.48761367199749,,2190,14882,6.79543378995434,
2018Q2,,S08000019,,S08000019,d,All Inpatients and Day cases,d,1,,3155,11054,3.50364500792393,,2253,11093,4.92365734576121,
2018Q3,,S08000019,,S08000019,d,All Inpatients and Day cases,d,1,,3207,11957,3.72840661053944,,2192,11663,5.32071167883212,
2018Q4,,S08000019,,S08000019,d,All Inpatients and Day cases,d,1,,3332,12518,3.75690276110444,,2296,12160,5.29616724738676,
2019Q1,,S08000019,,S08000019,d,All Inpatients and Day cases,d,1,,3347,13648,4.07768150582611,,2275,13161,5.78505494505495,
2019Q2,,S08000019,,S08000019,d,All Inpatients and Day cases,d,1,,4418,13825,3.12924400181077,,2499,13256,5.30452180872349,
2019Q3,,S08000019,,S08000019,d,All Inpatients and Day cases,d,1,,5016,12339,2.45992822966507,,2669,13111,4.91232671412514,
2019Q4,,S08000019,,S08000019,d,All Inpatients and Day cases,d,1,,5133,11624,2.26456263393727,,2630,11584,4.40456273764259,
2020Q1,,S08000019,,S08000019,d,All Inpatients and Day cases,d,1,,4512,12515,2.77371453900709,,2487,12929,5.19863289103337,
2020Q2,,S08000019,,S08000019,d,All Inpatients and Day cases,d,1,,3279,8784,2.67886550777676,,1455,8975,6.16838487972509,
2020Q3,,S08000019,,S08000019,d,All Inpatients and Day cases,d,1,,4197,11016,2.62473195139385,,2111,10395,4.92420653718617,
2020Q4,,S08000019,,S08000019,d,All Inpatients and Day cases,d,1,,4388,11537,2.6292160437557,,2118,10921,5.15627950897073,
2021Q1,,S08000019,,S08000019,d,All Inpatients and Day cases,d,1,,4430,12172,2.74762979683973,,2021,12276,6.07422068283028,
2021Q2,,S08000019,,S08000019,d,All Inpatients and Day cases,d,1,,4623,10672,2.30845771144279,,2316,11260,4.86183074265976,
2021Q3,,S08000019,,S08000019,d,All Inpatients and Day cases,d,1,,4413,12102,2.74235214140041,,2217,11710,5.28191249436175,
2021Q4,,S08000019,,S08000019,d,All Inpatients and Day cases,d,1,,4211,12837,3.04844454998813,,2243,12990,5.79135086937138,
2022Q1,,S08000019,,S08000019,d,All Inpatients and Day cases,d,1,,4483,12783,2.85143876868169,,2212,12707,5.74457504520796,
2022Q2,,S08000019,,S08000019,d,All Inpatients and Day cases,d,1,,4910,13889,2.82871690427699,,2406,13508,5.61429758935993,
2022Q3,,S08000019,,S08000019,d,All Inpatients and Day cases,d,1,,4708,13902,2.95284621920136,,2274,13173,5.79287598944591,
2022Q4,p,S08000019,,S08000019,d,All Inpatients and Day cases,d,1,,4757,13747,2.8898465419382,,2250,13270,5.89777777777778,
2017Q4,,S08000019,,S08000019,d,All Inpatients and Day cases,d,2,,3593,14307,3.98190926802115,,2408,14054,5.83637873754153,
2018Q1,,S08000019,,S08000019,d,All Inpatients and Day cases,d,2,,3607,14570,4.03936789575825,,2447,13965,5.70698814875358,
2018Q2,,S08000019,,S08000019,d,All Inpatients and Day cases,d,2,,3707,14928,4.02697599136768,,2530,14763,5.83517786561265,
2018Q3,,S08000019,,S08000019,d,All Inpatients and Day cases,d,2,,3453,13187,3.8189979727773,,2351,13363,5.68396427052318,
2018Q4,,S08000019,,S08000019,d,All Inpatients and Day cases,d,2,,3545,14580,4.11283497884344,,2419,14361,5.93675072343944,
2019Q1,,S08000019,,S08000019,d,All Inpatients and Day cases,d,2,,3744,14922,3.98557692307692,,2547,13950,5.47703180212014,
2019Q2,,S08000019,,S08000019,d,All Inpatients and Day cases,d,2,,4999,15061,3.0128025605121,,2860,13743,4.80524475524475,
2019Q3,,S08000019,,S08000019,d,All Inpatients and Day cases,d,2,,5713,14681,2.56975319446876,,2941,15027,5.10948656919415,
2019Q4,,S08000019,,S08000019,d,All Inpatients and Day cases,d,2,,5617,14538,2.58821434929678,,2886,15156,5.25155925155925,
2020Q1,,S08000019,,S08000019,d,All Inpatients and Day cases,d,2,,5057,16785,3.31916155823611,,2793,16193,5.79770855710705,
2020Q2,,S08000019,,S08000019,d,All Inpatients and Day cases,d,2,,3606,9652,2.67665002773156,,1731,10258,5.9260543038706,
2020Q3,,S08000019,,S08000019,d,All Inpatients and Day cases,d,2,,4703,12354,2.62683393578567,,2310,11842,5.12640692640693,
2020Q4,,S08000019,,S08000019,d,All Inpatients and Day cases,d,2,,4741,12879,2.71651550305843,,2364,13022,5.50846023688663,
2021Q1,,S08000019,,S08000019,d,All Inpatients and Day cases,d,2,,5264,13652,2.59346504559271,,2318,13436,5.79637618636756,
2021Q2,,S08000019,,S08000019,d,All Inpatients and Day cases,d,2,,5358,14455,2.69783501306458,,2674,14245,5.32722513089005,
2021Q3,,S08000019,,S08000019,d,All Inpatients and Day cases,d,2,,4746,13442,2.8322798145807,,2326,13269,5.70464316423044,
2021Q4,,S08000019,,S08000019,d,All Inpatients and Day cases,d,2,,4779,15048,3.14877589453861,,2475,14981,6.05292929292929,
2022Q1,,S08000019,,S08000019,d,All Inpatients and Day cases,d,2,,5078,15259,3.00492319810949,,2449,16639,6.79420171498571,
2022Q2,,S08000019,,S08000019,d,All Inpatients and Day cases,d,2,,5428,16505,3.04071481208548,,2698,16478,6.10748702742772,
2022Q3,,S08000019,,S08000019,d,All Inpatients and Day cases,d,2,,5356,17401,3.24887976101568,,2658,17895,6.73250564334086,
2022Q4,p,S08000019,,S08000019,d,All Inpatients and Day cases,d,2,,5460,15631,2.86282051282051,,2598,16460,6.3356428021555,
2017Q4,,S08000019,,S08000019,d,All Inpatients and Day cases,d,3,,3380,13301,3.93520710059172,,2376,12533,5.27483164983165,
2018Q1,,S08000019,,S08000019,d,All Inpatients and Day cases,d,3,,3250,13164,4.05046153846154,,2254,12313,5.46273291925466,
2018Q2,,S08000019,,S08000019,d,All Inpatients and Day cases,d,3,,3442,13051,3.79169087739686,,2403,13689,5.69662921348315,
2018Q3,,S08000019,,S08000019,d,All Inpatients and Day cases,d,3,,3306,13179,3.98638838475499,,2283,12872,5.63819535698642,
2018Q4,,S08000019,,S08000019,d,All Inpatients and Day cases,d,3,,3498,14732,4.21154945683248,,2460,14750,5.99593495934959,
2019Q1,,S08000019,,S08000019,d,All Inpatients and Day cases,d,3,,3407,12791,3.75432932198415,,2384,12911,5.41568791946309,
2019Q2,,S08000019,,S08000019,d,All Inpatients and Day cases,d,3,,4663,13504,2.89598970619773,,2697,13100,4.85724879495736,
2019Q3,,S08000019,,S08000019,d,All Inpatients and Day cases,d,3,,5048,13051,2.58538034865293,,2682,12316,4.59209545115585,
2019Q4,,S08000019,,S08000019,d,All Inpatients and Day cases,d,3,,5141,13026,2.5337482979965,,2707,12703,4.69264868858515,
2020Q1,,S08000019,,S08000019,d,All Inpatients and Day cases,d,3,,4487,13591,3.02897258747493,,2498,13139,5.25980784627702,
2020Q2,,S08000019,,S08000019,d,All Inpatients and Day cases,d,3,,3246,9675,2.98059149722736,,1472,9404,6.38858695652174,
2020Q3,,S08000019,,S08000019,d,All Inpatients and Day cases,d,3,,3847,10376,2.69716662334286,,1972,10179,5.16176470588235,
2020Q4,,S08000019,,S08000019,d,All Inpatients and Day cases,d,3,,4511,11917,2.64176457548215,,2288,11741,5.13155594405594,
2021Q1,,S08000019,,S08000019,d,All Inpatients and Day cases,d,3,,4572,11427,2.499343832021,,2061,11303,5.48423095584668,
2021Q2,,S08000019,,S08000019,d,All Inpatients and Day cases,d,3,,4813,10828,2.24974028672346,,2506,11118,4.4365522745411,
2021Q3,,S08000019,,S08000019,d,All Inpatients and Day cases,d,3,,4248,11553,2.71963276836158,,2277,10939,4.80412823891085,
2021Q4,,S08000019,,S08000019,d,All Inpatients and Day cases,d,3,,4388,13395,3.05264357338195,,2430,13742,5.65514403292181,
2022Q1,,S08000019,,S08000019,d,All Inpatients and Day cases,d,3,,4463,12424,2.78377772798566,,2295,12250,5.33769063180828,
2022Q2,,S08000019,,S08000019,d,All Inpatients and Day cases,d,3,,4812,12643,2.62738985868662,,2544,12682,4.98506289308176,
2022Q3,,S08000019,,S08000019,d,All Inpatients and Day cases,d,3,,4656,13027,2.79789518900344,,2419,12892,5.32947498966515,
2022Q4,p,S08000019,,S08000019,d,All Inpatients and Day cases,d,3,,5031,13877,2.75829854899622,,2503,14256,5.69556532161406,
2017Q4,,S08000019,,S08000019,d,All Inpatients and Day cases,d,4,,2862,9601,3.35464709993012,,2069,9684,4.68052199130014,
2018Q1,,S08000019,,S08000019,d,All Inpatients and Day cases,d,4,,2776,9735,3.50684438040346,,1934,9420,4.87073422957601,
2018Q2,,S08000019,,S08000019,d,All Inpatients and Day cases,d,4,,2895,9882,3.41347150259067,,2060,9673,4.69563106796117,
2018Q3,,S08000019,,S08000019,d,All Inpatients and Day cases,d,4,,2757,11096,4.0246644903881,,1935,11042,5.70645994832041,
2018Q4,,S08000019,,S08000019,d,All Inpatients and Day cases,d,4,,2817,11468,4.07099751508697,,1979,11632,5.877716018191,
2019Q1,,S08000019,,S08000019,d,All Inpatients and Day cases,d,4,,2963,10868,3.66790415119811,,2070,10401,5.02463768115942,
2019Q2,,S08000019,,S08000019,d,All Inpatients and Day cases,d,4,,3919,11438,2.91860168410309,,2316,11524,4.97582037996546,
2019Q3,,S08000019,,S08000019,d,All Inpatients and Day cases,d,4,,4387,10826,2.46774561203556,,2391,10314,4.31367628607277,
2019Q4,,S08000019,,S08000019,d,All Inpatients and Day cases,d,4,,4328,12173,2.81261552680222,,2494,12558,5.03528468323978,
2020Q1,,S08000019,,S08000019,d,All Inpatients and Day cases,d,4,,3831,10922,2.85095275385017,,2194,10575,4.81996353691887,
2020Q2,,S08000019,,S08000019,d,All Inpatients and Day cases,d,4,,2642,7374,2.79106737320212,,1308,7052,5.3914373088685,
2020Q3,,S08000019,,S08000019,d,All Inpatients and Day cases,d,4,,3363,7998,2.37823371989295,,1861,8202,4.40730789897904,
2020Q4,,S08000019,,S08000019,d,All Inpatients and Day cases,d,4,,3498,8210,2.34705546026301,,1955,8748,4.47468030690537,
2021Q1,,S08000019,,S08000019,d,All Inpatients and Day cases,d,4,,3702,9045,2.44327390599676,,1744,8437,4.83772935779816,
2021Q2,,S08000019,,S08000019,d,All Inpatients and Day cases,d,4,,4339,10549,2.43120534685411,,2243,10543,4.70040124832813,
2021Q3,,S08000019,,S08000019,d,All Inpatients and Day cases,d,4,,3614,9061,2.50719424460432,,1990,8262,4.15175879396985,
2021Q4,,S08000019,,S08000019,d,All Inpatients and Day cases,d,4,,3741,10665,2.85084202085004,,2112,10790,5.10890151515152,
2022Q1,,S08000019,,S08000019,d,All Inpatients and Day cases,d,4,,3733,10412,2.78917760514332,,2029,11103,5.47215377033021,
2022Q2,,S08000019,,S08000019,d,All Inpatients and Day cases,d,4,,3712,9331,2.51373922413793,,2110,8940,4.23696682464455,
2022Q3,,S08000019,,S08000019,d,All Inpatients and Day cases,d,4,,3910,11109,2.84117647058824,,2066,10737,5.19699903194579,
2022Q4,p,S08000019,,S08000019,d,All Inpatients and Day cases,d,4,,3983,11773,2.9558122018579,,2078,11870,5.71222329162656,
2017Q4,,S08000019,,S08000019,d,All Inpatients and Day cases,d,5,,2395,7497,3.13027139874739,,1806,7758,4.29568106312292,
2018Q1,,S08000019,,S08000019,d,All Inpatients and Day cases,d,5,,2261,7558,3.34276868642194,,1642,7301,4.44640682095006,
2018Q2,,S08000019,,S08000019,d,All Inpatients and Day cases,d,5,,2363,8949,3.78713499788405,,1742,9495,5.45063145809414,
2018Q3,,S08000019,,S08000019,d,All Inpatients and Day cases,d,5,,2314,7738,3.34399308556612,,1691,7545,4.46185688941455,
2018Q4,,S08000019,,S08000019,d,All Inpatients and Day cases,d,5,,2304,7859,3.41102430555556,,1707,8050,4.71587580550674,
2019Q1,,S08000019,,S08000019,d,All Inpatients and Day cases,d,5,,2247,6956,3.09568313306631,,1663,6645,3.99579073962718,
2019Q2,,S08000019,,S08000019,d,All Inpatients and Day cases,d,5,,3182,8025,2.52199874292898,,2002,7660,3.82617382617383,
2019Q3,,S08000019,,S08000019,d,All Inpatients and Day cases,d,5,,3761,12003,3.19143844722148,,2169,11667,5.3789764868603,
2019Q4,,S08000019,,S08000019,d,All Inpatients and Day cases,d,5,,3935,10078,2.56111817026684,,2283,10058,4.40560665790626,
2020Q1,,S08000019,,S08000019,d,All Inpatients and Day cases,d,5,,3396,8925,2.62809187279152,,2093,8738,4.17486860965122,
2020Q2,,S08000019,,S08000019,d,All Inpatients and Day cases,d,5,,2200,5761,2.61863636363636,,1124,5734,5.10142348754448,
2020Q3,,S08000019,,S08000019,d,All Inpatients and Day cases,d,5,,3011,7894,2.62172035868482,,1701,7304,4.29394473838918,
2020Q4,,S08000019,,S08000019,d,All Inpatients and Day cases,d,5,,3106,8244,2.6542176432710902,,1711,7983,4.66569257744009,
2021Q1,,S08000019,,S08000019,d,All Inpatients and Day cases,d,5,,3058,7808,2.55330281229562,,1568,8114,5.17474489795918,
2021Q2,,S08000019,,S08000019,d,All Inpatients and Day cases,d,5,,3535,8123,2.2978783592645,,1934,8148,4.21302998965874,
2021Q3,,S08000019,,S08000019,d,All Inpatients and Day cases,d,5,,3117,7560,2.42540904716073,,1834,7621,4.15539803707743,
2021Q4,,S08000019,,S08000019,d,All Inpatients and Day cases,d,5,,3178,8462,2.6626809314034,,1854,7714,4.16073354908306,
2022Q1,,S08000019,,S08000019,d,All Inpatients and Day cases,d,5,,3096,7765,2.50807493540052,,1773,7457,4.2058657642414,
2022Q2,,S08000019,,S08000019,d,All Inpatients and Day cases,d,5,,3612,9571,2.64977851605759,,2005,9867,4.9211970074813,
2022Q3,,S08000019,,S08000019,d,All Inpatients and Day cases,d,5,,3472,9049,2.60627880184332,,1922,8802,4.579604578564,
2022Q4,p,S08000019,,S08000019,d,All Inpatients and Day cases,d,5,,3748,8540,2.27854855923159,,1997,8318,4.16524787180771,
2017Q4,,S08000019,,S12000030,,All Inpatients and Day cases,d,1,,657,2448,3.72602739726027,,442,2492,5.63800904977376,
2018Q1,,S08000019,,S12000030,,All Inpatients and Day cases,d,1,,694,3060,4.40922190201729,,459,3077,6.7037037037037,
2018Q2,,S08000019,,S12000030,,All Inpatients and Day cases,d,1,,629,2475,3.93481717011129,,439,2605,5.93394077448747,
2018Q3,,S08000019,,S12000030,,All Inpatients and Day cases,d,1,,659,2170,3.29286798179059,,460,1984,4.31304347826087,
2018Q4,,S08000019,,S12000030,,All Inpatients and Day cases,d,1,,713,2622,3.67741935483871,,496,2424,4.88709677419355,
2019Q1,,S08000019,,S12000030,,All Inpatients and Day cases,d,1,,686,2565,3.73906705539359,,484,2596,5.36363636363636,
2019Q2,,S08000019,,S12000030,,All Inpatients and Day cases,d,1,,978,3489,3.56748466257669,,511,2813,5.50489236790607,
2019Q3,,S08000019,,S12000030,,All Inpatients and Day cases,d,1,,1128,3061,2.7136524822695,,607,3380,5.56836902800659,
2019Q4,,S08000019,,S12000030,,All Inpatients and Day cases,d,1,,1077,2692,2.49953574744661,,523,2723,5.20650095602294,
2020Q1,,S08000019,,S12000030,,All Inpatients and Day cases,d,1,,955,2626,2.74973821989529,,539,2498,4.63450834879406,
2020Q2,,S08000019,,S12000030,,All Inpatients and Day cases,d,1,,620,1462,2.35806451612903,,290,1487,5.12758620689655,
2020Q3,,S08000019,,S12000030,,All Inpatients and Day cases,d,1,,781,1622,2.07682458386684,,409,1576,3.85330073349633,
2020Q4,,S08000019,,S12000030,,All Inpatients and Day cases,d,1,,941,2229,2.36875664187035,,460,1982,4.30869565217391,
2021Q1,,S08000019,,S12000030,,All Inpatients and Day cases,d,1,,847,2400,2.83353010625738,,384,2480,6.45833333333333,
2021Q2,,S08000019,,S12000030,,All Inpatients and Day cases,d,1,,965,2039,2.11295336787565,,459,2134,4.64923747276688,
2021Q3,,S08000019,,S12000030,,All Inpatients and Day cases,d,1,,977,3224,3.29989764585466,,487,3060,6.28336755646817,
2021Q4,,S08000019,,S12000030,,All Inpatients and Day cases,d,1,,858,2561,2.98484848484848,,449,2659,5.92204899777283,
2022Q1,,S08000019,,S12000030,,All Inpatients and Day cases,d,1,,969,2479,2.55830753353973,,504,2451,4.86309523809524,
2022Q2,,S08000019,,S12000030,,All Inpatients and Day cases,d,1,,1015,2253,2.21970443349754,,496,2344,4.7258064516129,
2022Q3,,S08000019,,S12000030,,All Inpatients and Day cases,d,1,,939,2317,2.46751863684771,,478,2087,4.36610878661088,
2022Q4,p,S08000019,,S12000030,,All Inpatients and Day cases,d,1,,938,2422,2.58208955223881,,444,2345,5.28153153153153,
2017Q4,,S08000019,,S12000030,,All Inpatients and Day cases,d,2,,701,2966,4.23109843081312,,457,2941,6.43544857768052,
2018Q1,,S08000019,,S12000030,,All Inpatients and Day cases,d,2,,683,2857,4.18301610541728,,463,2859,6.17494600431965,
2018Q2,,S08000019,,S12000030,,All Inpatients and Day cases,d,2,,774,2837,3.66537467700258,,520,2727,5.24423076923077,
2018Q3,,S08000019,,S12000030,,All Inpatients and Day cases,d,2,,694,2481,3.57492795389049,,466,2346,5.0343347639485,
2018Q4,,S08000019,,S12000030,,All Inpatients and Day cases,d,2,,759,3343,4.40447957839262,,512,3523,6.880859375,
2019Q1,,S08000019,,S12000030,,All Inpatients and Day cases,d,2,,750,3161,4.21466666666667,,503,3221,6.40357852882704,
2019Q2,,S08000019,,S12000030,,All Inpatients and Day cases,d,2,,967,2575,2.66287487073423,,521,2405,4.61612284069098,
2019Q3,,S08000019,,S12000030,,All Inpatients and Day cases,d,2,,1048,2709,2.58492366412214,,550,2855,5.19090909090909,
2019Q4,,S08000019,,S12000030,,All Inpatients and Day cases,d,2,,1098,2885,2.62750455373406,,588,3311,5.63095238095238,
2020Q1,,S08000019,,S12000030,,All Inpatients and Day cases,d,2,,969,3219,3.32198142414861,,562,2758,4.90747330960854,
2020Q2,,S08000019,,S12000030,,All Inpatients and Day cases,d,2,,713,1702,2.38709677419355,,374,1946,5.20320855614973,
2020Q3,,S08000019,,S12000030,,All Inpatients and Day cases,d,2,,942,2376,2.52229299363057,,490,2805,5.72448979591837,
2020Q4,,S08000019,,S12000030,,All Inpatients and Day cases,d,2,,995,2421,2.43316582914573,,507,2289,4.51479289940828,
2021Q1,,S08000019,,S12000030,,All Inpatients and Day cases,d,2,,1159,2740,2.36410698878343,,529,2695,5.0945179584121,
2021Q2,,S08000019,,S12000030,,All Inpatients and Day cases,d,2,,1063,2702,2.54186265286924,,547,2610,4.77148080438757,
2021Q3,,S08000019,,S12000030,,All Inpatients and Day cases,d,2,,992,2702,2.72379032258065,,472,2630,5.57203389830508,
2021Q4,,S08000019,,S12000030,,All Inpatients and Day cases,d,2,,977,3842,3.9324462640737,,524,3535,6.74618320610687,
2022Q1,,S08000019,,S12000030,,All Inpatients and Day cases,d,2,,950,2862,3.01263157894737,,456,2577,5.65131578947368,
2022Q2,,S08000019,,S12000030,,All Inpatients and Day cases,d,2,,1015,3633,3.57931034482759,,490,4078,8.32244897959184,
2022Q3,,S08000019,,S12000030,,All Inpatients and Day cases,d,2,,1037,3214,3.099324975892,,535,3477,6.49906542056075,
2022Q4,p,S08000019,,S12000030,,All Inpatients and Day cases,d,2,,1043,2774,2.65963566634708,,514,3073,5.97859922178988,
2017Q4,,S08000019,,S12000030,,All Inpatients and Day cases,d,3,,720,2825,3.92361111111111,,525,2872,5.47047619047619,
2018Q1,,S08000019,,S12000030,,All Inpatients and Day cases,d,3,,674,2369,3.51483679525223,,458,2109,4.60480349344978,
2018Q2,,S08000019,,S12000030,,All Inpatients and Day cases,d,3,,664,2341,3.52560240963855,,469,2389,5.09381663113006,
2018Q3,,S08000019,,S12000030,,All Inpatients and Day cases,d,3,,707,3290,4.65346534653465,,481,3284,6.82744282744283,
2018Q4,,S08000019,,S12000030,,All Inpatients and Day cases,d,3,,733,3060,4.17462482946794,,511,3042,5.95303326810176,
2019Q1,,S08000019,,S12000030,,All Inpatients and Day cases,d,3,,692,3188,4.60693641618497,,489,3197,6.53783231083845,
2019Q2,,S08000019,,S12000030,,All Inpatients and Day cases,d,3,,919,2980,3.24265505984766,,536,2860,5.33582089552239,
2019Q3,,S08000019,,S12000030,,All Inpatients and Day cases,d,3,,1028,3169,3.08268482490272,,552,3174,5.75,
2019Q4,,S08000019,,S12000030,,All Inpatients and Day cases,d,3,,1024,2996,2.92578125,,565,3065,5.42477876106195,
2020Q1,,S08000019,,S12000030,,All Inpatients and Day cases,d,3,,992,3255,3.28125,,530,3239,6.11132075471698,
2020Q2,,S08000019,,S12000030,,All Inpatients and Day cases,d,3,,661,1709,2.58547655068079,,295,1603,5.43389830508475,
2020Q3,,S08000019,,S12000030,,All Inpatients and Day cases,d,3,,784,2251,2.87117346938776,,400,2190,5.475,
2020Q4,,S08000019,,S12000030,,All Inpatients and Day cases,d,3,,947,2219,2.34318901795143,,523,2445,4.67495219885277,
2021Q1,,S08000019,,S12000030,,All Inpatients and Day cases,d,3,,1052,1957,1.86026615969582,,487,1883,3.86652977412731,
2021Q2,,S08000019,,S12000030,,All Inpatients and Day cases,d,3,,1126,2576,2.28774422735346,,572,2414,4.22027972027972,
2021Q3,,S08000019,,S12000030,,All Inpatients and Day cases,d,3,,923,2506,2.71505958829902,,514,2652,5.15953307392996,
2021Q4,,S08000019,,S12000030,,All Inpatients and Day cases,d,3,,934,2775,2.97109207708779,,525,2664,5.07428571428571,
2022Q1,,S08000019,,S12000030,,All Inpatients and Day cases,d,3,,921,2490,2.70358306188925,,511,2347,4.59295499021526,
2022Q2,,S08000019,,S12000030,,All Inpatients and Day cases,d,3,,1004,2637,2.62649402390438,,544,2622,4.81985294117647,
2022Q3,,S08000019,,S12000030,,All Inpatients and Day cases,d,3,,1037,2682,2.58630665380906,,545,2770,5.08256880733945,
2022Q4,p,S08000019,,S12000030,,All Inpatients and Day cases,d,3,,1046,2845,2.71988527724665,,574,3072,5.35191637630662,
2017Q4,,S08000019,,S12000030,,All Inpatients and Day cases,d,4,,1246,4403,3.53370786516854,,908,4331,4.76982378854626,
2018Q1,,S08000019,,S12000030,,All Inpatients and Day cases,d,4,,1241,4242,3.41821112006446,,865,3861,4.4635838150289,
2018Q2,,S08000019,,S12000030,,All Inpatients and Day cases,d,4,,1242,4436,3.57165861513688,,880,4217,4.79204545454545,
2018Q3,,S08000019,,S12000030,,All Inpatients and Day cases,d,4,,1194,4611,3.86180904522613,,831,4960,5.96871239470517,
2018Q4,,S08000019,,S12000030,,All Inpatients and Day cases,d,4,,1271,5185,4.07946498819827,,866,5315,6.13741339491917,
2019Q1,,S08000019,,S12000030,,All Inpatients and Day cases,d,4,,1313,5387,4.1028179741051,,893,5119,5.73236282194849,
2019Q2,,S08000019,,S12000030,,All Inpatients and Day cases,d,4,,1696,5290,3.11910377358491,,981,5210,5.31090723751274,
2019Q3,,S08000019,,S12000030,,All Inpatients and Day cases,d,4,,1689,4627,2.73949082297217,,980,4665,4.76020408163265,
2019Q4,,S08000019,,S12000030,,All Inpatients and Day cases,d,4,,1879,5308,2.82490686535391,,1109,5308,4.78629395852119,
2020Q1,,S08000019,,S12000030,,All Inpatients and Day cases,d,4,,1475,4327,2.9335593220339,,886,4138,4.67042889390519,
2020Q2,,S08000019,,S12000030,,All Inpatients and Day cases,d,4,,1044,3297,3.15804597701149,,533,2720,5.1031894934334,
2020Q3,,S08000019,,S12000030,,All Inpatients and Day cases,d,4,,1404,3135,2.23290598290598,,795,3622,4.5559748427673,
2020Q4,,S08000019,,S12000030,,All Inpatients and Day cases,d,4,,1443,2910,2.01663201663202,,831,3070,3.69434416365824,
2021Q1,,S08000019,,S12000030,,All Inpatients and Day cases,d,4,,1496,3816,2.55080213903743,,732,3616,4.93989071038251,
2021Q2,,S08000019,,S12000030,,All Inpatients and Day cases,d,4,,1937,4113,2.12338668043366,,1002,3972,3.96407185628743,
2021Q3,,S08000019,,S12000030,,All Inpatients and Day cases,d,4,,1522,4100,2.69382391590013,,850,3724,4.38117647058824,
2021Q4,,S08000019,,S12000030,,All Inpatients and Day cases,d,4,,1525,4478,2.93639344262295,,903,4392,4.86378737541528,
2022Q1,,S08000019,,S12000030,,All Inpatients and Day cases,d,4,,1464,4707,3.21516393442623,,837,5506,6.57825567502987,
2022Q2,,S08000019,,S12000030,,All Inpatients and Day cases,d,4,,1526,3819,2.50262123197903,,888,3758,4.23198198198198,
2022Q3,,S08000019,,S12000030,,All Inpatients and Day cases,d,4,,1642,4305,2.62180267965895,,901,3765,4.17869034406215,
2022Q4,p,S08000019,,S12000030,,All Inpatients and Day cases,d,4,,1714,4928,2.87514585764294,,910,5135,5.64285714285714,
2017Q4,,S08000019,,S12000030,,All Inpatients and Day cases,d,5,,1037,3230,3.11475409836066,,777,3234,4.16216216216216,
2018Q1,,S08000019,,S12000030,,All Inpatients and Day cases,d,5,,938,3240,3.45415778251599,,683,3157,4.62225475841874,
2018Q2,,S08000019,,S12000030,,All Inpatients and Day cases,d,5,,985,3340,3.39086294416244,,708,3394,4.79378531073446,
2018Q3,,S08000019,,S12000030,,All Inpatients and Day cases,d,5,,942,2894,3.07218683651805,,687,2706,3.93886462882096,
2018Q4,,S08000019,,S12000030,,All Inpatients and Day cases,d,5,,970,3376,3.48041237113402,,738,3588,4.86178861788618,
2019Q1,,S08000019,,S12000030,,All Inpatients and Day cases,d,5,,938,3083,3.28678038379531,,683,3033,4.4407027818448,
2019Q2,,S08000019,,S12000030,,All Inpatients and Day cases,d,5,,1224,3388,2.76797385620915,,781,3060,3.91805377720871,
2019Q3,,S08000019,,S12000030,,All Inpatients and Day cases,d,5,,1537,6985,4.54456733897202,,867,6944,8.00922722029988,
2019Q4,,S08000019,,S12000030,,All Inpatients and Day cases,d,5,,1577,4799,3.0431198478123,,904,4932,5.45575221238938,
2020Q1,,S08000019,,S12000030,,All Inpatients and Day cases,d,5,,1435,4366,3.04250871080139,,844,4155,4.92298578199052,
2020Q2,,S08000019,,S12000030,,All Inpatients and Day cases,d,5,,922,2686,2.91323210412148,,461,2803,6.08026030368764,
2020Q3,,S08000019,,S12000030,,All Inpatients and Day cases,d,5,,1226,3359,2.73980424143556,,688,3033,4.40843023255814,
2020Q4,,S08000019,,S12000030,,All Inpatients and Day cases,d,5,,1407,3665,2.60483297796731,,775,3589,4.63096774193548,
2021Q1,,S08000019,,S12000030,,All Inpatients and Day cases,d,5,,1164,3550,3.04982817869416,,598,3695,6.17892976588629,
2021Q2,,S08000019,,S12000030,,All Inpatients and Day cases,d,5,,1397,3242,2.32068718682892,,733,3218,4.39017735334243,
2021Q3,,S08000019,,S12000030,,All Inpatients and Day cases,d,5,,1252,3568,2.84984025559105,,739,3582,4.84709066305819,
2021Q4,,S08000019,,S12000030,,All Inpatients and Day cases,d,5,,1345,3901,2.9003717472119,,784,3714,4.73724489795918,
2022Q1,,S08000019,,S12000030,,All Inpatients and Day cases,d,5,,1171,2972,2.53800170794193,,691,3015,4.36324167872648,
2022Q2,,S08000019,,S12000030,,All Inpatients and Day cases,d,5,,1444,3692,2.55678670360111,,789,3823,4.84537389100127,
2022Q3,,S08000019,,S12000030,,All Inpatients and Day cases,d,5,,1413,3954,2.79830148619958,,803,3739,4.65628891656289,
2022Q4,p,S08000019,,S12000030,,All Inpatients and Day cases,d,5,,1584,4011,2.53219696969697,,841,4090,4.86325802615933,
2017Q4,,S08000020,,S12000033,,All Inpatients and Day cases,d,1,,1497,5581,3.72812291249165,,1218,5676,4.66009852216749,
2018Q1,,S08000020,,S12000033,,All Inpatients and Day cases,d,1,,1501,5926,3.94803464357095,,1242,6487,5.22302737520129,
2018Q2,,S08000020,,S12000033,,All Inpatients and Day cases,d,1,,1521,5093,3.34845496383958,,1263,5136,4.06650831353919,
2018Q3,,S08000020,,S12000033,,All Inpatients and Day cases,d,1,,1528,5140,3.36387434554974,,1264,5100,4.03481012658228,
2018Q4,,S08000020,,S12000033,,All Inpatients and Day cases,d,1,,1510,4871,3.22582781456954,,1280,4674,3.6515625,
2019Q1,,S08000020,,S12000033,,All Inpatients and Day cases,d,1,,1602,6088,3.80024968789014,,1336,5793,4.33607784431138,
2019Q2,,S08000020,,S12000033,,All Inpatients and Day cases,d,1,,1528,5290,3.46204188481675,,1355,5626,4.1520295202952,
2019Q3,,S08000020,,S12000033,,All Inpatients and Day cases,d,1,,1587,6233,3.92753623188406,,1367,6052,4.42721287490856,
2019Q4,,S08000020,,S12000033,,All Inpatients and Day cases,d,1,,1461,5613,3.84188911704312,,1262,5536,4.38668779714738,
2020Q1,,S08000020,,S12000033,,All Inpatients and Day cases,d,1,,1494,5813,3.8908969210174,,1274,6042,4.7425431711146,
2020Q2,,S08000020,,S12000033,,All Inpatients and Day cases,d,1,,1158,3895,3.36355785837651,,822,3974,4.8345498783455,
2020Q3,,S08000020,,S12000033,,All Inpatients and Day cases,d,1,,1294,4598,3.55332302936631,,1045,4482,4.288995215311,
2020Q4,,S08000020,,S12000033,,All Inpatients and Day cases,d,1,,1245,4211,3.38232931726908,,1032,4463,4.32461240310078,
2021Q1,,S08000020,,S12000033,,All Inpatients and Day cases,d,1,,1185,4273,3.60590717299578,,996,4304,4.32128514056225,
2021Q2,,S08000020,,S12000033,,All Inpatients and Day cases,d,1,,1327,4471,3.36925395629239,,1138,4370,3.84007029876977,
2021Q3,,S08000020,,S12000033,,All Inpatients and Day cases,d,1,,1404,5323,3.79131054131054,,1167,5352,4.58611825192802,
2021Q4,,S08000020,,S12000033,,All Inpatients and Day cases,d,1,,1401,5393,3.84939329050678,,1161,5168,4.45133505598622,
2022Q1,,S08000020,,S12000033,,All Inpatients and Day cases,d,1,,1498,5138,3.42990654205607,,1251,5042,4.03037569944045,
2022Q2,,S08000020,,S12000033,,All Inpatients and Day cases,d,1,,1298,4670,3.59784283513097,,1135,4944,4.35594713656388,
2022Q3,,S08000020,,S12000033,,All Inpatients and Day cases,d,1,,1194,3818,3.19765494137353,,1027,4111,4.00292112950341,
2022Q4,p,S08000020,,S12000033,,All Inpatients and Day cases,d,1,,1143,4998,4.37270341207349,,999,5319,5.32432432432432,
2017Q4,,S08000020,,S12000033,,All Inpatients and Day cases,d,2,,3065,10497,3.42479608482871,,2496,10213,4.0917467948718,
2018Q1,,S08000020,,S12000033,,All Inpatients and Day cases,d,2,,2973,11635,3.91355533131517,,2481,11295,4.55259975816203,
2018Q2,,S08000020,,S12000033,,All Inpatients and Day cases,d,2,,2879,10516,3.65265717262939,,2424,10328,4.26072607260726,
2018Q3,,S08000020,,S12000033,,All Inpatients and Day cases,d,2,,2746,9843,3.58448652585579,,2262,10032,4.43501326259947,
2018Q4,,S08000020,,S12000033,,All Inpatients and Day cases,d,2,,2891,10491,3.62884814942926,,2421,11015,4.54977282114829,
2019Q1,,S08000020,,S12000033,,All Inpatients and Day cases,d,2,,2795,10135,3.62611806797853,,2397,9820,4.0967876512307,
2019Q2,,S08000020,,S12000033,,All Inpatients and Day cases,d,2,,2846,9347,3.28425860857344,,2423,8855,3.6545604622369,
2019Q3,,S08000020,,S12000033,,All Inpatients and Day cases,d,2,,2966,10309,3.47572488199595,,2515,10257,4.07833001988072,
2019Q4,,S08000020,,S12000033,,All Inpatients and Day cases,d,2,,2881,9697,3.36584519264144,,2476,10269,4.14741518578352,
2020Q1,,S08000020,,S12000033,,All Inpatients and Day cases,d,2,,2711,10578,3.90188122464035,,2287,11119,4.86182772190643,
2020Q2,,S08000020,,S12000033,,All Inpatients and Day cases,d,2,,2141,7084,3.30873423633816,,1511,7022,4.64725347452019,
2020Q3,,S08000020,,S12000033,,All Inpatients and Day cases,d,2,,2206,7480,3.39075249320036,,1848,7626,4.12662337662338,
2020Q4,,S08000020,,S12000033,,All Inpatients and Day cases,d,2,,2239,7574,3.38276016078607,,1881,8339,4.43328017012228,
2021Q1,,S08000020,,S12000033,,All Inpatients and Day cases,d,2,,2285,8446,3.69628008752735,,1921,8677,4.51691827173347,
2021Q2,,S08000020,,S12000033,,All Inpatients and Day cases,d,2,,2516,8232,3.27186009538951,,2143,8048,3.75548296780215,
2021Q3,,S08000020,,S12000033,,All Inpatients and Day cases,d,2,,2436,8476,3.47947454844007,,2049,8121,3.96339677891654,
2021Q4,,S08000020,,S12000033,,All Inpatients and Day cases,d,2,,2437,8503,3.48912597455888,,2051,9188,4.47976596782058,
2022Q1,,S08000020,,S12000033,,All Inpatients and Day cases,d,2,,2402,8989,3.74229808492923,,2026,8983,4.43385982230997,
2022Q2,,S08000020,,S12000033,,All Inpatients and Day cases,d,2,,2439,8699,3.56662566625666,,2101,8977,4.27272727272727,
2022Q3,,S08000020,,S12000033,,All Inpatients and Day cases,d,2,,2364,8353,3.5334179357022,,2033,8694,4.27643876045253,
2022Q4,p,S08000020,,S12000033,,All Inpatients and Day cases,d,2,,2315,8137,3.51490280777538,,2014,8855,4.39672293942403,
2017Q4,,S08000020,,S12000033,,All Inpatients and Day cases,d,3,,1718,6180,3.59720605355064,,1406,6468,4.60028449502134,
2018Q1,,S08000020,,S12000033,,All Inpatients and Day cases,d,3,,1734,7004,4.03921568627451,,1409,7095,5.03548616039745,
2018Q2,,S08000020,,S12000033,,All Inpatients and Day cases,d,3,,1721,6346,3.68739105171412,,1441,6322,4.38723108952117,
2018Q3,,S08000020,,S12000033,,All Inpatients and Day cases,d,3,,1614,5346,3.31226765799257,,1320,5517,4.17954545454545,
2018Q4,,S08000020,,S12000033,,All Inpatients and Day cases,d,3,,1576,5723,3.63134517766497,,1301,5740,4.4119907763259,
2019Q1,,S08000020,,S12000033,,All Inpatients and Day cases,d,3,,1615,5681,3.51764705882353,,1387,5777,4.16510454217736,
2019Q2,,S08000020,,S12000033,,All Inpatients and Day cases,d,3,,1725,6958,4.0336231884058,,1440,6773,4.70347222222222,
2019Q3,,S08000020,,S12000033,,All Inpatients and Day cases,d,3,,1652,7102,4.29903147699758,,1392,7071,5.07974137931035,
2019Q4,,S08000020,,S12000033,,All Inpatients and Day cases,d,3,,1816,6170,3.39757709251101,,1503,6313,4.20026613439787,
2020Q1,,S08000020,,S12000033,,All Inpatients and Day cases,d,3,,1547,6483,4.1906916612799,,1321,6839,5.17713853141559,
2020Q2,,S08000020,,S12000033,,All Inpatients and Day cases,d,3,,1223,4052,3.31316434995912,,834,4073,4.88369304556355,
2020Q3,,S08000020,,S12000033,,All Inpatients and Day cases,d,3,,1319,4778,3.62244124336619,,1071,4835,4.51447245564893,
2020Q4,,S08000020,,S12000033,,All Inpatients and Day cases,d,3,,1397,5268,3.77093772369363,,1135,5101,4.4942731277533,
2021Q1,,S08000020,,S12000033,,All Inpatients and Day cases,d,3,,1216,4672,3.8421052631579,,995,4605,4.62814070351759,
2021Q2,,S08000020,,S12000033,,All Inpatients and Day cases,d,3,,1411,4733,3.35435861091425,,1225,4945,4.03673469387755,
2021Q3,,S08000020,,S12000033,,All Inpatients and Day cases,d,3,,1400,4751,3.39357142857143,,1190,4891,4.11008403361344,
2021Q4,,S08000020,,S12000033,,All Inpatients and Day cases,d,3,,1402,5191,3.70256776034237,,1203,5196,4.31920199501247,
2022Q1,,S08000020,,S12000033,,All Inpatients and Day cases,d,3,,1358,5331,3.92562592047128,,1127,5363,4.7586512866016,
2022Q2,,S08000020,,S12000033,,All Inpatients and Day cases,d,3,,1455,5322,3.65773195876289,,1240,5103,4.11532258064516,
2022Q3,,S08000020,,S12000033,,All Inpatients and Day cases,d,3,,1423,5168,3.6317638791286,,1219,5602,4.59557013945857,
2022Q4,p,S08000020,,S12000033,,All Inpatients and Day cases,d,3,,1457,5093,3.4955387783116,,1253,5198,4.14844373503591,
2017Q4,,S08000020,,S12000033,,All Inpatients and Day cases,d,4,,1462,5216,3.56771545827633,,1217,5684,4.67050123253903,
2018Q1,,S08000020,,S12000033,,All Inpatients and Day cases,d,4,,1448,5147,3.55455801104972,,1235,5175,4.19028340080972,
2018Q2,,S08000020,,S12000033,,All Inpatients and Day cases,d,4,,1415,4634,3.27491166077739,,1153,4342,3.76582827406765,
2018Q3,,S08000020,,S12000033,,All Inpatients and Day cases,d,4,,1387,4711,3.39653929343908,,1117,4259,3.81289167412713,
2018Q4,,S08000020,,S12000033,,All Inpatients and Day cases,d,4,,1334,5386,4.03748125937032,,1121,5557,4.957181088314,
2019Q1,,S08000020,,S12000033,,All Inpatients and Day cases,d,4,,1507,5584,3.70537491705375,,1256,5540,4.41082802547771,
2019Q2,,S08000020,,S12000033,,All Inpatients and Day cases,d,4,,1411,4284,3.03614457831325,,1205,4389,3.64232365145228,
2019Q3,,S08000020,,S12000033,,All Inpatients and Day cases,d,4,,1464,4823,3.29439890710383,,1260,4704,3.73333333333333,
2019Q4,,S08000020,,S12000033,,All Inpatients and Day cases,d,4,,1584,5685,3.58901515151515,,1331,4946,3.7160030052592,
2020Q1,,S08000020,,S12000033,,All Inpatients and Day cases,d,4,,1467,5209,3.5507839127471,,1273,6007,4.71877454831108,
2020Q2,,S08000020,,S12000033,,All Inpatients and Day cases,d,4,,967,3537,3.65770423991727,,707,3707,5.24328147100424,
2020Q3,,S08000020,,S12000033,,All Inpatients and Day cases,d,4,,1123,3862,3.43900267141585,,903,3733,4.13399778516058,
2020Q4,,S08000020,,S12000033,,All Inpatients and Day cases,d,4,,1196,4166,3.48327759197324,,1010,4076,4.03564356435644,
2021Q1,,S08000020,,S12000033,,All Inpatients and Day cases,d,4,,1147,3887,3.38884045335658,,948,4156,4.38396624472574,
2021Q2,,S08000020,,S12000033,,All Inpatients and Day cases,d,4,,1311,4306,3.28451563691838,,1121,4449,3.96877787689563,
2021Q3,,S08000020,,S12000033,,All Inpatients and Day cases,d,4,,1322,3997,3.02344931921331,,1134,4081,3.59876543209877,
2021Q4,,S08000020,,S12000033,,All Inpatients and Day cases,d,4,,1338,4231,3.16218236173393,,1109,4488,4.04688908926961,
2022Q1,,S08000020,,S12000033,,All Inpatients and Day cases,d,4,,1328,4366,3.28765060240964,,1116,4683,4.19623655913978,
2022Q2,,S08000020,,S12000033,,All Inpatients and Day cases,d,4,,1375,5102,3.71054545454545,,1171,5263,4.49444918872758,
2022Q3,,S08000020,,S12000033,,All Inpatients and Day cases,d,4,,1375,4928,3.584,,1174,5208,4.43611584327087,
2022Q4,p,S08000020,,S12000033,,All Inpatients and Day cases,d,4,,1328,4245,3.19653614457831,,1167,4680,4.01028277634961,
2017Q4,,S08000020,,S12000033,,All Inpatients and Day cases,d,5,,3471,11358,3.27225583405359,,2918,11047,3.78581220013708,
2018Q1,,S08000020,,S12000033,,All Inpatients and Day cases,d,5,,3042,11984,3.93951347797502,,2553,12706,4.97688993341167,
2018Q2,,S08000020,,S12000033,,All Inpatients and Day cases,d,5,,3171,12339,3.89120151371807,,2634,12438,4.72209567198178,
2018Q3,,S08000020,,S12000033,,All Inpatients and Day cases,d,5,,3069,10168,3.31313131313131,,2586,10486,4.05491105955143,
2018Q4,,S08000020,,S12000033,,All Inpatients and Day cases,d,5,,3178,9476,2.98174952800503,,2695,10030,3.72170686456401,
2019Q1,,S08000020,,S12000033,,All Inpatients and Day cases,d,5,,3241,10337,3.18944770132675,,2799,9880,3.52983208288675,
2019Q2,,S08000020,,S12000033,,All Inpatients and Day cases,d,5,,3233,11262,3.48345190225796,,2774,10631,3.8323720259553,
2019Q3,,S08000020,,S12000033,,All Inpatients and Day cases,d,5,,3372,11233,3.33125741399763,,2834,11130,3.9273112208892,
2019Q4,,S08000020,,S12000033,,All Inpatients and Day cases,d,5,,3361,12878,3.83159773876822,,2922,13294,4.54962354551677,
2020Q1,,S08000020,,S12000033,,All Inpatients and Day cases,d,5,,3094,11846,3.82870071105365,,2573,11828,4.59696851923824,
2020Q2,,S08000020,,S12000033,,All Inpatients and Day cases,d,5,,2079,7209,3.46753246753247,,1488,7303,4.90793010752688,
2020Q3,,S08000020,,S12000033,,All Inpatients and Day cases,d,5,,2261,7382,3.26492702344096,,1833,7742,4.22367703218767,
2020Q4,,S08000020,,S12000033,,All Inpatients and Day cases,d,5,,2543,9313,3.66220998820291,,2113,8488,4.01703738760057,
2021Q1,,S08000020,,S12000033,,All Inpatients and Day cases,d,5,,2483,9451,3.80628272251309,,2098,9781,4.66205910390848,
2021Q2,,S08000020,,S12000033,,All Inpatients and Day cases,d,5,,2966,9522,3.21038435603506,,2492,9292,3.72873194221509,
2021Q3,,S08000020,,S12000033,,All Inpatients and Day cases,d,5,,2839,10487,3.69390630503698,,2429,10499,4.32235487855084,
2021Q4,,S08000020,,S12000033,,All Inpatients and Day cases,d,5,,2751,9753,3.54525627044711,,2292,9746,4.2521815008726,
2022Q1,,S08000020,,S12000033,,All Inpatients and Day cases,d,5,,2862,10365,3.62159329140461,,2373,10685,4.50273914875685,
2022Q2,,S08000020,,S12000033,,All Inpatients and Day cases,d,5,,2849,10016,3.51561951561952,,2414,10548,4.36951118475559,
2022Q3,,S08000020,,S12000033,,All Inpatients and Day cases,d,5,,2984,10402,3.48592493297587,,2581,10880,4.21542037969779,
2022Q4,p,S08000020,,S12000033,,All Inpatients and Day cases,d,5,,3040,10574,3.47828947368421,,2619,11427,4.3631156930126,
2022Q3,,S08000020,,S12000033,,All Inpatients and Day cases,d,,:,0,6,,z,0,0,,z
2022Q4,p,S08000020,,S12000033,,All Inpatients and Day cases,d,,:,5,138,27.6,,0,85,,z
2017Q4,,S08000020,,S12000034,,All Inpatients and Day cases,d,1,,405,1429,3.5283950617284,,334,1666,4.98802395209581,
2018Q1,,S08000020,,S12000034,,All Inpatients and Day cases,d,1,,345,1158,3.35652173913043,,285,1295,4.54385964912281,
2018Q2,,S08000020,,S12000034,,All Inpatients and Day cases,d,1,,383,1181,3.08355091383812,,299,1134,3.79264214046823,
2018Q3,,S08000020,,S12000034,,All Inpatients and Day cases,d,1,,358,981,2.74022346368715,,283,1383,4.886925795053,
2018Q4,,S08000020,,S12000034,,All Inpatients and Day cases,d,1,,363,1165,3.20936639118457,,298,1325,4.44630872483221,
2019Q1,,S08000020,,S12000034,,All Inpatients and Day cases,d,1,,392,1334,3.4030612244898,,320,1381,4.315625,
2019Q2,,S08000020,,S12000034,,All Inpatients and Day cases,d,1,,413,1534,3.71428571428571,,356,2173,6.10393258426966,
2019Q3,,S08000020,,S12000034,,All Inpatients and Day cases,d,1,,416,1227,2.94951923076923,,360,1378,3.82777777777778,
2019Q4,,S08000020,,S12000034,,All Inpatients and Day cases,d,1,,437,1326,3.03432494279176,,367,1750,4.76839237057221,
2020Q1,,S08000020,,S12000034,,All Inpatients and Day cases,d,1,,396,1173,2.96212121212121,,324,1510,4.66049382716049,
2020Q2,,S08000020,,S12000034,,All Inpatients and Day cases,d,1,,291,861,2.95876288659794,,208,1149,5.52403846153846,
2020Q3,,S08000020,,S12000034,,All Inpatients and Day cases,d,1,,318,1235,3.88364779874214,,249,1323,5.31325301204819,
2020Q4,,S08000020,,S12000034,,All Inpatients and Day cases,d,1,,290,1466,5.0551724137931,,241,1763,7.31535269709544,
2021Q1,,S08000020,,S12000034,,All Inpatients and Day cases,d,1,,316,965,3.0537974683544298,,259,1278,4.93436293436293,
2021Q2,,S08000020,,S12000034,,All Inpatients and Day cases,d,1,,357,835,2.33893557422969,,307,1057,3.44299674267101,
2021Q3,,S08000020,,S12000034,,All Inpatients and Day cases,d,1,,422,1490,3.53080568720379,,355,1477,4.16056338028169,
2021Q4,,S08000020,,S12000034,,All Inpatients and Day cases,d,1,,407,1670,4.1031941031941,,317,1834,5.78548895899054,
2022Q1,,S08000020,,S12000034,,All Inpatients and Day cases,d,1,,368,1453,3.94836956521739,,296,1573,5.31418918918919,
2022Q2,,S08000020,,S12000034,,All Inpatients and Day cases,d,1,,408,1769,4.33578431372549,,326,2503,7.67791411042945,
2022Q3,,S08000020,,S12000034,,All Inpatients and Day cases,d,1,,343,1246,3.63265306122449,,291,1910,6.56357388316151,
2022Q4,p,S08000020,,S12000034,,All Inpatients and Day cases,d,1,,386,1547,4.00777202072539,,333,1865,5.6006006006006,
2017Q4,,S08000020,,S12000034,,All Inpatients and Day cases,d,2,,1349,3749,2.77909562638992,,1121,4380,3.90722569134701,
2018Q1,,S08000020,,S12000034,,All Inpatients and Day cases,d,2,,1280,4015,3.13671875,,1077,5738,5.32776230269266,
2018Q2,,S08000020,,S12000034,,All Inpatients and Day cases,d,2,,1348,4023,2.98442136498516,,1115,5004,4.48789237668161,
2018Q3,,S08000020,,S12000034,,All Inpatients and Day cases,d,2,,1321,4123,3.12112036336109,,1059,5020,4.74032105760151,
2018Q4,,S08000020,,S12000034,,All Inpatients and Day cases,d,2,,1285,3269,2.54396887159533,,1094,4595,4.20018281535649,
2019Q1,,S08000020,,S12000034,,All Inpatients and Day cases,d,2,,1410,4324,3.06666666666667,,1134,5231,4.61287477954145,
2019Q2,,S08000020,,S12000034,,All Inpatients and Day cases,d,2,,1409,4009,2.84528034066714,,1197,4761,3.97744360902256,
2019Q3,,S08000020,,S12000034,,All Inpatients and Day cases,d,2,,1332,3420,2.56756756756757,,1153,4443,3.85342584562012,
2019Q4,,S08000020,,S12000034,,All Inpatients and Day cases,d,2,,1421,4000,2.81491907107671,,1221,5057,4.14168714168714,
2020Q1,,S08000020,,S12000034,,All Inpatients and Day cases,d,2,,1291,3786,2.93261037955074,,1094,4815,4.40127970749543,
2020Q2,,S08000020,,S12000034,,All Inpatients and Day cases,d,2,,845,2328,2.75502958579882,,605,3144,5.19669421487603,
2020Q3,,S08000020,,S12000034,,All Inpatients and Day cases,d,2,,984,3280,3.33333333333333,,810,3935,4.85802469135802,
2020Q4,,S08000020,,S12000034,,All Inpatients and Day cases,d,2,,1053,3092,2.9363722697056,,872,3435,3.93922018348624,
2021Q1,,S08000020,,S12000034,,All Inpatients and Day cases,d,2,,1093,4082,3.73467520585544,,891,4372,4.90684624017957,
2021Q2,,S08000020,,S12000034,,All Inpatients and Day cases,d,2,,1204,3399,2.82308970099668,,1027,4261,4.14897760467381,
2021Q3,,S08000020,,S12000034,,All Inpatients and Day cases,d,2,,1191,3699,3.10579345088161,,1000,4163,4.163,
2021Q4,,S08000020,,S12000034,,All Inpatients and Day cases,d,2,,1172,3677,3.13737201365188,,973,4533,4.6587872559095604,
2022Q1,,S08000020,,S12000034,,All Inpatients and Day cases,d,2,,1147,3695,3.22144725370532,,948,4876,5.14345991561181,
2022Q2,,S08000020,,S12000034,,All Inpatients and Day cases,d,2,,1264,3848,3.04430379746835,,1085,4778,4.4036866359447,
2022Q3,,S08000020,,S12000034,,All Inpatients and Day cases,d,2,,1157,3238,2.79861711322385,,996,3979,3.99497991967871,
2022Q4,p,S08000020,,S12000034,,All Inpatients and Day cases,d,2,,1148,3222,2.80662020905923,,993,4267,4.29707955689829,
2017Q4,,S08000020,,S12000034,,All Inpatients and Day cases,d,3,,2564,7359,2.8701248049922,,2123,9540,4.49364107395196,
2018Q1,,S08000020,,S12000034,,All Inpatients and Day cases,d,3,,2480,7954,3.20725806451613,,1995,9286,4.6546365914787,
2018Q2,,S08000020,,S12000034,,All Inpatients and Day cases,d,3,,2642,7228,2.73580620741862,,2210,10216,4.62262443438914,
2018Q3,,S08000020,,S12000034,,All Inpatients and Day cases,d,3,,2428,6592,2.71499176276771,,1991,8511,4.27473631341035,
2018Q4,,S08000020,,S12000034,,All Inpatients and Day cases,d,3,,2484,6664,2.68276972624799,,2084,8795,4.22024952015355,
2019Q1,,S08000020,,S12000034,,All Inpatients and Day cases,d,3,,2478,6316,2.54882970137207,,2141,8250,3.85333956095283,
2019Q2,,S08000020,,S12000034,,All Inpatients and Day cases,d,3,,2604,6900,2.64976958525346,,2258,8499,3.76395039858282,
2019Q3,,S08000020,,S12000034,,All Inpatients and Day cases,d,3,,2596,6747,2.59899845916795,,2223,8045,3.61898335582546,
2019Q4,,S08000020,,S12000034,,All Inpatients and Day cases,d,3,,2726,7487,2.74651504035216,,2310,9590,4.15151515151515,
2020Q1,,S08000020,,S12000034,,All Inpatients and Day cases,d,3,,2699,8189,3.03408669877732,,2282,10911,4.78133216476775,
2020Q2,,S08000020,,S12000034,,All Inpatients and Day cases,d,3,,1568,4897,3.12308673469388,,1106,6098,5.51356238698011,
2020Q3,,S08000020,,S12000034,,All Inpatients and Day cases,d,3,,1872,5553,2.96634615384615,,1524,6630,4.3503937007874,
2020Q4,,S08000020,,S12000034,,All Inpatients and Day cases,d,3,,1995,6365,3.19047619047619,,1630,6896,4.23067484662577,
2021Q1,,S08000020,,S12000034,,All Inpatients and Day cases,d,3,,1894,6502,3.43294614572334,,1544,7547,4.88795336787565,
2021Q2,,S08000020,,S12000034,,All Inpatients and Day cases,d,3,,2235,6462,2.89127516778523,,1875,8570,4.57066666666667,
2021Q3,,S08000020,,S12000034,,All Inpatients and Day cases,d,3,,2167,5832,2.69127826488233,,1833,7203,3.92962356792144,
2021Q4,,S08000020,,S12000034,,All Inpatients and Day cases,d,3,,2294,7209,3.14254577157803,,1850,8757,4.73351351351351,
2022Q1,,S08000020,,S12000034,,All Inpatients and Day cases,d,3,,2269,7568,3.33539003966505,,1910,9836,5.14973821989529,
2022Q2,,S08000020,,S12000034,,All Inpatients and Day cases,d,3,,2425,6909,2.84907216494845,,2038,9731,4.7747791952895,
2022Q3,,S08000020,,S12000034,,All Inpatients and Day cases,d,3,,2520,8427,3.34404761904762,,2140,11202,5.23457943925234,
2022Q4,p,S08000020,,S12000034,,All Inpatients and Day cases,d,3,,2389,7651,3.20259522812892,,2079,10055,4.83645983645984,
2017Q4,,S08000020,,S12000034,,All Inpatients and Day cases,d,4,,4087,10166,2.48739907022266,,3500,11791,3.36885714285714,
2018Q1,,S08000020,,S12000034,,All Inpatients and Day cases,d,4,,4104,11392,2.77582846003899,,3452,13438,3.8928157589803,
2018Q2,,S08000020,,S12000034,,All Inpatients and Day cases,d,4,,4115,10566,2.56767922235723,,3488,12819,3.67517201834862,
2018Q3,,S08000020,,S12000034,,All Inpatients and Day cases,d,4,,4110,10829,2.6347931873479302,,3437,11815,3.43759092231597,
2018Q4,,S08000020,,S12000034,,All Inpatients and Day cases,d,4,,4237,11644,2.74817087561954,,3562,13791,3.87170129140932,
2019Q1,,S08000020,,S12000034,,All Inpatients and Day cases,d,4,,4126,10686,2.58991759573437,,3539,12987,3.66968070076293,
2019Q2,,S08000020,,S12000034,,All Inpatients and Day cases,d,4,,4218,11020,2.61261261261261,,3666,12558,3.42553191489362,
2019Q3,,S08000020,,S12000034,,All Inpatients and Day cases,d,4,,4294,10689,2.48928737773638,,3716,12900,3.47147470398278,
2019Q4,,S08000020,,S12000034,,All Inpatients and Day cases,d,4,,4136,10298,2.48984526112186,,3617,11921,3.29582526956041,
2020Q1,,S08000020,,S12000034,,All Inpatients and Day cases,d,4,,4180,12346,2.95358851674641,,3596,14064,3.91101223581758,
2020Q2,,S08000020,,S12000034,,All Inpatients and Day cases,d,4,,2526,7733,3.06136183689628,,1823,8742,4.7953922106418,
2020Q3,,S08000020,,S12000034,,All Inpatients and Day cases,d,4,,3048,9029,2.96227034120735,,2489,10272,4.12695861791884,
2020Q4,,S08000020,,S12000034,,All Inpatients and Day cases,d,4,,3355,10024,2.98777943368107,,2829,11480,4.05797101449275,
2021Q1,,S08000020,,S12000034,,All Inpatients and Day cases,d,4,,3161,10332,3.26858589054097,,2619,11417,4.35929744177167,
2021Q2,,S08000020,,S12000034,,All Inpatients and Day cases,d,4,,3645,10249,2.81179698216735,,3152,12335,3.9133883248731,
2021Q3,,S08000020,,S12000034,,All Inpatients and Day cases,d,4,,3629,10231,2.81923394874621,,3088,12093,3.91612694300518,
2021Q4,,S08000020,,S12000034,,All Inpatients and Day cases,d,4,,3620,11031,3.04723756906077,,3026,13850,4.57699933906147,
2022Q1,,S08000020,,S12000034,,All Inpatients and Day cases,d,4,,3694,10676,2.89009204114781,,3117,12915,4.14340712223292,
2022Q2,,S08000020,,S12000034,,All Inpatients and Day cases,d,4,,4022,11919,2.96345101939334,,3438,14355,4.17539267015707,
2022Q3,,S08000020,,S12000034,,All Inpatients and Day cases,d,4,,4109,11257,2.73959600876126,,3593,14743,4.10325633175619,
2022Q4,p,S08000020,,S12000034,,All Inpatients and Day cases,d,4,,4040,10576,2.61782178217822,,3580,13724,3.83351955307263,
2017Q4,,S08000020,,S12000034,,All Inpatients and Day cases,d,5,,2574,6474,2.51515151515152,,2253,7590,3.36884154460719,
2018Q1,,S08000020,,S12000034,,All Inpatients and Day cases,d,5,,2628,7207,2.7423896499239,,2243,7168,3.19572001783326,
2018Q2,,S08000020,,S12000034,,All Inpatients and Day cases,d,5,,2703,6970,2.57861635220126,,2327,8613,3.70133218736571,
2018Q3,,S08000020,,S12000034,,All Inpatients and Day cases,d,5,,2542,6252,2.4594807238395,,2179,7291,3.34603028912345,
2018Q4,,S08000020,,S12000034,,All Inpatients and Day cases,d,5,,2607,6847,2.62639048714998,,2250,8444,3.75288888888889,
2019Q1,,S08000020,,S12000034,,All Inpatients and Day cases,d,5,,2638,6411,2.43025018953753,,2289,7296,3.18741808650066,
2019Q2,,S08000020,,S12000034,,All Inpatients and Day cases,d,5,,2621,6770,2.58298359404807,,2278,7968,3.49780509218613,
2019Q3,,S08000020,,S12000034,,All Inpatients and Day cases,d,5,,2716,6239,2.29712812960236,,2367,6988,2.95226024503591,
2019Q4,,S08000020,,S12000034,,All Inpatients and Day cases,d,5,,2772,7349,2.6511544011544,,2389,8461,3.54164922561741,
2020Q1,,S08000020,,S12000034,,All Inpatients and Day cases,d,5,,2676,7430,2.77653213751868,,2346,8515,3.62958226768968,
2020Q2,,S08000020,,S12000034,,All Inpatients and Day cases,d,5,,1588,4582,2.88539042821159,,1155,5094,4.41038961038961,
2020Q3,,S08000020,,S12000034,,All Inpatients and Day cases,d,5,,1888,5186,2.7468220338983,,1586,6387,4.02711223203027,
2020Q4,,S08000020,,S12000034,,All Inpatients and Day cases,d,5,,2133,5877,2.75527426160338,,1817,6025,3.31590533847001,
2021Q1,,S08000020,,S12000034,,All Inpatients and Day cases,d,5,,2025,6118,3.02123456790123,,1694,7089,4.18476977567887,
2021Q2,,S08000020,,S12000034,,All Inpatients and Day cases,d,5,,2410,7225,2.99792531120332,,2013,7657,3.80377545951316,
2021Q3,,S08000020,,S12000034,,All Inpatients and Day cases,d,5,,2318,7193,3.10310612597066,,1982,8026,4.04944500504541,
2021Q4,,S08000020,,S12000034,,All Inpatients and Day cases,d,5,,2436,8230,3.37848932676519,,2052,8977,4.37475633528265,
2022Q1,,S08000020,,S12000034,,All Inpatients and Day cases,d,5,,2342,5780,2.46797608881298,,2043,7311,3.57856093979442,
2022Q2,,S08000020,,S12000034,,All Inpatients and Day cases,d,5,,2461,6737,2.73750507923608,,2151,8813,4.09716410971641,
2022Q3,,S08000020,,S12000034,,All Inpatients and Day cases,d,5,,2802,7162,2.55603140613847,,2462,9506,3.86108854589764,
2022Q4,p,S08000020,,S12000034,,All Inpatients and Day cases,d,5,,2711,6934,2.55772777572851,,2425,8296,3.42103092783505,
2017Q4,,S08000020,,S12000020,,All Inpatients and Day cases,d,1,,196,566,2.88775510204082,,145,813,5.60689655172414,
2018Q1,,S08000020,,S12000020,,All Inpatients and Day cases,d,1,,182,1082,5.94505494505495,,139,1060,7.62589928057554,
2018Q2,,S08000020,,S12000020,,All Inpatients and Day cases,d,1,,171,438,2.56140350877193,,138,677,4.90579710144928,
2018Q3,,S08000020,,S12000020,,All Inpatients and Day cases,d,1,,152,331,2.17763157894737,,122,381,3.12295081967213,
2018Q4,,S08000020,,S12000020,,All Inpatients and Day cases,d,1,,163,291,1.78527607361963,,129,276,2.13953488372093,
2019Q1,,S08000020,,S12000020,,All Inpatients and Day cases,d,1,,165,309,1.87272727272727,,135,369,2.73333333333333,
2019Q2,,S08000020,,S12000020,,All Inpatients and Day cases,d,1,,173,314,1.8150289017341,,149,493,3.30872483221477,
2019Q3,,S08000020,,S12000020,,All Inpatients and Day cases,d,1,,208,488,2.34615384615385,,172,524,3.04651162790698,
2019Q4,,S08000020,,S12000020,,All Inpatients and Day cases,d,1,,206,523,2.53883495145631,,167,524,3.1377245508982,
2020Q1,,S08000020,,S12000020,,All Inpatients and Day cases,d,1,,170,512,3.01176470588235,,134,469,3.5,
2020Q2,,S08000020,,S12000020,,All Inpatients and Day cases,d,1,,136,329,2.41911764705882,,101,402,3.98019801980198,
2020Q3,,S08000020,,S12000020,,All Inpatients and Day cases,d,1,,182,438,2.40659340659341,,153,565,3.69281045751634,
2020Q4,,S08000020,,S12000020,,All Inpatients and Day cases,d,1,,167,408,2.44311377245509,,135,485,3.59259259259259,
2021Q1,,S08000020,,S12000020,,All Inpatients and Day cases,d,1,,133,450,3.38345864661654,,105,617,5.87619047619048,
2021Q2,,S08000020,,S12000020,,All Inpatients and Day cases,d,1,,131,345,2.63358778625954,,102,374,3.66666666666667,
2021Q3,,S08000020,,S12000020,,All Inpatients and Day cases,d,1,,139,486,3.49640287769784,,110,660,6,
2021Q4,,S08000020,,S12000020,,All Inpatients and Day cases,d,1,,153,702,4.58823529411765,,111,732,6.5945945945946,
2022Q1,,S08000020,,S12000020,,All Inpatients and Day cases,d,1,,128,555,4.3359375,,93,702,7.54838709677419,
2022Q2,,S08000020,,S12000020,,All Inpatients and Day cases,d,1,,149,441,2.95973154362416,,121,641,5.29752066115702,
2022Q3,,S08000020,,S12000020,,All Inpatients and Day cases,d,1,,117,440,3.76068376068376,,89,461,5.17977528089888,
2022Q4,p,S08000020,,S12000020,,All Inpatients and Day cases,d,1,,124,496,4,,104,586,5.63461538461539,
2017Q4,,S08000020,,S12000020,,All Inpatients and Day cases,d,2,,885,2176,2.45875706214689,,707,2817,3.98444130127298,
2018Q1,,S08000020,,S12000020,,All Inpatients and Day cases,d,2,,792,2031,2.56439393939394,,629,2661,4.23052464228935,
2018Q2,,S08000020,,S12000020,,All Inpatients and Day cases,d,2,,916,2225,2.42903930131004,,730,2968,4.06575342465753,
2018Q3,,S08000020,,S12000020,,All Inpatients and Day cases,d,2,,970,2201,2.26907216494845,,752,2521,3.35239361702128,
2018Q4,,S08000020,,S12000020,,All Inpatients and Day cases,d,2,,919,2065,2.24700761697497,,757,3862,5.10171730515192,
2019Q1,,S08000020,,S12000020,,All Inpatients and Day cases,d,2,,857,1759,2.05250875145858,,675,2357,3.49185185185185,
2019Q2,,S08000020,,S12000020,,All Inpatients and Day cases,d,2,,960,2075,2.16145833333333,,767,2545,3.31812255541069,
2019Q3,,S08000020,,S12000020,,All Inpatients and Day cases,d,2,,894,1928,2.15659955257271,,704,2481,3.52414772727273,
2019Q4,,S08000020,,S12000020,,All Inpatients and Day cases,d,2,,851,3828,4.49823736780259,,682,4438,6.50733137829912,
2020Q1,,S08000020,,S12000020,,All Inpatients and Day cases,d,2,,824,1987,2.41140776699029,,679,3192,4.70103092783505,
2020Q2,,S08000020,,S12000020,,All Inpatients and Day cases,d,2,,619,1491,2.40872374798061,,441,1760,3.99092970521542,
2020Q3,,S08000020,,S12000020,,All Inpatients and Day cases,d,2,,647,1618,2.50077279752705,,500,2057,4.114,
2020Q4,,S08000020,,S12000020,,All Inpatients and Day cases,d,2,,773,1879,2.43078913324709,,590,2260,3.83050847457627,
2021Q1,,S08000020,,S12000020,,All Inpatients and Day cases,d,2,,686,2033,2.96355685131195,,515,2819,5.47378640776699,
2021Q2,,S08000020,,S12000020,,All Inpatients and Day cases,d,2,,834,2284,2.73860911270983,,617,2773,4.49432739059968,
2021Q3,,S08000020,,S12000020,,All Inpatients and Day cases,d,2,,713,2084,2.92286115007013,,585,3053,5.21880341880342,
2021Q4,,S08000020,,S12000020,,All Inpatients and Day cases,d,2,,709,1855,2.6163610719323,,558,1827,3.2741935483871,
2022Q1,,S08000020,,S12000020,,All Inpatients and Day cases,d,2,,726,2362,3.2534435261708,,569,3193,5.6115992970123,
2022Q2,,S08000020,,S12000020,,All Inpatients and Day cases,d,2,,678,2011,2.96607669616519,,578,3029,5.24048442906574,
2022Q3,,S08000020,,S12000020,,All Inpatients and Day cases,d,2,,654,2132,3.25993883792049,,537,2747,5.11545623836127,
2022Q4,p,S08000020,,S12000020,,All Inpatients and Day cases,d,2,,654,1869,2.85779816513761,,552,2553,4.625,
2017Q4,,S08000020,,S12000020,,All Inpatients and Day cases,d,3,,1835,4381,2.3874659400545,,1472,6012,4.08423913043478,
2018Q1,,S08000020,,S12000020,,All Inpatients and Day cases,d,3,,1681,4316,2.56751933372992,,1361,5631,4.1373989713446,
2018Q2,,S08000020,,S12000020,,All Inpatients and Day cases,d,3,,1889,4620,2.44573848597141,,1507,7185,4.7677504976775,
2018Q3,,S08000020,,S12000020,,All Inpatients and Day cases,d,3,,1720,3906,2.27093023255814,,1390,4832,3.47625899280576,
2018Q4,,S08000020,,S12000020,,All Inpatients and Day cases,d,3,,1814,3985,2.196802646086,,1468,5615,3.82493188010899,
2019Q1,,S08000020,,S12000020,,All Inpatients and Day cases,d,3,,1763,3525,1.99943278502552,,1456,5764,3.95879120879121,
2019Q2,,S08000020,,S12000020,,All Inpatients and Day cases,d,3,,1961,3856,1.96634370219276,,1564,5308,3.39386189258312,
2019Q3,,S08000020,,S12000020,,All Inpatients and Day cases,d,3,,1803,3909,2.16805324459235,,1451,5314,3.66230186078567,
2019Q4,,S08000020,,S12000020,,All Inpatients and Day cases,d,3,,1879,4565,2.42948376796168,,1530,5447,3.56013071895425,
2020Q1,,S08000020,,S12000020,,All Inpatients and Day cases,d,3,,1888,4878,2.58368644067797,,1483,6509,4.38907619689818,
2020Q2,,S08000020,,S12000020,,All Inpatients and Day cases,d,3,,1148,3230,2.81358885017422,,854,5026,5.88524590163934,
2020Q3,,S08000020,,S12000020,,All Inpatients and Day cases,d,3,,1349,3281,2.43217197924388,,1037,3862,3.72420443587271,
2020Q4,,S08000020,,S12000020,,All Inpatients and Day cases,d,3,,1596,3456,2.16541353383459,,1261,5212,4.13322759714512,
2021Q1,,S08000020,,S12000020,,All Inpatients and Day cases,d,3,,1547,3617,2.33807369101487,,1221,4884,4,
2021Q2,,S08000020,,S12000020,,All Inpatients and Day cases,d,3,,1694,3799,2.24262101534829,,1350,4831,3.57851851851852,
2021Q3,,S08000020,,S12000020,,All Inpatients and Day cases,d,3,,1565,3815,2.43769968051118,,1228,4494,3.65960912052117,
2021Q4,,S08000020,,S12000020,,All Inpatients and Day cases,d,3,,1551,4146,2.67311411992263,,1272,5380,4.22955974842767,
2022Q1,,S08000020,,S12000020,,All Inpatients and Day cases,d,3,,1490,4035,2.70805369127517,,1209,4225,3.49462365591398,
2022Q2,,S08000020,,S12000020,,All Inpatients and Day cases,d,3,,1658,4605,2.77744270205066,,1381,6186,4.47936278059377,
2022Q3,,S08000020,,S12000020,,All Inpatients and Day cases,d,3,,1574,5273,3.35006353240152,,1272,7485,5.88443396226415,
2022Q4,p,S08000020,,S12000020,,All Inpatients and Day cases,d,3,,1589,4838,3.04468219005664,,1287,6803,5.28593628593629,
2017Q4,,S08000020,,S12000020,,All Inpatients and Day cases,d,4,,1837,4026,2.19161676646707,,1471,5591,3.80081577158396,
2018Q1,,S08000020,,S12000020,,All Inpatients and Day cases,d,4,,1726,4360,2.5260718424102,,1402,5556,3.96291012838802,
2018Q2,,S08000020,,S12000020,,All Inpatients and Day cases,d,4,,1864,4319,2.31706008583691,,1495,5486,3.6695652173913,
2018Q3,,S08000020,,S12000020,,All Inpatients and Day cases,d,4,,1844,4113,2.23047722342733,,1481,5554,3.75016880486158,
2018Q4,,S08000020,,S12000020,,All Inpatients and Day cases,d,4,,1953,4120,2.10957501280082,,1573,5232,3.32612841703751,
2019Q1,,S08000020,,S12000020,,All Inpatients and Day cases,d,4,,1875,3755,2.00266666666667,,1525,5931,3.88918032786885,
2019Q2,,S08000020,,S12000020,,All Inpatients and Day cases,d,4,,1903,3763,1.97740409879138,,1565,4280,2.73482428115016,
2019Q3,,S08000020,,S12000020,,All Inpatients and Day cases,d,4,,1893,3880,2.04965662968833,,1513,5482,3.62326503635162,
2019Q4,,S08000020,,S12000020,,All Inpatients and Day cases,d,4,,1877,3949,2.10388918486947,,1518,5841,3.84782608695652,
2020Q1,,S08000020,,S12000020,,All Inpatients and Day cases,d,4,,1771,4302,2.42913608130999,,1478,5993,4.05480378890392,
2020Q2,,S08000020,,S12000020,,All Inpatients and Day cases,d,4,,1104,2868,2.59782608695652,,825,4609,5.5866666666666696,
2020Q3,,S08000020,,S12000020,,All Inpatients and Day cases,d,4,,1413,3356,2.37508846426044,,1100,4230,3.84545454545455,
2020Q4,,S08000020,,S12000020,,All Inpatients and Day cases,d,4,,1610,3853,2.39316770186335,,1303,4857,3.72755180353031,
2021Q1,,S08000020,,S12000020,,All Inpatients and Day cases,d,4,,1493,3624,2.42732752846618,,1194,4525,3.78978224455611,
2021Q2,,S08000020,,S12000020,,All Inpatients and Day cases,d,4,,1716,3842,2.23892773892774,,1360,4540,3.33823529411765,
2021Q3,,S08000020,,S12000020,,All Inpatients and Day cases,d,4,,1730,3908,2.25895953757225,,1409,4750,3.37118523775727,
2021Q4,,S08000020,,S12000020,,All Inpatients and Day cases,d,4,,1633,3911,2.3949785670545,,1303,4501,3.45433614735226,
2022Q1,,S08000020,,S12000020,,All Inpatients and Day cases,d,4,,1523,4324,2.83913328956008,,1247,5030,4.0336808340016,
2022Q2,,S08000020,,S12000020,,All Inpatients and Day cases,d,4,,1729,5186,2.99942163100058,,1410,7565,5.36524822695035,
2022Q3,,S08000020,,S12000020,,All Inpatients and Day cases,d,4,,1502,4496,2.99334221038615,,1308,6695,5.11850152905199,
2022Q4,p,S08000020,,S12000020,,All Inpatients and Day cases,d,4,,1743,4563,2.61790017211704,,1400,6478,4.62714285714286,
2017Q4,,S08000020,,S12000020,,All Inpatients and Day cases,d,5,,505,1110,2.1980198019802,,410,1362,3.3219512195122,
2018Q1,,S08000020,,S12000020,,All Inpatients and Day cases,d,5,,512,1429,2.791015625,,406,1374,3.38423645320197,
2018Q2,,S08000020,,S12000020,,All Inpatients and Day cases,d,5,,598,1272,2.12709030100334,,497,1688,3.39637826961771,
2018Q3,,S08000020,,S12000020,,All Inpatients and Day cases,d,5,,579,1358,2.3454231433506,,462,1446,3.12987012987013,
2018Q4,,S08000020,,S12000020,,All Inpatients and Day cases,d,5,,584,1401,2.39897260273973,,470,2033,4.32553191489362,
2019Q1,,S08000020,,S12000020,,All Inpatients and Day cases,d,5,,615,1304,2.12032520325203,,476,2020,4.2436974789916,
2019Q2,,S08000020,,S12000020,,All Inpatients and Day cases,d,5,,588,1434,2.43877551020408,,472,1617,3.42584745762712,
2019Q3,,S08000020,,S12000020,,All Inpatients and Day cases,d,5,,557,1013,1.81867145421903,,447,1554,3.47651006711409,
2019Q4,,S08000020,,S12000020,,All Inpatients and Day cases,d,5,,531,1034,1.94726930320151,,427,1016,2.37939110070258,
2020Q1,,S08000020,,S12000020,,All Inpatients and Day cases,d,5,,575,1179,2.0504347826087,,474,2121,4.4746835443038,
2020Q2,,S08000020,,S12000020,,All Inpatients and Day cases,d,5,,311,555,1.78456591639871,,240,892,3.71666666666667,
2020Q3,,S08000020,,S12000020,,All Inpatients and Day cases,d,5,,399,825,2.06766917293233,,316,1060,3.35443037974684,
2020Q4,,S08000020,,S12000020,,All Inpatients and Day cases,d,5,,430,997,2.31860465116279,,365,1270,3.47945205479452,
2021Q1,,S08000020,,S12000020,,All Inpatients and Day cases,d,5,,417,929,2.22781774580336,,320,1117,3.490625,
2021Q2,,S08000020,,S12000020,,All Inpatients and Day cases,d,5,,465,1107,2.38064516129032,,370,1412,3.81621621621622,
2021Q3,,S08000020,,S12000020,,All Inpatients and Day cases,d,5,,444,1359,3.06081081081081,,354,1387,3.9180790960452,
2021Q4,,S08000020,,S12000020,,All Inpatients and Day cases,d,5,,482,1324,2.74688796680498,,390,2098,5.37948717948718,
2022Q1,,S08000020,,S12000020,,All Inpatients and Day cases,d,5,,458,1096,2.39301310043668,,372,1545,4.15322580645161,
2022Q2,,S08000020,,S12000020,,All Inpatients and Day cases,d,5,,472,1436,3.04237288135593,,371,1522,4.10242587601078,
2022Q3,,S08000020,,S12000020,,All Inpatients and Day cases,d,5,,417,1422,3.41007194244604,,365,1210,3.31506849315068,
2022Q4,p,S08000020,,S12000020,,All Inpatients and Day cases,d,5,,471,1567,3.32696390658174,,377,2135,5.6631299734748,
2017Q4,,S08000020,,S08000020,d,All Inpatients and Day cases,d,1,,2098,7576,3.61105815061964,,1697,8155,4.80553918680024,
2018Q1,,S08000020,,S08000020,d,All Inpatients and Day cases,d,1,,2028,8166,4.02662721893491,,1666,8842,5.30732292917167,
2018Q2,,S08000020,,S08000020,d,All Inpatients and Day cases,d,1,,2075,6712,3.23469879518072,,1700,6947,4.08647058823529,
2018Q3,,S08000020,,S08000020,d,All Inpatients and Day cases,d,1,,2038,6452,3.16584887144259,,1669,6864,4.11264230077891,
2018Q4,,S08000020,,S08000020,d,All Inpatients and Day cases,d,1,,2036,6327,3.10756385068762,,1707,6275,3.67603983596954,
2019Q1,,S08000020,,S08000020,d,All Inpatients and Day cases,d,1,,2159,7731,3.58082445576656,,1791,7543,4.21161362367392,
2019Q2,,S08000020,,S08000020,d,All Inpatients and Day cases,d,1,,2114,7138,3.37653736991485,,1860,8292,4.45806451612903,
2019Q3,,S08000020,,S08000020,d,All Inpatients and Day cases,d,1,,2211,7948,3.59475350520127,,1899,7954,4.18852027382833,
2019Q4,,S08000020,,S08000020,d,All Inpatients and Day cases,d,1,,2104,7462,3.54657794676806,,1796,7810,4.34855233853007,
2020Q1,,S08000020,,S08000020,d,All Inpatients and Day cases,d,1,,2060,7498,3.63980582524272,,1732,8021,4.6310623556582,
2020Q2,,S08000020,,S08000020,d,All Inpatients and Day cases,d,1,,1585,5085,3.20820189274448,,1131,5525,4.88505747126437,
2020Q3,,S08000020,,S08000020,d,All Inpatients and Day cases,d,1,,1794,6271,3.49554069119287,,1447,6370,4.40221147201106,
2020Q4,,S08000020,,S08000020,d,All Inpatients and Day cases,d,1,,1702,6085,3.57520564042303,,1408,6711,4.76633522727273,
2021Q1,,S08000020,,S08000020,d,All Inpatients and Day cases,d,1,,1634,5688,3.48102815177479,,1360,6199,4.55808823529412,
2021Q2,,S08000020,,S08000020,d,All Inpatients and Day cases,d,1,,1815,5651,3.11349862258953,,1547,5801,3.74983839689722,
2021Q3,,S08000020,,S08000020,d,All Inpatients and Day cases,d,1,,1965,7299,3.71450381679389,,1632,7489,4.58884803921569,
2021Q4,,S08000020,,S08000020,d,All Inpatients and Day cases,d,1,,1961,7765,3.95971443141254,,1589,7734,4.86721208307111,
2022Q1,,S08000020,,S08000020,d,All Inpatients and Day cases,d,1,,1994,7146,3.58375125376128,,1640,7317,4.46158536585366,
2022Q2,,S08000020,,S08000020,d,All Inpatients and Day cases,d,1,,1855,6880,3.7088948787062,,1582,8088,5.11251580278129,
2022Q3,,S08000020,,S08000020,d,All Inpatients and Day cases,d,1,,1654,5504,3.32769044740024,,1407,6482,4.60696517412935,
2022Q4,p,S08000020,,S08000020,d,All Inpatients and Day cases,d,1,,1653,7041,4.25952813067151,,1436,7770,5.4108635097493,
2017Q4,,S08000020,,S08000020,d,All Inpatients and Day cases,d,2,,5299,16422,3.09907529722589,,4324,17410,4.0263644773358,
2018Q1,,S08000020,,S08000020,d,All Inpatients and Day cases,d,2,,5045,17681,3.50465807730426,,4187,19694,4.70360640076427,
2018Q2,,S08000020,,S08000020,d,All Inpatients and Day cases,d,2,,5143,16764,3.25957612288548,,4269,18300,4.28671820098384,
2018Q3,,S08000020,,S08000020,d,All Inpatients and Day cases,d,2,,5037,16167,3.20964860035736,,4073,17573,4.31451018904984,
2018Q4,,S08000020,,S08000020,d,All Inpatients and Day cases,d,2,,5095,15825,3.10598626104024,,4272,19472,4.55805243445693,
2019Q1,,S08000020,,S08000020,d,All Inpatients and Day cases,d,2,,5062,16218,3.20387198735678,,4206,17408,4.13884926295768,
2019Q2,,S08000020,,S08000020,d,All Inpatients and Day cases,d,2,,5215,15431,2.95896452540748,,4387,16161,3.68383861408708,
2019Q3,,S08000020,,S08000020,d,All Inpatients and Day cases,d,2,,5192,15657,3.01560092449923,,4372,17181,3.92978042086002,
2019Q4,,S08000020,,S08000020,d,All Inpatients and Day cases,d,2,,5153,17525,3.4009314962158,,4379,19764,4.51335921443252,
2020Q1,,S08000020,,S08000020,d,All Inpatients and Day cases,d,2,,4826,16351,3.38810609200166,,4060,19126,4.71083743842365,
2020Q2,,S08000020,,S08000020,d,All Inpatients and Day cases,d,2,,3605,10903,3.0244105409154,,2557,11926,4.66405944466171,
2020Q3,,S08000020,,S08000020,d,All Inpatients and Day cases,d,2,,3837,12378,3.22595777951525,,3158,13618,4.31222292590247,
2020Q4,,S08000020,,S08000020,d,All Inpatients and Day cases,d,2,,4065,12545,3.08610086100861,,3343,14034,4.19802572539635,
2021Q1,,S08000020,,S08000020,d,All Inpatients and Day cases,d,2,,4064,14561,3.58292322834646,,3327,15868,4.76946197775774,
2021Q2,,S08000020,,S08000020,d,All Inpatients and Day cases,d,2,,4554,13915,3.05555555555556,,3787,15082,3.98257195669395,
2021Q3,,S08000020,,S08000020,d,All Inpatients and Day cases,d,2,,4340,14259,3.28548387096774,,3634,15337,4.22041827187672,
2021Q4,,S08000020,,S08000020,d,All Inpatients and Day cases,d,2,,4318,14035,3.25034738304771,,3582,15548,4.34059184812954,
2022Q1,,S08000020,,S08000020,d,All Inpatients and Day cases,d,2,,4275,15046,3.51953216374269,,3543,17052,4.81287044877223,
2022Q2,,S08000020,,S08000020,d,All Inpatients and Day cases,d,2,,4381,14558,3.32298561972152,,3764,16784,4.45908607863974,
2022Q3,,S08000020,,S08000020,d,All Inpatients and Day cases,d,2,,4175,13723,3.28694610778443,,3566,15420,4.3241727425687,
2022Q4,p,S08000020,,S08000020,d,All Inpatients and Day cases,d,2,,4117,13228,3.21301918872966,,3559,15675,4.4043270581624,
2017Q4,,S08000020,,S08000020,d,All Inpatients and Day cases,d,3,,6117,17920,2.92954062448913,,5001,22020,4.40311937612478,
2018Q1,,S08000020,,S08000020,d,All Inpatients and Day cases,d,3,,5895,19274,3.26955046649703,,4765,22012,4.61951731374606,
2018Q2,,S08000020,,S08000020,d,All Inpatients and Day cases,d,3,,6252,18194,2.91010876519514,,5158,23723,4.59926328034122,
2018Q3,,S08000020,,S08000020,d,All Inpatients and Day cases,d,3,,5762,15844,2.7497396737244,,4701,18860,4.01191235907254,
2018Q4,,S08000020,,S08000020,d,All Inpatients and Day cases,d,3,,5874,16372,2.78719782090569,,4853,20150,4.15207088398928,
2019Q1,,S08000020,,S08000020,d,All Inpatients and Day cases,d,3,,5856,15522,2.65061475409836,,4984,19791,3.97090690208668,
2019Q2,,S08000020,,S08000020,d,All Inpatients and Day cases,d,3,,6290,17714,2.81621621621622,,5262,20580,3.91106043329532,
2019Q3,,S08000020,,S08000020,d,All Inpatients and Day cases,d,3,,6051,17758,2.9347215336308,,5066,20430,4.03276746940387,
2019Q4,,S08000020,,S08000020,d,All Inpatients and Day cases,d,3,,6421,18222,2.83787572029279,,5343,21350,3.99588246303575,
2020Q1,,S08000020,,S08000020,d,All Inpatients and Day cases,d,3,,6134,19550,3.1871535702641,,5086,24259,4.76976012583563,
2020Q2,,S08000020,,S08000020,d,All Inpatients and Day cases,d,3,,3939,12179,3.09190149784209,,2794,15197,5.43915533285612,
2020Q3,,S08000020,,S08000020,d,All Inpatients and Day cases,d,3,,4540,13612,2.99823788546255,,3632,15327,4.21998898678414,
2020Q4,,S08000020,,S08000020,d,All Inpatients and Day cases,d,3,,4988,15089,3.02506014434643,,4026,17209,4.27446597118728,
2021Q1,,S08000020,,S08000020,d,All Inpatients and Day cases,d,3,,4657,14791,3.17607902082886,,3760,17036,4.53085106382979,
2021Q2,,S08000020,,S08000020,d,All Inpatients and Day cases,d,3,,5340,14994,2.80786516853933,,4450,18346,4.12269662921348,
2021Q3,,S08000020,,S08000020,d,All Inpatients and Day cases,d,3,,5132,14398,2.80553390491037,,4251,16588,3.90214067278287,
2021Q4,,S08000020,,S08000020,d,All Inpatients and Day cases,d,3,,5247,16546,3.15342100247761,,4325,19333,4.47005780346821,
2022Q1,,S08000020,,S08000020,d,All Inpatients and Day cases,d,3,,5117,16934,3.3093609536838,,4246,19424,4.57465850211964,
2022Q2,,S08000020,,S08000020,d,All Inpatients and Day cases,d,3,,5538,16836,3.04008667388949,,4659,21020,4.51169778922516,
2022Q3,,S08000020,,S08000020,d,All Inpatients and Day cases,d,3,,5517,18868,3.4199746238898,,4631,24289,5.24487151803066,
2022Q4,p,S08000020,,S08000020,d,All Inpatients and Day cases,d,3,,5435,17582,3.23495860165593,,4619,22056,4.77505953669625,
2017Q4,,S08000020,,S08000020,d,All Inpatients and Day cases,d,4,,7386,19408,2.62767397779583,,6188,23066,3.72753716871364,
2018Q1,,S08000020,,S08000020,d,All Inpatients and Day cases,d,4,,7278,20899,2.87153064028579,,6089,24169,3.96928888158975,
2018Q2,,S08000020,,S08000020,d,All Inpatients and Day cases,d,4,,7394,19519,2.63984311604003,,6136,22647,3.69084093872229,
2018Q3,,S08000020,,S08000020,d,All Inpatients and Day cases,d,4,,7341,19653,2.67715570085819,,6035,21628,3.5837613918807,
2018Q4,,S08000020,,S08000020,d,All Inpatients and Day cases,d,4,,7524,21150,2.811004784689,,6256,24580,3.92902813299233,
2019Q1,,S08000020,,S08000020,d,All Inpatients and Day cases,d,4,,7508,20025,2.66715503462973,,6320,24458,3.86993670886076,
2019Q2,,S08000020,,S08000020,d,All Inpatients and Day cases,d,4,,7532,19067,2.53146574614976,,6436,21227,3.29816656308266,
2019Q3,,S08000020,,S08000020,d,All Inpatients and Day cases,d,4,,7651,19392,2.53457064436021,,6489,23086,3.55771305285868,
2019Q4,,S08000020,,S08000020,d,All Inpatients and Day cases,d,4,,7597,19932,2.62366723706726,,6466,22708,3.5119084441695,
2020Q1,,S08000020,,S08000020,d,All Inpatients and Day cases,d,4,,7418,21857,2.94648153141008,,6347,26064,4.10650701118639,
2020Q2,,S08000020,,S08000020,d,All Inpatients and Day cases,d,4,,4597,14138,3.07548401131173,,3355,17058,5.08435171385991,
2020Q3,,S08000020,,S08000020,d,All Inpatients and Day cases,d,4,,5584,16247,2.90956303724928,,4492,18235,4.05943900267142,
2020Q4,,S08000020,,S08000020,d,All Inpatients and Day cases,d,4,,6161,18043,2.92858302223665,,5142,20413,3.96985608712563,
2021Q1,,S08000020,,S08000020,d,All Inpatients and Day cases,d,4,,5801,17843,3.07584899155318,,4761,20098,4.22138206259189,
2021Q2,,S08000020,,S08000020,d,All Inpatients and Day cases,d,4,,6672,18397,2.75734412470024,,5633,21324,3.78554944079531,
2021Q3,,S08000020,,S08000020,d,All Inpatients and Day cases,d,4,,6681,18136,2.71456368807065,,5631,20924,3.71585863967324,
2021Q4,,S08000020,,S08000020,d,All Inpatients and Day cases,d,4,,6591,19173,2.9089667728721,,5438,22839,4.19988966531813,
2022Q1,,S08000020,,S08000020,d,All Inpatients and Day cases,d,4,,6545,19366,2.95889992360581,,5480,22628,4.12919708029197,
2022Q2,,S08000020,,S08000020,d,All Inpatients and Day cases,d,4,,7126,22207,3.11633454953691,,6019,27183,4.51619870410367,
2022Q3,,S08000020,,S08000020,d,All Inpatients and Day cases,d,4,,6986,20681,2.96034926996851,,6075,26646,4.38617283950617,
2022Q4,p,S08000020,,S08000020,d,All Inpatients and Day cases,d,4,,7111,19384,2.72591759246238,,6147,24882,4.04782820888238,
2017Q4,,S08000020,,S08000020,d,All Inpatients and Day cases,d,5,,6550,18942,2.89190839694656,,5581,19999,3.58340799139939,
2018Q1,,S08000020,,S08000020,d,All Inpatients and Day cases,d,5,,6182,20620,3.33549013264316,,5202,21248,4.08458285274894,
2018Q2,,S08000020,,S08000020,d,All Inpatients and Day cases,d,5,,6472,20581,3.18000618046972,,5458,22739,4.16617808721143,
2018Q3,,S08000020,,S08000020,d,All Inpatients and Day cases,d,5,,6190,17778,2.87205169628433,,5227,19223,3.67763535488808,
2018Q4,,S08000020,,S08000020,d,All Inpatients and Day cases,d,5,,6369,17724,2.78285445124823,,5415,20507,3.7870729455217,
2019Q1,,S08000020,,S08000020,d,All Inpatients and Day cases,d,5,,6494,18052,2.77979673544811,,5564,19196,3.45003594536305,
2019Q2,,S08000020,,S08000020,d,All Inpatients and Day cases,d,5,,6442,19466,3.02173238124806,,5524,20216,3.65966690803765,
2019Q3,,S08000020,,S08000020,d,All Inpatients and Day cases,d,5,,6645,18485,2.78179082016554,,5648,19672,3.48300283286119,
2019Q4,,S08000020,,S08000020,d,All Inpatients and Day cases,d,5,,6664,21261,3.19042617046819,,5738,22771,3.96845590798188,
2020Q1,,S08000020,,S08000020,d,All Inpatients and Day cases,d,5,,6345,20455,3.22379826635146,,5393,22464,4.16539959206379,
2020Q2,,S08000020,,S08000020,d,All Inpatients and Day cases,d,5,,3978,12346,3.1035696329814,,2883,13289,4.6094346167187,
2020Q3,,S08000020,,S08000020,d,All Inpatients and Day cases,d,5,,4548,13393,2.9448109058927,,3735,15189,4.06666666666667,
2020Q4,,S08000020,,S08000020,d,All Inpatients and Day cases,d,5,,5106,16187,3.1701919310615,,4295,15783,3.67473806752037,
2021Q1,,S08000020,,S08000020,d,All Inpatients and Day cases,d,5,,4925,16498,3.34984771573604,,4112,17987,4.37427042801556,
2021Q2,,S08000020,,S08000020,d,All Inpatients and Day cases,d,5,,5841,17854,3.05666837870228,,4875,18361,3.76635897435897,
2021Q3,,S08000020,,S08000020,d,All Inpatients and Day cases,d,5,,5601,19039,3.39921442599536,,4765,19912,4.1788037775446,
2021Q4,,S08000020,,S08000020,d,All Inpatients and Day cases,d,5,,5669,19307,3.40571529370259,,4734,20821,4.39818335445712,
2022Q1,,S08000020,,S08000020,d,All Inpatients and Day cases,d,5,,5662,17241,3.04503708936771,,4788,19541,4.0812447786132,
2022Q2,,S08000020,,S08000020,d,All Inpatients and Day cases,d,5,,5782,18189,3.14579730197164,,4936,20883,4.23075364667747,
2022Q3,,S08000020,,S08000020,d,All Inpatients and Day cases,d,5,,6203,18986,3.06077704336611,,5408,21596,3.99334319526627,
2022Q4,p,S08000020,,S08000020,d,All Inpatients and Day cases,d,5,,6222,19075,3.06573449051752,,5421,21858,4.03209739900387,
2022Q3,,S08000020,,S08000020,d,All Inpatients and Day cases,d,,:,0,6,,z,0,0,,z
2022Q4,p,S08000020,,S08000020,d,All Inpatients and Day cases,d,,:,5,138,27.6,,0,85,,z
2017Q4,,S08000031,,S12000045,,All Inpatients and Day cases,d,1,,447,1009,2.2572706935123,,340,977,2.87352941176471,
2018Q1,,S08000031,,S12000045,,All Inpatients and Day cases,d,1,,345,1161,3.36521739130435,,247,1221,4.94331983805668,
2018Q2,,S08000031,,S12000045,,All Inpatients and Day cases,d,1,,437,976,2.23340961098398,,306,914,2.98692810457516,
2018Q3,,S08000031,,S12000045,,All Inpatients and Day cases,d,1,,437,1263,2.89016018306636,,316,1333,4.21835443037975,
2018Q4,,S08000031,,S12000045,,All Inpatients and Day cases,d,1,,408,1068,2.61764705882353,,282,1021,3.62056737588652,
2019Q1,,S08000031,,S12000045,,All Inpatients and Day cases,d,1,,381,1116,2.92913385826772,,281,1237,4.40213523131673,
2019Q2,,S08000031,,S12000045,,All Inpatients and Day cases,d,1,,383,1278,3.33681462140992,,259,973,3.75675675675676,
2019Q3,,S08000031,,S12000045,,All Inpatients and Day cases,d,1,,486,1099,2.26131687242798,,318,1335,4.19811320754717,
2019Q4,,S08000031,,S12000045,,All Inpatients and Day cases,d,1,,445,995,2.23595505617978,,327,939,2.87155963302752,
2020Q1,,S08000031,,S12000045,,All Inpatients and Day cases,d,1,,435,1160,2.66666666666667,,305,1246,4.08524590163934,
2020Q2,,S08000031,,S12000045,,All Inpatients and Day cases,d,1,,250,756,3.024,,126,506,4.01587301587302,
2020Q3,,S08000031,,S12000045,,All Inpatients and Day cases,d,1,,339,1125,3.31858407079646,,224,1377,6.14732142857143,
2020Q4,,S08000031,,S12000045,,All Inpatients and Day cases,d,1,,424,1122,2.64622641509434,,262,1104,4.21374045801527,
2021Q1,,S08000031,,S12000045,,All Inpatients and Day cases,d,1,,365,1078,2.95342465753425,,256,1094,4.2734375,
2021Q2,,S08000031,,S12000045,,All Inpatients and Day cases,d,1,,419,907,2.16467780429594,,284,922,3.24647887323944,
2021Q3,,S08000031,,S12000045,,All Inpatients and Day cases,d,1,,368,835,2.26902173913043,,262,830,3.16793893129771,
2021Q4,,S08000031,,S12000045,,All Inpatients and Day cases,d,1,,379,1104,2.91292875989446,,281,1109,3.94661921708185,
2022Q1,,S08000031,,S12000045,,All Inpatients and Day cases,d,1,,391,1139,2.91304347826087,,275,994,3.61454545454545,
2022Q2,,S08000031,,S12000045,,All Inpatients and Day cases,d,1,,424,1436,3.38679245283019,,298,1477,4.95637583892617,
2022Q3,,S08000031,,S12000045,,All Inpatients and Day cases,d,1,,443,1115,2.51693002257336,,288,1175,4.07986111111111,
2022Q4,p,S08000031,,S12000045,,All Inpatients and Day cases,d,1,,446,1467,3.28923766816144,,321,1519,4.73208722741433,
2017Q4,,S08000031,,S12000045,,All Inpatients and Day cases,d,2,,1920,5172,2.69375,,1353,5370,3.9689578713969,
2018Q1,,S08000031,,S12000045,,All Inpatients and Day cases,d,2,,1978,5816,2.94034378159757,,1337,5657,4.23111443530292,
2018Q2,,S08000031,,S12000045,,All Inpatients and Day cases,d,2,,2100,5259,2.50428571428571,,1450,5224,3.60275862068966,
2018Q3,,S08000031,,S12000045,,All Inpatients and Day cases,d,2,,1927,5383,2.79346133886871,,1387,5381,3.87959625090123,
2018Q4,,S08000031,,S12000045,,All Inpatients and Day cases,d,2,,2061,5212,2.52886948083455,,1407,5518,3.92181947405828,
2019Q1,,S08000031,,S12000045,,All Inpatients and Day cases,d,2,,2078,5937,2.85707410972089,,1401,5665,4.0435403283369,
2019Q2,,S08000031,,S12000045,,All Inpatients and Day cases,d,2,,1926,5184,2.69158878504673,,1308,5349,4.0894495412844,
2019Q3,,S08000031,,S12000045,,All Inpatients and Day cases,d,2,,1818,4656,2.56105610561056,,1252,4572,3.6517571884984,
2019Q4,,S08000031,,S12000045,,All Inpatients and Day cases,d,2,,2087,5334,2.55582175371346,,1438,4922,3.42280945757997,
2020Q1,,S08000031,,S12000045,,All Inpatients and Day cases,d,2,,1884,5947,3.15658174097665,,1247,6126,4.91259021651965,
2020Q2,,S08000031,,S12000045,,All Inpatients and Day cases,d,2,,1145,3424,2.99039301310044,,654,3376,5.16207951070336,
2020Q3,,S08000031,,S12000045,,All Inpatients and Day cases,d,2,,1479,4370,2.95469912102772,,929,4191,4.51130247578041,
2020Q4,,S08000031,,S12000045,,All Inpatients and Day cases,d,2,,1717,5080,2.95864880605708,,1056,5008,4.74242424242424,
2021Q1,,S08000031,,S12000045,,All Inpatients and Day cases,d,2,,1614,5161,3.19764560099133,,959,5193,5.41501564129301,
2021Q2,,S08000031,,S12000045,,All Inpatients and Day cases,d,2,,1900,5675,2.98684210526316,,1156,5359,4.63581314878893,
2021Q3,,S08000031,,S12000045,,All Inpatients and Day cases,d,2,,1738,5552,3.19447640966628,,1085,5628,5.18709677419355,
2021Q4,,S08000031,,S12000045,,All Inpatients and Day cases,d,2,,1778,5870,3.30146231721035,,1188,5771,4.85774410774411,
2022Q1,,S08000031,,S12000045,,All Inpatients and Day cases,d,2,,1689,5295,3.13499111900533,,1122,5748,5.12299465240642,
2022Q2,,S08000031,,S12000045,,All Inpatients and Day cases,d,2,,1885,5637,2.99045092838196,,1249,5352,4.28502802241793,
2022Q3,,S08000031,,S12000045,,All Inpatients and Day cases,d,2,,1912,6164,3.22384937238494,,1273,6309,4.95600942655145,
2022Q4,p,S08000031,,S12000045,,All Inpatients and Day cases,d,2,,2016,5854,2.90376984126984,,1304,5853,4.48849693251534,
2017Q4,,S08000031,,S12000045,,All Inpatients and Day cases,d,3,,721,1710,2.37170596393897,,520,1425,2.74038461538462,
2018Q1,,S08000031,,S12000045,,All Inpatients and Day cases,d,3,,720,2019,2.80416666666667,,524,2180,4.16030534351145,
2018Q2,,S08000031,,S12000045,,All Inpatients and Day cases,d,3,,728,2021,2.7760989010989,,520,1708,3.28461538461538,
2018Q3,,S08000031,,S12000045,,All Inpatients and Day cases,d,3,,735,1906,2.59319727891156,,521,2109,4.04798464491363,
2018Q4,,S08000031,,S12000045,,All Inpatients and Day cases,d,3,,662,1237,1.86858006042296,,486,1208,2.48559670781893,
2019Q1,,S08000031,,S12000045,,All Inpatients and Day cases,d,3,,741,1739,2.3468286099865,,494,1753,3.54858299595142,
2019Q2,,S08000031,,S12000045,,All Inpatients and Day cases,d,3,,699,1291,1.84692417739628,,497,1254,2.52313883299799,
2019Q3,,S08000031,,S12000045,,All Inpatients and Day cases,d,3,,789,1535,1.94550063371356,,545,1501,2.75412844036697,
2019Q4,,S08000031,,S12000045,,All Inpatients and Day cases,d,3,,832,1807,2.171875,,574,1767,3.07839721254355,
2020Q1,,S08000031,,S12000045,,All Inpatients and Day cases,d,3,,845,2443,2.89112426035503,,529,2358,4.45746691871456,
2020Q2,,S08000031,,S12000045,,All Inpatients and Day cases,d,3,,498,1935,3.8855421686747,,259,1727,6.66795366795367,
2020Q3,,S08000031,,S12000045,,All Inpatients and Day cases,d,3,,560,1516,2.70714285714286,,358,1869,5.22067039106145,
2020Q4,,S08000031,,S12000045,,All Inpatients and Day cases,d,3,,647,1920,2.96754250386399,,426,1866,4.38028169014085,
2021Q1,,S08000031,,S12000045,,All Inpatients and Day cases,d,3,,659,2317,3.51593323216995,,404,2229,5.51732673267327,
2021Q2,,S08000031,,S12000045,,All Inpatients and Day cases,d,3,,705,1797,2.54893617021277,,453,1716,3.78807947019868,
2021Q3,,S08000031,,S12000045,,All Inpatients and Day cases,d,3,,697,1959,2.81061692969871,,452,1908,4.2212389380531,
2021Q4,,S08000031,,S12000045,,All Inpatients and Day cases,d,3,,622,1935,3.11093247588424,,437,2018,4.61784897025172,
2022Q1,,S08000031,,S12000045,,All Inpatients and Day cases,d,3,,692,1977,2.85693641618497,,449,1896,4.22271714922049,
2022Q2,,S08000031,,S12000045,,All Inpatients and Day cases,d,3,,595,1760,2.95798319327731,,429,1851,4.31468531468532,
2022Q3,,S08000031,,S12000045,,All Inpatients and Day cases,d,3,,624,1673,2.68108974358974,,424,1671,3.94103773584906,
2022Q4,p,S08000031,,S12000045,,All Inpatients and Day cases,d,3,,700,1893,2.70428571428571,,476,1755,3.68697478991597,
2017Q4,,S08000031,,S12000045,,All Inpatients and Day cases,d,4,,2056,5400,2.62645914396887,,1476,5195,3.51964769647696,
2018Q1,,S08000031,,S12000045,,All Inpatients and Day cases,d,4,,1995,4826,2.41904761904762,,1397,4765,3.41088045812455,
2018Q2,,S08000031,,S12000045,,All Inpatients and Day cases,d,4,,2070,4475,2.16183574879227,,1502,4680,3.11584553928096,
2018Q3,,S08000031,,S12000045,,All Inpatients and Day cases,d,4,,2099,5137,2.44735588375417,,1495,4831,3.2314381270903,
2018Q4,,S08000031,,S12000045,,All Inpatients and Day cases,d,4,,1977,5624,2.84471421345473,,1365,5543,4.06080586080586,
2019Q1,,S08000031,,S12000045,,All Inpatients and Day cases,d,4,,1999,5088,2.54527263631816,,1394,4985,3.57604017216643,
2019Q2,,S08000031,,S12000045,,All Inpatients and Day cases,d,4,,2172,5412,2.49171270718232,,1541,5085,3.29980532121999,
2019Q3,,S08000031,,S12000045,,All Inpatients and Day cases,d,4,,2061,5443,2.64095099466279,,1419,5766,4.06342494714588,
2019Q4,,S08000031,,S12000045,,All Inpatients and Day cases,d,4,,2049,5078,2.47828208882382,,1446,4760,3.29183955739972,
2020Q1,,S08000031,,S12000045,,All Inpatients and Day cases,d,4,,2084,6102,2.92802303262956,,1415,6035,4.26501766784452,
2020Q2,,S08000031,,S12000045,,All Inpatients and Day cases,d,4,,1129,3271,2.89725420726306,,632,3181,5.03322784810127,
2020Q3,,S08000031,,S12000045,,All Inpatients and Day cases,d,4,,1622,4541,2.79963008631319,,1000,4346,4.346,
2020Q4,,S08000031,,S12000045,,All Inpatients and Day cases,d,4,,1670,4925,2.94910179640719,,1117,4938,4.42076991942704,
2021Q1,,S08000031,,S12000045,,All Inpatients and Day cases,d,4,,1565,4247,2.71373801916933,,1055,4380,4.15165876777251,
2021Q2,,S08000031,,S12000045,,All Inpatients and Day cases,d,4,,1774,4517,2.54622322435175,,1198,4199,3.50500834724541,
2021Q3,,S08000031,,S12000045,,All Inpatients and Day cases,d,4,,1779,4768,2.68015739179314,,1221,5273,4.31859131859132,
2021Q4,,S08000031,,S12000045,,All Inpatients and Day cases,d,4,,1936,5578,2.88119834710744,,1330,5538,4.16390977443609,
2022Q1,,S08000031,,S12000045,,All Inpatients and Day cases,d,4,,1739,4528,2.60379528464635,,1149,4267,3.71366405570061,
2022Q2,,S08000031,,S12000045,,All Inpatients and Day cases,d,4,,1826,5062,2.77217962760131,,1215,4985,4.10288065843621,
2022Q3,,S08000031,,S12000045,,All Inpatients and Day cases,d,4,,1946,6108,3.13874614594039,,1295,6124,4.72895752895753,
2022Q4,p,S08000031,,S12000045,,All Inpatients and Day cases,d,4,,1955,5867,3.00102301790281,,1374,5810,4.22852983988355,
2017Q4,,S08000031,,S12000045,,All Inpatients and Day cases,d,5,,4554,10735,2.35726833552921,,3265,10284,3.14977029096478,
2018Q1,,S08000031,,S12000045,,All Inpatients and Day cases,d,5,,4400,10187,2.31522727272727,,3149,10111,3.2108605906637,
2018Q2,,S08000031,,S12000045,,All Inpatients and Day cases,d,5,,4653,10676,2.29443369868902,,3324,11013,3.31317689530686,
2018Q3,,S08000031,,S12000045,,All Inpatients and Day cases,d,5,,4583,10718,2.33864281038621,,3270,10506,3.21284403669725,
2018Q4,,S08000031,,S12000045,,All Inpatients and Day cases,d,5,,4497,10323,2.29553035356905,,3159,10431,3.3019943019943,
2019Q1,,S08000031,,S12000045,,All Inpatients and Day cases,d,5,,4686,11234,2.39735381988903,,3317,11588,3.49351823937293,
2019Q2,,S08000031,,S12000045,,All Inpatients and Day cases,d,5,,4653,10410,2.23726627981947,,3155,9920,3.14421553090333,
2019Q3,,S08000031,,S12000045,,All Inpatients and Day cases,d,5,,4453,10570,2.37368066472041,,3234,11029,3.41032776747062,
2019Q4,,S08000031,,S12000045,,All Inpatients and Day cases,d,5,,4475,10460,2.33743016759777,,3146,10227,3.25079465988557,
2020Q1,,S08000031,,S12000045,,All Inpatients and Day cases,d,5,,4516,10544,2.3348095659876,,3163,10680,3.37654125829908,
2020Q2,,S08000031,,S12000045,,All Inpatients and Day cases,d,5,,2614,6939,2.65455241009946,,1431,6765,4.72746331236897,
2020Q3,,S08000031,,S12000045,,All Inpatients and Day cases,d,5,,3802,9595,2.52367175170963,,2347,8911,3.7967618236046,
2020Q4,,S08000031,,S12000045,,All Inpatients and Day cases,d,5,,3666,9027,2.46235679214403,,2425,9355,3.85773195876289,
2021Q1,,S08000031,,S12000045,,All Inpatients and Day cases,d,5,,3842,10236,2.66423737636648,,2361,10199,4.31977975434138,
2021Q2,,S08000031,,S12000045,,All Inpatients and Day cases,d,5,,4124,9619,2.33244422890398,,2675,9561,3.57420560747664,
2021Q3,,S08000031,,S12000045,,All Inpatients and Day cases,d,5,,4006,10243,2.55691462805791,,2722,10684,3.92505510653931,
2021Q4,,S08000031,,S12000045,,All Inpatients and Day cases,d,5,,3962,9783,2.46920747097426,,2702,9167,3.39267209474463,
2022Q1,,S08000031,,S12000045,,All Inpatients and Day cases,d,5,,4313,10574,2.45165777880825,,2855,10051,3.52049036777583,
2022Q2,,S08000031,,S12000045,,All Inpatients and Day cases,d,5,,4455,10696,2.40089786756453,,2913,10821,3.71472708547889,
2022Q3,,S08000031,,S12000045,,All Inpatients and Day cases,d,5,,4460,11107,2.49035874439462,,2917,10615,3.63901268426466,
2022Q4,p,S08000031,,S12000045,,All Inpatients and Day cases,d,5,,4498,12571,2.79479768786127,,3053,13480,4.41532918440878,
2017Q4,,S08000031,,S12000011,,All Inpatients and Day cases,d,1,,469,891,1.8997867803838,,339,874,2.57817109144543,
2018Q1,,S08000031,,S12000011,,All Inpatients and Day cases,d,1,,504,1416,2.80952380952381,,376,1426,3.79255319148936,
2018Q2,,S08000031,,S12000011,,All Inpatients and Day cases,d,1,,519,1193,2.29865125240848,,387,1078,2.78552971576227,
2018Q3,,S08000031,,S12000011,,All Inpatients and Day cases,d,1,,545,1595,2.92660550458716,,386,1499,3.88341968911917,
2018Q4,,S08000031,,S12000011,,All Inpatients and Day cases,d,1,,536,1575,2.9384328358209,,380,1749,4.60263157894737,
2019Q1,,S08000031,,S12000011,,All Inpatients and Day cases,d,1,,481,1404,2.91891891891892,,350,1380,3.94285714285714,
2019Q2,,S08000031,,S12000011,,All Inpatients and Day cases,d,1,,498,1103,2.214859437751,,369,1141,3.09214092140921,
2019Q3,,S08000031,,S12000011,,All Inpatients and Day cases,d,1,,616,1896,3.07792207792208,,434,1917,4.41705069124424,
2019Q4,,S08000031,,S12000011,,All Inpatients and Day cases,d,1,,553,1413,2.55515370705244,,380,1376,3.62105263157895,
2020Q1,,S08000031,,S12000011,,All Inpatients and Day cases,d,1,,529,1386,2.62003780718336,,334,1151,3.44610778443114,
2020Q2,,S08000031,,S12000011,,All Inpatients and Day cases,d,1,,301,1242,4.12624584717608,,168,1357,8.07738095238095,
2020Q3,,S08000031,,S12000011,,All Inpatients and Day cases,d,1,,443,1332,3.00677200902935,,289,1288,4.45674740484429,
2020Q4,,S08000031,,S12000011,,All Inpatients and Day cases,d,1,,534,1291,2.41760299625468,,325,1264,3.88923076923077,
2021Q1,,S08000031,,S12000011,,All Inpatients and Day cases,d,1,,425,1203,2.83058823529412,,263,949,3.60836501901141,
2021Q2,,S08000031,,S12000011,,All Inpatients and Day cases,d,1,,539,1348,2.50092764378479,,348,1681,4.83045977011494,
2021Q3,,S08000031,,S12000011,,All Inpatients and Day cases,d,1,,471,1063,2.25690021231423,,320,1013,3.165625,
2021Q4,,S08000031,,S12000011,,All Inpatients and Day cases,d,1,,507,1389,2.7396449704142,,325,1111,3.41846153846154,
2022Q1,,S08000031,,S12000011,,All Inpatients and Day cases,d,1,,419,1228,2.93078758949881,,285,1449,5.08421052631579,
2022Q2,,S08000031,,S12000011,,All Inpatients and Day cases,d,1,,493,1203,2.44016227180527,,316,1277,4.04113924050633,
2022Q3,,S08000031,,S12000011,,All Inpatients and Day cases,d,1,,587,1671,2.84667802385009,,363,1691,4.65840220385675,
2022Q4,p,S08000031,,S12000011,,All Inpatients and Day cases,d,1,,557,1468,2.63554757630162,,351,1379,3.92877492877493,
2017Q4,,S08000031,,S12000011,,All Inpatients and Day cases,d,2,,890,2527,2.83932584269663,,615,2413,3.92357723577236,
2018Q1,,S08000031,,S12000011,,All Inpatients and Day cases,d,2,,847,2460,2.90436835891381,,570,2542,4.45964912280702,
2018Q2,,S08000031,,S12000011,,All Inpatients and Day cases,d,2,,830,2016,2.4289156626506,,609,1957,3.21346469622332,
2018Q3,,S08000031,,S12000011,,All Inpatients and Day cases,d,2,,797,2121,2.6612296110414,,544,1999,3.67463235294118,
2018Q4,,S08000031,,S12000011,,All Inpatients and Day cases,d,2,,945,2730,2.88888888888889,,622,2598,4.17684887459807,
2019Q1,,S08000031,,S12000011,,All Inpatients and Day cases,d,2,,832,2210,2.65625,,602,2318,3.85049833887043,
2019Q2,,S08000031,,S12000011,,All Inpatients and Day cases,d,2,,857,2033,2.37222870478413,,602,2087,3.46677740863787,
2019Q3,,S08000031,,S12000011,,All Inpatients and Day cases,d,2,,948,1911,2.01582278481013,,650,1786,2.74769230769231,
2019Q4,,S08000031,,S12000011,,All Inpatients and Day cases,d,2,,902,2222,2.46341463414634,,623,2349,3.77046548956661,
2020Q1,,S08000031,,S12000011,,All Inpatients and Day cases,d,2,,916,2165,2.36353711790393,,593,2029,3.42158516020236,
2020Q2,,S08000031,,S12000011,,All Inpatients and Day cases,d,2,,525,1460,2.78095238095238,,293,1560,5.32423208191126,
2020Q3,,S08000031,,S12000011,,All Inpatients and Day cases,d,2,,713,2013,2.82328190743338,,431,1939,4.49883990719258,
2020Q4,,S08000031,,S12000011,,All Inpatients and Day cases,d,2,,801,2483,3.09987515605493,,457,2462,5.38730853391685,
2021Q1,,S08000031,,S12000011,,All Inpatients and Day cases,d,2,,798,2272,2.84711779448622,,464,2315,4.98922413793103,
2021Q2,,S08000031,,S12000011,,All Inpatients and Day cases,d,2,,825,2458,2.97939393939394,,524,2372,4.52671755725191,
2021Q3,,S08000031,,S12000011,,All Inpatients and Day cases,d,2,,826,2327,2.81719128329298,,528,2284,4.32575757575758,
2021Q4,,S08000031,,S12000011,,All Inpatients and Day cases,d,2,,835,2017,2.41556886227545,,530,1927,3.63584905660377,
2022Q1,,S08000031,,S12000011,,All Inpatients and Day cases,d,2,,856,2517,2.94042056074766,,505,2448,4.84752475247525,
2022Q2,,S08000031,,S12000011,,All Inpatients and Day cases,d,2,,986,3081,3.12474645030426,,612,2967,4.84803921568627,
2022Q3,,S08000031,,S12000011,,All Inpatients and Day cases,d,2,,954,2885,3.0241090146750498,,645,2878,4.46201550387597,
2022Q4,p,S08000031,,S12000011,,All Inpatients and Day cases,d,2,,917,2576,2.80916030534351,,593,3033,5.11467116357504,
2017Q4,,S08000031,,S12000011,,All Inpatients and Day cases,d,3,,790,2461,3.11518987341772,,522,2353,4.50766283524904,
2018Q1,,S08000031,,S12000011,,All Inpatients and Day cases,d,3,,750,2312,3.08266666666667,,493,2350,4.76673427991886,
2018Q2,,S08000031,,S12000011,,All Inpatients and Day cases,d,3,,753,1900,2.52324037184595,,484,1850,3.82231404958678,
2018Q3,,S08000031,,S12000011,,All Inpatients and Day cases,d,3,,740,2016,2.72432432432432,,516,1972,3.82170542635659,
2018Q4,,S08000031,,S12000011,,All Inpatients and Day cases,d,3,,816,2373,2.90808823529412,,518,2296,4.43243243243243,
2019Q1,,S08000031,,S12000011,,All Inpatients and Day cases,d,3,,686,1703,2.48250728862974,,466,1685,3.61587982832618,
2019Q2,,S08000031,,S12000011,,All Inpatients and Day cases,d,3,,740,2416,3.26486486486486,,518,2590,5,
2019Q3,,S08000031,,S12000011,,All Inpatients and Day cases,d,3,,707,1376,1.94625176803395,,503,1331,2.64612326043738,
2019Q4,,S08000031,,S12000011,,All Inpatients and Day cases,d,3,,755,2059,2.72715231788079,,476,2006,4.21428571428571,
2020Q1,,S08000031,,S12000011,,All Inpatients and Day cases,d,3,,747,2267,3.03480589022758,,445,2297,5.16179775280899,
2020Q2,,S08000031,,S12000011,,All Inpatients and Day cases,d,3,,455,1421,3.12307692307692,,224,1307,5.83482142857143,
2020Q3,,S08000031,,S12000011,,All Inpatients and Day cases,d,3,,641,1565,2.4414976599064,,359,1585,4.4150417827298,
2020Q4,,S08000031,,S12000011,,All Inpatients and Day cases,d,3,,660,1997,3.02575757575758,,349,1824,5.22636103151862,
2021Q1,,S08000031,,S12000011,,All Inpatients and Day cases,d,3,,616,1696,2.75324675324675,,348,1816,5.2183908045977,
2021Q2,,S08000031,,S12000011,,All Inpatients and Day cases,d,3,,742,2130,2.87061994609164,,452,1922,4.25221238938053,
2021Q3,,S08000031,,S12000011,,All Inpatients and Day cases,d,3,,707,2187,3.09335219236209,,413,2039,4.93704600484261,
2021Q4,,S08000031,,S12000011,,All Inpatients and Day cases,d,3,,681,1806,2.65198237885463,,401,2128,5.30673316708229,
2022Q1,,S08000031,,S12000011,,All Inpatients and Day cases,d,3,,639,1903,2.97809076682316,,394,1784,4.52791878172589,
2022Q2,,S08000031,,S12000011,,All Inpatients and Day cases,d,3,,764,1893,2.47774869109948,,434,1910,4.40092165898618,
2022Q3,,S08000031,,S12000011,,All Inpatients and Day cases,d,3,,751,1957,2.60585885486019,,457,1987,4.34792122538293,
2022Q4,p,S08000031,,S12000011,,All Inpatients and Day cases,d,3,,700,1914,2.73428571428571,,427,1835,4.29742388758782,
2017Q4,,S08000031,,S12000011,,All Inpatients and Day cases,d,4,,1510,3657,2.42185430463576,,1031,3415,3.31231813773036,
2018Q1,,S08000031,,S12000011,,All Inpatients and Day cases,d,4,,1571,4161,2.64863144493953,,1051,4156,3.95432921027593,
2018Q2,,S08000031,,S12000011,,All Inpatients and Day cases,d,4,,1469,3227,2.19673247106875,,1039,3145,3.0269489894129,
2018Q3,,S08000031,,S12000011,,All Inpatients and Day cases,d,4,,1433,3728,2.60153524075366,,959,3598,3.75182481751825,
2018Q4,,S08000031,,S12000011,,All Inpatients and Day cases,d,4,,1507,4008,2.65958858659589,,994,4005,4.02917505030181,
2019Q1,,S08000031,,S12000011,,All Inpatients and Day cases,d,4,,1532,3972,2.59268929503916,,1016,3528,3.47244094488189,
2019Q2,,S08000031,,S12000011,,All Inpatients and Day cases,d,4,,1541,3911,2.53796236210253,,1088,4906,4.50919117647059,
2019Q3,,S08000031,,S12000011,,All Inpatients and Day cases,d,4,,1407,3481,2.47405828002843,,944,3436,3.63983050847458,
2019Q4,,S08000031,,S12000011,,All Inpatients and Day cases,d,4,,1586,4088,2.57755359394704,,1094,3907,3.57129798903108,
2020Q1,,S08000031,,S12000011,,All Inpatients and Day cases,d,4,,1569,4188,2.66921606118547,,1006,4017,3.99304174950298,
2020Q2,,S08000031,,S12000011,,All Inpatients and Day cases,d,4,,965,3461,3.58652849740933,,503,3766,7.48707753479125,
2020Q3,,S08000031,,S12000011,,All Inpatients and Day cases,d,4,,1289,3177,2.46470131885182,,743,3084,4.1507402422611,
2020Q4,,S08000031,,S12000011,,All Inpatients and Day cases,d,4,,1332,2890,2.16966966966967,,796,2676,3.36180904522613,
2021Q1,,S08000031,,S12000011,,All Inpatients and Day cases,d,4,,1385,3635,2.62454873646209,,764,3549,4.64528795811518,
2021Q2,,S08000031,,S12000011,,All Inpatients and Day cases,d,4,,1400,3675,2.625,,876,3875,4.42351598173516,
2021Q3,,S08000031,,S12000011,,All Inpatients and Day cases,d,4,,1350,3694,2.7362962962963,,860,3553,4.13139534883721,
2021Q4,,S08000031,,S12000011,,All Inpatients and Day cases,d,4,,1279,3885,3.03752931978108,,834,3888,4.66187050359712,
2022Q1,,S08000031,,S12000011,,All Inpatients and Day cases,d,4,,1467,3506,2.38991138377641,,905,3509,3.87734806629834,
2022Q2,,S08000031,,S12000011,,All Inpatients and Day cases,d,4,,1518,4002,2.63636363636364,,930,3870,4.16129032258065,
2022Q3,,S08000031,,S12000011,,All Inpatients and Day cases,d,4,,1519,3621,2.38380513495721,,1012,3740,3.69565217391304,
2022Q4,p,S08000031,,S12000011,,All Inpatients and Day cases,d,4,,1560,4000,2.56410256410256,,990,4002,4.04242424242424,
2017Q4,,S08000031,,S12000011,,All Inpatients and Day cases,d,5,,3992,8767,2.19614228456914,,2762,8310,3.00868935553946,
2018Q1,,S08000031,,S12000011,,All Inpatients and Day cases,d,5,,3869,9039,2.33626260015508,,2768,9520,3.4393063583815,
2018Q2,,S08000031,,S12000011,,All Inpatients and Day cases,d,5,,3767,8217,2.18131138837271,,2633,8052,3.05810862134447,
2018Q3,,S08000031,,S12000011,,All Inpatients and Day cases,d,5,,3761,8566,2.27758574847115,,2645,8535,3.22684310018904,
2018Q4,,S08000031,,S12000011,,All Inpatients and Day cases,d,5,,3973,8662,2.18021646111251,,2667,8927,3.3472065991751,
2019Q1,,S08000031,,S12000011,,All Inpatients and Day cases,d,5,,3749,8130,2.16857828754334,,2651,8140,3.07053941908714,
2019Q2,,S08000031,,S12000011,,All Inpatients and Day cases,d,5,,3897,8642,2.21760328457788,,2645,8405,3.17769376181474,
2019Q3,,S08000031,,S12000011,,All Inpatients and Day cases,d,5,,3959,8392,2.11972720383935,,2739,8537,3.11683096020445,
2019Q4,,S08000031,,S12000011,,All Inpatients and Day cases,d,5,,3953,9208,2.32937009865925,,2655,8488,3.1969868173258,
2020Q1,,S08000031,,S12000011,,All Inpatients and Day cases,d,5,,3617,8918,2.46557920928947,,2450,9327,3.8069387755102,
2020Q2,,S08000031,,S12000011,,All Inpatients and Day cases,d,5,,2171,6073,2.79732842008291,,1185,6145,5.18565400843882,
2020Q3,,S08000031,,S12000011,,All Inpatients and Day cases,d,5,,3118,7326,2.34958306606799,,1769,7145,4.03900508762012,
2020Q4,,S08000031,,S12000011,,All Inpatients and Day cases,d,5,,3310,8295,2.50604229607251,,1959,8224,4.19806023481368,
2021Q1,,S08000031,,S12000011,,All Inpatients and Day cases,d,5,,3307,7713,2.33232537042637,,1928,7682,3.9844398340249,
2021Q2,,S08000031,,S12000011,,All Inpatients and Day cases,d,5,,3656,8720,2.38512035010941,,2216,8829,3.98420577617329,
2021Q3,,S08000031,,S12000011,,All Inpatients and Day cases,d,5,,3694,9087,2.45993502977802,,2202,8887,4.03587647593097,
2021Q4,,S08000031,,S12000011,,All Inpatients and Day cases,d,5,,3466,8388,2.4200807847663,,2129,8588,4.03381869422264,
2022Q1,,S08000031,,S12000011,,All Inpatients and Day cases,d,5,,3708,9965,2.68743257820928,,2195,9568,4.35899772209567,
2022Q2,,S08000031,,S12000011,,All Inpatients and Day cases,d,5,,3520,9550,2.71306818181818,,2192,9689,4.42016423357664,
2022Q3,,S08000031,,S12000011,,All Inpatients and Day cases,d,5,,3654,8821,2.41406677613574,,2298,8702,3.78677110530896,
2022Q4,p,S08000031,,S12000011,,All Inpatients and Day cases,d,5,,3578,9487,2.651481274455,,2267,9792,4.31936479929422,
2017Q4,,S08000031,,S12000049,,All Inpatients and Day cases,d,1,,29752,84840,2.85157300349556,,19231,81950,4.26134886381363,
2018Q1,,S08000031,,S12000049,,All Inpatients and Day cases,d,1,,29542,86336,2.92248324419471,,18981,89070,4.69258732416627,
2018Q2,,S08000031,,S12000049,,All Inpatients and Day cases,d,1,,29677,82897,2.79330794891667,,19318,84558,4.37716119681126,
2018Q3,,S08000031,,S12000049,,All Inpatients and Day cases,d,1,,29044,78661,2.7083390717532,,18958,77953,4.11187889017829,
2018Q4,,S08000031,,S12000049,,All Inpatients and Day cases,d,1,,29823,79752,2.67417764812393,,19054,79321,4.16295790910045,
2019Q1,,S08000031,,S12000049,,All Inpatients and Day cases,d,1,,30097,81947,2.72276306608632,,19182,80632,4.20352413721197,
2019Q2,,S08000031,,S12000049,,All Inpatients and Day cases,d,1,,30035,82216,2.73733977026802,,19100,82253,4.30643979057592,
2019Q3,,S08000031,,S12000049,,All Inpatients and Day cases,d,1,,30486,78644,2.57967591681428,,19315,77071,3.99021485891794,
2019Q4,,S08000031,,S12000049,,All Inpatients and Day cases,d,1,,30812,83988,2.72582110865896,,19759,82412,4.17085884913204,
2020Q1,,S08000031,,S12000049,,All Inpatients and Day cases,d,1,,28808,81236,2.81991113579561,,18163,79604,4.38275615261796,
2020Q2,,S08000031,,S12000049,,All Inpatients and Day cases,d,1,,19816,58247,2.9393924101736,,10337,58146,5.62503627744994,
2020Q3,,S08000031,,S12000049,,All Inpatients and Day cases,d,1,,25518,71528,2.80304099067325,,14540,69954,4.8111416781293,
2020Q4,,S08000031,,S12000049,,All Inpatients and Day cases,d,1,,26204,78776,3.00625858647535,,14988,78843,5.26040832666133,
2021Q1,,S08000031,,S12000049,,All Inpatients and Day cases,d,1,,25278,72642,2.87372418704011,,14324,73886,5.1581960346272,
2021Q2,,S08000031,,S12000049,,All Inpatients and Day cases,d,1,,27914,75824,2.71634305366483,,16731,74888,4.47600262984878,
2021Q3,,S08000031,,S12000049,,All Inpatients and Day cases,d,1,,27354,79398,2.90261022153981,,16385,77884,4.75337198657309,
2021Q4,,S08000031,,S12000049,,All Inpatients and Day cases,d,1,,26407,82414,3.12091490892566,,16055,81565,5.08034880099657,
2022Q1,,S08000031,,S12000049,,All Inpatients and Day cases,d,1,,25187,80456,3.19434628975265,,15014,77351,5.15192487012122,
2022Q2,,S08000031,,S12000049,,All Inpatients and Day cases,d,1,,26021,80741,3.10291687483187,,15814,82361,5.20810674086253,
2022Q3,,S08000031,,S12000049,,All Inpatients and Day cases,d,1,,26587,82577,3.10591642532065,,16283,84456,5.18675919670822,
2022Q4,p,S08000031,,S12000049,,All Inpatients and Day cases,d,1,,26003,81827,3.146829212014,,16036,82699,5.15708406086306,
2017Q4,,S08000031,,S12000049,,All Inpatients and Day cases,d,2,,9487,28664,3.02139770211869,,6196,25828,4.16849580374435,
2018Q1,,S08000031,,S12000049,,All Inpatients and Day cases,d,2,,9648,27457,2.84587479270315,,6178,26283,4.25428941404985,
2018Q2,,S08000031,,S12000049,,All Inpatients and Day cases,d,2,,9673,26425,2.73183086943037,,6359,27273,4.28888189966976,
2018Q3,,S08000031,,S12000049,,All Inpatients and Day cases,d,2,,9591,25784,2.68835366489417,,6247,24672,3.94941571954538,
2018Q4,,S08000031,,S12000049,,All Inpatients and Day cases,d,2,,9844,26558,2.69788703778952,,6328,26081,4.12152338811631,
2019Q1,,S08000031,,S12000049,,All Inpatients and Day cases,d,2,,9640,25178,2.61182572614108,,6289,25247,4.01446970901574,
2019Q2,,S08000031,,S12000049,,All Inpatients and Day cases,d,2,,10004,26773,2.67622950819672,,6463,25933,4.01253287946774,
2019Q3,,S08000031,,S12000049,,All Inpatients and Day cases,d,2,,9776,25278,2.5857201309329,,6275,27875,4.44223107569721,
2019Q4,,S08000031,,S12000049,,All Inpatients and Day cases,d,2,,9955,25626,2.5741838272225,,6383,25303,3.96412345292182,
2020Q1,,S08000031,,S12000049,,All Inpatients and Day cases,d,2,,9151,26750,2.92317779477653,,5855,28685,4.89923142613151,
2020Q2,,S08000031,,S12000049,,All Inpatients and Day cases,d,2,,6153,16618,2.70079635949943,,3167,16864,5.32491316703505,
2020Q3,,S08000031,,S12000049,,All Inpatients and Day cases,d,2,,8076,21199,2.62493808816246,,4611,21295,4.61830405551941,
2020Q4,,S08000031,,S12000049,,All Inpatients and Day cases,d,2,,8544,22768,2.66479400749064,,4968,22090,4.44645732689211,
2021Q1,,S08000031,,S12000049,,All Inpatients and Day cases,d,2,,8280,23707,2.86316425120773,,4663,24314,5.21423975981128,
2021Q2,,S08000031,,S12000049,,All Inpatients and Day cases,d,2,,9440,23704,2.51101694915254,,5547,23077,4.16026681088877,
2021Q3,,S08000031,,S12000049,,All Inpatients and Day cases,d,2,,8912,23664,2.65529622980251,,5417,23362,4.31271921727894,
2021Q4,,S08000031,,S12000049,,All Inpatients and Day cases,d,2,,9169,27271,2.97426109717526,,5450,26673,4.89412844036697,
2022Q1,,S08000031,,S12000049,,All Inpatients and Day cases,d,2,,8690,25433,2.92669735327963,,5182,25367,4.89521420301042,
2022Q2,,S08000031,,S12000049,,All Inpatients and Day cases,d,2,,9106,25871,2.84109378431803,,5431,25444,4.684956729884,
2022Q3,,S08000031,,S12000049,,All Inpatients and Day cases,d,2,,9266,25791,2.78340168357436,,5646,26528,4.69854764434998,
2022Q4,p,S08000031,,S12000049,,All Inpatients and Day cases,d,2,,8987,27029,3.00756648492267,,5468,27833,5.09016093635699,
2017Q4,,S08000031,,S12000049,,All Inpatients and Day cases,d,3,,6258,15621,2.49616490891659,,4255,15157,3.56216216216216,
2018Q1,,S08000031,,S12000049,,All Inpatients and Day cases,d,3,,5925,14953,2.52371308016878,,3890,14635,3.76221079691517,
2018Q2,,S08000031,,S12000049,,All Inpatients and Day cases,d,3,,5916,15105,2.55324543610548,,4014,15228,3.79372197309417,
2018Q3,,S08000031,,S12000049,,All Inpatients and Day cases,d,3,,5846,14918,2.55183031132398,,3963,14701,3.70956346202372,
2018Q4,,S08000031,,S12000049,,All Inpatients and Day cases,d,3,,5813,13988,2.40633063822467,,3980,13998,3.51708542713568,
2019Q1,,S08000031,,S12000049,,All Inpatients and Day cases,d,3,,6073,14290,2.3530380372139,,4151,14048,3.38424476029872,
2019Q2,,S08000031,,S12000049,,All Inpatients and Day cases,d,3,,6131,16360,2.66840645897896,,4081,15654,3.83582455280568,
2019Q3,,S08000031,,S12000049,,All Inpatients and Day cases,d,3,,6261,14645,2.33908321354416,,4134,15385,3.72157716497339,
2019Q4,,S08000031,,S12000049,,All Inpatients and Day cases,d,3,,6158,16210,2.63234816498863,,4022,16394,4.07608155146693,
2020Q1,,S08000031,,S12000049,,All Inpatients and Day cases,d,3,,5669,16766,2.95748809313812,,3779,17007,4.50039693040487,
2020Q2,,S08000031,,S12000049,,All Inpatients and Day cases,d,3,,3800,10813,2.84552631578947,,2021,10823,5.35526966848095,
2020Q3,,S08000031,,S12000049,,All Inpatients and Day cases,d,3,,4796,12231,2.55025020850709,,2882,11249,3.90319222761971,
2020Q4,,S08000031,,S12000049,,All Inpatients and Day cases,d,3,,5054,14319,2.83320142461417,,3044,14054,4.61695137976347,
2021Q1,,S08000031,,S12000049,,All Inpatients and Day cases,d,3,,5087,14770,2.90347945744053,,3011,15089,5.0112919295915,
2021Q2,,S08000031,,S12000049,,All Inpatients and Day cases,d,3,,5683,13681,2.40735527010382,,3592,13504,3.75946547884187,
2021Q3,,S08000031,,S12000049,,All Inpatients and Day cases,d,3,,5591,14613,2.61366481845824,,3488,14575,4.1786123853211,
2021Q4,,S08000031,,S12000049,,All Inpatients and Day cases,d,3,,5437,15207,2.79694684568696,,3479,15775,4.53434895084794,
2022Q1,,S08000031,,S12000049,,All Inpatients and Day cases,d,3,,5214,14829,2.84407364787112,,3278,14712,4.48810250152532,
2022Q2,,S08000031,,S12000049,,All Inpatients and Day cases,d,3,,5461,14817,2.71323933345541,,3466,14207,4.09896133871898,
2022Q3,,S08000031,,S12000049,,All Inpatients and Day cases,d,3,,5628,14970,2.65991471215352,,3657,14914,4.0782061799289,
2022Q4,p,S08000031,,S12000049,,All Inpatients and Day cases,d,3,,5201,14179,2.72620649875024,,3466,14556,4.199653779573,
2017Q4,,S08000031,,S12000049,,All Inpatients and Day cases,d,4,,4944,11676,2.36165048543689,,3425,11760,3.43357664233577,
2018Q1,,S08000031,,S12000049,,All Inpatients and Day cases,d,4,,4799,11377,2.37070222963117,,3345,11279,3.37189835575486,
2018Q2,,S08000031,,S12000049,,All Inpatients and Day cases,d,4,,4862,11303,2.3247634718223,,3395,11491,3.38468335787923,
2018Q3,,S08000031,,S12000049,,All Inpatients and Day cases,d,4,,4591,10306,2.24482683511218,,3317,10163,3.06391317455532,
2018Q4,,S08000031,,S12000049,,All Inpatients and Day cases,d,4,,4790,10738,2.24175365344468,,3339,10824,3.24168912848158,
2019Q1,,S08000031,,S12000049,,All Inpatients and Day cases,d,4,,4968,11809,2.37701288244766,,3419,11241,3.28780345130155,
2019Q2,,S08000031,,S12000049,,All Inpatients and Day cases,d,4,,4850,10178,2.09855670103093,,3337,10284,3.08181000899011,
2019Q3,,S08000031,,S12000049,,All Inpatients and Day cases,d,4,,5007,10702,2.13740762931895,,3426,10318,3.01167542323409,
2019Q4,,S08000031,,S12000049,,All Inpatients and Day cases,d,4,,5268,10988,2.08580106302202,,3598,10908,3.03168426903835,
2020Q1,,S08000031,,S12000049,,All Inpatients and Day cases,d,4,,4746,11284,2.37758112094395,,3265,10630,3.25574272588055,
2020Q2,,S08000031,,S12000049,,All Inpatients and Day cases,d,4,,3158,9271,2.93571880937302,,1664,9349,5.61838942307692,
2020Q3,,S08000031,,S12000049,,All Inpatients and Day cases,d,4,,3831,9540,2.4902114330462,,2334,10041,4.30205655526992,
2020Q4,,S08000031,,S12000049,,All Inpatients and Day cases,d,4,,4220,9438,2.23649289099526,,2608,9803,3.75881901840491,
2021Q1,,S08000031,,S12000049,,All Inpatients and Day cases,d,4,,4015,9659,2.40572851805729,,2446,9080,3.71218315617334,
2021Q2,,S08000031,,S12000049,,All Inpatients and Day cases,d,4,,4762,11001,2.31016379672407,,3049,10892,3.5723187930469,
2021Q3,,S08000031,,S12000049,,All Inpatients and Day cases,d,4,,4708,11661,2.4768479184367,,3036,11142,3.6699604743083,
2021Q4,,S08000031,,S12000049,,All Inpatients and Day cases,d,4,,4756,12115,2.5473086627418,,2988,11568,3.8714859437751,
2022Q1,,S08000031,,S12000049,,All Inpatients and Day cases,d,4,,4579,12450,2.71893426512339,,2921,12073,4.13317357069497,
2022Q2,,S08000031,,S12000049,,All Inpatients and Day cases,d,4,,4908,12395,2.52546862265689,,3107,13317,4.28612809784358,
2022Q3,,S08000031,,S12000049,,All Inpatients and Day cases,d,4,,5006,12562,2.50938873351978,,3244,12169,3.75123304562269,
2022Q4,p,S08000031,,S12000049,,All Inpatients and Day cases,d,4,,4771,11633,2.43827289876336,,3215,11765,3.65940902021773,
2017Q4,,S08000031,,S12000049,,All Inpatients and Day cases,d,5,,4106,8732,2.12664393570385,,2894,8877,3.0673807878369,
2018Q1,,S08000031,,S12000049,,All Inpatients and Day cases,d,5,,3930,9220,2.34605597964377,,2728,8275,3.033357771261,
2018Q2,,S08000031,,S12000049,,All Inpatients and Day cases,d,5,,4188,9343,2.23089780324737,,2936,9576,3.26158038147139,
2018Q3,,S08000031,,S12000049,,All Inpatients and Day cases,d,5,,3883,8723,2.24645892351275,,2757,8789,3.18788538266231,
2018Q4,,S08000031,,S12000049,,All Inpatients and Day cases,d,5,,4174,9275,2.22208912314327,,2913,9204,3.15962924819773,
2019Q1,,S08000031,,S12000049,,All Inpatients and Day cases,d,5,,4286,9623,2.2452169855343,,2980,9368,3.14362416107383,
2019Q2,,S08000031,,S12000049,,All Inpatients and Day cases,d,5,,4120,9308,2.25922330097087,,2888,9511,3.29328254847645,
2019Q3,,S08000031,,S12000049,,All Inpatients and Day cases,d,5,,4268,9189,2.15299906279288,,2961,8898,3.00506585612969,
2019Q4,,S08000031,,S12000049,,All Inpatients and Day cases,d,5,,4286,10209,2.38194120391974,,2978,9829,3.30053727333781,
2020Q1,,S08000031,,S12000049,,All Inpatients and Day cases,d,5,,3900,8576,2.1989743589743602,,2747,8682,3.1605387695668,
2020Q2,,S08000031,,S12000049,,All Inpatients and Day cases,d,5,,2326,6037,2.59544282029235,,1308,6129,4.68577981651376,
2020Q3,,S08000031,,S12000049,,All Inpatients and Day cases,d,5,,3288,7857,2.38959854014599,,2026,8252,4.07305034550839,
2020Q4,,S08000031,,S12000049,,All Inpatients and Day cases,d,5,,3548,7947,2.23985343855693,,2238,7434,3.32171581769437,
2021Q1,,S08000031,,S12000049,,All Inpatients and Day cases,d,5,,3461,8072,2.33227390927478,,2182,7922,3.63061411549038,
2021Q2,,S08000031,,S12000049,,All Inpatients and Day cases,d,5,,3949,8788,2.22537351228159,,2561,8774,3.4260054666146,
2021Q3,,S08000031,,S12000049,,All Inpatients and Day cases,d,5,,3713,8521,2.29490977646108,,2448,8497,3.47099673202614,
2021Q4,,S08000031,,S12000049,,All Inpatients and Day cases,d,5,,3997,9570,2.39429572179134,,2597,9857,3.79553330766269,
2022Q1,,S08000031,,S12000049,,All Inpatients and Day cases,d,5,,3725,8975,2.40939597315436,,2419,8842,3.65522943365027,
2022Q2,,S08000031,,S12000049,,All Inpatients and Day cases,d,5,,3852,9811,2.54698857736241,,2495,9988,4.00320641282565,
2022Q3,,S08000031,,S12000049,,All Inpatients and Day cases,d,5,,3993,9077,2.27322814926121,,2599,9115,3.50711812235475,
2022Q4,p,S08000031,,S12000049,,All Inpatients and Day cases,d,5,,3808,8560,2.24789915966387,,2576,8782,3.40916149068323,
2022Q3,,S08000031,,S12000049,,All Inpatients and Day cases,d,,:,10,25,2.5,,5,25,5,
2022Q4,p,S08000031,,S12000049,,All Inpatients and Day cases,d,,:,5,14,2.8,,5,14,2.8,
2017Q4,,S08000031,,S12000018,,All Inpatients and Day cases,d,1,,3711,10627,2.8636486122339,,2570,10719,4.17081712062257,
2018Q1,,S08000031,,S12000018,,All Inpatients and Day cases,d,1,,3497,10537,3.01315413211324,,2443,10499,4.29758493655342,
2018Q2,,S08000031,,S12000018,,All Inpatients and Day cases,d,1,,3296,9624,2.91990291262136,,2386,9768,4.09388097233864,
2018Q3,,S08000031,,S12000018,,All Inpatients and Day cases,d,1,,3332,9776,2.93397358943577,,2368,9489,4.00717905405405,
2018Q4,,S08000031,,S12000018,,All Inpatients and Day cases,d,1,,3468,10381,2.99336793540946,,2444,9764,3.99509001636661,
2019Q1,,S08000031,,S12000018,,All Inpatients and Day cases,d,1,,3556,11277,3.17125984251969,,2566,11319,4.41114575214341,
2019Q2,,S08000031,,S12000018,,All Inpatients and Day cases,d,1,,3344,11238,3.36064593301435,,2391,11039,4.61689669594312,
2019Q3,,S08000031,,S12000018,,All Inpatients and Day cases,d,1,,3485,9901,2.84103299856528,,2539,9697,3.81922016541946,
2019Q4,,S08000031,,S12000018,,All Inpatients and Day cases,d,1,,3595,10955,3.04728789986092,,2475,10692,4.32,
2020Q1,,S08000031,,S12000018,,All Inpatients and Day cases,d,1,,3446,10813,3.13784097504353,,2384,10870,4.55956375838926,
2020Q2,,S08000031,,S12000018,,All Inpatients and Day cases,d,1,,2010,8090,4.02487562189055,,1185,8029,6.77552742616034,
2020Q3,,S08000031,,S12000018,,All Inpatients and Day cases,d,1,,2675,9436,3.52747663551402,,1663,9320,5.6043295249549,
2020Q4,,S08000031,,S12000018,,All Inpatients and Day cases,d,1,,2829,9460,3.34393778720396,,1911,9238,4.83411826268969,
2021Q1,,S08000031,,S12000018,,All Inpatients and Day cases,d,1,,2720,9428,3.46617647058824,,1826,9691,5.30722891566265,
2021Q2,,S08000031,,S12000018,,All Inpatients and Day cases,d,1,,3175,10173,3.20409448818898,,2211,10338,4.67571234735414,
2021Q3,,S08000031,,S12000018,,All Inpatients and Day cases,d,1,,3019,10262,3.39913878767804,,2065,9576,4.63728813559322,
2021Q4,,S08000031,,S12000018,,All Inpatients and Day cases,d,1,,3091,10695,3.46004529278551,,2110,10792,5.11469194312796,
2022Q1,,S08000031,,S12000018,,All Inpatients and Day cases,d,1,,3017,9306,3.08452104739808,,2100,8867,4.22238095238095,
2022Q2,,S08000031,,S12000018,,All Inpatients and Day cases,d,1,,3124,10483,3.3556338028169,,2111,10160,4.81288488867835,
2022Q3,,S08000031,,S12000018,,All Inpatients and Day cases,d,1,,3123,11053,3.5392251040666,,2249,12635,5.61805246776345,
2022Q4,p,S08000031,,S12000018,,All Inpatients and Day cases,d,1,,3179,10980,3.45391632588864,,2267,11550,5.09483899426555,
2017Q4,,S08000031,,S12000018,,All Inpatients and Day cases,d,2,,856,2186,2.55373831775701,,604,2312,3.82781456953642,
2018Q1,,S08000031,,S12000018,,All Inpatients and Day cases,d,2,,892,2456,2.75336322869955,,635,2430,3.82677165354331,
2018Q2,,S08000031,,S12000018,,All Inpatients and Day cases,d,2,,862,2280,2.64501160092807,,622,2380,3.82636655948553,
2018Q3,,S08000031,,S12000018,,All Inpatients and Day cases,d,2,,805,2202,2.73540372670807,,570,2082,3.65263157894737,
2018Q4,,S08000031,,S12000018,,All Inpatients and Day cases,d,2,,800,2139,2.67375,,582,2403,4.12886597938144,
2019Q1,,S08000031,,S12000018,,All Inpatients and Day cases,d,2,,882,2228,2.52607709750567,,652,2217,3.40030674846626,
2019Q2,,S08000031,,S12000018,,All Inpatients and Day cases,d,2,,817,2542,3.11138310893513,,586,2497,4.26109215017065,
2019Q3,,S08000031,,S12000018,,All Inpatients and Day cases,d,2,,872,2084,2.38990825688073,,637,2177,3.41758241758242,
2019Q4,,S08000031,,S12000018,,All Inpatients and Day cases,d,2,,919,2832,3.08161044613711,,621,2693,4.3365539452496,
2020Q1,,S08000031,,S12000018,,All Inpatients and Day cases,d,2,,889,2951,3.31946006749156,,605,3024,4.99834710743802,
2020Q2,,S08000031,,S12000018,,All Inpatients and Day cases,d,2,,473,1605,3.39323467230444,,276,1677,6.07608695652174,
2020Q3,,S08000031,,S12000018,,All Inpatients and Day cases,d,2,,642,1970,3.06853582554517,,432,2044,4.73148148148148,
2020Q4,,S08000031,,S12000018,,All Inpatients and Day cases,d,2,,688,1774,2.57848837209302,,501,1822,3.63672654690619,
2021Q1,,S08000031,,S12000018,,All Inpatients and Day cases,d,2,,645,1653,2.56279069767442,,473,1519,3.21141649048626,
2021Q2,,S08000031,,S12000018,,All Inpatients and Day cases,d,2,,719,2379,3.30876216968011,,533,2229,4.18198874296435,
2021Q3,,S08000031,,S12000018,,All Inpatients and Day cases,d,2,,729,2088,2.8641975308642,,505,2111,4.18019801980198,
2021Q4,,S08000031,,S12000018,,All Inpatients and Day cases,d,2,,846,2426,2.86761229314421,,584,2481,4.24828767123288,
2022Q1,,S08000031,,S12000018,,All Inpatients and Day cases,d,2,,841,2838,3.37455410225922,,558,2864,5.1326164874552,
2022Q2,,S08000031,,S12000018,,All Inpatients and Day cases,d,2,,772,2910,3.76943005181347,,553,2691,4.86618444846293,
2022Q3,,S08000031,,S12000018,,All Inpatients and Day cases,d,2,,830,3143,3.78674698795181,,613,2862,4.66884176182708,
2022Q4,p,S08000031,,S12000018,,All Inpatients and Day cases,d,2,,757,2271,3,,544,2384,4.38235294117647,
2017Q4,,S08000031,,S12000018,,All Inpatients and Day cases,d,3,,977,2935,3.00409416581372,,703,2885,4.10384068278805,
2018Q1,,S08000031,,S12000018,,All Inpatients and Day cases,d,3,,973,3087,3.1726618705036,,693,2927,4.22366522366522,
2018Q2,,S08000031,,S12000018,,All Inpatients and Day cases,d,3,,1039,3157,3.03849855630414,,760,2949,3.88026315789474,
2018Q3,,S08000031,,S12000018,,All Inpatients and Day cases,d,3,,897,2630,2.93199554069119,,649,2486,3.83050847457627,
2018Q4,,S08000031,,S12000018,,All Inpatients and Day cases,d,3,,927,2692,2.90399137001079,,671,2539,3.78390461997019,
2019Q1,,S08000031,,S12000018,,All Inpatients and Day cases,d,3,,933,2972,3.18542336548767,,702,2902,4.13390313390313,
2019Q2,,S08000031,,S12000018,,All Inpatients and Day cases,d,3,,877,2798,3.19042189281642,,645,2693,4.17519379844961,
2019Q3,,S08000031,,S12000018,,All Inpatients and Day cases,d,3,,894,2802,3.13422818791946,,651,2894,4.44546850998464,
2019Q4,,S08000031,,S12000018,,All Inpatients and Day cases,d,3,,1006,2832,2.81510934393638,,701,2757,3.93295292439372,
2020Q1,,S08000031,,S12000018,,All Inpatients and Day cases,d,3,,1131,3850,3.40406719717065,,770,3749,4.86883116883117,
2020Q2,,S08000031,,S12000018,,All Inpatients and Day cases,d,3,,600,2031,3.385,,376,2174,5.78191489361702,
2020Q3,,S08000031,,S12000018,,All Inpatients and Day cases,d,3,,796,2168,2.72361809045226,,505,2086,4.13069306930693,
2020Q4,,S08000031,,S12000018,,All Inpatients and Day cases,d,3,,857,2230,2.60210035005834,,574,2071,3.60801393728223,
2021Q1,,S08000031,,S12000018,,All Inpatients and Day cases,d,3,,753,2849,3.78353253652058,,543,2642,4.86556169429098,
2021Q2,,S08000031,,S12000018,,All Inpatients and Day cases,d,3,,801,2106,2.62921348314607,,608,2455,4.03782894736842,
2021Q3,,S08000031,,S12000018,,All Inpatients and Day cases,d,3,,825,2608,3.16121212121212,,607,2520,4.15156507413509,
2021Q4,,S08000031,,S12000018,,All Inpatients and Day cases,d,3,,834,3005,3.6031175059952,,567,2834,4.99823633156966,
2022Q1,,S08000031,,S12000018,,All Inpatients and Day cases,d,3,,824,3093,3.75364077669903,,564,3088,5.47517730496454,
2022Q2,,S08000031,,S12000018,,All Inpatients and Day cases,d,3,,880,2937,3.3375,,630,2891,4.58888888888889,
2022Q3,,S08000031,,S12000018,,All Inpatients and Day cases,d,3,,887,2780,3.13416009019166,,682,2899,4.25073313782991,
2022Q4,p,S08000031,,S12000018,,All Inpatients and Day cases,d,3,,1009,3286,3.25668979187314,,692,3151,4.55346820809249,
2017Q4,,S08000031,,S12000018,,All Inpatients and Day cases,d,4,,878,2240,2.55125284738041,,649,2316,3.56856702619414,
2018Q1,,S08000031,,S12000018,,All Inpatients and Day cases,d,4,,896,2397,2.67522321428571,,643,2245,3.49144634525661,
2018Q2,,S08000031,,S12000018,,All Inpatients and Day cases,d,4,,941,2487,2.64293304994687,,677,2349,3.46971935007386,
2018Q3,,S08000031,,S12000018,,All Inpatients and Day cases,d,4,,806,2412,2.99255583126551,,582,2373,4.07731958762887,
2018Q4,,S08000031,,S12000018,,All Inpatients and Day cases,d,4,,741,2483,3.35087719298246,,571,2748,4.81260945709282,
2019Q1,,S08000031,,S12000018,,All Inpatients and Day cases,d,4,,780,1978,2.53589743589744,,562,1883,3.35053380782918,
2019Q2,,S08000031,,S12000018,,All Inpatients and Day cases,d,4,,739,2183,2.95399188092016,,553,2177,3.93670886075949,
2019Q3,,S08000031,,S12000018,,All Inpatients and Day cases,d,4,,755,2176,2.88211920529801,,590,2232,3.78305084745763,
2019Q4,,S08000031,,S12000018,,All Inpatients and Day cases,d,4,,810,1818,2.24444444444444,,600,1804,3.00666666666667,
2020Q1,,S08000031,,S12000018,,All Inpatients and Day cases,d,4,,864,2187,2.53125,,651,2146,3.29646697388633,
2020Q2,,S08000031,,S12000018,,All Inpatients and Day cases,d,4,,492,1714,3.48373983739837,,286,1594,5.57342657342657,
2020Q3,,S08000031,,S12000018,,All Inpatients and Day cases,d,4,,727,2269,3.12104539202201,,467,2461,5.26980728051392,
2020Q4,,S08000031,,S12000018,,All Inpatients and Day cases,d,4,,675,1646,2.43851851851852,,496,1568,3.16129032258065,
2021Q1,,S08000031,,S12000018,,All Inpatients and Day cases,d,4,,658,2086,3.17021276595745,,492,1620,3.29268292682927,
2021Q2,,S08000031,,S12000018,,All Inpatients and Day cases,d,4,,777,2355,3.03088803088803,,548,2647,4.83029197080292,
2021Q3,,S08000031,,S12000018,,All Inpatients and Day cases,d,4,,757,2447,3.23249669749009,,539,2358,4.3747680890538,
2021Q4,,S08000031,,S12000018,,All Inpatients and Day cases,d,4,,826,2835,3.43220338983051,,564,2602,4.61347517730496,
2022Q1,,S08000031,,S12000018,,All Inpatients and Day cases,d,4,,792,2649,3.34469696969697,,561,2882,5.13725490196078,
2022Q2,,S08000031,,S12000018,,All Inpatients and Day cases,d,4,,780,2441,3.12948717948718,,591,2400,4.06091370558376,
2022Q3,,S08000031,,S12000018,,All Inpatients and Day cases,d,4,,852,2448,2.87323943661972,,660,2477,3.7530303030303,
2022Q4,p,S08000031,,S12000018,,All Inpatients and Day cases,d,4,,889,2899,3.26096737907762,,631,3017,4.78129952456418,
2017Q4,,S08000031,,S12000018,,All Inpatients and Day cases,d,5,,904,2244,2.48230088495575,,693,2225,3.21067821067821,
2018Q1,,S08000031,,S12000018,,All Inpatients and Day cases,d,5,,843,1863,2.2099644128113902,,656,1848,2.81707317073171,
2018Q2,,S08000031,,S12000018,,All Inpatients and Day cases,d,5,,943,2425,2.57158006362672,,740,2457,3.32027027027027,
2018Q3,,S08000031,,S12000018,,All Inpatients and Day cases,d,5,,829,1843,2.22316043425814,,645,1727,2.67751937984496,
2018Q4,,S08000031,,S12000018,,All Inpatients and Day cases,d,5,,825,2105,2.55151515151515,,615,2048,3.33008130081301,
2019Q1,,S08000031,,S12000018,,All Inpatients and Day cases,d,5,,837,2596,3.1015531660693,,650,2591,3.98615384615385,
2019Q2,,S08000031,,S12000018,,All Inpatients and Day cases,d,5,,793,2126,2.68095838587642,,606,2057,3.39438943894389,
2019Q3,,S08000031,,S12000018,,All Inpatients and Day cases,d,5,,951,2629,2.76445846477392,,683,2590,3.79209370424597,
2019Q4,,S08000031,,S12000018,,All Inpatients and Day cases,d,5,,953,2646,2.77649527806925,,693,2590,3.73737373737374,
2020Q1,,S08000031,,S12000018,,All Inpatients and Day cases,d,5,,882,2361,2.67687074829932,,646,2514,3.89164086687307,
2020Q2,,S08000031,,S12000018,,All Inpatients and Day cases,d,5,,493,1532,3.10750507099391,,323,1519,4.70278637770898,
2020Q3,,S08000031,,S12000018,,All Inpatients and Day cases,d,5,,745,1740,2.33557046979866,,528,1594,3.01893939393939,
2020Q4,,S08000031,,S12000018,,All Inpatients and Day cases,d,5,,785,1766,2.24968152866242,,612,1829,2.98856209150327,
2021Q1,,S08000031,,S12000018,,All Inpatients and Day cases,d,5,,712,1577,2.21488764044944,,528,1431,2.71022727272727,
2021Q2,,S08000031,,S12000018,,All Inpatients and Day cases,d,5,,844,1952,2.31279620853081,,666,2084,3.12912912912913,
2021Q3,,S08000031,,S12000018,,All Inpatients and Day cases,d,5,,890,2023,2.27303370786517,,684,2086,3.04970760233918,
2021Q4,,S08000031,,S12000018,,All Inpatients and Day cases,d,5,,846,2005,2.36997635933806,,659,1895,2.87556904400607,
2022Q1,,S08000031,,S12000018,,All Inpatients and Day cases,d,5,,909,2306,2.53685368536854,,699,2327,3.32904148783977,
2022Q2,,S08000031,,S12000018,,All Inpatients and Day cases,d,5,,861,2645,3.07200929152149,,659,2600,3.9453717754173,
2022Q3,,S08000031,,S12000018,,All Inpatients and Day cases,d,5,,914,2351,2.57221006564551,,714,2492,3.49019607843137,
2022Q4,p,S08000031,,S12000018,,All Inpatients and Day cases,d,5,,957,2567,2.68234064785789,,715,2507,3.50629370629371,
2022Q3,,S08000031,,S12000018,,All Inpatients and Day cases,d,,:,10,35,3.5,,5,36,7.2,
2022Q4,p,S08000031,,S12000018,,All Inpatients and Day cases,d,,:,10,15,1.5,,5,13,2.6,
2017Q4,,S08000031,,S08000031,d,All Inpatients and Day cases,d,1,,42082,118393,2.81338814695119,,27658,115631,4.18074336539157,
2018Q1,,S08000031,,S08000031,d,All Inpatients and Day cases,d,1,,41279,120822,2.92696043993314,,27048,123391,4.56192694469092,
2018Q2,,S08000031,,S08000031,d,All Inpatients and Day cases,d,1,,41556,116984,2.81509288670709,,27586,119051,4.31563111723338,
2018Q3,,S08000031,,S08000031,d,All Inpatients and Day cases,d,1,,40803,111137,2.72374580300468,,27143,109804,4.0453892347935,
2018Q4,,S08000031,,S08000031,d,All Inpatients and Day cases,d,1,,41735,112563,2.69708877440997,,27203,111318,4.09212219240525,
2019Q1,,S08000031,,S08000031,d,All Inpatients and Day cases,d,1,,42348,116327,2.74693019741192,,27717,114703,4.13836273767002,
2019Q2,,S08000031,,S08000031,d,All Inpatients and Day cases,d,1,,42184,116346,2.75805992793476,,27577,115980,4.20567864524785,
2019Q3,,S08000031,,S08000031,d,All Inpatients and Day cases,d,1,,42925,111569,2.5991613278975,,27986,110839,3.96051597227185,
2019Q4,,S08000031,,S08000031,d,All Inpatients and Day cases,d,1,,43830,118900,2.71275382158339,,28350,116822,4.12070546737213,
2020Q1,,S08000031,,S08000031,d,All Inpatients and Day cases,d,1,,40781,115369,2.82898898997082,,25952,114459,4.41041152897657,
2020Q2,,S08000031,,S08000031,d,All Inpatients and Day cases,d,1,,27270,83846,3.07466079941327,,14558,82458,5.66410221184229,
2020Q3,,S08000031,,S08000031,d,All Inpatients and Day cases,d,1,,35347,101516,2.87198347808866,,20525,99028,4.8247503045067,
2020Q4,,S08000031,,S08000031,d,All Inpatients and Day cases,d,1,,36947,110187,2.98229896879314,,21697,109443,5.04415356961792,
2021Q1,,S08000031,,S08000031,d,All Inpatients and Day cases,d,1,,35589,103203,2.89985669729411,,20680,104265,5.04182785299807,
2021Q2,,S08000031,,S08000031,d,All Inpatients and Day cases,d,1,,39861,108778,2.72893304232207,,24391,108358,4.44254028125128,
2021Q3,,S08000031,,S08000031,d,All Inpatients and Day cases,d,1,,38644,111936,2.89659455542904,,23619,110092,4.66116262331174,
2021Q4,,S08000031,,S08000031,d,All Inpatients and Day cases,d,1,,37430,115695,3.09096981031258,,22950,114029,4.96858387799564,
2022Q1,,S08000031,,S08000031,d,All Inpatients and Day cases,d,1,,36103,112293,3.11035094036507,,21854,109013,4.98824013910497,
2022Q2,,S08000031,,S08000031,d,All Inpatients and Day cases,d,1,,37299,114131,3.05989436714121,,22957,116015,5.05357842923727,
2022Q3,,S08000031,,S08000031,d,All Inpatients and Day cases,d,1,,38408,118170,3.0767027702562,,23799,120782,5.07508718853733,
2022Q4,p,S08000031,,S08000031,d,All Inpatients and Day cases,d,1,,37991,117026,3.0803611381643,,23720,118803,5.00855817875211,
2017Q4,,S08000031,,S08000031,d,All Inpatients and Day cases,d,2,,19340,54845,2.83583247156153,,13087,52254,3.9928172996103,
2018Q1,,S08000031,,S08000031,d,All Inpatients and Day cases,d,2,,19427,55333,2.84825243218201,,12927,53525,4.1405585209252,
2018Q2,,S08000031,,S08000031,d,All Inpatients and Day cases,d,2,,19586,52988,2.70540181762483,,13350,53709,4.0231460674157304,
2018Q3,,S08000031,,S08000031,d,All Inpatients and Day cases,d,2,,19273,51973,2.69667410366834,,13036,49929,3.83008591592513,
2018Q4,,S08000031,,S08000031,d,All Inpatients and Day cases,d,2,,20002,53907,2.6950804919508,,13300,53990,4.0593984962406,
2019Q1,,S08000031,,S08000031,d,All Inpatients and Day cases,d,2,,19612,51765,2.63945543544768,,13353,51939,3.88968771062683,
2019Q2,,S08000031,,S08000031,d,All Inpatients and Day cases,d,2,,19630,51686,2.63301069791136,,13206,50433,3.81894593366652,
2019Q3,,S08000031,,S08000031,d,All Inpatients and Day cases,d,2,,19555,48977,2.50457683456916,,13227,52019,3.9327889922129,
2019Q4,,S08000031,,S08000031,d,All Inpatients and Day cases,d,2,,20418,51505,2.52252914095406,,13510,50594,3.74492968171725,
2020Q1,,S08000031,,S08000031,d,All Inpatients and Day cases,d,2,,19139,54014,2.82219551700716,,12450,55771,4.4795983935743,
2020Q2,,S08000031,,S08000031,d,All Inpatients and Day cases,d,2,,11877,34127,2.8733686957986,,6417,34336,5.35078697210534,
2020Q3,,S08000031,,S08000031,d,All Inpatients and Day cases,d,2,,15855,44201,2.78782718385367,,9337,43380,4.64603191603299,
2020Q4,,S08000031,,S08000031,d,All Inpatients and Day cases,d,2,,17195,46530,2.70601919162547,,10339,45378,4.38901247702873,
2021Q1,,S08000031,,S08000031,d,All Inpatients and Day cases,d,2,,16770,48034,2.86428145497913,,9844,48163,4.89262494920764,
2021Q2,,S08000031,,S08000031,d,All Inpatients and Day cases,d,2,,19158,50627,2.64260361206807,,11710,49671,4.24175918018787,
2021Q3,,S08000031,,S08000031,d,All Inpatients and Day cases,d,2,,17836,48451,2.716472303207,,11123,48255,4.33830801042884,
2021Q4,,S08000031,,S08000031,d,All Inpatients and Day cases,d,2,,18258,53442,2.92704567860664,,11200,52568,4.69357142857143,
2022Q1,,S08000031,,S08000031,d,All Inpatients and Day cases,d,2,,17403,50527,2.90334999712693,,10740,50990,4.74767225325885,
2022Q2,,S08000031,,S08000031,d,All Inpatients and Day cases,d,2,,18473,53573,2.90007037297678,,11362,52456,4.61679281816582,
2022Q3,,S08000031,,S08000031,d,All Inpatients and Day cases,d,2,,19124,55232,2.88809872411629,,12023,55703,4.63303667969725,
2022Q4,p,S08000031,,S08000031,d,All Inpatients and Day cases,d,2,,18750,54684,2.91648,,11684,56384,4.82574460801095,
2017Q4,,S08000031,,S08000031,d,All Inpatients and Day cases,d,3,,12621,33329,2.64075746771254,,8695,32331,3.71834387579068,
2018Q1,,S08000031,,S08000031,d,All Inpatients and Day cases,d,3,,12090,31860,2.63523573200993,,8230,31598,3.83936816524909,
2018Q2,,S08000031,,S08000031,d,All Inpatients and Day cases,d,3,,12245,32611,2.66320947325439,,8509,31680,3.72311669996474,
2018Q3,,S08000031,,S08000031,d,All Inpatients and Day cases,d,3,,11984,31092,2.59445927903872,,8366,30858,3.68850107578293,
2018Q4,,S08000031,,S08000031,d,All Inpatients and Day cases,d,3,,12105,29782,2.46030565881867,,8432,29965,3.55372390891841,
2019Q1,,S08000031,,S08000031,d,All Inpatients and Day cases,d,3,,12267,30235,2.46474280590201,,8614,30074,3.491293243557,
2019Q2,,S08000031,,S08000031,d,All Inpatients and Day cases,d,3,,12375,32747,2.64622222222222,,8560,31548,3.68551401869159,
2019Q3,,S08000031,,S08000031,d,All Inpatients and Day cases,d,3,,12936,30070,2.32452071737786,,8898,30978,3.48145650708024,
2019Q4,,S08000031,,S08000031,d,All Inpatients and Day cases,d,3,,13057,32945,2.52316764953665,,8723,32845,3.76533302762811,
2020Q1,,S08000031,,S08000031,d,All Inpatients and Day cases,d,3,,12262,34758,2.83461099331267,,8166,34968,4.28214548126378,
2020Q2,,S08000031,,S08000031,d,All Inpatients and Day cases,d,3,,7539,23307,3.09152407481098,,4150,23151,5.57855421686747,
2020Q3,,S08000031,,S08000031,d,All Inpatients and Day cases,d,3,,9975,26152,2.62175438596491,,6073,25097,4.13255392721884,
2020Q4,,S08000031,,S08000031,d,All Inpatients and Day cases,d,3,,10699,29959,2.80016824002243,,6632,29307,4.41902895054282,
2021Q1,,S08000031,,S08000031,d,All Inpatients and Day cases,d,3,,10778,31434,2.91649656708109,,6579,31001,4.71211430308557,
2021Q2,,S08000031,,S08000031,d,All Inpatients and Day cases,d,3,,12002,29726,2.47675387435427,,7744,30113,3.88855888429752,
2021Q3,,S08000031,,S08000031,d,All Inpatients and Day cases,d,3,,11509,30982,2.69198018941698,,7396,30253,4.09045429962142,
2021Q4,,S08000031,,S08000031,d,All Inpatients and Day cases,d,3,,11336,32063,2.82842272406493,,7287,32926,4.51845752710306,
2022Q1,,S08000031,,S08000031,d,All Inpatients and Day cases,d,3,,10901,32322,2.96504907806623,,6956,31974,4.59660724554342,
2022Q2,,S08000031,,S08000031,d,All Inpatients and Day cases,d,3,,11532,32560,2.82344779743323,,7361,31876,4.33038989267763,
2022Q3,,S08000031,,S08000031,d,All Inpatients and Day cases,d,3,,11842,31973,2.69996622192197,,7826,32290,4.12599028878099,
2022Q4,p,S08000031,,S08000031,d,All Inpatients and Day cases,d,3,,11576,31891,2.75492398064962,,7703,32019,4.156692197845,
2017Q4,,S08000031,,S08000031,d,All Inpatients and Day cases,d,4,,11976,29377,2.45298931195725,,8476,29143,3.43829636621048,
2018Q1,,S08000031,,S08000031,d,All Inpatients and Day cases,d,4,,11783,29503,2.50386149537469,,8290,28981,3.49589867310012,
2018Q2,,S08000031,,S08000031,d,All Inpatients and Day cases,d,4,,12056,28200,2.33908427339084,,8631,28342,3.28374464140887,
2018Q3,,S08000031,,S08000031,d,All Inpatients and Day cases,d,4,,11636,28297,2.43184943279477,,8353,27636,3.30851191188794,
2018Q4,,S08000031,,S08000031,d,All Inpatients and Day cases,d,4,,11504,28900,2.51216968011127,,8151,29336,3.5990675990676,
2019Q1,,S08000031,,S08000031,d,All Inpatients and Day cases,d,4,,11824,28166,2.38210419485792,,8340,26920,3.22781774580336,
2019Q2,,S08000031,,S08000031,d,All Inpatients and Day cases,d,4,,11838,26821,2.26566987666836,,8483,27688,3.26393964399387,
2019Q3,,S08000031,,S08000031,d,All Inpatients and Day cases,d,4,,11954,28238,2.36222185042664,,8412,28016,3.33048026628626,
2019Q4,,S08000031,,S08000031,d,All Inpatients and Day cases,d,4,,12495,28555,2.28531412565026,,8708,27767,3.18867707854846,
2020Q1,,S08000031,,S08000031,d,All Inpatients and Day cases,d,4,,11842,29970,2.53082249619997,,8205,29122,3.54929920780012,
2020Q2,,S08000031,,S08000031,d,All Inpatients and Day cases,d,4,,7135,21695,3.0406447091801,,3933,21970,5.5860666158149,
2020Q3,,S08000031,,S08000031,d,All Inpatients and Day cases,d,4,,9402,25107,2.67038927887683,,5796,25180,4.34437543133195,
2020Q4,,S08000031,,S08000031,d,All Inpatients and Day cases,d,4,,10118,24411,2.41263095473414,,6476,24989,3.85870907967881,
2021Q1,,S08000031,,S08000031,d,All Inpatients and Day cases,d,4,,9780,24654,2.52085889570552,,6189,23887,3.85958959444175,
2021Q2,,S08000031,,S08000031,d,All Inpatients and Day cases,d,4,,11192,26751,2.39018942101501,,7413,26929,3.63267233238905,
2021Q3,,S08000031,,S08000031,d,All Inpatients and Day cases,d,4,,11071,28800,2.60139102158793,,7276,28307,3.89046179219351,
2021Q4,,S08000031,,S08000031,d,All Inpatients and Day cases,d,4,,11379,30247,2.65814219175674,,7472,29764,3.98340471092077,
2022Q1,,S08000031,,S08000031,d,All Inpatients and Day cases,d,4,,10894,28883,2.65127593170553,,7068,27992,3.96038483305037,
2022Q2,,S08000031,,S08000031,d,All Inpatients and Day cases,d,4,,11399,29686,2.60426353188876,,7501,30554,4.07332355685909,
2022Q3,,S08000031,,S08000031,d,All Inpatients and Day cases,d,4,,12048,30887,2.5636620185923,,8071,30738,3.80845000619502,
2022Q4,p,S08000031,,S08000031,d,All Inpatients and Day cases,d,4,,11925,30452,2.55362683438155,,8071,30554,3.78565233552224,
2017Q4,,S08000031,,S08000031,d,All Inpatients and Day cases,d,5,,16269,35797,2.20031962628312,,11734,34932,2.9769899437532,
2018Q1,,S08000031,,S08000031,d,All Inpatients and Day cases,d,5,,15851,36394,2.29600656110025,,11502,35854,3.11719700921579,
2018Q2,,S08000031,,S08000031,d,All Inpatients and Day cases,d,5,,16211,35627,2.19770526185923,,11720,36062,3.07696245733788,
2018Q3,,S08000031,,S08000031,d,All Inpatients and Day cases,d,5,,15706,35486,2.25939131542086,,11400,35044,3.0740350877193,
2018Q4,,S08000031,,S08000031,d,All Inpatients and Day cases,d,5,,16420,35852,2.18343483556638,,11655,36134,3.1003003003003,
2019Q1,,S08000031,,S08000031,d,All Inpatients and Day cases,d,5,,16618,37075,2.23101456252257,,12098,37360,3.0881137378079,
2019Q2,,S08000031,,S08000031,d,All Inpatients and Day cases,d,5,,16313,36229,2.22086679335499,,11591,35515,3.06401518419463,
2019Q3,,S08000031,,S08000031,d,All Inpatients and Day cases,d,5,,16526,36145,2.18715962725402,,11898,36464,3.06471675911918,
2019Q4,,S08000031,,S08000031,d,All Inpatients and Day cases,d,5,,16735,38675,2.31102479832686,,11757,37246,3.16798503019478,
2020Q1,,S08000031,,S08000031,d,All Inpatients and Day cases,d,5,,15797,35882,2.27144394505286,,11137,36554,3.28221244500314,
2020Q2,,S08000031,,S08000031,d,All Inpatients and Day cases,d,5,,9201,24651,2.67916530811868,,5288,24905,4.70972012102874,
2020Q3,,S08000031,,S08000031,d,All Inpatients and Day cases,d,5,,13251,31781,2.39838502754509,,8241,30868,3.74566193423128,
2020Q4,,S08000031,,S08000031,d,All Inpatients and Day cases,d,5,,13791,32412,2.3502284098325,,9011,32210,3.57452003107313,
2021Q1,,S08000031,,S08000031,d,All Inpatients and Day cases,d,5,,13654,33659,2.46513842097554,,8590,33220,3.86728754365541,
2021Q2,,S08000031,,S08000031,d,All Inpatients and Day cases,d,5,,15193,34685,2.28295925755282,,9948,34995,3.51779252110977,
2021Q3,,S08000031,,S08000031,d,All Inpatients and Day cases,d,5,,15019,35829,2.3855782675278,,9974,36092,3.61860838179266,
2021Q4,,S08000031,,S08000031,d,All Inpatients and Day cases,d,5,,15039,35472,2.35866746459206,,10086,35233,3.4932579813603,
2022Q1,,S08000031,,S08000031,d,All Inpatients and Day cases,d,5,,15423,37797,2.4506905271348,,10141,36941,3.64273740262302,
2022Q2,,S08000031,,S08000031,d,All Inpatients and Day cases,d,5,,15491,39233,2.53263185075205,,10223,39685,3.88193289641006,
2022Q3,,S08000031,,S08000031,d,All Inpatients and Day cases,d,5,,16035,38376,2.3932647333957,,10681,37519,3.51268607808258,
2022Q4,p,S08000031,,S08000031,d,All Inpatients and Day cases,d,5,,15847,39869,2.51587051176879,,10725,41499,3.86937062937063,
2022Q3,,S08000031,,S08000031,d,All Inpatients and Day cases,d,,:,19,60,3.1578947368421,,5,61,12.2,
2022Q4,p,S08000031,,S08000031,d,All Inpatients and Day cases,d,,:,25,30,1.2,,20,30,1.5,
2017Q4,,S08000031,,S12000038,,All Inpatients and Day cases,d,1,,3906,11567,2.96134152585765,,2753,11584,4.20777333817653,
2018Q1,,S08000031,,S12000038,,All Inpatients and Day cases,d,1,,3727,11725,3.14596189965119,,2663,11562,4.34171986481412,
2018Q2,,S08000031,,S12000038,,All Inpatients and Day cases,d,1,,3857,12353,3.20274824993518,,2802,12735,4.54496788008565,
2018Q3,,S08000031,,S12000038,,All Inpatients and Day cases,d,1,,3778,11029,2.91926945473796,,2743,10626,3.87386073641998,
2018Q4,,S08000031,,S12000038,,All Inpatients and Day cases,d,1,,3629,10207,2.81262055662717,,2636,10555,4.00417298937785,
2019Q1,,S08000031,,S12000038,,All Inpatients and Day cases,d,1,,3991,10961,2.74642946629917,,2839,10536,3.71116590348714,
2019Q2,,S08000031,,S12000038,,All Inpatients and Day cases,d,1,,3830,10786,2.81618798955614,,2843,11009,3.87231797397116,
2019Q3,,S08000031,,S12000038,,All Inpatients and Day cases,d,1,,3986,10946,2.74611138986453,,2882,11347,3.93719639139486,
2019Q4,,S08000031,,S12000038,,All Inpatients and Day cases,d,1,,4439,11629,2.6197341743636,,2968,11441,3.85478436657682,
2020Q1,,S08000031,,S12000038,,All Inpatients and Day cases,d,1,,3963,11586,2.92354277062831,,2599,11944,4.59561369757599,
2020Q2,,S08000031,,S12000038,,All Inpatients and Day cases,d,1,,2388,7745,3.24329983249581,,1414,7541,5.33309759547383,
2020Q3,,S08000031,,S12000038,,All Inpatients and Day cases,d,1,,3201,9314,2.90971571383943,,2028,9403,4.63658777120316,
2020Q4,,S08000031,,S12000038,,All Inpatients and Day cases,d,1,,3460,10601,3.06387283236994,,2204,9939,4.50952813067151,
2021Q1,,S08000031,,S12000038,,All Inpatients and Day cases,d,1,,3303,9623,2.91341204965183,,2095,10064,4.80381861575179,
2021Q2,,S08000031,,S12000038,,All Inpatients and Day cases,d,1,,4043,10470,2.5896611427158,,2599,10583,4.07195075028857,
2021Q3,,S08000031,,S12000038,,All Inpatients and Day cases,d,1,,3714,10428,2.80775444264943,,2436,10471,4.29844006568145,
2021Q4,,S08000031,,S12000038,,All Inpatients and Day cases,d,1,,3533,10516,2.97650721766204,,2216,10045,4.53294223826715,
2022Q1,,S08000031,,S12000038,,All Inpatients and Day cases,d,1,,3539,11002,3.10878779316191,,2216,11358,5.12545126353791,
2022Q2,,S08000031,,S12000038,,All Inpatients and Day cases,d,1,,3557,10186,2.86364914253585,,2288,10689,4.67176573426573,
2022Q3,,S08000031,,S12000038,,All Inpatients and Day cases,d,1,,3864,11372,2.94306418219462,,2424,10911,4.50123762376238,
2022Q4,p,S08000031,,S12000038,,All Inpatients and Day cases,d,1,,4040,11331,2.80470297029703,,2499,11079,4.43337334933974,
2017Q4,,S08000031,,S12000038,,All Inpatients and Day cases,d,2,,3698,10019,2.7093023255814,,2663,9976,3.74615095756665,
2018Q1,,S08000031,,S12000038,,All Inpatients and Day cases,d,2,,3483,10878,3.12316968130922,,2528,10513,4.15862341772152,
2018Q2,,S08000031,,S12000038,,All Inpatients and Day cases,d,2,,3581,10628,2.96788606534488,,2618,10317,3.94079449961803,
2018Q3,,S08000031,,S12000038,,All Inpatients and Day cases,d,2,,3547,10830,3.0532844657457,,2566,10450,4.07248636009353,
2018Q4,,S08000031,,S12000038,,All Inpatients and Day cases,d,2,,3782,10616,2.806980433633,,2730,10788,3.95164835164835,
2019Q1,,S08000031,,S12000038,,All Inpatients and Day cases,d,2,,3645,10167,2.78930041152263,,2745,10323,3.76065573770492,
2019Q2,,S08000031,,S12000038,,All Inpatients and Day cases,d,2,,3543,9177,2.59017781541067,,2636,9103,3.45333839150228,
2019Q3,,S08000031,,S12000038,,All Inpatients and Day cases,d,2,,3548,8791,2.47773393461105,,2691,8951,3.32627276105537,
2019Q4,,S08000031,,S12000038,,All Inpatients and Day cases,d,2,,3925,9131,2.32636942675159,,2731,9086,3.32698645184914,
2020Q1,,S08000031,,S12000038,,All Inpatients and Day cases,d,2,,3787,9964,2.63110641668867,,2531,9856,3.8941129988147,
2020Q2,,S08000031,,S12000038,,All Inpatients and Day cases,d,2,,1954,6608,3.38178096212897,,1170,6589,5.63162393162393,
2020Q3,,S08000031,,S12000038,,All Inpatients and Day cases,d,2,,2795,8400,3.00536672629696,,1732,7960,4.59584295612009,
2020Q4,,S08000031,,S12000038,,All Inpatients and Day cases,d,2,,3078,8764,2.84730344379467,,1948,8754,4.49383983572895,
2021Q1,,S08000031,,S12000038,,All Inpatients and Day cases,d,2,,2973,8730,2.9364278506559,,1856,8251,4.44558189655172,
2021Q2,,S08000031,,S12000038,,All Inpatients and Day cases,d,2,,3415,8672,2.5393850658858,,2228,8533,3.82989228007181,
2021Q3,,S08000031,,S12000038,,All Inpatients and Day cases,d,2,,3232,9097,2.81466584158416,,2129,8683,4.07844058243307,
2021Q4,,S08000031,,S12000038,,All Inpatients and Day cases,d,2,,3176,9905,3.11870277078086,,2067,9919,4.79874213836478,
2022Q1,,S08000031,,S12000038,,All Inpatients and Day cases,d,2,,2918,8459,2.8989033584647,,1925,8936,4.64207792207792,
2022Q2,,S08000031,,S12000038,,All Inpatients and Day cases,d,2,,3210,8771,2.73239875389408,,1986,8432,4.24572004028197,
2022Q3,,S08000031,,S12000038,,All Inpatients and Day cases,d,2,,3345,9705,2.90134529147982,,2157,9482,4.39592025961984,
2022Q4,p,S08000031,,S12000038,,All Inpatients and Day cases,d,2,,3564,9766,2.74017957351291,,2251,10023,4.45268769435806,
2017Q4,,S08000031,,S12000038,,All Inpatients and Day cases,d,3,,2400,7360,3.06666666666667,,1740,7387,4.24540229885057,
2018Q1,,S08000031,,S12000038,,All Inpatients and Day cases,d,3,,2352,5908,2.51190476190476,,1736,5940,3.42165898617512,
2018Q2,,S08000031,,S12000038,,All Inpatients and Day cases,d,3,,2336,6788,2.90582191780822,,1723,6571,3.81369704004643,
2018Q3,,S08000031,,S12000038,,All Inpatients and Day cases,d,3,,2350,6413,2.72893617021277,,1729,6345,3.66975130133025,
2018Q4,,S08000031,,S12000038,,All Inpatients and Day cases,d,3,,2379,5731,2.40899537620849,,1788,6031,3.37304250559284,
2019Q1,,S08000031,,S12000038,,All Inpatients and Day cases,d,3,,2315,6057,2.61641468682505,,1767,6204,3.51103565365025,
2019Q2,,S08000031,,S12000038,,All Inpatients and Day cases,d,3,,2348,6185,2.63415672913118,,1753,5770,3.29150028522533,
2019Q3,,S08000031,,S12000038,,All Inpatients and Day cases,d,3,,2661,6504,2.44419391206313,,1955,6501,3.32531969309463,
2019Q4,,S08000031,,S12000038,,All Inpatients and Day cases,d,3,,2767,6940,2.50813155041561,,1903,7042,3.70047293746716,
2020Q1,,S08000031,,S12000038,,All Inpatients and Day cases,d,3,,2533,6344,2.50454007106198,,1721,6188,3.59558396281232,
2020Q2,,S08000031,,S12000038,,All Inpatients and Day cases,d,3,,1342,4563,3.40014903129657,,812,4584,5.64532019704434,
2020Q3,,S08000031,,S12000038,,All Inpatients and Day cases,d,3,,1969,6039,3.06703910614525,,1232,5792,4.7012987012987,
2020Q4,,S08000031,,S12000038,,All Inpatients and Day cases,d,3,,2083,5735,2.75324051848296,,1378,5813,4.21843251088534,
2021Q1,,S08000031,,S12000038,,All Inpatients and Day cases,d,3,,2236,6439,2.87969588550984,,1429,5892,4.12316305108467,
2021Q2,,S08000031,,S12000038,,All Inpatients and Day cases,d,3,,2585,6702,2.5926499032882,,1691,7061,4.17563571850976,
2021Q3,,S08000031,,S12000038,,All Inpatients and Day cases,d,3,,2261,6371,2.81777974347634,,1517,6089,4.01384311140409,
2021Q4,,S08000031,,S12000038,,All Inpatients and Day cases,d,3,,2293,6754,2.94548626253816,,1498,6824,4.55540720961282,
2022Q1,,S08000031,,S12000038,,All Inpatients and Day cases,d,3,,2113,6475,3.06436346426881,,1377,6797,4.9360929557008,
2022Q2,,S08000031,,S12000038,,All Inpatients and Day cases,d,3,,2313,6512,2.81539126675313,,1481,6563,4.43146522619851,
2022Q3,,S08000031,,S12000038,,All Inpatients and Day cases,d,3,,2405,6665,2.77130977130977,,1595,6643,4.16489028213166,
2022Q4,p,S08000031,,S12000038,,All Inpatients and Day cases,d,3,,2454,6256,2.54930725346373,,1649,6295,3.81746513038205,
2017Q4,,S08000031,,S12000038,,All Inpatients and Day cases,d,4,,1878,4236,2.2555910543131,,1413,4228,2.99221514508139,
2018Q1,,S08000031,,S12000038,,All Inpatients and Day cases,d,4,,1774,4562,2.57158962795941,,1358,4409,3.24668630338733,
2018Q2,,S08000031,,S12000038,,All Inpatients and Day cases,d,4,,1956,4785,2.44631901840491,,1484,4706,3.1711590296496,
2018Q3,,S08000031,,S12000038,,All Inpatients and Day cases,d,4,,2025,5122,2.52938271604938,,1510,5201,3.44437086092715,
2018Q4,,S08000031,,S12000038,,All Inpatients and Day cases,d,4,,1855,4472,2.41078167115903,,1419,4686,3.30232558139535,
2019Q1,,S08000031,,S12000038,,All Inpatients and Day cases,d,4,,1854,4001,2.15803667745415,,1451,3916,2.69882839421089,
2019Q2,,S08000031,,S12000038,,All Inpatients and Day cases,d,4,,1895,4033,2.12823218997361,,1490,4197,2.81677852348993,
2019Q3,,S08000031,,S12000038,,All Inpatients and Day cases,d,4,,2040,4606,2.2578431372549,,1543,4497,2.91445236552171,
2019Q4,,S08000031,,S12000038,,All Inpatients and Day cases,d,4,,2034,5151,2.53244837758112,,1463,4978,3.4025974025974,
2020Q1,,S08000031,,S12000038,,All Inpatients and Day cases,d,4,,1859,4258,2.29047875201721,,1401,4401,3.14132762312634,
2020Q2,,S08000031,,S12000038,,All Inpatients and Day cases,d,4,,1036,2765,2.66891891891892,,663,2865,4.32126696832579,
2020Q3,,S08000031,,S12000038,,All Inpatients and Day cases,d,4,,1368,4150,3.03362573099415,,928,3647,3.92995689655172,
2020Q4,,S08000031,,S12000038,,All Inpatients and Day cases,d,4,,1573,3743,2.37952956134774,,1062,4261,4.01224105461394,
2021Q1,,S08000031,,S12000038,,All Inpatients and Day cases,d,4,,1526,3480,2.28047182175623,,1061,3891,3.66729500471254,
2021Q2,,S08000031,,S12000038,,All Inpatients and Day cases,d,4,,1831,3607,1.96996176952485,,1308,3534,2.70183486238532,
2021Q3,,S08000031,,S12000038,,All Inpatients and Day cases,d,4,,1793,4616,2.574456218628,,1193,4613,3.86672254819782,
2021Q4,,S08000031,,S12000038,,All Inpatients and Day cases,d,4,,1900,4155,2.18684210526316,,1331,4403,3.30803906836965,
2022Q1,,S08000031,,S12000038,,All Inpatients and Day cases,d,4,,1644,4203,2.55656934306569,,1129,3910,3.46324180690877,
2022Q2,,S08000031,,S12000038,,All Inpatients and Day cases,d,4,,1688,4130,2.44668246445498,,1210,4152,3.43140495867769,
2022Q3,,S08000031,,S12000038,,All Inpatients and Day cases,d,4,,1965,4411,2.24478371501272,,1372,4504,3.28279883381924,
2022Q4,p,S08000031,,S12000038,,All Inpatients and Day cases,d,4,,1966,4023,2.04628687690743,,1335,4254,3.18651685393258,
2017Q4,,S08000031,,S12000038,,All Inpatients and Day cases,d,5,,2425,4765,1.96494845360825,,1880,4704,2.50212765957447,
2018Q1,,S08000031,,S12000038,,All Inpatients and Day cases,d,5,,2454,5324,2.16951915240424,,1919,5285,2.75403856175091,
2018Q2,,S08000031,,S12000038,,All Inpatients and Day cases,d,5,,2345,4589,1.95692963752665,,1846,4615,2.5,
2018Q3,,S08000031,,S12000038,,All Inpatients and Day cases,d,5,,2324,5117,2.20180722891566,,1832,5007,2.73307860262009,
2018Q4,,S08000031,,S12000038,,All Inpatients and Day cases,d,5,,2602,4946,1.90084550345888,,2044,4936,2.41487279843444,
2019Q1,,S08000031,,S12000038,,All Inpatients and Day cases,d,5,,2730,5033,1.84358974358974,,2250,5246,2.33155555555556,
2019Q2,,S08000031,,S12000038,,All Inpatients and Day cases,d,5,,2519,5189,2.05994442238984,,2008,5052,2.51593625498008,
2019Q3,,S08000031,,S12000038,,All Inpatients and Day cases,d,5,,2500,4823,1.9292,,1964,4887,2.48828920570265,
2019Q4,,S08000031,,S12000038,,All Inpatients and Day cases,d,5,,2690,5510,2.04832713754647,,2002,5503,2.74875124875125,
2020Q1,,S08000031,,S12000038,,All Inpatients and Day cases,d,5,,2551,5021,1.96824774598197,,1888,4909,2.60010593220339,
2020Q2,,S08000031,,S12000038,,All Inpatients and Day cases,d,5,,1410,3565,2.52836879432624,,921,3811,4.13789359391965,
2020Q3,,S08000031,,S12000038,,All Inpatients and Day cases,d,5,,2001,4675,2.33633183408296,,1360,4410,3.24264705882353,
2020Q4,,S08000031,,S12000038,,All Inpatients and Day cases,d,5,,2174,4861,2.23597056117755,,1557,4948,3.17790622992935,
2021Q1,,S08000031,,S12000038,,All Inpatients and Day cases,d,5,,2047,5242,2.56082071323889,,1393,5052,3.62670495333812,
2021Q2,,S08000031,,S12000038,,All Inpatients and Day cases,d,5,,2271,4918,2.16556583003082,,1604,5105,3.18266832917706,
2021Q3,,S08000031,,S12000038,,All Inpatients and Day cases,d,5,,2421,5193,2.14498141263941,,1720,5148,2.99302325581395,
2021Q4,,S08000031,,S12000038,,All Inpatients and Day cases,d,5,,2483,5170,2.08215867901732,,1794,5138,2.86399108138239,
2022Q1,,S08000031,,S12000038,,All Inpatients and Day cases,d,5,,2431,5381,2.21349238996298,,1728,5579,3.22858796296296,
2022Q2,,S08000031,,S12000038,,All Inpatients and Day cases,d,5,,2440,5868,2.40491803278689,,1721,5993,3.4822777454968,
2022Q3,,S08000031,,S12000038,,All Inpatients and Day cases,d,5,,2622,6032,2.30053394355454,,1875,5786,3.08586666666667,
2022Q4,p,S08000031,,S12000038,,All Inpatients and Day cases,d,5,,2664,6106,2.29204204204204,,1845,6210,3.36585365853659,
2017Q4,,S08000031,,S12000039,,All Inpatients and Day cases,d,1,,3797,9459,2.49117724519357,,2425,9527,3.92865979381443,
2018Q1,,S08000031,,S12000039,,All Inpatients and Day cases,d,1,,3664,9647,2.63291484716157,,2338,9613,4.11163387510693,
2018Q2,,S08000031,,S12000039,,All Inpatients and Day cases,d,1,,3770,9941,2.6368700265252,,2387,9998,4.18852115626309,
2018Q3,,S08000031,,S12000039,,All Inpatients and Day cases,d,1,,3667,8813,2.40332697027543,,2372,8904,3.75379426644182,
2018Q4,,S08000031,,S12000039,,All Inpatients and Day cases,d,1,,3871,9580,2.47481270989408,,2407,8908,3.7008724553386,
2019Q1,,S08000031,,S12000039,,All Inpatients and Day cases,d,1,,3842,9622,2.50442477876106,,2499,9599,3.84113645458183,
2019Q2,,S08000031,,S12000039,,All Inpatients and Day cases,d,1,,4094,9725,2.37542745481192,,2615,9565,3.65774378585086,
2019Q3,,S08000031,,S12000039,,All Inpatients and Day cases,d,1,,3866,9083,2.34945680289705,,2498,9472,3.79183346677342,
2019Q4,,S08000031,,S12000039,,All Inpatients and Day cases,d,1,,3986,9920,2.48871048670346,,2441,9962,4.08111429741909,
2020Q1,,S08000031,,S12000039,,All Inpatients and Day cases,d,1,,3600,9188,2.55222222222222,,2167,9644,4.45039224734656,
2020Q2,,S08000031,,S12000039,,All Inpatients and Day cases,d,1,,2505,7766,3.1001996007984,,1328,6879,5.17996987951807,
2020Q3,,S08000031,,S12000039,,All Inpatients and Day cases,d,1,,3171,8781,2.76915799432356,,1781,7686,4.31555306007861,
2020Q4,,S08000031,,S12000039,,All Inpatients and Day cases,d,1,,3496,8937,2.55635011441648,,2007,9055,4.51170901843548,
2021Q1,,S08000031,,S12000039,,All Inpatients and Day cases,d,1,,3498,9229,2.63836477987421,,1916,8581,4.4786012526096,
2021Q2,,S08000031,,S12000039,,All Inpatients and Day cases,d,1,,3771,10056,2.66666666666667,,2218,9946,4.48422001803427,
2021Q3,,S08000031,,S12000039,,All Inpatients and Day cases,d,1,,3718,9950,2.67616998386229,,2151,10318,4.79683867968387,
2021Q4,,S08000031,,S12000039,,All Inpatients and Day cases,d,1,,3513,9577,2.72615997722744,,1963,9407,4.79215486500255,
2022Q1,,S08000031,,S12000039,,All Inpatients and Day cases,d,1,,3550,9162,2.58084507042254,,1964,8994,4.57942973523422,
2022Q2,,S08000031,,S12000039,,All Inpatients and Day cases,d,1,,3680,10082,2.73967391304348,,2130,10051,4.718779342723,
2022Q3,,S08000031,,S12000039,,All Inpatients and Day cases,d,1,,3804,10382,2.72923238696109,,2192,9914,4.5228102189781,
2022Q4,p,S08000031,,S12000039,,All Inpatients and Day cases,d,1,,3766,9953,2.64285714285714,,2246,10577,4.70926090828139,
2017Q4,,S08000031,,S12000039,,All Inpatients and Day cases,d,2,,2489,6277,2.52189634391322,,1656,6355,3.83756038647343,
2018Q1,,S08000031,,S12000039,,All Inpatients and Day cases,d,2,,2579,6266,2.42962388522683,,1679,6100,3.63311494937463,
2018Q2,,S08000031,,S12000039,,All Inpatients and Day cases,d,2,,2540,6380,2.51181102362205,,1692,6558,3.8758865248227,
2018Q3,,S08000031,,S12000039,,All Inpatients and Day cases,d,2,,2606,5653,2.16922486569455,,1722,5345,3.10394889663182,
2018Q4,,S08000031,,S12000039,,All Inpatients and Day cases,d,2,,2570,6652,2.58832684824903,,1631,6602,4.04782342121398,
2019Q1,,S08000031,,S12000039,,All Inpatients and Day cases,d,2,,2535,6045,2.38461538461538,,1664,6169,3.70733173076923,
2019Q2,,S08000031,,S12000039,,All Inpatients and Day cases,d,2,,2483,5977,2.40716874748288,,1611,5464,3.39168218497827,
2019Q3,,S08000031,,S12000039,,All Inpatients and Day cases,d,2,,2593,6257,2.41303509448515,,1722,6658,3.8664343786295,
2019Q4,,S08000031,,S12000039,,All Inpatients and Day cases,d,2,,2630,6360,2.41825095057034,,1714,6241,3.64119019836639,
2020Q1,,S08000031,,S12000039,,All Inpatients and Day cases,d,2,,2512,6237,2.4828821656051,,1619,6051,3.73749227918468,
2020Q2,,S08000031,,S12000039,,All Inpatients and Day cases,d,2,,1627,4412,2.71173939766441,,857,4270,4.98249708284714,
2020Q3,,S08000031,,S12000039,,All Inpatients and Day cases,d,2,,2150,6249,2.90651162790698,,1202,5951,4.95091514143095,
2020Q4,,S08000031,,S12000039,,All Inpatients and Day cases,d,2,,2367,5661,2.39163498098859,,1409,5242,3.72036905606813,
2021Q1,,S08000031,,S12000039,,All Inpatients and Day cases,d,2,,2460,6511,2.64674796747968,,1429,6571,4.59832050384885,
2021Q2,,S08000031,,S12000039,,All Inpatients and Day cases,d,2,,2859,7739,2.70689052116125,,1722,8101,4.70441347270616,
2021Q3,,S08000031,,S12000039,,All Inpatients and Day cases,d,2,,2399,5723,2.38557732388495,,1459,6187,4.24057573680603,
2021Q4,,S08000031,,S12000039,,All Inpatients and Day cases,d,2,,2454,5953,2.42583537082315,,1381,5797,4.19768283852281,
2022Q1,,S08000031,,S12000039,,All Inpatients and Day cases,d,2,,2409,5985,2.48443337484433,,1448,5627,3.88604972375691,
2022Q2,,S08000031,,S12000039,,All Inpatients and Day cases,d,2,,2514,7303,2.9049323786794,,1531,7570,4.94448073154801,
2022Q3,,S08000031,,S12000039,,All Inpatients and Day cases,d,2,,2817,7544,2.67802626908058,,1689,7644,4.52575488454707,
2022Q4,p,S08000031,,S12000039,,All Inpatients and Day cases,d,2,,2509,7188,2.86488640892786,,1524,7258,4.76246719160105,
2017Q4,,S08000031,,S12000039,,All Inpatients and Day cases,d,3,,1475,3242,2.19796610169492,,955,3124,3.27120418848168,
2018Q1,,S08000031,,S12000039,,All Inpatients and Day cases,d,3,,1370,3581,2.61386861313869,,894,3566,3.98881431767338,
2018Q2,,S08000031,,S12000039,,All Inpatients and Day cases,d,3,,1473,3640,2.47114731839783,,1008,3374,3.34722222222222,
2018Q3,,S08000031,,S12000039,,All Inpatients and Day cases,d,3,,1416,3209,2.26624293785311,,988,3245,3.28441295546559,
2018Q4,,S08000031,,S12000039,,All Inpatients and Day cases,d,3,,1508,3761,2.49403183023873,,989,3893,3.93629929221436,
2019Q1,,S08000031,,S12000039,,All Inpatients and Day cases,d,3,,1519,3474,2.28703094140882,,1034,3482,3.36750483558994,
2019Q2,,S08000031,,S12000039,,All Inpatients and Day cases,d,3,,1580,3697,2.33987341772152,,1066,3587,3.36491557223265,
2019Q3,,S08000031,,S12000039,,All Inpatients and Day cases,d,3,,1624,3208,1.97536945812808,,1110,3366,3.03243243243243,
2019Q4,,S08000031,,S12000039,,All Inpatients and Day cases,d,3,,1539,3097,2.01234567901235,,1047,2879,2.74976122254059,
2020Q1,,S08000031,,S12000039,,All Inpatients and Day cases,d,3,,1337,3088,2.30964846671653,,922,3369,3.65401301518438,
2020Q2,,S08000031,,S12000039,,All Inpatients and Day cases,d,3,,844,2544,3.01421800947867,,458,2536,5.53711790393013,
2020Q3,,S08000031,,S12000039,,All Inpatients and Day cases,d,3,,1213,2633,2.17065127782358,,737,2516,3.41383989145183,
2020Q4,,S08000031,,S12000039,,All Inpatients and Day cases,d,3,,1398,3758,2.68812589413448,,861,3679,4.27293844367015,
2021Q1,,S08000031,,S12000039,,All Inpatients and Day cases,d,3,,1427,3363,2.35669236159776,,844,3333,3.94905213270142,
2021Q2,,S08000031,,S12000039,,All Inpatients and Day cases,d,3,,1486,3310,2.22745625841184,,948,3455,3.64451476793249,
2021Q3,,S08000031,,S12000039,,All Inpatients and Day cases,d,3,,1428,3244,2.27170868347339,,919,3122,3.39717083786725,
2021Q4,,S08000031,,S12000039,,All Inpatients and Day cases,d,3,,1469,3356,2.28454731109598,,905,3347,3.69834254143646,
2022Q1,,S08000031,,S12000039,,All Inpatients and Day cases,d,3,,1419,4045,2.85059901338971,,894,3697,4.13534675615213,
2022Q2,,S08000031,,S12000039,,All Inpatients and Day cases,d,3,,1519,4641,3.05529953917051,,921,4454,4.83604777415852,
2022Q3,,S08000031,,S12000039,,All Inpatients and Day cases,d,3,,1547,3928,2.53910795087266,,1011,4176,4.13056379821958,
2022Q4,p,S08000031,,S12000039,,All Inpatients and Day cases,d,3,,1512,4363,2.88558201058201,,993,4427,4.45820745216516,
2017Q4,,S08000031,,S12000039,,All Inpatients and Day cases,d,4,,710,2168,3.05352112676056,,482,2229,4.62448132780083,
2018Q1,,S08000031,,S12000039,,All Inpatients and Day cases,d,4,,748,2180,2.9144385026738,,496,2127,4.2883064516129,
2018Q2,,S08000031,,S12000039,,All Inpatients and Day cases,d,4,,758,1923,2.53693931398417,,534,1971,3.69101123595506,
2018Q3,,S08000031,,S12000039,,All Inpatients and Day cases,d,4,,682,1592,2.33431085043988,,490,1470,3,
2018Q4,,S08000031,,S12000039,,All Inpatients and Day cases,d,4,,634,1575,2.48422712933754,,463,1530,3.30453563714903,
2019Q1,,S08000031,,S12000039,,All Inpatients and Day cases,d,4,,691,1318,1.90738060781476,,498,1367,2.74497991967871,
2019Q2,,S08000031,,S12000039,,All Inpatients and Day cases,d,4,,641,1104,1.72230889235569,,474,1039,2.19198312236287,
2019Q3,,S08000031,,S12000039,,All Inpatients and Day cases,d,4,,684,1830,2.67543859649123,,490,1767,3.60612244897959,
2019Q4,,S08000031,,S12000039,,All Inpatients and Day cases,d,4,,748,1432,1.9144385026738,,507,1410,2.7810650887574,
2020Q1,,S08000031,,S12000039,,All Inpatients and Day cases,d,4,,720,1951,2.70972222222222,,467,1893,4.05353319057816,
2020Q2,,S08000031,,S12000039,,All Inpatients and Day cases,d,4,,355,1213,3.4169014084507,,185,1215,6.56756756756757,
2020Q3,,S08000031,,S12000039,,All Inpatients and Day cases,d,4,,565,1430,2.53097345132743,,324,1601,4.94135802469136,
2020Q4,,S08000031,,S12000039,,All Inpatients and Day cases,d,4,,648,1769,2.72993827160494,,397,1743,4.3904282115869,
2021Q1,,S08000031,,S12000039,,All Inpatients and Day cases,d,4,,631,1547,2.45166402535658,,371,1367,3.68463611859838,
2021Q2,,S08000031,,S12000039,,All Inpatients and Day cases,d,4,,648,1596,2.46296296296296,,434,1782,4.10599078341014,
2021Q3,,S08000031,,S12000039,,All Inpatients and Day cases,d,4,,684,1614,2.35964912280702,,427,1368,3.20374707259953,
2021Q4,,S08000031,,S12000039,,All Inpatients and Day cases,d,4,,682,1679,2.46187683284457,,425,1765,4.15294117647059,
2022Q1,,S08000031,,S12000039,,All Inpatients and Day cases,d,4,,673,1547,2.29866270430906,,403,1351,3.35235732009926,
2022Q2,,S08000031,,S12000039,,All Inpatients and Day cases,d,4,,679,1656,2.43888070692194,,448,1830,4.08482142857143,
2022Q3,,S08000031,,S12000039,,All Inpatients and Day cases,d,4,,760,1737,2.28552631578947,,488,1724,3.5327868852459,
2022Q4,p,S08000031,,S12000039,,All Inpatients and Day cases,d,4,,784,2030,2.58928571428571,,526,1706,3.24334600760456,
2017Q4,,S08000031,,S12000039,,All Inpatients and Day cases,d,5,,288,554,1.92361111111111,,240,532,2.21666666666667,
2018Q1,,S08000031,,S12000039,,All Inpatients and Day cases,d,5,,355,761,2.14366197183099,,282,815,2.89007092198582,
2018Q2,,S08000031,,S12000039,,All Inpatients and Day cases,d,5,,315,377,1.1968253968254,,241,349,1.44813278008299,
2018Q3,,S08000031,,S12000039,,All Inpatients and Day cases,d,5,,326,519,1.5920245398773,,251,480,1.91235059760956,
2018Q4,,S08000031,,S12000039,,All Inpatients and Day cases,d,5,,349,541,1.55014326647564,,257,588,2.28793774319066,
2019Q1,,S08000031,,S12000039,,All Inpatients and Day cases,d,5,,330,459,1.39090909090909,,250,427,1.708,
2019Q2,,S08000031,,S12000039,,All Inpatients and Day cases,d,5,,331,554,1.67371601208459,,289,570,1.97231833910035,
2019Q3,,S08000031,,S12000039,,All Inpatients and Day cases,d,5,,395,542,1.37215189873418,,317,523,1.64984227129338,
2019Q4,,S08000031,,S12000039,,All Inpatients and Day cases,d,5,,378,642,1.6984126984127,,283,609,2.15194346289753,
2020Q1,,S08000031,,S12000039,,All Inpatients and Day cases,d,5,,331,462,1.39577039274924,,243,442,1.81893004115226,
2020Q2,,S08000031,,S12000039,,All Inpatients and Day cases,d,5,,187,505,2.70053475935829,,120,536,4.46666666666667,
2020Q3,,S08000031,,S12000039,,All Inpatients and Day cases,d,5,,297,588,1.97979797979798,,211,556,2.63507109004739,
2020Q4,,S08000031,,S12000039,,All Inpatients and Day cases,d,5,,308,516,1.67532467532468,,220,420,1.90909090909091,
2021Q1,,S08000031,,S12000039,,All Inpatients and Day cases,d,5,,285,819,2.87368421052632,,198,934,4.71717171717172,
2021Q2,,S08000031,,S12000039,,All Inpatients and Day cases,d,5,,349,688,1.97134670487106,,226,642,2.84070796460177,
2021Q3,,S08000031,,S12000039,,All Inpatients and Day cases,d,5,,295,762,2.58305084745763,,198,790,3.98989898989899,
2021Q4,,S08000031,,S12000039,,All Inpatients and Day cases,d,5,,285,556,1.95087719298246,,205,588,2.86829268292683,
2022Q1,,S08000031,,S12000039,,All Inpatients and Day cases,d,5,,337,596,1.76854599406528,,245,574,2.34285714285714,
2022Q2,,S08000031,,S12000039,,All Inpatients and Day cases,d,5,,363,663,1.82644628099174,,243,594,2.44444444444444,
2022Q3,,S08000031,,S12000039,,All Inpatients and Day cases,d,5,,392,988,2.52040816326531,,278,809,2.91007194244604,
2022Q4,p,S08000031,,S12000039,,All Inpatients and Day cases,d,5,,342,578,1.69005847953216,,269,728,2.70631970260223,
2022Q4,p,S08000031,,S12000039,,All Inpatients and Day cases,d,,:,13,5,0.384615384615385,,12,5,0.416666666666667,
2017Q4,,S08000022,,S12000035,,All Inpatients and Day cases,d,1,,653,1742,2.6676875957121,,469,1659,3.53731343283582,
2018Q1,,S08000022,,S12000035,,All Inpatients and Day cases,d,1,,620,2069,3.33709677419355,,419,1894,4.52028639618138,
2018Q2,,S08000022,,S12000035,,All Inpatients and Day cases,d,1,,620,1991,3.21129032258065,,429,1563,3.64335664335664,
2018Q3,,S08000022,,S12000035,,All Inpatients and Day cases,d,1,,612,1870,3.05555555555556,,448,2148,4.79464285714286,
2018Q4,,S08000022,,S12000035,,All Inpatients and Day cases,d,1,,622,1856,2.98392282958199,,439,1682,3.83143507972665,
2019Q1,,S08000022,,S12000035,,All Inpatients and Day cases,d,1,,646,1710,2.64705882352941,,457,1475,3.22757111597374,
2019Q2,,S08000022,,S12000035,,All Inpatients and Day cases,d,1,,579,1401,2.41968911917098,,439,1579,3.59681093394077,
2019Q3,,S08000022,,S12000035,,All Inpatients and Day cases,d,1,,624,1460,2.33974358974359,,441,1410,3.19727891156463,
2019Q4,,S08000022,,S12000035,,All Inpatients and Day cases,d,1,,611,1796,2.93944353518822,,415,1619,3.90120481927711,
2020Q1,,S08000022,,S12000035,,All Inpatients and Day cases,d,1,,580,1764,3.04137931034483,,379,1563,4.12401055408971,
2020Q2,,S08000022,,S12000035,,All Inpatients and Day cases,d,1,,369,1408,3.81571815718157,,187,1271,6.79679144385027,
2020Q3,,S08000022,,S12000035,,All Inpatients and Day cases,d,1,,507,1495,2.94871794871795,,300,1355,4.51666666666667,
2020Q4,,S08000022,,S12000035,,All Inpatients and Day cases,d,1,,519,1797,3.46242774566474,,333,1569,4.71171171171171,
2021Q1,,S08000022,,S12000035,,All Inpatients and Day cases,d,1,,527,1776,3.37001897533207,,335,1625,4.85074626865672,
2021Q2,,S08000022,,S12000035,,All Inpatients and Day cases,d,1,,550,1624,2.95272727272727,,386,1413,3.66062176165803,
2021Q3,,S08000022,,S12000035,,All Inpatients and Day cases,d,1,,577,1774,3.07452339688042,,371,1728,4.65768194070081,
2021Q4,,S08000022,,S12000035,,All Inpatients and Day cases,d,1,,548,1852,3.37956204379562,,333,1668,5.00900900900901,
2022Q1,,S08000022,,S12000035,,All Inpatients and Day cases,d,1,,594,2101,3.53703703703704,,360,1921,5.33611111111111,
2022Q2,,S08000022,,S12000035,,All Inpatients and Day cases,d,1,,501,1325,2.64471057884232,,351,1149,3.27350427350427,
2022Q3,,S08000022,,S12000035,,All Inpatients and Day cases,d,1,,532,1647,3.09586466165414,,367,1394,3.7983651226158,
2022Q4,p,S08000022,,S12000035,,All Inpatients and Day cases,d,1,,607,1908,3.14332784184514,,402,1952,4.85572139303483,
2017Q4,,S08000022,,S12000035,,All Inpatients and Day cases,d,2,,874,2751,3.14759725400458,,670,2435,3.63432835820896,
2018Q1,,S08000022,,S12000035,,All Inpatients and Day cases,d,2,,928,2678,2.88577586206897,,687,2895,4.21397379912664,
2018Q2,,S08000022,,S12000035,,All Inpatients and Day cases,d,2,,978,2865,2.92944785276074,,748,2664,3.56149732620321,
2018Q3,,S08000022,,S12000035,,All Inpatients and Day cases,d,2,,967,3342,3.45604963805584,,687,3048,4.43668122270742,
2018Q4,,S08000022,,S12000035,,All Inpatients and Day cases,d,2,,1004,3977,3.96115537848606,,702,3783,5.38888888888889,
2019Q1,,S08000022,,S12000035,,All Inpatients and Day cases,d,2,,906,2788,3.07726269315673,,667,2882,4.32083958020989,
2019Q2,,S08000022,,S12000035,,All Inpatients and Day cases,d,2,,1011,3188,3.15331355093966,,723,2681,3.70816044260028,
2019Q3,,S08000022,,S12000035,,All Inpatients and Day cases,d,2,,912,2397,2.62828947368421,,659,2223,3.37329286798179,
2019Q4,,S08000022,,S12000035,,All Inpatients and Day cases,d,2,,918,2416,2.6318082788671,,645,2128,3.29922480620155,
2020Q1,,S08000022,,S12000035,,All Inpatients and Day cases,d,2,,945,2671,2.82645502645503,,661,3025,4.5763993948562796,
2020Q2,,S08000022,,S12000035,,All Inpatients and Day cases,d,2,,483,1446,2.99378881987578,,270,1176,4.35555555555556,
2020Q3,,S08000022,,S12000035,,All Inpatients and Day cases,d,2,,683,2014,2.94875549048316,,445,1923,4.32134831460674,
2020Q4,,S08000022,,S12000035,,All Inpatients and Day cases,d,2,,778,1886,2.42416452442159,,557,1605,2.88150807899461,
2021Q1,,S08000022,,S12000035,,All Inpatients and Day cases,d,2,,808,2677,3.31311881188119,,535,2409,4.50280373831776,
2021Q2,,S08000022,,S12000035,,All Inpatients and Day cases,d,2,,851,2200,2.58519388954172,,618,2098,3.39482200647249,
2021Q3,,S08000022,,S12000035,,All Inpatients and Day cases,d,2,,934,3059,3.27516059957173,,620,2734,4.40967741935484,
2021Q4,,S08000022,,S12000035,,All Inpatients and Day cases,d,2,,851,2888,3.39365452408931,,554,2989,5.39530685920578,
2022Q1,,S08000022,,S12000035,,All Inpatients and Day cases,d,2,,820,2295,2.79878048780488,,542,1892,3.49077490774908,
2022Q2,,S08000022,,S12000035,,All Inpatients and Day cases,d,2,,911,2704,2.96816684961581,,603,2632,4.36484245439469,
2022Q3,,S08000022,,S12000035,,All Inpatients and Day cases,d,2,,956,3030,3.16945606694561,,694,2784,4.01152737752161,
2022Q4,p,S08000022,,S12000035,,All Inpatients and Day cases,d,2,,985,3128,3.1756345177665,,714,2959,4.14425770308123,
2017Q4,,S08000022,,S12000035,,All Inpatients and Day cases,d,3,,2255,6078,2.69534368070953,,1699,5701,3.35550323719835,
2018Q1,,S08000022,,S12000035,,All Inpatients and Day cases,d,3,,2343,6999,2.98719590268886,,1704,6641,3.89730046948357,
2018Q2,,S08000022,,S12000035,,All Inpatients and Day cases,d,3,,2178,5708,2.62075298438935,,1651,5412,3.27801332525742,
2018Q3,,S08000022,,S12000035,,All Inpatients and Day cases,d,3,,2253,5678,2.52019529516201,,1674,5352,3.19713261648746,
2018Q4,,S08000022,,S12000035,,All Inpatients and Day cases,d,3,,2260,6169,2.72964601769911,,1719,5960,3.46713205351949,
2019Q1,,S08000022,,S12000035,,All Inpatients and Day cases,d,3,,2264,6857,3.02871024734982,,1684,6037,3.58491686460808,
2019Q2,,S08000022,,S12000035,,All Inpatients and Day cases,d,3,,2124,6214,2.9256120527307,,1588,6187,3.89609571788413,
2019Q3,,S08000022,,S12000035,,All Inpatients and Day cases,d,3,,2246,6619,2.94701691896705,,1642,6590,4.01339829476249,
2019Q4,,S08000022,,S12000035,,All Inpatients and Day cases,d,3,,2373,6663,2.8078381795196,,1668,5988,3.58992805755396,
2020Q1,,S08000022,,S12000035,,All Inpatients and Day cases,d,3,,2362,7602,3.21845893310754,,1671,8040,4.81149012567325,
2020Q2,,S08000022,,S12000035,,All Inpatients and Day cases,d,3,,1190,3896,3.27394957983193,,763,3674,4.81520314547837,
2020Q3,,S08000022,,S12000035,,All Inpatients and Day cases,d,3,,1791,4688,2.61753210496929,,1192,4542,3.81040268456376,
2020Q4,,S08000022,,S12000035,,All Inpatients and Day cases,d,3,,2027,5809,2.86581154415392,,1451,5640,3.88697450034459,
2021Q1,,S08000022,,S12000035,,All Inpatients and Day cases,d,3,,1779,5644,3.1725688589095,,1290,4892,3.7922480620155,
2021Q2,,S08000022,,S12000035,,All Inpatients and Day cases,d,3,,2188,5710,2.60968921389397,,1588,5433,3.42128463476071,
2021Q3,,S08000022,,S12000035,,All Inpatients and Day cases,d,3,,2133,6305,2.95593061415846,,1526,6031,3.9521625163827,
2021Q4,,S08000022,,S12000035,,All Inpatients and Day cases,d,3,,2307,7135,3.09276116168184,,1563,7068,4.52207293666027,
2022Q1,,S08000022,,S12000035,,All Inpatients and Day cases,d,3,,2392,6837,2.85827759197324,,1705,6135,3.59824046920821,
2022Q2,,S08000022,,S12000035,,All Inpatients and Day cases,d,3,,2459,7913,3.21797478649858,,1721,7247,4.21092388146427,
2022Q3,,S08000022,,S12000035,,All Inpatients and Day cases,d,3,,2504,7169,2.86301916932907,,1877,6825,3.63612147043154,
2022Q4,p,S08000022,,S12000035,,All Inpatients and Day cases,d,3,,2324,6956,2.99311531841652,,1668,6981,4.18525179856115,
2017Q4,,S08000022,,S12000035,,All Inpatients and Day cases,d,4,,1268,3396,2.6782334384858,,938,3640,3.88059701492537,
2018Q1,,S08000022,,S12000035,,All Inpatients and Day cases,d,4,,1279,3395,2.65441751368256,,967,3174,3.282316442606,
2018Q2,,S08000022,,S12000035,,All Inpatients and Day cases,d,4,,1215,3735,3.07407407407407,,908,3761,4.1420704845815,
2018Q3,,S08000022,,S12000035,,All Inpatients and Day cases,d,4,,1314,2915,2.21841704718417,,965,2634,2.72953367875648,
2018Q4,,S08000022,,S12000035,,All Inpatients and Day cases,d,4,,1279,3451,2.69820172009382,,951,3513,3.69400630914827,
2019Q1,,S08000022,,S12000035,,All Inpatients and Day cases,d,4,,1309,3182,2.43086325439267,,991,3135,3.16347124117054,
2019Q2,,S08000022,,S12000035,,All Inpatients and Day cases,d,4,,1180,3190,2.70338983050847,,899,3155,3.50945494994438,
2019Q3,,S08000022,,S12000035,,All Inpatients and Day cases,d,4,,1237,3143,2.5408245755861,,934,3416,3.65738758029979,
2019Q4,,S08000022,,S12000035,,All Inpatients and Day cases,d,4,,1201,3283,2.73355537052456,,867,3084,3.55709342560554,
2020Q1,,S08000022,,S12000035,,All Inpatients and Day cases,d,4,,1191,3175,2.66582703610411,,851,3183,3.74030552291422,
2020Q2,,S08000022,,S12000035,,All Inpatients and Day cases,d,4,,616,1690,2.74350649350649,,420,1680,4,
2020Q3,,S08000022,,S12000035,,All Inpatients and Day cases,d,4,,1037,2523,2.43297974927676,,702,2026,2.88603988603989,
2020Q4,,S08000022,,S12000035,,All Inpatients and Day cases,d,4,,1204,3216,2.67109634551495,,828,3045,3.67753623188406,
2021Q1,,S08000022,,S12000035,,All Inpatients and Day cases,d,4,,1049,2862,2.72831267874166,,757,2978,3.93394980184941,
2021Q2,,S08000022,,S12000035,,All Inpatients and Day cases,d,4,,1337,3218,2.40688107703815,,960,3039,3.165625,
2021Q3,,S08000022,,S12000035,,All Inpatients and Day cases,d,4,,1259,3194,2.53693407466243,,931,3143,3.37593984962406,
2021Q4,,S08000022,,S12000035,,All Inpatients and Day cases,d,4,,1161,3423,2.94832041343669,,825,3476,4.21333333333333,
2022Q1,,S08000022,,S12000035,,All Inpatients and Day cases,d,4,,1268,3427,2.70268138801262,,878,3060,3.48519362186788,
2022Q2,,S08000022,,S12000035,,All Inpatients and Day cases,d,4,,1318,3934,2.98482549317147,,901,4074,4.52164261931188,
2022Q3,,S08000022,,S12000035,,All Inpatients and Day cases,d,4,,1244,3716,2.9871382636656,,925,3428,3.70594594594595,
2022Q4,p,S08000022,,S12000035,,All Inpatients and Day cases,d,4,,1369,3717,2.71512052593134,,965,3700,3.83419689119171,
2017Q4,,S08000022,,S12000035,,All Inpatients and Day cases,d,5,,657,1099,1.67275494672755,,472,1056,2.23728813559322,
2018Q1,,S08000022,,S12000035,,All Inpatients and Day cases,d,5,,668,1590,2.38023952095808,,487,1566,3.21560574948665,
2018Q2,,S08000022,,S12000035,,All Inpatients and Day cases,d,5,,669,1430,2.13751868460389,,490,1507,3.07551020408163,
2018Q3,,S08000022,,S12000035,,All Inpatients and Day cases,d,5,,654,1227,1.87614678899083,,491,1110,2.26069246435845,
2018Q4,,S08000022,,S12000035,,All Inpatients and Day cases,d,5,,736,1323,1.79755434782609,,566,1179,2.08303886925795,
2019Q1,,S08000022,,S12000035,,All Inpatients and Day cases,d,5,,734,1620,2.20708446866485,,555,1579,2.84504504504504,
2019Q2,,S08000022,,S12000035,,All Inpatients and Day cases,d,5,,664,1101,1.65813253012048,,506,1210,2.39130434782609,
2019Q3,,S08000022,,S12000035,,All Inpatients and Day cases,d,5,,772,1449,1.87694300518135,,535,1326,2.4785046728972,
2019Q4,,S08000022,,S12000035,,All Inpatients and Day cases,d,5,,653,1211,1.85451761102603,,478,1280,2.67782426778243,
2020Q1,,S08000022,,S12000035,,All Inpatients and Day cases,d,5,,603,1100,1.82421227197347,,421,1034,2.45605700712589,
2020Q2,,S08000022,,S12000035,,All Inpatients and Day cases,d,5,,310,889,2.86774193548387,,191,800,4.18848167539267,
2020Q3,,S08000022,,S12000035,,All Inpatients and Day cases,d,5,,470,1046,2.22553191489362,,330,974,2.95151515151515,
2020Q4,,S08000022,,S12000035,,All Inpatients and Day cases,d,5,,492,1385,2.8150406504065,,331,1278,3.86102719033233,
2021Q1,,S08000022,,S12000035,,All Inpatients and Day cases,d,5,,538,1449,2.69330855018587,,359,1320,3.67688022284123,
2021Q2,,S08000022,,S12000035,,All Inpatients and Day cases,d,5,,634,1318,2.0788643533123,,440,1317,2.99318181818182,
2021Q3,,S08000022,,S12000035,,All Inpatients and Day cases,d,5,,601,1652,2.74875207986689,,409,1681,4.11002444987775,
2021Q4,,S08000022,,S12000035,,All Inpatients and Day cases,d,5,,632,1322,2.09177215189873,,424,1172,2.76415094339623,
2022Q1,,S08000022,,S12000035,,All Inpatients and Day cases,d,5,,730,1729,2.36849315068493,,463,1633,3.52699784017279,
2022Q2,,S08000022,,S12000035,,All Inpatients and Day cases,d,5,,659,1628,2.47040971168437,,450,1693,3.76222222222222,
2022Q3,,S08000022,,S12000035,,All Inpatients and Day cases,d,5,,638,1583,2.48119122257053,,473,1634,3.45454545454545,
2022Q4,p,S08000022,,S12000035,,All Inpatients and Day cases,d,5,,682,1785,2.61730205278592,,490,1697,3.46326530612245,
2017Q4,,S08000022,,S12000017,,All Inpatients and Day cases,d,1,,1772,5292,2.98645598194131,,1154,5613,4.86395147313691,
2018Q1,,S08000022,,S12000017,,All Inpatients and Day cases,d,1,,1785,5265,2.94957983193277,,1147,5604,4.88578901482127,
2018Q2,,S08000022,,S12000017,,All Inpatients and Day cases,d,1,,1940,5259,2.71082474226804,,1295,5641,4.35598455598456,
2018Q3,,S08000022,,S12000017,,All Inpatients and Day cases,d,1,,1822,5293,2.90504939626784,,1246,5979,4.79855537720706,
2018Q4,,S08000022,,S12000017,,All Inpatients and Day cases,d,1,,1817,5094,2.80352228948817,,1234,4839,3.92139384116694,
2019Q1,,S08000022,,S12000017,,All Inpatients and Day cases,d,1,,1731,4535,2.61987290583478,,1197,5186,4.33249791144528,
2019Q2,,S08000022,,S12000017,,All Inpatients and Day cases,d,1,,1830,5451,2.97868852459016,,1283,4562,3.55572876071707,
2019Q3,,S08000022,,S12000017,,All Inpatients and Day cases,d,1,,1963,5482,2.79266428935303,,1303,6404,4.91481197237145,
2019Q4,,S08000022,,S12000017,,All Inpatients and Day cases,d,1,,1895,6107,3.22269129287599,,1281,6981,5.44964871194379,
2020Q1,,S08000022,,S12000017,,All Inpatients and Day cases,d,1,,1656,4889,2.95229468599034,,1130,5129,4.53893805309735,
2020Q2,,S08000022,,S12000017,,All Inpatients and Day cases,d,1,,1298,3766,2.90138674884438,,817,4238,5.18727050183599,
2020Q3,,S08000022,,S12000017,,All Inpatients and Day cases,d,1,,1746,4275,2.44845360824742,,1080,5006,4.63518518518519,
2020Q4,,S08000022,,S12000017,,All Inpatients and Day cases,d,1,,1735,5051,2.91123919308357,,1080,5218,4.83148148148148,
2021Q1,,S08000022,,S12000017,,All Inpatients and Day cases,d,1,,1752,5609,3.20148401826484,,1023,5422,5.30009775171065,
2021Q2,,S08000022,,S12000017,,All Inpatients and Day cases,d,1,,1702,4804,2.82256169212691,,1053,6554,6.22412155745489,
2021Q3,,S08000022,,S12000017,,All Inpatients and Day cases,d,1,,1721,5516,3.20511330621732,,1071,5408,5.04948646125117,
2021Q4,,S08000022,,S12000017,,All Inpatients and Day cases,d,1,,1599,5753,3.5978736710444,,1010,5609,5.55346534653465,
2022Q1,,S08000022,,S12000017,,All Inpatients and Day cases,d,1,,1612,5781,3.58622828784119,,994,5686,5.72032193158954,
2022Q2,,S08000022,,S12000017,,All Inpatients and Day cases,d,1,,1606,5665,3.52739726027397,,984,5483,5.57215447154472,
2022Q3,,S08000022,,S12000017,,All Inpatients and Day cases,d,1,,1718,6482,3.77299185098952,,1073,6584,6.13606710158434,
2022Q4,p,S08000022,,S12000017,,All Inpatients and Day cases,d,1,,1566,7488,4.7816091954023,,999,7913,7.92092092092092,
2017Q4,,S08000022,,S12000017,,All Inpatients and Day cases,d,2,,3003,9915,3.3016983016983,,2077,11114,5.35098700048146,
2018Q1,,S08000022,,S12000017,,All Inpatients and Day cases,d,2,,3011,8796,2.92128860843574,,2039,9723,4.76851397743992,
2018Q2,,S08000022,,S12000017,,All Inpatients and Day cases,d,2,,2923,7702,2.63496407800205,,2062,8824,4.27934044616877,
2018Q3,,S08000022,,S12000017,,All Inpatients and Day cases,d,2,,3020,8156,2.70066225165563,,2122,8596,4.05089538171536,
2018Q4,,S08000022,,S12000017,,All Inpatients and Day cases,d,2,,3107,8397,2.70260701641455,,2149,10257,4.77291763610982,
2019Q1,,S08000022,,S12000017,,All Inpatients and Day cases,d,2,,2994,8261,2.75918503674015,,2031,8740,4.30329886755293,
2019Q2,,S08000022,,S12000017,,All Inpatients and Day cases,d,2,,2831,8452,2.98551748498764,,1971,10107,5.12785388127854,
2019Q3,,S08000022,,S12000017,,All Inpatients and Day cases,d,2,,2913,8900,3.05526948163405,,2007,9137,4.55256601893373,
2019Q4,,S08000022,,S12000017,,All Inpatients and Day cases,d,2,,2887,8082,2.79944579147904,,2032,10759,5.29478346456693,
2020Q1,,S08000022,,S12000017,,All Inpatients and Day cases,d,2,,2819,9950,3.52962043277758,,1856,10830,5.83512931034483,
2020Q2,,S08000022,,S12000017,,All Inpatients and Day cases,d,2,,1967,6239,3.17183528215557,,1182,8308,7.02876480541455,
2020Q3,,S08000022,,S12000017,,All Inpatients and Day cases,d,2,,2786,7119,2.55527638190955,,1774,7610,4.28974069898534,
2020Q4,,S08000022,,S12000017,,All Inpatients and Day cases,d,2,,2688,7995,2.97433035714286,,1642,8057,4.9068209500609,
2021Q1,,S08000022,,S12000017,,All Inpatients and Day cases,d,2,,2509,8176,3.25866879234755,,1480,8750,5.91216216216216,
2021Q2,,S08000022,,S12000017,,All Inpatients and Day cases,d,2,,2637,8262,3.13310580204778,,1626,9998,6.14883148831488,
2021Q3,,S08000022,,S12000017,,All Inpatients and Day cases,d,2,,2742,9001,3.28264040846098,,1689,8767,5.19064535227946,
2021Q4,,S08000022,,S12000017,,All Inpatients and Day cases,d,2,,2471,8602,3.4811817078106,,1633,9448,5.78567054500919,
2022Q1,,S08000022,,S12000017,,All Inpatients and Day cases,d,2,,2520,8674,3.44206349206349,,1577,9449,5.99175649968294,
2022Q2,,S08000022,,S12000017,,All Inpatients and Day cases,d,2,,2474,9214,3.72433306386419,,1547,11005,7.11376858435682,
2022Q3,,S08000022,,S12000017,,All Inpatients and Day cases,d,2,,2548,7249,2.84497645211931,,1574,8568,5.44345616264295,
2022Q4,p,S08000022,,S12000017,,All Inpatients and Day cases,d,2,,2406,8488,3.52784704904406,,1564,8817,5.63746803069054,
2017Q4,,S08000022,,S12000017,,All Inpatients and Day cases,d,3,,4832,14147,2.92777317880795,,3410,16701,4.89765395894428,
2018Q1,,S08000022,,S12000017,,All Inpatients and Day cases,d,3,,4793,12389,2.58481118297517,,3392,13957,4.11468160377358,
2018Q2,,S08000022,,S12000017,,All Inpatients and Day cases,d,3,,5042,13593,2.69595398651329,,3626,14997,4.13596249310535,
2018Q3,,S08000022,,S12000017,,All Inpatients and Day cases,d,3,,4918,13302,2.70475803172021,,3483,14582,4.18662072925639,
2018Q4,,S08000022,,S12000017,,All Inpatients and Day cases,d,3,,5154,13615,2.64163756305782,,3641,15458,4.24553694040099,
2019Q1,,S08000022,,S12000017,,All Inpatients and Day cases,d,3,,5264,13189,2.50550911854103,,3760,14580,3.87765957446809,
2019Q2,,S08000022,,S12000017,,All Inpatients and Day cases,d,3,,5147,15003,2.91490188459297,,3713,17168,4.62375437651495,
2019Q3,,S08000022,,S12000017,,All Inpatients and Day cases,d,3,,5185,14522,2.80077145612343,,3713,15970,4.30110422838675,
2019Q4,,S08000022,,S12000017,,All Inpatients and Day cases,d,3,,5309,13788,2.59709926539838,,3752,14679,3.91231343283582,
2020Q1,,S08000022,,S12000017,,All Inpatients and Day cases,d,3,,4739,15300,3.22852922557502,,3328,17671,5.30979567307692,
2020Q2,,S08000022,,S12000017,,All Inpatients and Day cases,d,3,,3221,8511,2.64234709717479,,2018,10581,5.24331020812686,
2020Q3,,S08000022,,S12000017,,All Inpatients and Day cases,d,3,,4577,11710,2.55844439589251,,3053,13507,4.42417294464461,
2020Q4,,S08000022,,S12000017,,All Inpatients and Day cases,d,3,,4628,14370,3.10501296456353,,3043,14894,4.89451199474203,
2021Q1,,S08000022,,S12000017,,All Inpatients and Day cases,d,3,,4384,13513,3.08234489051095,,2741,15254,5.56512221816855,
2021Q2,,S08000022,,S12000017,,All Inpatients and Day cases,d,3,,4904,12920,2.63458401305057,,3152,13559,4.30171319796954,
2021Q3,,S08000022,,S12000017,,All Inpatients and Day cases,d,3,,4813,14154,2.94078537294827,,3129,15607,4.98785554490252,
2021Q4,,S08000022,,S12000017,,All Inpatients and Day cases,d,3,,4894,15739,3.21597874948917,,3188,17438,5.46988707653701,
2022Q1,,S08000022,,S12000017,,All Inpatients and Day cases,d,3,,4551,13564,2.98044385849264,,3015,14048,4.65936981757877,
2022Q2,,S08000022,,S12000017,,All Inpatients and Day cases,d,3,,4895,14951,3.05434116445352,,3217,17055,5.30152315822195,
2022Q3,,S08000022,,S12000017,,All Inpatients and Day cases,d,3,,4827,14222,2.94634348456598,,3229,14224,4.4050789718179,
2022Q4,p,S08000022,,S12000017,,All Inpatients and Day cases,d,3,,4501,14342,3.18640302155077,,3083,17123,5.55400583846902,
2017Q4,,S08000022,,S12000017,,All Inpatients and Day cases,d,4,,3878,10866,2.80195977307891,,2801,11110,3.96644055694395,
2018Q1,,S08000022,,S12000017,,All Inpatients and Day cases,d,4,,3903,11288,2.89213425570074,,2734,12810,4.68544257498171,
2018Q2,,S08000022,,S12000017,,All Inpatients and Day cases,d,4,,4313,10221,2.36981219568746,,3087,12243,3.96598639455782,
2018Q3,,S08000022,,S12000017,,All Inpatients and Day cases,d,4,,4282,10815,2.52568893040635,,3137,11846,3.77621931781957,
2018Q4,,S08000022,,S12000017,,All Inpatients and Day cases,d,4,,4252,10538,2.47836312323612,,3060,12283,4.0140522875817,
2019Q1,,S08000022,,S12000017,,All Inpatients and Day cases,d,4,,4348,11545,2.65524379024839,,3144,12739,4.05184478371501,
2019Q2,,S08000022,,S12000017,,All Inpatients and Day cases,d,4,,4606,11336,2.46113764654798,,3311,12526,3.78314708547267,
2019Q3,,S08000022,,S12000017,,All Inpatients and Day cases,d,4,,4337,10103,2.32949043117362,,3181,12460,3.91700723043068,
2019Q4,,S08000022,,S12000017,,All Inpatients and Day cases,d,4,,4504,11220,2.4911190053286,,3141,13341,4.24737344794651,
2020Q1,,S08000022,,S12000017,,All Inpatients and Day cases,d,4,,4031,11426,2.83453237410072,,2862,12804,4.47379454926625,
2020Q2,,S08000022,,S12000017,,All Inpatients and Day cases,d,4,,2908,8266,2.84250343878955,,1785,11525,6.45658263305322,
2020Q3,,S08000022,,S12000017,,All Inpatients and Day cases,d,4,,3832,9563,2.4955636743215,,2459,10416,4.23586823912159,
2020Q4,,S08000022,,S12000017,,All Inpatients and Day cases,d,4,,3983,11646,2.92392668842581,,2599,12342,4.74874951904579,
2021Q1,,S08000022,,S12000017,,All Inpatients and Day cases,d,4,,3649,11203,3.07015620718005,,2265,12838,5.66799116997792,
2021Q2,,S08000022,,S12000017,,All Inpatients and Day cases,d,4,,4205,10449,2.48489892984542,,2629,11830,4.49980981361735,
2021Q3,,S08000022,,S12000017,,All Inpatients and Day cases,d,4,,3990,10708,2.68370927318296,,2626,12098,4.60700685453161,
2021Q4,,S08000022,,S12000017,,All Inpatients and Day cases,d,4,,3920,12266,3.12908163265306,,2593,12024,4.6370998843039,
2022Q1,,S08000022,,S12000017,,All Inpatients and Day cases,d,4,,3880,10711,2.76056701030928,,2580,12060,4.67441860465116,
2022Q2,,S08000022,,S12000017,,All Inpatients and Day cases,d,4,,3977,11871,2.98491325119437,,2624,15474,5.89710365853659,
2022Q3,,S08000022,,S12000017,,All Inpatients and Day cases,d,4,,3976,10753,2.704476861167,,2689,13302,4.94682037932317,
2022Q4,p,S08000022,,S12000017,,All Inpatients and Day cases,d,4,,3907,12388,3.17071922190939,,2572,14464,5.62363919129082,
2017Q4,,S08000022,,S12000017,,All Inpatients and Day cases,d,5,,1030,2725,2.64563106796116,,728,3316,4.55494505494505,
2018Q1,,S08000022,,S12000017,,All Inpatients and Day cases,d,5,,1147,3081,2.68613775065388,,815,3920,4.80981595092025,
2018Q2,,S08000022,,S12000017,,All Inpatients and Day cases,d,5,,1073,2444,2.27772600186393,,789,2870,3.63751584283904,
2018Q3,,S08000022,,S12000017,,All Inpatients and Day cases,d,5,,1069,2956,2.76520112254443,,758,3065,4.04353562005277,
2018Q4,,S08000022,,S12000017,,All Inpatients and Day cases,d,5,,1092,3182,2.91391941391941,,761,2914,3.82917214191853,
2019Q1,,S08000022,,S12000017,,All Inpatients and Day cases,d,5,,1133,2637,2.32744924977935,,797,4062,5.09661229611041,
2019Q2,,S08000022,,S12000017,,All Inpatients and Day cases,d,5,,1182,2690,2.27580372250423,,852,2929,3.43779342723005,
2019Q3,,S08000022,,S12000017,,All Inpatients and Day cases,d,5,,1110,2578,2.32252252252252,,838,2943,3.51193317422434,
2019Q4,,S08000022,,S12000017,,All Inpatients and Day cases,d,5,,1251,3724,2.97681854516387,,885,3924,4.43389830508475,
2020Q1,,S08000022,,S12000017,,All Inpatients and Day cases,d,5,,1026,3201,3.11988304093567,,718,3589,4.99860724233983,
2020Q2,,S08000022,,S12000017,,All Inpatients and Day cases,d,5,,693,1942,2.8023088023088,,453,2069,4.5673289183223,
2020Q3,,S08000022,,S12000017,,All Inpatients and Day cases,d,5,,963,2181,2.26479750778816,,649,3205,4.93836671802774,
2020Q4,,S08000022,,S12000017,,All Inpatients and Day cases,d,5,,1096,2353,2.14689781021898,,703,2637,3.75106685633001,
2021Q1,,S08000022,,S12000017,,All Inpatients and Day cases,d,5,,910,2160,2.37362637362637,,588,2358,4.01020408163265,
2021Q2,,S08000022,,S12000017,,All Inpatients and Day cases,d,5,,1044,2012,1.9272030651341,,689,2366,3.43396226415094,
2021Q3,,S08000022,,S12000017,,All Inpatients and Day cases,d,5,,932,2551,2.73712446351931,,598,2534,4.23745819397993,
2021Q4,,S08000022,,S12000017,,All Inpatients and Day cases,d,5,,850,2447,2.87882352941176,,591,2880,4.87309644670051,
2022Q1,,S08000022,,S12000017,,All Inpatients and Day cases,d,5,,1046,3154,3.01529636711281,,684,3479,5.08625730994152,
2022Q2,,S08000022,,S12000017,,All Inpatients and Day cases,d,5,,1105,3031,2.74298642533937,,715,3011,4.21118881118881,
2022Q3,,S08000022,,S12000017,,All Inpatients and Day cases,d,5,,1078,3591,3.33116883116883,,711,3590,5.0492264416315,
2022Q4,p,S08000022,,S12000017,,All Inpatients and Day cases,d,5,,837,3870,4.6236559139785,,574,3765,6.55923344947735,
2017Q4,,S08000022,,S08000022,d,All Inpatients and Day cases,d,1,,2425,7034,2.90061855670103,,1623,7272,4.48059149722736,
2018Q1,,S08000022,,S08000022,d,All Inpatients and Day cases,d,1,,2405,7334,3.04948024948025,,1566,7498,4.78799489144317,
2018Q2,,S08000022,,S08000022,d,All Inpatients and Day cases,d,1,,2560,7250,2.83203125,,1724,7204,4.17865429234339,
2018Q3,,S08000022,,S08000022,d,All Inpatients and Day cases,d,1,,2434,7163,2.94289235825801,,1694,8127,4.79752066115702,
2018Q4,,S08000022,,S08000022,d,All Inpatients and Day cases,d,1,,2439,6950,2.84952849528495,,1673,6521,3.89778840406455,
2019Q1,,S08000022,,S08000022,d,All Inpatients and Day cases,d,1,,2377,6245,2.62726125368111,,1654,6661,4.02720677146312,
2019Q2,,S08000022,,S08000022,d,All Inpatients and Day cases,d,1,,2409,6852,2.84433374844334,,1722,6141,3.56620209059233,
2019Q3,,S08000022,,S08000022,d,All Inpatients and Day cases,d,1,,2587,6942,2.68341708542714,,1744,7814,4.48050458715596,
2019Q4,,S08000022,,S08000022,d,All Inpatients and Day cases,d,1,,2506,7903,3.1536312849162,,1696,8600,5.07075471698113,
2020Q1,,S08000022,,S08000022,d,All Inpatients and Day cases,d,1,,2236,6653,2.97540250447227,,1509,6692,4.43472498343274,
2020Q2,,S08000022,,S08000022,d,All Inpatients and Day cases,d,1,,1667,5174,3.10377924415117,,1004,5509,5.48705179282869,
2020Q3,,S08000022,,S08000022,d,All Inpatients and Day cases,d,1,,2253,5770,2.56102973812694,,1380,6361,4.60942028985507,
2020Q4,,S08000022,,S08000022,d,All Inpatients and Day cases,d,1,,2254,6848,3.03815439219166,,1413,6787,4.80325548478415,
2021Q1,,S08000022,,S08000022,d,All Inpatients and Day cases,d,1,,2279,7385,3.24045634050022,,1358,7047,5.18924889543446,
2021Q2,,S08000022,,S08000022,d,All Inpatients and Day cases,d,1,,2252,6428,2.85435168738899,,1439,7967,5.53648366921473,
2021Q3,,S08000022,,S08000022,d,All Inpatients and Day cases,d,1,,2298,7290,3.17232375979112,,1442,7136,4.94868238557559,
2021Q4,,S08000022,,S08000022,d,All Inpatients and Day cases,d,1,,2147,7605,3.5421518397764298,,1343,7277,5.41846612062547,
2022Q1,,S08000022,,S08000022,d,All Inpatients and Day cases,d,1,,2206,7882,3.57298277425204,,1354,7607,5.61816838995569,
2022Q2,,S08000022,,S08000022,d,All Inpatients and Day cases,d,1,,2107,6990,3.31751305173232,,1335,6632,4.96779026217228,
2022Q3,,S08000022,,S08000022,d,All Inpatients and Day cases,d,1,,2250,8129,3.61288888888889,,1440,7978,5.54027777777778,
2022Q4,p,S08000022,,S08000022,d,All Inpatients and Day cases,d,1,,2173,9396,4.32397606994938,,1401,9865,7.04139900071378,
2017Q4,,S08000022,,S08000022,d,All Inpatients and Day cases,d,2,,3877,12666,3.26695898890895,,2747,13549,4.9322897706589,
2018Q1,,S08000022,,S08000022,d,All Inpatients and Day cases,d,2,,3939,11474,2.91292206143691,,2726,12618,4.62876008804109,
2018Q2,,S08000022,,S08000022,d,All Inpatients and Day cases,d,2,,3901,10567,2.70879261727762,,2810,11488,4.08825622775801,
2018Q3,,S08000022,,S08000022,d,All Inpatients and Day cases,d,2,,3987,11498,2.88387258590419,,2809,11644,4.14524741901032,
2018Q4,,S08000022,,S08000022,d,All Inpatients and Day cases,d,2,,4111,12374,3.00997324252007,,2851,14040,4.9245878639074,
2019Q1,,S08000022,,S08000022,d,All Inpatients and Day cases,d,2,,3900,11049,2.83307692307692,,2698,11622,4.30763528539659,
2019Q2,,S08000022,,S08000022,d,All Inpatients and Day cases,d,2,,3842,11640,3.02967204580947,,2694,12788,4.74684484038604,
2019Q3,,S08000022,,S08000022,d,All Inpatients and Day cases,d,2,,3825,11297,2.95346405228758,,2666,11360,4.26106526631658,
2019Q4,,S08000022,,S08000022,d,All Inpatients and Day cases,d,2,,3805,10498,2.75900131406045,,2677,12887,4.81397086290624,
2020Q1,,S08000022,,S08000022,d,All Inpatients and Day cases,d,2,,3764,12621,3.35308182784272,,2517,13855,5.50456893126738,
2020Q2,,S08000022,,S08000022,d,All Inpatients and Day cases,d,2,,2450,7685,3.13673469387755,,1452,9484,6.53168044077135,
2020Q3,,S08000022,,S08000022,d,All Inpatients and Day cases,d,2,,3469,9133,2.63274718939176,,2219,9533,4.29607931500676,
2020Q4,,S08000022,,S08000022,d,All Inpatients and Day cases,d,2,,3466,9881,2.85083669936526,,2199,9662,4.39381537062301,
2021Q1,,S08000022,,S08000022,d,All Inpatients and Day cases,d,2,,3317,10853,3.27193246909858,,2015,11159,5.53796526054591,
2021Q2,,S08000022,,S08000022,d,All Inpatients and Day cases,d,2,,3488,10462,2.99942660550459,,2244,12096,5.3903743315508,
2021Q3,,S08000022,,S08000022,d,All Inpatients and Day cases,d,2,,3676,12060,3.28073993471164,,2309,11501,4.98094413165873,
2021Q4,,S08000022,,S08000022,d,All Inpatients and Day cases,d,2,,3322,11490,3.45875978326309,,2187,12437,5.68678555098308,
2022Q1,,S08000022,,S08000022,d,All Inpatients and Day cases,d,2,,3340,10969,3.28413173652695,,2119,11341,5.35205285512034,
2022Q2,,S08000022,,S08000022,d,All Inpatients and Day cases,d,2,,3385,11918,3.52082717872969,,2150,13637,6.34279069767442,
2022Q3,,S08000022,,S08000022,d,All Inpatients and Day cases,d,2,,3504,10279,2.93350456621005,,2268,11352,5.00529100529101,
2022Q4,p,S08000022,,S08000022,d,All Inpatients and Day cases,d,2,,3391,11616,3.42553818932468,,2278,11776,5.1694468832309,
2017Q4,,S08000022,,S08000022,d,All Inpatients and Day cases,d,3,,7087,20225,2.8538168477494,,5109,22402,4.38481111763554,
2018Q1,,S08000022,,S08000022,d,All Inpatients and Day cases,d,3,,7136,19388,2.71692825112108,,5096,20598,4.04199372056515,
2018Q2,,S08000022,,S08000022,d,All Inpatients and Day cases,d,3,,7220,19301,2.67326869806094,,5277,20409,3.86753837407618,
2018Q3,,S08000022,,S08000022,d,All Inpatients and Day cases,d,3,,7171,18980,2.64677171942546,,5157,19934,3.86542563505914,
2018Q4,,S08000022,,S08000022,d,All Inpatients and Day cases,d,3,,7414,19784,2.66846506609118,,5360,21418,3.99589552238806,
2019Q1,,S08000022,,S08000022,d,All Inpatients and Day cases,d,3,,7528,20046,2.66285866099894,,5444,20617,3.78710506980162,
2019Q2,,S08000022,,S08000022,d,All Inpatients and Day cases,d,3,,7271,21217,2.91803053225141,,5301,23355,4.40577249575552,
2019Q3,,S08000022,,S08000022,d,All Inpatients and Day cases,d,3,,7431,21141,2.84497375857893,,5355,22560,4.21288515406162,
2019Q4,,S08000022,,S08000022,d,All Inpatients and Day cases,d,3,,7682,20451,2.66219734444155,,5420,20667,3.81309963099631,
2020Q1,,S08000022,,S08000022,d,All Inpatients and Day cases,d,3,,7101,22902,3.22517955217575,,4999,25711,5.14322864572915,
2020Q2,,S08000022,,S08000022,d,All Inpatients and Day cases,d,3,,4411,12407,2.81274087508501,,2781,14255,5.12585400934915,
2020Q3,,S08000022,,S08000022,d,All Inpatients and Day cases,d,3,,6368,16398,2.57506281407035,,4245,18049,4.25182567726737,
2020Q4,,S08000022,,S08000022,d,All Inpatients and Day cases,d,3,,6655,20179,3.03215627347859,,4494,20534,4.56920338228749,
2021Q1,,S08000022,,S08000022,d,All Inpatients and Day cases,d,3,,6163,19157,3.10838877170209,,4031,20146,4.99776730339866,
2021Q2,,S08000022,,S08000022,d,All Inpatients and Day cases,d,3,,7092,18630,2.62690355329949,,4740,18992,4.00675105485232,
2021Q3,,S08000022,,S08000022,d,All Inpatients and Day cases,d,3,,6946,20459,2.94543622228621,,4655,21638,4.64833512352309,
2021Q4,,S08000022,,S08000022,d,All Inpatients and Day cases,d,3,,7201,22874,3.17650326343563,,4751,24506,5.1580719848453,
2022Q1,,S08000022,,S08000022,d,All Inpatients and Day cases,d,3,,6943,20401,2.938355177877,,4720,20183,4.2760593220339,
2022Q2,,S08000022,,S08000022,d,All Inpatients and Day cases,d,3,,7354,22864,3.10905629589339,,4938,24302,4.92142567841231,
2022Q3,,S08000022,,S08000022,d,All Inpatients and Day cases,d,3,,7331,21391,2.91788296276088,,5106,21049,4.12240501370936,
2022Q4,p,S08000022,,S08000022,d,All Inpatients and Day cases,d,3,,6825,21298,3.12058608058608,,4751,24104,5.07345821932225,
2017Q4,,S08000022,,S08000022,d,All Inpatients and Day cases,d,4,,5146,14262,2.77147298872911,,3739,14750,3.94490505482749,
2018Q1,,S08000022,,S08000022,d,All Inpatients and Day cases,d,4,,5182,14683,2.83346198379004,,3701,15984,4.31883274790597,
2018Q2,,S08000022,,S08000022,d,All Inpatients and Day cases,d,4,,5528,13956,2.5246020260492,,3995,16004,4.00600750938673,
2018Q3,,S08000022,,S08000022,d,All Inpatients and Day cases,d,4,,5596,13730,2.45353824160114,,4102,14480,3.52998537298879,
2018Q4,,S08000022,,S08000022,d,All Inpatients and Day cases,d,4,,5531,13989,2.52919905984451,,4011,15796,3.93817003241087,
2019Q1,,S08000022,,S08000022,d,All Inpatients and Day cases,d,4,,5657,14727,2.60332331624536,,4135,15874,3.83893591293833,
2019Q2,,S08000022,,S08000022,d,All Inpatients and Day cases,d,4,,5786,14526,2.51054268924991,,4210,15681,3.72470308788599,
2019Q3,,S08000022,,S08000022,d,All Inpatients and Day cases,d,4,,5574,13246,2.37639038392537,,4115,15876,3.85808019441069,
2019Q4,,S08000022,,S08000022,d,All Inpatients and Day cases,d,4,,5705,14503,2.5421560035057,,4008,16425,4.09805389221557,
2020Q1,,S08000022,,S08000022,d,All Inpatients and Day cases,d,4,,5222,14601,2.79605515128303,,3713,15987,4.30568273633181,
2020Q2,,S08000022,,S08000022,d,All Inpatients and Day cases,d,4,,3524,9956,2.82519863791146,,2205,13205,5.98866213151927,
2020Q3,,S08000022,,S08000022,d,All Inpatients and Day cases,d,4,,4869,12086,2.48223454508113,,3161,12442,3.93609617209744,
2020Q4,,S08000022,,S08000022,d,All Inpatients and Day cases,d,4,,5187,14862,2.86524002313476,,3427,15387,4.48993288590604,
2021Q1,,S08000022,,S08000022,d,All Inpatients and Day cases,d,4,,4698,14065,2.99382716049383,,3022,15816,5.23362011912641,
2021Q2,,S08000022,,S08000022,d,All Inpatients and Day cases,d,4,,5542,13667,2.46607722843739,,3589,14869,4.14293675118417,
2021Q3,,S08000022,,S08000022,d,All Inpatients and Day cases,d,4,,5249,13902,2.64850447704325,,3557,15241,4.2847905538375,
2021Q4,,S08000022,,S08000022,d,All Inpatients and Day cases,d,4,,5081,15689,3.08777799645739,,3418,15500,4.5348156816852,
2022Q1,,S08000022,,S08000022,d,All Inpatients and Day cases,d,4,,5148,14138,2.74630924630925,,3458,15120,4.37246963562753,
2022Q2,,S08000022,,S08000022,d,All Inpatients and Day cases,d,4,,5295,15805,2.98489140698772,,3525,19548,5.54553191489362,
2022Q3,,S08000022,,S08000022,d,All Inpatients and Day cases,d,4,,5220,14469,2.77183908045977,,3614,16730,4.62921970116215,
2022Q4,p,S08000022,,S08000022,d,All Inpatients and Day cases,d,4,,5276,16105,3.05250189537528,,3537,18164,5.13542550183772,
2017Q4,,S08000022,,S08000022,d,All Inpatients and Day cases,d,5,,1687,3824,2.26674570243035,,1200,4372,3.64333333333333,
2018Q1,,S08000022,,S08000022,d,All Inpatients and Day cases,d,5,,1815,4671,2.57355371900826,,1302,5486,4.21351766513057,
2018Q2,,S08000022,,S08000022,d,All Inpatients and Day cases,d,5,,1742,3874,2.22388059701493,,1279,4377,3.42220484753714,
2018Q3,,S08000022,,S08000022,d,All Inpatients and Day cases,d,5,,1723,4183,2.42774230992455,,1249,4175,3.34267413931145,
2018Q4,,S08000022,,S08000022,d,All Inpatients and Day cases,d,5,,1828,4505,2.4644420131291,,1327,4093,3.0844009042954,
2019Q1,,S08000022,,S08000022,d,All Inpatients and Day cases,d,5,,1867,4257,2.28012854847349,,1352,5641,4.17233727810651,
2019Q2,,S08000022,,S08000022,d,All Inpatients and Day cases,d,5,,1846,3791,2.05362946912243,,1358,4139,3.04786450662739,
2019Q3,,S08000022,,S08000022,d,All Inpatients and Day cases,d,5,,1882,4027,2.13974495217853,,1373,4269,3.10924981791697,
2019Q4,,S08000022,,S08000022,d,All Inpatients and Day cases,d,5,,1904,4935,2.59191176470588,,1363,5204,3.81804842259721,
2020Q1,,S08000022,,S08000022,d,All Inpatients and Day cases,d,5,,1629,4301,2.6402701043585,,1139,4623,4.05882352941176,
2020Q2,,S08000022,,S08000022,d,All Inpatients and Day cases,d,5,,1003,2831,2.82253240279163,,644,2869,4.45496894409938,
2020Q3,,S08000022,,S08000022,d,All Inpatients and Day cases,d,5,,1433,3227,2.25191905094208,,979,4179,4.26864147088866,
2020Q4,,S08000022,,S08000022,d,All Inpatients and Day cases,d,5,,1588,3738,2.35390428211587,,1034,3915,3.7862669245648,
2021Q1,,S08000022,,S08000022,d,All Inpatients and Day cases,d,5,,1448,3609,2.49240331491713,,947,3678,3.88384371700106,
2021Q2,,S08000022,,S08000022,d,All Inpatients and Day cases,d,5,,1678,3330,1.98450536352801,,1129,3683,3.2621789193977,
2021Q3,,S08000022,,S08000022,d,All Inpatients and Day cases,d,5,,1533,4203,2.74168297455969,,1007,4215,4.18570009930487,
2021Q4,,S08000022,,S08000022,d,All Inpatients and Day cases,d,5,,1482,3769,2.54318488529015,,1015,4052,3.99211822660099,
2022Q1,,S08000022,,S08000022,d,All Inpatients and Day cases,d,5,,1776,4883,2.74943693693694,,1147,5112,4.45684394071491,
2022Q2,,S08000022,,S08000022,d,All Inpatients and Day cases,d,5,,1764,4659,2.64115646258503,,1165,4704,4.03776824034335,
2022Q3,,S08000022,,S08000022,d,All Inpatients and Day cases,d,5,,1716,5174,3.01515151515152,,1184,5224,4.41216216216216,
2022Q4,p,S08000022,,S08000022,d,All Inpatients and Day cases,d,5,,1519,5655,3.7228439763002,,1064,5462,5.13345864661654,
2017Q4,,S08000032,,S08000032,d,All Inpatients and Day cases,d,1,,18980,44818,2.36132771338251,,12375,44166,3.5689696969697,
2018Q1,,S08000032,,S08000032,d,All Inpatients and Day cases,d,1,,18426,43445,2.35780961684576,,12008,43346,3.6097601598934,
2018Q2,,S08000032,,S08000032,d,All Inpatients and Day cases,d,1,,18511,41277,2.22986332450975,,12351,41398,3.35179337705449,
2018Q3,,S08000032,,S08000032,d,All Inpatients and Day cases,d,1,,18218,41686,2.28817652870787,,12037,41119,3.41605051092465,
2018Q4,,S08000032,,S08000032,d,All Inpatients and Day cases,d,1,,18817,42609,2.26438858479035,,12230,42824,3.50155355682747,
2019Q1,,S08000032,,S08000032,d,All Inpatients and Day cases,d,1,,20163,43118,2.13847145762039,,12980,42102,3.24360554699538,
2019Q2,,S08000032,,S08000032,d,All Inpatients and Day cases,d,1,,19256,42946,2.23026589115081,,12617,43091,3.41531267337719,
2019Q3,,S08000032,,S08000032,d,All Inpatients and Day cases,d,1,,19616,44084,2.24734910277325,,12853,43991,3.42262506807749,
2019Q4,,S08000032,,S08000032,d,All Inpatients and Day cases,d,1,,19515,44967,2.30422751729439,,12469,44494,3.56836955650012,
2020Q1,,S08000032,,S08000032,d,All Inpatients and Day cases,d,1,,18081,45200,2.49986173331121,,11295,45971,4.07003098716246,
2020Q2,,S08000032,,S08000032,d,All Inpatients and Day cases,d,1,,11433,29837,2.60972623108545,,6411,29199,4.55451567618156,
2020Q3,,S08000032,,S08000032,d,All Inpatients and Day cases,d,1,,14214,36403,2.56106655410159,,8538,35866,4.20074959006793,
2020Q4,,S08000032,,S08000032,d,All Inpatients and Day cases,d,1,,14688,39426,2.68423202614379,,9117,40092,4.39749917736097,
2021Q1,,S08000032,,S08000032,d,All Inpatients and Day cases,d,1,,14275,40498,2.8369877408056,,8730,39644,4.54112256586483,
2021Q2,,S08000032,,S08000032,d,All Inpatients and Day cases,d,1,,16397,41251,2.51576507897786,,10296,41099,3.99174436674437,
2021Q3,,S08000032,,S08000032,d,All Inpatients and Day cases,d,1,,16387,41146,2.51089278086288,,9947,41250,4.14697898863979,
2021Q4,,S08000032,,S08000032,d,All Inpatients and Day cases,d,1,,16178,43854,2.71071825936457,,9706,44148,4.54852668452504,
2022Q1,,S08000032,,S08000032,d,All Inpatients and Day cases,d,1,,15646,41827,2.67333503770932,,9463,41255,4.35961111698193,
2022Q2,,S08000032,,S08000032,d,All Inpatients and Day cases,d,1,,16119,43064,2.67162975370681,,9739,43467,4.4631892391416,
2022Q3,,S08000032,,S08000032,d,All Inpatients and Day cases,d,1,,16126,43860,2.71983132828972,,9972,44367,4.44915764139591,
2022Q4,p,S08000032,,S08000032,d,All Inpatients and Day cases,d,1,,16568,42801,2.58335345243844,,10199,43605,4.27541915874105,
2017Q4,,S08000032,,S08000032,d,All Inpatients and Day cases,d,2,,16371,40177,2.45415674057785,,11146,39821,3.57267181051498,
2018Q1,,S08000032,,S08000032,d,All Inpatients and Day cases,d,2,,16339,41147,2.51833037517596,,10912,40817,3.74056085043988,
2018Q2,,S08000032,,S08000032,d,All Inpatients and Day cases,d,2,,15986,37002,2.31465031902915,,11057,37575,3.39829971963462,
2018Q3,,S08000032,,S08000032,d,All Inpatients and Day cases,d,2,,15775,35661,2.26060221870048,,10919,35223,3.22584485758769,
2018Q4,,S08000032,,S08000032,d,All Inpatients and Day cases,d,2,,16647,38934,2.33879978374482,,11242,38059,3.3854296388543,
2019Q1,,S08000032,,S08000032,d,All Inpatients and Day cases,d,2,,17010,36170,2.12639623750735,,11640,36596,3.14398625429553,
2019Q2,,S08000032,,S08000032,d,All Inpatients and Day cases,d,2,,16972,35956,2.1185481970304,,11461,35122,3.06447953930722,
2019Q3,,S08000032,,S08000032,d,All Inpatients and Day cases,d,2,,17085,38651,2.26227685103892,,11640,38018,3.26615120274914,
2019Q4,,S08000032,,S08000032,d,All Inpatients and Day cases,d,2,,16967,39665,2.3377733246891,,11245,39324,3.49702089817697,
2020Q1,,S08000032,,S08000032,d,All Inpatients and Day cases,d,2,,15326,38906,2.5385619209187,,10085,40750,4.04065443728309,
2020Q2,,S08000032,,S08000032,d,All Inpatients and Day cases,d,2,,9396,24511,2.60866326096211,,5354,25090,4.68621591333582,
2020Q3,,S08000032,,S08000032,d,All Inpatients and Day cases,d,2,,12534,33641,2.68397957555449,,7644,33672,4.40502354788069,
2020Q4,,S08000032,,S08000032,d,All Inpatients and Day cases,d,2,,12678,34697,2.73678813693012,,8208,33150,4.03874269005848,
2021Q1,,S08000032,,S08000032,d,All Inpatients and Day cases,d,2,,12524,34101,2.72285212392207,,8022,35604,4.43829468960359,
2021Q2,,S08000032,,S08000032,d,All Inpatients and Day cases,d,2,,14796,36341,2.45613679372803,,9596,35576,3.70737807419758,
2021Q3,,S08000032,,S08000032,d,All Inpatients and Day cases,d,2,,14919,38354,2.57081573832026,,9415,38655,4.10568242166755,
2021Q4,,S08000032,,S08000032,d,All Inpatients and Day cases,d,2,,14232,39234,2.75674536256324,,8911,39872,4.47446975648075,
2022Q1,,S08000032,,S08000032,d,All Inpatients and Day cases,d,2,,14043,37595,2.67713451541693,,8664,36035,4.15916435826408,
2022Q2,,S08000032,,S08000032,d,All Inpatients and Day cases,d,2,,14835,41770,2.81563869228177,,9299,42972,4.62114205828584,
2022Q3,,S08000032,,S08000032,d,All Inpatients and Day cases,d,2,,14588,40080,2.74746366876885,,9334,39306,4.21105635311763,
2022Q4,p,S08000032,,S08000032,d,All Inpatients and Day cases,d,2,,14705,40276,2.73893233594016,,9368,41118,4.38919726729291,
2017Q4,,S08000032,,S08000032,d,All Inpatients and Day cases,d,3,,9698,20802,2.14497834605073,,6637,20944,3.15564260961278,
2018Q1,,S08000032,,S08000032,d,All Inpatients and Day cases,d,3,,10036,22510,2.24292546831407,,6714,22248,3.31367292225201,
2018Q2,,S08000032,,S08000032,d,All Inpatients and Day cases,d,3,,9728,21912,2.25246710526316,,6822,22272,3.26473175021988,
2018Q3,,S08000032,,S08000032,d,All Inpatients and Day cases,d,3,,9561,20891,2.18502248718753,,6596,20572,3.11885991510006,
2018Q4,,S08000032,,S08000032,d,All Inpatients and Day cases,d,3,,10298,22934,2.22703437560691,,6954,22936,3.29824561403509,
2019Q1,,S08000032,,S08000032,d,All Inpatients and Day cases,d,3,,10528,22399,2.12756458966565,,7181,22852,3.18228658961147,
2019Q2,,S08000032,,S08000032,d,All Inpatients and Day cases,d,3,,10028,21213,2.11537694455525,,6775,20770,3.06568265682657,
2019Q3,,S08000032,,S08000032,d,All Inpatients and Day cases,d,3,,10284,21714,2.11143523920653,,7014,21773,3.10422013116624,
2019Q4,,S08000032,,S08000032,d,All Inpatients and Day cases,d,3,,10748,24402,2.27037588388537,,7188,24387,3.39273789649416,
2020Q1,,S08000032,,S08000032,d,All Inpatients and Day cases,d,3,,9822,23870,2.43025860313582,,6521,23711,3.63609875785922,
2020Q2,,S08000032,,S08000032,d,All Inpatients and Day cases,d,3,,5936,16037,2.70165094339623,,3357,15550,4.63211200476616,
2020Q3,,S08000032,,S08000032,d,All Inpatients and Day cases,d,3,,7668,18464,2.40792905581638,,4701,18067,3.84322484577749,
2020Q4,,S08000032,,S08000032,d,All Inpatients and Day cases,d,3,,8271,21611,2.6128642243985,,5244,21547,4.10888634630053,
2021Q1,,S08000032,,S08000032,d,All Inpatients and Day cases,d,3,,7684,20309,2.64302446642374,,4918,20077,4.08235054900366,
2021Q2,,S08000032,,S08000032,d,All Inpatients and Day cases,d,3,,8593,20436,2.37821482602118,,5708,20604,3.60967063770147,
2021Q3,,S08000032,,S08000032,d,All Inpatients and Day cases,d,3,,8536,21520,2.52108716026242,,5464,20500,3.75183016105417,
2021Q4,,S08000032,,S08000032,d,All Inpatients and Day cases,d,3,,8615,21891,2.54103308183401,,5392,21865,4.05508160237389,
2022Q1,,S08000032,,S08000032,d,All Inpatients and Day cases,d,3,,8481,25134,2.96356561726212,,5426,24477,4.51105786951714,
2022Q2,,S08000032,,S08000032,d,All Inpatients and Day cases,d,3,,8761,22481,2.56603127496861,,5626,22889,4.06843227870601,
2022Q3,,S08000032,,S08000032,d,All Inpatients and Day cases,d,3,,8893,25720,2.89216237490161,,5809,25656,4.41659493888793,
2022Q4,p,S08000032,,S08000032,d,All Inpatients and Day cases,d,3,,8940,24101,2.69586129753915,,5988,23998,4.00768203072812,
2017Q4,,S08000032,,S08000032,d,All Inpatients and Day cases,d,4,,7884,16540,2.09791983764587,,5750,16389,2.85026086956522,
2018Q1,,S08000032,,S08000032,d,All Inpatients and Day cases,d,4,,7946,16287,2.04971054618676,,5634,16118,2.86084487042953,
2018Q2,,S08000032,,S08000032,d,All Inpatients and Day cases,d,4,,8012,16664,2.0798801797304,,5881,16636,2.82877061724197,
2018Q3,,S08000032,,S08000032,d,All Inpatients and Day cases,d,4,,8074,18774,2.32524151597721,,5871,18738,3.19161982626469,
2018Q4,,S08000032,,S08000032,d,All Inpatients and Day cases,d,4,,8489,17997,2.12003769584168,,5999,17988,2.99849974995833,
2019Q1,,S08000032,,S08000032,d,All Inpatients and Day cases,d,4,,8892,16289,1.83187134502924,,6391,16385,2.56376153966515,
2019Q2,,S08000032,,S08000032,d,All Inpatients and Day cases,d,4,,8413,15608,1.85522405800547,,6128,15096,2.46344647519582,
2019Q3,,S08000032,,S08000032,d,All Inpatients and Day cases,d,4,,8210,16646,2.02752740560292,,5897,16461,2.79141936577921,
2019Q4,,S08000032,,S08000032,d,All Inpatients and Day cases,d,4,,8405,16167,1.92349791790601,,6058,16070,2.6526906569825,
2020Q1,,S08000032,,S08000032,d,All Inpatients and Day cases,d,4,,7837,16039,2.04657394411127,,5526,15989,2.89341295693087,
2020Q2,,S08000032,,S08000032,d,All Inpatients and Day cases,d,4,,4596,11612,2.52654482158399,,2836,11164,3.93653032440056,
2020Q3,,S08000032,,S08000032,d,All Inpatients and Day cases,d,4,,6199,14076,2.27068882077754,,4056,13580,3.34812623274162,
2020Q4,,S08000032,,S08000032,d,All Inpatients and Day cases,d,4,,6419,16111,2.50989250662097,,4378,15622,3.56829602558246,
2021Q1,,S08000032,,S08000032,d,All Inpatients and Day cases,d,4,,6176,15972,2.58613989637306,,4220,15477,3.6675355450237,
2021Q2,,S08000032,,S08000032,d,All Inpatients and Day cases,d,4,,7403,15475,2.0903687694178,,5285,15663,2.96367076631977,
2021Q3,,S08000032,,S08000032,d,All Inpatients and Day cases,d,4,,7205,15630,2.16932685634976,,4909,14812,3.01731513546547,
2021Q4,,S08000032,,S08000032,d,All Inpatients and Day cases,d,4,,7446,17544,2.35616438356164,,5054,17383,3.43945389790265,
2022Q1,,S08000032,,S08000032,d,All Inpatients and Day cases,d,4,,6945,15465,2.2267818574514,,4731,15118,3.19551891777637,
2022Q2,,S08000032,,S08000032,d,All Inpatients and Day cases,d,4,,7497,17101,2.28104575163399,,5113,16629,3.25229806375905,
2022Q3,,S08000032,,S08000032,d,All Inpatients and Day cases,d,4,,7764,17203,2.21573930963421,,5296,16923,3.19543051359517,
2022Q4,p,S08000032,,S08000032,d,All Inpatients and Day cases,d,4,,7671,18694,2.43697040803024,,5344,18776,3.51347305389222,
2017Q4,,S08000032,,S08000032,d,All Inpatients and Day cases,d,5,,5567,11400,2.04778156996587,,4156,11178,2.68960538979788,
2018Q1,,S08000032,,S08000032,d,All Inpatients and Day cases,d,5,,6141,13376,2.17814688161537,,4335,13080,3.01730103806228,
2018Q2,,S08000032,,S08000032,d,All Inpatients and Day cases,d,5,,5897,12046,2.04273359335255,,4393,11489,2.61529706351013,
2018Q3,,S08000032,,S08000032,d,All Inpatients and Day cases,d,5,,5710,10330,1.80910683012259,,4207,10580,2.51485619206085,
2018Q4,,S08000032,,S08000032,d,All Inpatients and Day cases,d,5,,6156,12083,1.96280051981806,,4501,11629,2.58364807820484,
2019Q1,,S08000032,,S08000032,d,All Inpatients and Day cases,d,5,,6358,12900,2.02893991821327,,4633,12602,2.72005180228793,
2019Q2,,S08000032,,S08000032,d,All Inpatients and Day cases,d,5,,6125,12357,2.0174693877551,,4359,12346,2.83230098646479,
2019Q3,,S08000032,,S08000032,d,All Inpatients and Day cases,d,5,,6095,12497,2.05036915504512,,4382,11910,2.71793701506162,
2019Q4,,S08000032,,S08000032,d,All Inpatients and Day cases,d,5,,6188,13133,2.12233354880414,,4452,13384,3.0062893081761,
2020Q1,,S08000032,,S08000032,d,All Inpatients and Day cases,d,5,,5614,12861,2.29087994299964,,3972,12735,3.20619335347432,
2020Q2,,S08000032,,S08000032,d,All Inpatients and Day cases,d,5,,3139,7191,2.29085696081555,,1860,7405,3.98118279569892,
2020Q3,,S08000032,,S08000032,d,All Inpatients and Day cases,d,5,,4239,10034,2.36706770464732,,2774,9512,3.42898341744773,
2020Q4,,S08000032,,S08000032,d,All Inpatients and Day cases,d,5,,4764,10907,2.28946263643997,,3241,10760,3.31996297439062,
2021Q1,,S08000032,,S08000032,d,All Inpatients and Day cases,d,5,,4637,10506,2.26568902307526,,3130,10441,3.33578274760383,
2021Q2,,S08000032,,S08000032,d,All Inpatients and Day cases,d,5,,5157,11229,2.17742873763816,,3647,11129,3.05154921853578,
2021Q3,,S08000032,,S08000032,d,All Inpatients and Day cases,d,5,,5142,12064,2.3461688059121,,3445,11037,3.20377358490566,
2021Q4,,S08000032,,S08000032,d,All Inpatients and Day cases,d,5,,5310,12640,2.3804143126177,,3567,12001,3.36445192038127,
2022Q1,,S08000032,,S08000032,d,All Inpatients and Day cases,d,5,,5328,12595,2.36392642642643,,3620,13028,3.59889502762431,
2022Q2,,S08000032,,S08000032,d,All Inpatients and Day cases,d,5,,5235,15335,2.92932187201528,,3608,14671,4.06624168514412,
2022Q3,,S08000032,,S08000032,d,All Inpatients and Day cases,d,5,,5446,12767,2.34428938670584,,3808,12059,3.16675420168067,
2022Q4,p,S08000032,,S08000032,d,All Inpatients and Day cases,d,5,,5522,14904,2.6990220934444,,3940,14618,3.71015228426396,
2022Q4,p,S08000032,,S08000032,d,All Inpatients and Day cases,d,,:,5,0,0,,5,0,0,
2017Q4,,S08000032,,S12000050,,All Inpatients and Day cases,d,1,,12382,26327,2.12623162655468,,7812,25871,3.31169994879672,
2018Q1,,S08000032,,S12000050,,All Inpatients and Day cases,d,1,,11854,25886,2.18373544795006,,7633,25404,3.32818026988078,
2018Q2,,S08000032,,S12000050,,All Inpatients and Day cases,d,1,,11650,24814,2.12995708154506,,7630,25396,3.32844036697248,
2018Q3,,S08000032,,S12000050,,All Inpatients and Day cases,d,1,,11626,24878,2.13985893686565,,7453,24143,3.23936669797397,
2018Q4,,S08000032,,S12000050,,All Inpatients and Day cases,d,1,,11881,25688,2.16210756670314,,7701,25679,3.33450201272562,
2019Q1,,S08000032,,S12000050,,All Inpatients and Day cases,d,1,,12961,25503,1.96767224751177,,8182,24916,3.04522121730628,
2019Q2,,S08000032,,S12000050,,All Inpatients and Day cases,d,1,,12435,26992,2.17064736630478,,8016,27015,3.37013473053892,
2019Q3,,S08000032,,S12000050,,All Inpatients and Day cases,d,1,,12703,27045,2.12902463984885,,8157,27182,3.33235258060561,
2019Q4,,S08000032,,S12000050,,All Inpatients and Day cases,d,1,,12230,25966,2.1231398201144702,,7727,25409,3.28833958845606,
2020Q1,,S08000032,,S12000050,,All Inpatients and Day cases,d,1,,11544,27345,2.36876299376299,,7115,28294,3.97666900913563,
2020Q2,,S08000032,,S12000050,,All Inpatients and Day cases,d,1,,7154,18323,2.56122448979592,,4030,17128,4.25012406947891,
2020Q3,,S08000032,,S12000050,,All Inpatients and Day cases,d,1,,8867,21877,2.46723807375663,,5383,21463,3.98718186884637,
2020Q4,,S08000032,,S12000050,,All Inpatients and Day cases,d,1,,9086,23913,2.63185119964781,,5753,24972,4.34069181296715,
2021Q1,,S08000032,,S12000050,,All Inpatients and Day cases,d,1,,8772,25182,2.87072503419973,,5545,24734,4.46059513074842,
2021Q2,,S08000032,,S12000050,,All Inpatients and Day cases,d,1,,10413,26079,2.5044655718813,,6627,25608,3.86419194205523,
2021Q3,,S08000032,,S12000050,,All Inpatients and Day cases,d,1,,10396,25446,2.44767218160831,,6327,25671,4.05737316263632,
2021Q4,,S08000032,,S12000050,,All Inpatients and Day cases,d,1,,10123,26094,2.57769435937963,,6073,26133,4.30314506833525,
2022Q1,,S08000032,,S12000050,,All Inpatients and Day cases,d,1,,9917,24502,2.47070686699607,,6022,24241,4.02540684158087,
2022Q2,,S08000032,,S12000050,,All Inpatients and Day cases,d,1,,10396,26478,2.54694113120431,,6240,26182,4.19583333333333,
2022Q3,,S08000032,,S12000050,,All Inpatients and Day cases,d,1,,10603,27054,2.55154201641045,,6424,27938,4.34900373599004,
2022Q4,p,S08000032,,S12000050,,All Inpatients and Day cases,d,1,,10624,25242,2.37594126506024,,6537,25823,3.95028300443629,
2017Q4,,S08000032,,S12000050,,All Inpatients and Day cases,d,2,,9315,22185,2.38164251207729,,6116,21625,3.53580771746239,
2018Q1,,S08000032,,S12000050,,All Inpatients and Day cases,d,2,,9129,22649,2.48099463248987,,5965,22817,3.82514668901928,
2018Q2,,S08000032,,S12000050,,All Inpatients and Day cases,d,2,,9017,19340,2.14483752911168,,6178,19949,3.22903852379411,
2018Q3,,S08000032,,S12000050,,All Inpatients and Day cases,d,2,,8947,19140,2.13926455795239,,6114,18878,3.08766764802094,
2018Q4,,S08000032,,S12000050,,All Inpatients and Day cases,d,2,,9527,20629,2.16531961792799,,6337,20636,3.25643048761243,
2019Q1,,S08000032,,S12000050,,All Inpatients and Day cases,d,2,,9502,19523,2.05462007998316,,6480,19822,3.05895061728395,
2019Q2,,S08000032,,S12000050,,All Inpatients and Day cases,d,2,,9620,19900,2.06860706860707,,6382,19189,3.00673769978063,
2019Q3,,S08000032,,S12000050,,All Inpatients and Day cases,d,2,,9593,21491,2.24027937037423,,6388,20907,3.27285535378835,
2019Q4,,S08000032,,S12000050,,All Inpatients and Day cases,d,2,,9443,20660,2.18786402626284,,6240,20214,3.23942307692308,
2020Q1,,S08000032,,S12000050,,All Inpatients and Day cases,d,2,,8933,20759,2.3238553677376,,5797,21173,3.6524064171123,
2020Q2,,S08000032,,S12000050,,All Inpatients and Day cases,d,2,,5268,13282,2.52126044039484,,3093,13440,4.34529582929195,
2020Q3,,S08000032,,S12000050,,All Inpatients and Day cases,d,2,,6892,17536,2.54439930354034,,4263,17522,4.1102509969505,
2020Q4,,S08000032,,S12000050,,All Inpatients and Day cases,d,2,,7172,19594,2.73201338538762,,4700,18408,3.91659574468085,
2021Q1,,S08000032,,S12000050,,All Inpatients and Day cases,d,2,,6942,18899,2.72241428983002,,4516,19271,4.26727192205492,
2021Q2,,S08000032,,S12000050,,All Inpatients and Day cases,d,2,,8168,19641,2.4046278158668,,5337,19109,3.58047592280307,
2021Q3,,S08000032,,S12000050,,All Inpatients and Day cases,d,2,,8463,20886,2.4679191775966,,5365,21261,3.96290773532153,
2021Q4,,S08000032,,S12000050,,All Inpatients and Day cases,d,2,,7917,21513,2.71731716559303,,5024,21968,4.37261146496815,
2022Q1,,S08000032,,S12000050,,All Inpatients and Day cases,d,2,,7795,20304,2.6047466324567,,4801,19948,4.15496771505936,
2022Q2,,S08000032,,S12000050,,All Inpatients and Day cases,d,2,,8473,22875,2.69975215390063,,5297,24124,4.55427600528601,
2022Q3,,S08000032,,S12000050,,All Inpatients and Day cases,d,2,,8300,21426,2.58144578313253,,5273,20503,3.88829888109236,
2022Q4,p,S08000032,,S12000050,,All Inpatients and Day cases,d,2,,8638,22259,2.57686964575133,,5409,22969,4.24644111665742,
2017Q4,,S08000032,,S12000050,,All Inpatients and Day cases,d,3,,4386,8061,1.83789329685363,,2894,8363,2.88977194194886,
2018Q1,,S08000032,,S12000050,,All Inpatients and Day cases,d,3,,4394,9291,2.11447428311334,,2838,9112,3.2107117688513,
2018Q2,,S08000032,,S12000050,,All Inpatients and Day cases,d,3,,4096,8353,2.039306640625,,2785,8878,3.18779174147217,
2018Q3,,S08000032,,S12000050,,All Inpatients and Day cases,d,3,,4212,8601,2.04202279202279,,2810,8530,3.0355871886121,
2018Q4,,S08000032,,S12000050,,All Inpatients and Day cases,d,3,,4635,10052,2.16871628910464,,2956,10237,3.46312584573748,
2019Q1,,S08000032,,S12000050,,All Inpatients and Day cases,d,3,,4675,8682,1.85711229946524,,3097,8796,2.84016790442364,
2019Q2,,S08000032,,S12000050,,All Inpatients and Day cases,d,3,,4426,8591,1.94103027564392,,2890,8736,3.02283737024221,
2019Q3,,S08000032,,S12000050,,All Inpatients and Day cases,d,3,,4565,8545,1.87185104052574,,3029,8403,2.77418289864642,
2019Q4,,S08000032,,S12000050,,All Inpatients and Day cases,d,3,,4689,10532,2.24610791213478,,3049,10679,3.50245982289275,
2020Q1,,S08000032,,S12000050,,All Inpatients and Day cases,d,3,,4384,9641,2.19913321167883,,2816,9913,3.52024147727273,
2020Q2,,S08000032,,S12000050,,All Inpatients and Day cases,d,3,,2476,6120,2.47172859450727,,1392,6006,4.31465517241379,
2020Q3,,S08000032,,S12000050,,All Inpatients and Day cases,d,3,,3185,7196,2.25934065934066,,1934,6859,3.54653567735264,
2020Q4,,S08000032,,S12000050,,All Inpatients and Day cases,d,3,,3556,8615,2.4226659167604,,2316,8740,3.77374784110535,
2021Q1,,S08000032,,S12000050,,All Inpatients and Day cases,d,3,,3336,8104,2.42925659472422,,2199,7934,3.60800363801728,
2021Q2,,S08000032,,S12000050,,All Inpatients and Day cases,d,3,,3791,8251,2.17647058823529,,2533,8539,3.37110146071852,
2021Q3,,S08000032,,S12000050,,All Inpatients and Day cases,d,3,,3766,8969,2.38157195963887,,2399,8385,3.49520633597332,
2021Q4,,S08000032,,S12000050,,All Inpatients and Day cases,d,3,,3855,9214,2.39014267185473,,2443,9516,3.89521080638559,
2022Q1,,S08000032,,S12000050,,All Inpatients and Day cases,d,3,,3588,9928,2.7670011148272,,2358,9790,4.1518235793045,
2022Q2,,S08000032,,S12000050,,All Inpatients and Day cases,d,3,,3752,9138,2.43550106609808,,2424,9408,3.88118811881188,
2022Q3,,S08000032,,S12000050,,All Inpatients and Day cases,d,3,,3918,10303,2.62965798876978,,2523,10094,4.00079270709473,
2022Q4,p,S08000032,,S12000050,,All Inpatients and Day cases,d,3,,4033,9770,2.42251425737664,,2613,9814,3.7558362035974,
2017Q4,,S08000032,,S12000050,,All Inpatients and Day cases,d,4,,3875,7659,1.97651612903226,,2739,7566,2.76232201533406,
2018Q1,,S08000032,,S12000050,,All Inpatients and Day cases,d,4,,3878,7754,1.99948427024239,,2732,7715,2.82393850658858,
2018Q2,,S08000032,,S12000050,,All Inpatients and Day cases,d,4,,3806,7503,1.97136100893326,,2819,7564,2.68322100035474,
2018Q3,,S08000032,,S12000050,,All Inpatients and Day cases,d,4,,3911,7020,1.79493735617489,,2797,6710,2.39899892742224,
2018Q4,,S08000032,,S12000050,,All Inpatients and Day cases,d,4,,4033,8222,2.03868088271758,,2802,8213,2.93112062812277,
2019Q1,,S08000032,,S12000050,,All Inpatients and Day cases,d,4,,4159,6900,1.65905265688868,,2964,6966,2.3502024291498,
2019Q2,,S08000032,,S12000050,,All Inpatients and Day cases,d,4,,3969,7033,1.77198286722096,,2812,6973,2.47972972972973,
2019Q3,,S08000032,,S12000050,,All Inpatients and Day cases,d,4,,4010,7413,1.84862842892768,,2775,7189,2.59063063063063,
2019Q4,,S08000032,,S12000050,,All Inpatients and Day cases,d,4,,4126,7132,1.72855065438682,,2905,7598,2.61549053356282,
2020Q1,,S08000032,,S12000050,,All Inpatients and Day cases,d,4,,3730,7485,2.00670241286863,,2573,7255,2.81966575981345,
2020Q2,,S08000032,,S12000050,,All Inpatients and Day cases,d,4,,2116,5109,2.41446124763705,,1307,4815,3.68400918133129,
2020Q3,,S08000032,,S12000050,,All Inpatients and Day cases,d,4,,2877,6623,2.30205074730622,,1878,6248,3.32694355697551,
2020Q4,,S08000032,,S12000050,,All Inpatients and Day cases,d,4,,2944,7449,2.53023097826087,,2035,7975,3.91891891891892,
2021Q1,,S08000032,,S12000050,,All Inpatients and Day cases,d,4,,2880,7492,2.60138888888889,,1968,7093,3.60416666666667,
2021Q2,,S08000032,,S12000050,,All Inpatients and Day cases,d,4,,3495,6953,1.98941344778255,,2521,7269,2.88337961126537,
2021Q3,,S08000032,,S12000050,,All Inpatients and Day cases,d,4,,3363,7004,2.08266428783824,,2378,6810,2.86375105130362,
2021Q4,,S08000032,,S12000050,,All Inpatients and Day cases,d,4,,3624,7773,2.14486754966887,,2442,7558,3.0950040950041,
2022Q1,,S08000032,,S12000050,,All Inpatients and Day cases,d,4,,3260,7173,2.20030674846626,,2232,7126,3.1926523297491,
2022Q2,,S08000032,,S12000050,,All Inpatients and Day cases,d,4,,3518,7341,2.08669698692439,,2440,7010,2.87295081967213,
2022Q3,,S08000032,,S12000050,,All Inpatients and Day cases,d,4,,3794,7939,2.09251449657354,,2540,7815,3.07677165354331,
2022Q4,p,S08000032,,S12000050,,All Inpatients and Day cases,d,4,,3903,9179,2.35178068152703,,2646,8403,3.17573696145125,
2017Q4,,S08000032,,S12000050,,All Inpatients and Day cases,d,5,,2272,4087,1.79885563380282,,1687,4112,2.43746295198577,
2018Q1,,S08000032,,S12000050,,All Inpatients and Day cases,d,5,,2437,4882,2.00328272466147,,1733,4712,2.71898442008078,
2018Q2,,S08000032,,S12000050,,All Inpatients and Day cases,d,5,,2341,3990,1.70439982913285,,1776,3650,2.05518018018018,
2018Q3,,S08000032,,S12000050,,All Inpatients and Day cases,d,5,,2244,3308,1.47415329768271,,1670,3283,1.96586826347305,
2018Q4,,S08000032,,S12000050,,All Inpatients and Day cases,d,5,,2461,4336,1.76188541243397,,1796,3960,2.20489977728285,
2019Q1,,S08000032,,S12000050,,All Inpatients and Day cases,d,5,,2575,4862,1.88815533980583,,1887,4521,2.39586645468998,
2019Q2,,S08000032,,S12000050,,All Inpatients and Day cases,d,5,,2402,4748,1.9766860949209,,1762,5083,2.88479001135074,
2019Q3,,S08000032,,S12000050,,All Inpatients and Day cases,d,5,,2431,4547,1.87042369395311,,1759,4062,2.30926662876634,
2019Q4,,S08000032,,S12000050,,All Inpatients and Day cases,d,5,,2476,5263,2.12560581583199,,1781,5416,3.04098820887142,
2020Q1,,S08000032,,S12000050,,All Inpatients and Day cases,d,5,,2153,4192,1.94705062703205,,1548,4089,2.64147286821705,
2020Q2,,S08000032,,S12000050,,All Inpatients and Day cases,d,5,,1292,2565,1.98529411764706,,808,2385,2.95173267326733,
2020Q3,,S08000032,,S12000050,,All Inpatients and Day cases,d,5,,1603,3917,2.44354335620711,,1125,3741,3.32533333333333,
2020Q4,,S08000032,,S12000050,,All Inpatients and Day cases,d,5,,1796,3598,2.00334075723831,,1288,3223,2.50232919254658,
2021Q1,,S08000032,,S12000050,,All Inpatients and Day cases,d,5,,1821,4147,2.27732015376167,,1262,3962,3.13946117274168,
2021Q2,,S08000032,,S12000050,,All Inpatients and Day cases,d,5,,1969,4213,2.13966480446927,,1444,4392,3.0415512465374,
2021Q3,,S08000032,,S12000050,,All Inpatients and Day cases,d,5,,2088,4523,2.1661877394636,,1407,3897,2.76972281449893,
2021Q4,,S08000032,,S12000050,,All Inpatients and Day cases,d,5,,2039,4650,2.28052967140755,,1446,4326,2.99170124481328,
2022Q1,,S08000032,,S12000050,,All Inpatients and Day cases,d,5,,2052,3894,1.89766081871345,,1426,3844,2.69565217391304,
2022Q2,,S08000032,,S12000050,,All Inpatients and Day cases,d,5,,2111,6287,2.97820937944102,,1479,5697,3.85192697768763,
2022Q3,,S08000032,,S12000050,,All Inpatients and Day cases,d,5,,2151,4595,2.13621571362157,,1535,4431,2.88664495114007,
2022Q4,p,S08000032,,S12000050,,All Inpatients and Day cases,d,5,,2164,5225,2.4145101663586,,1587,4302,2.71077504725898,
2022Q4,p,S08000032,,S12000050,,All Inpatients and Day cases,d,,:,5,0,0,,5,0,0,
2017Q4,,S08000032,,S12000029,,All Inpatients and Day cases,d,1,,6598,18491,2.80251591391331,,4563,18295,4.00942362480824,
2018Q1,,S08000032,,S12000029,,All Inpatients and Day cases,d,1,,6572,17559,2.67178940961655,,4375,17942,4.10102857142857,
2018Q2,,S08000032,,S12000029,,All Inpatients and Day cases,d,1,,6861,16463,2.39950444541612,,4721,16002,3.38953611522982,
2018Q3,,S08000032,,S12000029,,All Inpatients and Day cases,d,1,,6592,16808,2.5497572815534,,4584,16976,3.70331588132635,
2018Q4,,S08000032,,S12000029,,All Inpatients and Day cases,d,1,,6936,16921,2.43959054209919,,4529,17145,3.78560388606756,
2019Q1,,S08000032,,S12000029,,All Inpatients and Day cases,d,1,,7202,17615,2.44584837545126,,4798,17186,3.58190912880367,
2019Q2,,S08000032,,S12000029,,All Inpatients and Day cases,d,1,,6821,15954,2.33895323266383,,4601,16076,3.4940230384699,
2019Q3,,S08000032,,S12000029,,All Inpatients and Day cases,d,1,,6913,17039,2.46477650802835,,4696,16809,3.57942930153322,
2019Q4,,S08000032,,S12000029,,All Inpatients and Day cases,d,1,,7285,19001,2.60823610157859,,4742,19085,4.02467313369886,
2020Q1,,S08000032,,S12000029,,All Inpatients and Day cases,d,1,,6537,17855,2.73137524858498,,4180,17677,4.22894736842105,
2020Q2,,S08000032,,S12000029,,All Inpatients and Day cases,d,1,,4279,11514,2.69081561112409,,2381,12071,5.06971860562789,
2020Q3,,S08000032,,S12000029,,All Inpatients and Day cases,d,1,,5347,14526,2.71666354965401,,3155,14403,4.56513470681458,
2020Q4,,S08000032,,S12000029,,All Inpatients and Day cases,d,1,,5602,15513,2.76918957515173,,3364,15120,4.49464922711058,
2021Q1,,S08000032,,S12000029,,All Inpatients and Day cases,d,1,,5503,15316,2.78320915864074,,3185,14910,4.68131868131868,
2021Q2,,S08000032,,S12000029,,All Inpatients and Day cases,d,1,,5984,15172,2.53542780748663,,3669,15491,4.22213137094576,
2021Q3,,S08000032,,S12000029,,All Inpatients and Day cases,d,1,,5991,15700,2.62059756301118,,3620,15579,4.30359116022099,
2021Q4,,S08000032,,S12000029,,All Inpatients and Day cases,d,1,,6055,17760,2.93311312964492,,3633,18015,4.95871180842279,
2022Q1,,S08000032,,S12000029,,All Inpatients and Day cases,d,1,,5729,17325,3.02408797346832,,3441,17014,4.94449287997675,
2022Q2,,S08000032,,S12000029,,All Inpatients and Day cases,d,1,,5723,16586,2.8981303512144,,3499,17285,4.9399828522435,
2022Q3,,S08000032,,S12000029,,All Inpatients and Day cases,d,1,,5523,16806,3.04291146116241,,3548,16429,4.63049605411499,
2022Q4,p,S08000032,,S12000029,,All Inpatients and Day cases,d,1,,5944,17559,2.95407133243607,,3662,17782,4.85581649371928,
2017Q4,,S08000032,,S12000029,,All Inpatients and Day cases,d,2,,7056,17992,2.54988662131519,,5030,18196,3.61749502982107,
2018Q1,,S08000032,,S12000029,,All Inpatients and Day cases,d,2,,7210,18498,2.56560332871012,,4947,18000,3.63856882959369,
2018Q2,,S08000032,,S12000029,,All Inpatients and Day cases,d,2,,6969,17662,2.53436648012627,,4879,17626,3.61262553802009,
2018Q3,,S08000032,,S12000029,,All Inpatients and Day cases,d,2,,6828,16521,2.41959578207381,,4805,16345,3.40166493236212,
2018Q4,,S08000032,,S12000029,,All Inpatients and Day cases,d,2,,7120,18305,2.57092696629213,,4905,17423,3.55208970438328,
2019Q1,,S08000032,,S12000029,,All Inpatients and Day cases,d,2,,7508,16647,2.21723494938732,,5160,16774,3.25077519379845,
2019Q2,,S08000032,,S12000029,,All Inpatients and Day cases,d,2,,7352,16056,2.18389553862894,,5079,15933,3.1370348493798,
2019Q3,,S08000032,,S12000029,,All Inpatients and Day cases,d,2,,7492,17160,2.29044313934864,,5252,17111,3.25799695354151,
2019Q4,,S08000032,,S12000029,,All Inpatients and Day cases,d,2,,7524,19005,2.52591706539075,,5005,19110,3.81818181818182,
2020Q1,,S08000032,,S12000029,,All Inpatients and Day cases,d,2,,6393,18147,2.83857343969967,,4288,19577,4.56553171641791,
2020Q2,,S08000032,,S12000029,,All Inpatients and Day cases,d,2,,4128,11229,2.72020348837209,,2261,11650,5.15258735072977,
2020Q3,,S08000032,,S12000029,,All Inpatients and Day cases,d,2,,5642,16105,2.85448422545197,,3381,16150,4.77669328601006,
2020Q4,,S08000032,,S12000029,,All Inpatients and Day cases,d,2,,5506,15103,2.74300762804214,,3508,14742,4.2023945267959,
2021Q1,,S08000032,,S12000029,,All Inpatients and Day cases,d,2,,5582,15202,2.72339663203153,,3506,16333,4.65858528237307,
2021Q2,,S08000032,,S12000029,,All Inpatients and Day cases,d,2,,6628,16700,2.51961375980688,,4259,16467,3.86640056351256,
2021Q3,,S08000032,,S12000029,,All Inpatients and Day cases,d,2,,6456,17468,2.70570012391574,,4050,17394,4.29481481481481,
2021Q4,,S08000032,,S12000029,,All Inpatients and Day cases,d,2,,6315,17721,2.8061757719715,,3887,17904,4.60612297401595,
2022Q1,,S08000032,,S12000029,,All Inpatients and Day cases,d,2,,6248,17291,2.76744558258643,,3863,16087,4.16438001553197,
2022Q2,,S08000032,,S12000029,,All Inpatients and Day cases,d,2,,6362,18895,2.9699779943414,,4002,18848,4.70964517741129,
2022Q3,,S08000032,,S12000029,,All Inpatients and Day cases,d,2,,6288,18654,2.96660305343511,,4061,18803,4.63014035951736,
2022Q4,p,S08000032,,S12000029,,All Inpatients and Day cases,d,2,,6067,18017,2.96967199604417,,3959,18149,4.58423844405153,
2017Q4,,S08000032,,S12000029,,All Inpatients and Day cases,d,3,,5312,12741,2.39853162650602,,3743,12581,3.36120758749666,
2018Q1,,S08000032,,S12000029,,All Inpatients and Day cases,d,3,,5642,13219,2.34296348812478,,3876,13136,3.3890608875129,
2018Q2,,S08000032,,S12000029,,All Inpatients and Day cases,d,3,,5632,13559,2.40749289772727,,4037,13394,3.31781025513996,
2018Q3,,S08000032,,S12000029,,All Inpatients and Day cases,d,3,,5349,12290,2.29762572443447,,3786,12042,3.18066561014263,
2018Q4,,S08000032,,S12000029,,All Inpatients and Day cases,d,3,,5663,12882,2.27476602507505,,3998,12699,3.17633816908454,
2019Q1,,S08000032,,S12000029,,All Inpatients and Day cases,d,3,,5853,13717,2.34358448658807,,4084,14056,3.44172380019589,
2019Q2,,S08000032,,S12000029,,All Inpatients and Day cases,d,3,,5602,12622,2.25312388432703,,3885,12034,3.0975546975547,
2019Q3,,S08000032,,S12000029,,All Inpatients and Day cases,d,3,,5719,13169,2.30267529288337,,3985,13370,3.35508155583438,
2019Q4,,S08000032,,S12000029,,All Inpatients and Day cases,d,3,,6059,13870,2.28915662650602,,4139,13708,3.31191108963518,
2020Q1,,S08000032,,S12000029,,All Inpatients and Day cases,d,3,,5438,14229,2.61658698050754,,3705,13798,3.72415654520918,
2020Q2,,S08000032,,S12000029,,All Inpatients and Day cases,d,3,,3460,9917,2.86618497109827,,1965,9544,4.85699745547074,
2020Q3,,S08000032,,S12000029,,All Inpatients and Day cases,d,3,,4483,11268,2.51349542716931,,2767,11208,4.05059631369715,
2020Q4,,S08000032,,S12000029,,All Inpatients and Day cases,d,3,,4715,12996,2.75630965005302,,2928,12807,4.37397540983607,
2021Q1,,S08000032,,S12000029,,All Inpatients and Day cases,d,3,,4348,12205,2.80703771849126,,2719,12143,4.46598013975726,
2021Q2,,S08000032,,S12000029,,All Inpatients and Day cases,d,3,,4802,12185,2.5374843815077,,3175,12065,3.8,
2021Q3,,S08000032,,S12000029,,All Inpatients and Day cases,d,3,,4770,12551,2.63123689727463,,3065,12115,3.95269168026101,
2021Q4,,S08000032,,S12000029,,All Inpatients and Day cases,d,3,,4760,12677,2.66323529411765,,2949,12349,4.18752119362496,
2022Q1,,S08000032,,S12000029,,All Inpatients and Day cases,d,3,,4893,15206,3.10770488452892,,3068,14687,4.78715775749674,
2022Q2,,S08000032,,S12000029,,All Inpatients and Day cases,d,3,,5009,13343,2.66380515072869,,3202,13481,4.21018113678951,
2022Q3,,S08000032,,S12000029,,All Inpatients and Day cases,d,3,,4975,15417,3.09889447236181,,3286,15562,4.73584905660377,
2022Q4,p,S08000032,,S12000029,,All Inpatients and Day cases,d,3,,4907,14331,2.92052170368861,,3375,14184,4.20266666666667,
2017Q4,,S08000032,,S12000029,,All Inpatients and Day cases,d,4,,4009,8881,2.21526565228236,,3011,8823,2.93025572899369,
2018Q1,,S08000032,,S12000029,,All Inpatients and Day cases,d,4,,4068,8533,2.09759095378564,,2902,8403,2.89558924879394,
2018Q2,,S08000032,,S12000029,,All Inpatients and Day cases,d,4,,4206,9161,2.17807893485497,,3062,9072,2.96276943174396,
2018Q3,,S08000032,,S12000029,,All Inpatients and Day cases,d,4,,4163,11754,2.82344463127552,,3074,12028,3.9128171763175,
2018Q4,,S08000032,,S12000029,,All Inpatients and Day cases,d,4,,4456,9775,2.19367145421903,,3197,9775,3.05755395683453,
2019Q1,,S08000032,,S12000029,,All Inpatients and Day cases,d,4,,4733,9389,1.98373124867948,,3427,9419,2.74846804785527,
2019Q2,,S08000032,,S12000029,,All Inpatients and Day cases,d,4,,4444,8575,1.92956795679568,,3316,8123,2.44963811821472,
2019Q3,,S08000032,,S12000029,,All Inpatients and Day cases,d,4,,4200,9233,2.19833333333333,,3122,9272,2.96989109545163,
2019Q4,,S08000032,,S12000029,,All Inpatients and Day cases,d,4,,4279,9035,2.11147464360832,,3153,8472,2.68696479543292,
2020Q1,,S08000032,,S12000029,,All Inpatients and Day cases,d,4,,4107,8554,2.08278548819089,,2953,8734,2.95767016593295,
2020Q2,,S08000032,,S12000029,,All Inpatients and Day cases,d,4,,2480,6503,2.62217741935484,,1529,6349,4.15238718116416,
2020Q3,,S08000032,,S12000029,,All Inpatients and Day cases,d,4,,3322,7453,2.24352799518362,,2178,7332,3.366391184573,
2020Q4,,S08000032,,S12000029,,All Inpatients and Day cases,d,4,,3475,8662,2.4926618705036,,2343,7647,3.26376440460947,
2021Q1,,S08000032,,S12000029,,All Inpatients and Day cases,d,4,,3296,8480,2.57281553398058,,2252,8384,3.72291296625222,
2021Q2,,S08000032,,S12000029,,All Inpatients and Day cases,d,4,,3908,8522,2.18065506653019,,2764,8394,3.03690303907381,
2021Q3,,S08000032,,S12000029,,All Inpatients and Day cases,d,4,,3842,8626,2.24518479958355,,2531,8002,3.16159620703279,
2021Q4,,S08000032,,S12000029,,All Inpatients and Day cases,d,4,,3822,9771,2.55651491365777,,2612,9825,3.7614854517611,
2022Q1,,S08000032,,S12000029,,All Inpatients and Day cases,d,4,,3685,8292,2.25020352781547,,2499,7992,3.19807923169268,
2022Q2,,S08000032,,S12000029,,All Inpatients and Day cases,d,4,,3979,9760,2.45287760743906,,2673,9619,3.59857837635615,
2022Q3,,S08000032,,S12000029,,All Inpatients and Day cases,d,4,,3970,9264,2.33350125944584,,2756,9108,3.30478955007257,
2022Q4,p,S08000032,,S12000029,,All Inpatients and Day cases,d,4,,3768,9515,2.52521231422505,,2698,10373,3.84469977761305,
2017Q4,,S08000032,,S12000029,,All Inpatients and Day cases,d,5,,3295,7313,2.21942336874052,,2469,7066,2.86188740380721,
2018Q1,,S08000032,,S12000029,,All Inpatients and Day cases,d,5,,3704,8494,2.29319654427646,,2602,8368,3.21598770176787,
2018Q2,,S08000032,,S12000029,,All Inpatients and Day cases,d,5,,3556,8056,2.26546681664792,,2617,7839,2.99541459686664,
2018Q3,,S08000032,,S12000029,,All Inpatients and Day cases,d,5,,3466,7022,2.02596653202539,,2537,7297,2.87623176980686,
2018Q4,,S08000032,,S12000029,,All Inpatients and Day cases,d,5,,3695,7747,2.09661705006766,,2705,7669,2.83512014787431,
2019Q1,,S08000032,,S12000029,,All Inpatients and Day cases,d,5,,3783,8038,2.12476870208829,,2746,8081,2.94282592862345,
2019Q2,,S08000032,,S12000029,,All Inpatients and Day cases,d,5,,3723,7609,2.04378189632017,,2597,7263,2.79668848671544,
2019Q3,,S08000032,,S12000029,,All Inpatients and Day cases,d,5,,3664,7950,2.16975982532751,,2623,7848,2.99199390011437,
2019Q4,,S08000032,,S12000029,,All Inpatients and Day cases,d,5,,3712,7870,2.12015086206897,,2671,7968,2.98315237738675,
2020Q1,,S08000032,,S12000029,,All Inpatients and Day cases,d,5,,3461,8669,2.50476740826351,,2424,8646,3.5668316831683202,
2020Q2,,S08000032,,S12000029,,All Inpatients and Day cases,d,5,,1847,4626,2.50460205739036,,1052,5020,4.77186311787072,
2020Q3,,S08000032,,S12000029,,All Inpatients and Day cases,d,5,,2636,6117,2.32056145675266,,1649,5771,3.49969678593087,
2020Q4,,S08000032,,S12000029,,All Inpatients and Day cases,d,5,,2968,7309,2.46260107816712,,1953,7537,3.85919098822325,
2021Q1,,S08000032,,S12000029,,All Inpatients and Day cases,d,5,,2816,6359,2.25816761363636,,1868,6479,3.46841541755889,
2021Q2,,S08000032,,S12000029,,All Inpatients and Day cases,d,5,,3188,7016,2.20075282308657,,2203,6737,3.05810258738084,
2021Q3,,S08000032,,S12000029,,All Inpatients and Day cases,d,5,,3054,7541,2.46922069417158,,2038,7140,3.50343473994112,
2021Q4,,S08000032,,S12000029,,All Inpatients and Day cases,d,5,,3271,7990,2.44267808009783,,2121,7675,3.61857614332862,
2022Q1,,S08000032,,S12000029,,All Inpatients and Day cases,d,5,,3276,8701,2.65598290598291,,2194,9184,4.18596171376481,
2022Q2,,S08000032,,S12000029,,All Inpatients and Day cases,d,5,,3124,9048,2.89628681177977,,2129,8974,4.2151244715829,
2022Q3,,S08000032,,S12000029,,All Inpatients and Day cases,d,5,,3295,8172,2.48012139605463,,2273,7628,3.35591728992521,
2022Q4,p,S08000032,,S12000029,,All Inpatients and Day cases,d,5,,3358,9679,2.88237045860631,,2353,10316,4.38419039524012,
2017Q4,,S08000024,,S12000010,,All Inpatients and Day cases,d,1,,440,1639,3.725,,313,2078,6.63897763578275,
2018Q1,,S08000024,,S12000010,,All Inpatients and Day cases,d,1,,435,1735,3.98850574712644,,305,1832,6.00655737704918,
2018Q2,,S08000024,,S12000010,,All Inpatients and Day cases,d,1,,412,1238,3.00485436893204,,303,1290,4.25742574257426,
2018Q3,,S08000024,,S12000010,,All Inpatients and Day cases,d,1,,446,1578,3.53811659192825,,335,1601,4.77910447761194,
2018Q4,,S08000024,,S12000010,,All Inpatients and Day cases,d,1,,374,1129,3.01871657754011,,277,1196,4.31768953068592,
2019Q1,,S08000024,,S12000010,,All Inpatients and Day cases,d,1,,482,1661,3.44605809128631,,343,1711,4.98833819241982,
2019Q2,,S08000024,,S12000010,,All Inpatients and Day cases,d,1,,480,1658,3.45416666666667,,361,994,2.75346260387812,
2019Q3,,S08000024,,S12000010,,All Inpatients and Day cases,d,1,,451,1568,3.47671840354767,,321,1479,4.60747663551402,
2019Q4,,S08000024,,S12000010,,All Inpatients and Day cases,d,1,,398,1096,2.75376884422111,,284,1024,3.6056338028169,
2020Q1,,S08000024,,S12000010,,All Inpatients and Day cases,d,1,,399,1099,2.75438596491228,,277,1384,4.99638989169675,
2020Q2,,S08000024,,S12000010,,All Inpatients and Day cases,d,1,,292,769,2.63356164383562,,200,757,3.785,
2020Q3,,S08000024,,S12000010,,All Inpatients and Day cases,d,1,,418,1070,2.55980861244019,,268,1034,3.85820895522388,
2020Q4,,S08000024,,S12000010,,All Inpatients and Day cases,d,1,,355,1265,3.56338028169014,,223,1420,6.3677130044843,
2021Q1,,S08000024,,S12000010,,All Inpatients and Day cases,d,1,,409,1579,3.86063569682152,,261,1610,6.16858237547893,
2021Q2,,S08000024,,S12000010,,All Inpatients and Day cases,d,1,,372,1086,2.91935483870968,,245,1088,4.44081632653061,
2021Q3,,S08000024,,S12000010,,All Inpatients and Day cases,d,1,,389,1302,3.34704370179949,,255,1302,5.10588235294118,
2021Q4,,S08000024,,S12000010,,All Inpatients and Day cases,d,1,,415,2004,4.8289156626506,,264,1444,5.46969696969697,
2022Q1,,S08000024,,S12000010,,All Inpatients and Day cases,d,1,,394,1606,4.0761421319797,,261,1620,6.20689655172414,
2022Q2,,S08000024,,S12000010,,All Inpatients and Day cases,d,1,,432,1590,3.68055555555556,,276,2185,7.91666666666667,
2022Q3,,S08000024,,S12000010,,All Inpatients and Day cases,d,1,,492,1936,3.9349593495935,,308,1989,6.45779220779221,
2022Q4,p,S08000024,,S12000010,,All Inpatients and Day cases,d,1,,449,1700,3.78619153674833,,302,1913,6.33443708609272,
2017Q4,,S08000024,,S12000010,,All Inpatients and Day cases,d,2,,2173,7834,3.60515416474919,,1541,9227,5.98767034393251,
2018Q1,,S08000024,,S12000010,,All Inpatients and Day cases,d,2,,2126,6590,3.0997177798683,,1475,7562,5.12677966101695,
2018Q2,,S08000024,,S12000010,,All Inpatients and Day cases,d,2,,2188,7408,3.38574040219378,,1612,7112,4.41191066997519,
2018Q3,,S08000024,,S12000010,,All Inpatients and Day cases,d,2,,2159,7003,3.24363131079203,,1591,7241,4.5512256442489,
2018Q4,,S08000024,,S12000010,,All Inpatients and Day cases,d,2,,2124,7143,3.36299435028249,,1464,7205,4.92144808743169,
2019Q1,,S08000024,,S12000010,,All Inpatients and Day cases,d,2,,2168,8289,3.82333948339483,,1556,8494,5.45886889460154,
2019Q2,,S08000024,,S12000010,,All Inpatients and Day cases,d,2,,2273,8546,3.75978882534096,,1620,9138,5.64074074074074,
2019Q3,,S08000024,,S12000010,,All Inpatients and Day cases,d,2,,2265,7286,3.2167770419426,,1595,6668,4.18056426332288,
2019Q4,,S08000024,,S12000010,,All Inpatients and Day cases,d,2,,2164,6645,3.07070240295749,,1460,6615,4.53082191780822,
2020Q1,,S08000024,,S12000010,,All Inpatients and Day cases,d,2,,2097,7743,3.69241773962804,,1389,6676,4.80633549316055,
2020Q2,,S08000024,,S12000010,,All Inpatients and Day cases,d,2,,1478,5058,3.42219215155616,,892,5389,6.0414798206278,
2020Q3,,S08000024,,S12000010,,All Inpatients and Day cases,d,2,,1939,5996,3.09231562661166,,1262,5513,4.36846275752773,
2020Q4,,S08000024,,S12000010,,All Inpatients and Day cases,d,2,,2005,7978,3.97905236907731,,1241,8349,6.7276390008058,
2021Q1,,S08000024,,S12000010,,All Inpatients and Day cases,d,2,,1952,6952,3.56147540983607,,1232,7237,5.87418831168831,
2021Q2,,S08000024,,S12000010,,All Inpatients and Day cases,d,2,,2180,7248,3.32477064220183,,1404,6603,4.70299145299145,
2021Q3,,S08000024,,S12000010,,All Inpatients and Day cases,d,2,,2163,8910,4.11927877947295,,1395,9390,6.73118279569892,
2021Q4,,S08000024,,S12000010,,All Inpatients and Day cases,d,2,,1955,6921,3.54015345268542,,1338,7095,5.30269058295964,
2022Q1,,S08000024,,S12000010,,All Inpatients and Day cases,d,2,,1863,6379,3.42404723564144,,1226,6299,5.13784665579119,
2022Q2,,S08000024,,S12000010,,All Inpatients and Day cases,d,2,,2070,7731,3.73478260869565,,1294,6749,5.21561051004637,
2022Q3,,S08000024,,S12000010,,All Inpatients and Day cases,d,2,,2049,6996,3.41434846266471,,1385,7677,5.54296028880866,
2022Q4,p,S08000024,,S12000010,,All Inpatients and Day cases,d,2,,2072,7019,3.38754826254826,,1365,6733,4.93260073260073,
2017Q4,,S08000024,,S12000010,,All Inpatients and Day cases,d,3,,1594,5803,3.6405269761606,,1145,7469,6.52314410480349,
2018Q1,,S08000024,,S12000010,,All Inpatients and Day cases,d,3,,1555,5015,3.22508038585209,,1131,5984,5.29089301503095,
2018Q2,,S08000024,,S12000010,,All Inpatients and Day cases,d,3,,1605,4901,3.05358255451713,,1208,5589,4.62665562913907,
2018Q3,,S08000024,,S12000010,,All Inpatients and Day cases,d,3,,1604,5368,3.34663341645885,,1160,5584,4.81379310344828,
2018Q4,,S08000024,,S12000010,,All Inpatients and Day cases,d,3,,1502,4741,3.15645805592543,,1139,4812,4.22475856014047,
2019Q1,,S08000024,,S12000010,,All Inpatients and Day cases,d,3,,1618,4109,2.53955500618047,,1207,4221,3.49710024855012,
2019Q2,,S08000024,,S12000010,,All Inpatients and Day cases,d,3,,1606,5388,3.35491905354919,,1103,6207,5.62737987307344,
2019Q3,,S08000024,,S12000010,,All Inpatients and Day cases,d,3,,1564,3870,2.47442455242967,,1140,3931,3.44824561403509,
2019Q4,,S08000024,,S12000010,,All Inpatients and Day cases,d,3,,1772,5312,2.99774266365688,,1176,5079,4.31887755102041,
2020Q1,,S08000024,,S12000010,,All Inpatients and Day cases,d,3,,1453,4872,3.35306262904336,,1000,4619,4.619,
2020Q2,,S08000024,,S12000010,,All Inpatients and Day cases,d,3,,1041,3483,3.34582132564841,,685,3853,5.62481751824818,
2020Q3,,S08000024,,S12000010,,All Inpatients and Day cases,d,3,,1324,4074,3.07703927492447,,870,3890,4.47126436781609,
2020Q4,,S08000024,,S12000010,,All Inpatients and Day cases,d,3,,1412,4751,3.36473087818697,,901,4438,4.92563817980022,
2021Q1,,S08000024,,S12000010,,All Inpatients and Day cases,d,3,,1402,4478,3.19400855920114,,923,4812,5.21343445287107,
2021Q2,,S08000024,,S12000010,,All Inpatients and Day cases,d,3,,1613,5240,3.24860508369498,,1046,5167,4.93977055449331,
2021Q3,,S08000024,,S12000010,,All Inpatients and Day cases,d,3,,1566,5524,3.52745849297573,,1017,5483,5.3913470993117,
2021Q4,,S08000024,,S12000010,,All Inpatients and Day cases,d,3,,1488,6412,4.30913978494624,,956,5354,5.60041841004184,
2022Q1,,S08000024,,S12000010,,All Inpatients and Day cases,d,3,,1530,6407,4.18758169934641,,989,5989,6.05561172901921,
2022Q2,,S08000024,,S12000010,,All Inpatients and Day cases,d,3,,1510,5650,3.74172185430464,,1048,6219,5.93416030534351,
2022Q3,,S08000024,,S12000010,,All Inpatients and Day cases,d,3,,1549,6074,3.92123950936088,,1008,6525,6.47321428571429,
2022Q4,p,S08000024,,S12000010,,All Inpatients and Day cases,d,3,,1536,6174,4.01953125,,1038,6919,6.66570327552987,
2017Q4,,S08000024,,S12000010,,All Inpatients and Day cases,d,4,,1277,3867,3.02819107282694,,941,3878,4.1211477151966,
2018Q1,,S08000024,,S12000010,,All Inpatients and Day cases,d,4,,1140,3050,2.67543859649123,,866,4261,4.9203233256351,
2018Q2,,S08000024,,S12000010,,All Inpatients and Day cases,d,4,,1278,3633,2.84272300469484,,983,3733,3.79755849440488,
2018Q3,,S08000024,,S12000010,,All Inpatients and Day cases,d,4,,1245,2980,2.39357429718876,,1002,3137,3.13073852295409,
2018Q4,,S08000024,,S12000010,,All Inpatients and Day cases,d,4,,1165,2696,2.31416309012876,,944,2684,2.84322033898305,
2019Q1,,S08000024,,S12000010,,All Inpatients and Day cases,d,4,,1239,3012,2.43099273607748,,963,3072,3.19003115264797,
2019Q2,,S08000024,,S12000010,,All Inpatients and Day cases,d,4,,1208,2661,2.20281456953642,,974,2878,2.95482546201232,
2019Q3,,S08000024,,S12000010,,All Inpatients and Day cases,d,4,,1260,3471,2.7547619047619,,933,3475,3.72454448017149,
2019Q4,,S08000024,,S12000010,,All Inpatients and Day cases,d,4,,1259,3345,2.65687053216839,,886,3029,3.41873589164786,
2020Q1,,S08000024,,S12000010,,All Inpatients and Day cases,d,4,,1186,3586,3.02360876897133,,880,3864,4.39090909090909,
2020Q2,,S08000024,,S12000010,,All Inpatients and Day cases,d,4,,886,2672,3.01580135440181,,596,2364,3.96644295302013,
2020Q3,,S08000024,,S12000010,,All Inpatients and Day cases,d,4,,1069,3072,2.87371375116932,,734,2614,3.56130790190736,
2020Q4,,S08000024,,S12000010,,All Inpatients and Day cases,d,4,,1114,3528,3.16696588868941,,792,3673,4.63762626262626,
2021Q1,,S08000024,,S12000010,,All Inpatients and Day cases,d,4,,1080,3449,3.19351851851852,,763,3425,4.48885976408912,
2021Q2,,S08000024,,S12000010,,All Inpatients and Day cases,d,4,,1271,3163,2.48859166011015,,933,2942,3.15326902465166,
2021Q3,,S08000024,,S12000010,,All Inpatients and Day cases,d,4,,1255,2983,2.37689243027888,,875,2966,3.38971428571429,
2021Q4,,S08000024,,S12000010,,All Inpatients and Day cases,d,4,,1277,5720,4.47924823805795,,864,5543,6.41550925925926,
2022Q1,,S08000024,,S12000010,,All Inpatients and Day cases,d,4,,1309,3772,2.88158899923606,,948,3502,3.69409282700422,
2022Q2,,S08000024,,S12000010,,All Inpatients and Day cases,d,4,,1313,4414,3.36176694592536,,954,5211,5.4622641509434,
2022Q3,,S08000024,,S12000010,,All Inpatients and Day cases,d,4,,1411,3888,2.75549255846917,,1024,3817,3.7275390625,
2022Q4,p,S08000024,,S12000010,,All Inpatients and Day cases,d,4,,1485,3648,2.45656565656566,,1132,4032,3.56183745583039,
2017Q4,,S08000024,,S12000010,,All Inpatients and Day cases,d,5,,1029,3371,3.27599611273081,,761,4055,5.32851511169514,
2018Q1,,S08000024,,S12000010,,All Inpatients and Day cases,d,5,,912,3079,3.37609649122807,,667,3753,5.62668665667166,
2018Q2,,S08000024,,S12000010,,All Inpatients and Day cases,d,5,,1009,2650,2.62636273538157,,785,3031,3.86114649681529,
2018Q3,,S08000024,,S12000010,,All Inpatients and Day cases,d,5,,997,2765,2.77331995987964,,732,2926,3.99726775956284,
2018Q4,,S08000024,,S12000010,,All Inpatients and Day cases,d,5,,1026,3144,3.06432748538012,,785,3188,4.06114649681529,
2019Q1,,S08000024,,S12000010,,All Inpatients and Day cases,d,5,,1150,3733,3.24608695652174,,809,3780,4.67243510506799,
2019Q2,,S08000024,,S12000010,,All Inpatients and Day cases,d,5,,1007,3857,3.83018867924528,,760,3853,5.06973684210526,
2019Q3,,S08000024,,S12000010,,All Inpatients and Day cases,d,5,,993,3308,3.3313192346425,,728,2736,3.75824175824176,
2019Q4,,S08000024,,S12000010,,All Inpatients and Day cases,d,5,,1064,3168,2.97744360902256,,772,4027,5.21632124352332,
2020Q1,,S08000024,,S12000010,,All Inpatients and Day cases,d,5,,973,2726,2.8016443987667,,690,2753,3.98985507246377,
2020Q2,,S08000024,,S12000010,,All Inpatients and Day cases,d,5,,626,1776,2.8370607028754,,387,1734,4.48062015503876,
2020Q3,,S08000024,,S12000010,,All Inpatients and Day cases,d,5,,979,3269,3.3391215526047,,655,2843,4.34045801526718,
2020Q4,,S08000024,,S12000010,,All Inpatients and Day cases,d,5,,882,2922,3.31292517006803,,591,3100,5.24534686971235,
2021Q1,,S08000024,,S12000010,,All Inpatients and Day cases,d,5,,939,3497,3.72417465388711,,634,3863,6.09305993690852,
2021Q2,,S08000024,,S12000010,,All Inpatients and Day cases,d,5,,955,3026,3.16858638743456,,654,3192,4.88073394495413,
2021Q3,,S08000024,,S12000010,,All Inpatients and Day cases,d,5,,969,3080,3.17853457172343,,650,3096,4.76307692307692,
2021Q4,,S08000024,,S12000010,,All Inpatients and Day cases,d,5,,909,3948,4.34323432343234,,638,3377,5.29310344827586,
2022Q1,,S08000024,,S12000010,,All Inpatients and Day cases,d,5,,1000,3310,3.31,,678,3171,4.67699115044248,
2022Q2,,S08000024,,S12000010,,All Inpatients and Day cases,d,5,,1060,3943,3.71981132075472,,736,5070,6.88858695652174,
2022Q3,,S08000024,,S12000010,,All Inpatients and Day cases,d,5,,1021,4147,4.0617042115573,,679,4028,5.93225331369661,
2022Q4,p,S08000024,,S12000010,,All Inpatients and Day cases,d,5,,1063,4032,3.79303857008467,,735,4132,5.62176870748299,
2022Q3,,S08000024,,S12000010,,All Inpatients and Day cases,d,,:,0,0,,z,0,0,,z
2022Q4,p,S08000024,,S12000010,,All Inpatients and Day cases,d,,:,58,44,0.758620689655172,,55,44,0.8,
2017Q4,,S08000024,,S12000036,,All Inpatients and Day cases,d,1,,4320,13915,3.22106481481481,,3134,14866,4.74345883854499,
2018Q1,,S08000024,,S12000036,,All Inpatients and Day cases,d,1,,4185,13939,3.33070489844683,,2912,13336,4.57967032967033,
2018Q2,,S08000024,,S12000036,,All Inpatients and Day cases,d,1,,4192,14666,3.49856870229008,,3013,15405,5.11284434118818,
2018Q3,,S08000024,,S12000036,,All Inpatients and Day cases,d,1,,4217,15187,3.60137538534503,,2981,15664,5.25461254612546,
2018Q4,,S08000024,,S12000036,,All Inpatients and Day cases,d,1,,4161,15034,3.61307378034126,,2900,15380,5.30344827586207,
2019Q1,,S08000024,,S12000036,,All Inpatients and Day cases,d,1,,4398,14038,3.1919054115507,,3059,14865,4.85943118666231,
2019Q2,,S08000024,,S12000036,,All Inpatients and Day cases,d,1,,4517,15248,3.37569183086119,,3109,17205,5.53393374075265,
2019Q3,,S08000024,,S12000036,,All Inpatients and Day cases,d,1,,4425,14122,3.19141242937853,,3053,15164,4.96691778578447,
2019Q4,,S08000024,,S12000036,,All Inpatients and Day cases,d,1,,4360,14280,3.27522935779817,,2935,14049,4.78671209540034,
2020Q1,,S08000024,,S12000036,,All Inpatients and Day cases,d,1,,4056,14885,3.6698717948718,,2667,15939,5.9763779527559,
2020Q2,,S08000024,,S12000036,,All Inpatients and Day cases,d,1,,3321,10271,3.09274314965372,,2029,10716,5.28141941843273,
2020Q3,,S08000024,,S12000036,,All Inpatients and Day cases,d,1,,3931,12121,3.08343932841516,,2460,12098,4.91788617886179,
2020Q4,,S08000024,,S12000036,,All Inpatients and Day cases,d,1,,3901,12143,3.11279159189951,,2519,12605,5.00396982929734,
2021Q1,,S08000024,,S12000036,,All Inpatients and Day cases,d,1,,3843,14687,3.82175383814728,,2499,14476,5.79271708683473,
2021Q2,,S08000024,,S12000036,,All Inpatients and Day cases,d,1,,4110,13504,3.28564476885645,,2684,13374,4.98286140089419,
2021Q3,,S08000024,,S12000036,,All Inpatients and Day cases,d,1,,3832,11929,3.11299582463466,,2470,11607,4.69919028340081,
2021Q4,,S08000024,,S12000036,,All Inpatients and Day cases,d,1,,3679,13092,3.55857569991846,,2256,14337,6.35505319148936,
2022Q1,,S08000024,,S12000036,,All Inpatients and Day cases,d,1,,3568,12968,3.63452914798206,,2324,13854,5.96127366609294,
2022Q2,,S08000024,,S12000036,,All Inpatients and Day cases,d,1,,3799,12557,3.30534351145038,,2470,12312,4.98461538461538,
2022Q3,,S08000024,,S12000036,,All Inpatients and Day cases,d,1,,3828,13419,3.50548589341693,,2427,13297,5.47878038730944,
2022Q4,p,S08000024,,S12000036,,All Inpatients and Day cases,d,1,,3618,12832,3.54671088999447,,2352,14355,6.10331632653061,
2017Q4,,S08000024,,S12000036,,All Inpatients and Day cases,d,2,,4702,17203,3.65865589111017,,3315,16911,5.10135746606335,
2018Q1,,S08000024,,S12000036,,All Inpatients and Day cases,d,2,,4529,18035,3.98211525723118,,3150,18075,5.73809523809524,
2018Q2,,S08000024,,S12000036,,All Inpatients and Day cases,d,2,,4587,16942,3.69348157837366,,3366,17540,5.21093285799168,
2018Q3,,S08000024,,S12000036,,All Inpatients and Day cases,d,2,,4391,15772,3.5918925074015,,3191,18712,5.86399247884676,
2018Q4,,S08000024,,S12000036,,All Inpatients and Day cases,d,2,,4481,17476,3.90002231644722,,3259,20186,6.19392451672292,
2019Q1,,S08000024,,S12000036,,All Inpatients and Day cases,d,2,,4602,17491,3.80073880921339,,3204,18707,5.83863920099875,
2019Q2,,S08000024,,S12000036,,All Inpatients and Day cases,d,2,,4983,17097,3.4310656231186,,3422,17895,5.22939801285798,
2019Q3,,S08000024,,S12000036,,All Inpatients and Day cases,d,2,,4874,17456,3.5814526056627,,3302,18400,5.57238037552998,
2019Q4,,S08000024,,S12000036,,All Inpatients and Day cases,d,2,,4694,17391,3.7049424797614,,3105,17783,5.72721417069243,
2020Q1,,S08000024,,S12000036,,All Inpatients and Day cases,d,2,,4460,19204,4.30582959641256,,2929,18708,6.38716285421646,
2020Q2,,S08000024,,S12000036,,All Inpatients and Day cases,d,2,,3468,11248,3.24336793540946,,2037,11846,5.8154148257241,
2020Q3,,S08000024,,S12000036,,All Inpatients and Day cases,d,2,,4088,14214,3.47700587084149,,2568,14529,5.65771028037383,
2020Q4,,S08000024,,S12000036,,All Inpatients and Day cases,d,2,,4281,15320,3.57860313010979,,2725,16071,5.89761467889908,
2021Q1,,S08000024,,S12000036,,All Inpatients and Day cases,d,2,,4230,14428,3.41087470449173,,2662,14562,5.47032306536439,
2021Q2,,S08000024,,S12000036,,All Inpatients and Day cases,d,2,,4353,14133,3.24672639558925,,2776,13519,4.86995677233429,
2021Q3,,S08000024,,S12000036,,All Inpatients and Day cases,d,2,,4281,14682,3.42957252978276,,2634,15549,5.90318906605923,
2021Q4,,S08000024,,S12000036,,All Inpatients and Day cases,d,2,,4136,16314,3.94439071566731,,2574,15550,6.04118104118104,
2022Q1,,S08000024,,S12000036,,All Inpatients and Day cases,d,2,,4063,16766,4.1265075067684,,2530,16452,6.50276679841897,
2022Q2,,S08000024,,S12000036,,All Inpatients and Day cases,d,2,,4243,15839,3.73297195380627,,2691,15388,5.71832032701598,
2022Q3,,S08000024,,S12000036,,All Inpatients and Day cases,d,2,,4211,15563,3.69579672286868,,2700,16193,5.99740740740741,
2022Q4,p,S08000024,,S12000036,,All Inpatients and Day cases,d,2,,4285,16262,3.7950991831972,,2735,16065,5.87385740402194,
2017Q4,,S08000024,,S12000036,,All Inpatients and Day cases,d,3,,3357,11444,3.40899612749479,,2376,12192,5.13131313131313,
2018Q1,,S08000024,,S12000036,,All Inpatients and Day cases,d,3,,3310,11297,3.41299093655589,,2353,11299,4.80195495112622,
2018Q2,,S08000024,,S12000036,,All Inpatients and Day cases,d,3,,3086,11048,3.5800388852884,,2321,11518,4.96251615682895,
2018Q3,,S08000024,,S12000036,,All Inpatients and Day cases,d,3,,3123,12336,3.95004803073967,,2346,11488,4.89684569479966,
2018Q4,,S08000024,,S12000036,,All Inpatients and Day cases,d,3,,3421,11921,3.48465361005554,,2556,13544,5.29890453834116,
2019Q1,,S08000024,,S12000036,,All Inpatients and Day cases,d,3,,3283,10883,3.3149558330795,,2366,11841,5.00464919695689,
2019Q2,,S08000024,,S12000036,,All Inpatients and Day cases,d,3,,3545,11057,3.11904090267983,,2564,11362,4.43135725429017,
2019Q3,,S08000024,,S12000036,,All Inpatients and Day cases,d,3,,3276,10534,3.21550671550672,,2383,10958,4.59840537138061,
2019Q4,,S08000024,,S12000036,,All Inpatients and Day cases,d,3,,3479,10340,2.97211842483472,,2480,10040,4.04838709677419,
2020Q1,,S08000024,,S12000036,,All Inpatients and Day cases,d,3,,3251,10237,3.14887726853276,,2303,10994,4.77377333912288,
2020Q2,,S08000024,,S12000036,,All Inpatients and Day cases,d,3,,2431,7157,2.94405594405594,,1561,8516,5.45547725816784,
2020Q3,,S08000024,,S12000036,,All Inpatients and Day cases,d,3,,2986,8055,2.69758874748828,,2003,8410,4.19870194707938,
2020Q4,,S08000024,,S12000036,,All Inpatients and Day cases,d,3,,3051,9940,3.25794821370043,,2069,9267,4.47897535041083,
2021Q1,,S08000024,,S12000036,,All Inpatients and Day cases,d,3,,2981,9469,3.17645085541765,,2014,9621,4.77706057596822,
2021Q2,,S08000024,,S12000036,,All Inpatients and Day cases,d,3,,3123,10486,3.35766890810118,,2153,10438,4.84811890385509,
2021Q3,,S08000024,,S12000036,,All Inpatients and Day cases,d,3,,3007,9895,3.29065513801131,,1995,8994,4.50827067669173,
2021Q4,,S08000024,,S12000036,,All Inpatients and Day cases,d,3,,2925,10593,3.62153846153846,,1932,10903,5.64337474120083,
2022Q1,,S08000024,,S12000036,,All Inpatients and Day cases,d,3,,2868,9952,3.4700139470014,,1934,9926,5.13236814891417,
2022Q2,,S08000024,,S12000036,,All Inpatients and Day cases,d,3,,2697,9761,3.61920652576937,,1785,9593,5.37422969187675,
2022Q3,,S08000024,,S12000036,,All Inpatients and Day cases,d,3,,2839,10924,3.84783374427615,,1907,10671,5.59570005243839,
2022Q4,p,S08000024,,S12000036,,All Inpatients and Day cases,d,3,,3026,10531,3.48017184401851,,1979,10988,5.55229914098029,
2017Q4,,S08000024,,S12000036,,All Inpatients and Day cases,d,4,,4282,13011,3.03853339560953,,3180,13213,4.15503144654088,
2018Q1,,S08000024,,S12000036,,All Inpatients and Day cases,d,4,,4088,13787,3.37255381604697,,3038,14315,4.71198156682028,
2018Q2,,S08000024,,S12000036,,All Inpatients and Day cases,d,4,,4194,13943,3.32451120648546,,3122,14603,4.67745035233825,
2018Q3,,S08000024,,S12000036,,All Inpatients and Day cases,d,4,,4276,13445,3.14429373246024,,3236,14363,4.4385043263288,
2018Q4,,S08000024,,S12000036,,All Inpatients and Day cases,d,4,,4444,15201,3.42056705670567,,3252,16221,4.9880073800738,
2019Q1,,S08000024,,S12000036,,All Inpatients and Day cases,d,4,,4326,14365,3.3206195099399,,3160,15725,4.97626582278481,
2019Q2,,S08000024,,S12000036,,All Inpatients and Day cases,d,4,,4465,13651,3.05733482642777,,3262,14487,4.44114040465972,
2019Q3,,S08000024,,S12000036,,All Inpatients and Day cases,d,4,,4598,15326,3.33318834275772,,3310,15011,4.53504531722054,
2019Q4,,S08000024,,S12000036,,All Inpatients and Day cases,d,4,,4518,15258,3.37715803452855,,3239,15711,4.85057116393949,
2020Q1,,S08000024,,S12000036,,All Inpatients and Day cases,d,4,,4123,15116,3.66626243026922,,2912,16065,5.51682692307692,
2020Q2,,S08000024,,S12000036,,All Inpatients and Day cases,d,4,,3326,9130,2.74503908598918,,2073,9918,4.78437047756874,
2020Q3,,S08000024,,S12000036,,All Inpatients and Day cases,d,4,,3899,11237,2.8820210310336,,2645,11186,4.22911153119093,
2020Q4,,S08000024,,S12000036,,All Inpatients and Day cases,d,4,,4251,12703,2.98823806163256,,2888,12054,4.17382271468144,
2021Q1,,S08000024,,S12000036,,All Inpatients and Day cases,d,4,,3864,12393,3.20729813664596,,2730,12178,4.46080586080586,
2021Q2,,S08000024,,S12000036,,All Inpatients and Day cases,d,4,,4197,12654,3.01501072194425,,2951,12586,4.2649949169773,
2021Q3,,S08000024,,S12000036,,All Inpatients and Day cases,d,4,,4391,14226,3.23980869961284,,2972,12881,4.33411843876178,
2021Q4,,S08000024,,S12000036,,All Inpatients and Day cases,d,4,,4215,13929,3.30462633451957,,2895,13357,4.61381692573402,
2022Q1,,S08000024,,S12000036,,All Inpatients and Day cases,d,4,,3981,15436,3.87741773423763,,2806,14233,5.07234497505346,
2022Q2,,S08000024,,S12000036,,All Inpatients and Day cases,d,4,,4179,13984,3.34625508494855,,2894,13715,4.73911541119558,
2022Q3,,S08000024,,S12000036,,All Inpatients and Day cases,d,4,,4059,13539,3.33555062823355,,2782,12787,4.59633357296909,
2022Q4,p,S08000024,,S12000036,,All Inpatients and Day cases,d,4,,4187,13606,3.24958203964652,,2897,14559,5.02554366586124,
2017Q4,,S08000024,,S12000036,,All Inpatients and Day cases,d,5,,10288,34377,3.34146578538103,,7746,35846,4.6276788019623,
2018Q1,,S08000024,,S12000036,,All Inpatients and Day cases,d,5,,10062,34026,3.38163387000596,,7563,36589,4.83789501520561,
2018Q2,,S08000024,,S12000036,,All Inpatients and Day cases,d,5,,10226,34429,3.36681009192255,,7935,36369,4.58336483931947,
2018Q3,,S08000024,,S12000036,,All Inpatients and Day cases,d,5,,9954,32650,3.28008840667069,,7648,34577,4.52105125523013,
2018Q4,,S08000024,,S12000036,,All Inpatients and Day cases,d,5,,10771,35320,3.27917556401448,,8255,36526,4.42471229557844,
2019Q1,,S08000024,,S12000036,,All Inpatients and Day cases,d,5,,10317,32278,3.12862266162644,,7816,34694,4.43884339815763,
2019Q2,,S08000024,,S12000036,,All Inpatients and Day cases,d,5,,10548,31312,2.96852483883201,,7983,31539,3.95077038707253,
2019Q3,,S08000024,,S12000036,,All Inpatients and Day cases,d,5,,10511,30268,2.87964989059081,,7735,30207,3.90523594053006,
2019Q4,,S08000024,,S12000036,,All Inpatients and Day cases,d,5,,10654,31634,2.96921344096114,,7914,34845,4.40295678544352,
2020Q1,,S08000024,,S12000036,,All Inpatients and Day cases,d,5,,10003,35220,3.52094371688493,,7193,35530,4.93952453774503,
2020Q2,,S08000024,,S12000036,,All Inpatients and Day cases,d,5,,6966,21830,3.13379270743612,,4440,23395,5.26914414414414,
2020Q3,,S08000024,,S12000036,,All Inpatients and Day cases,d,5,,8760,23647,2.69942922374429,,6138,23586,3.84261974584555,
2020Q4,,S08000024,,S12000036,,All Inpatients and Day cases,d,5,,9253,28603,3.09121366043445,,6499,28323,4.35805508539775,
2021Q1,,S08000024,,S12000036,,All Inpatients and Day cases,d,5,,8970,29597,3.29955406911929,,6266,29155,4.65288860517076,
2021Q2,,S08000024,,S12000036,,All Inpatients and Day cases,d,5,,9610,28521,2.9678459937565,,6756,28246,4.18087625814091,
2021Q3,,S08000024,,S12000036,,All Inpatients and Day cases,d,5,,9574,30911,3.22864006684771,,6694,30161,4.50567672542575,
2021Q4,,S08000024,,S12000036,,All Inpatients and Day cases,d,5,,9453,30118,3.18607849359992,,6675,30518,4.57198501872659,
2022Q1,,S08000024,,S12000036,,All Inpatients and Day cases,d,5,,9739,32309,3.31748639490707,,6905,30689,4.44446053584359,
2022Q2,,S08000024,,S12000036,,All Inpatients and Day cases,d,5,,9802,33027,3.36941440522342,,6863,33714,4.91242896692409,
2022Q3,,S08000024,,S12000036,,All Inpatients and Day cases,d,5,,10359,33672,3.25050680567622,,7205,34536,4.79333795975017,
2022Q4,p,S08000024,,S12000036,,All Inpatients and Day cases,d,5,,10200,33018,3.23705882352941,,7196,33355,4.6352140077821,
2022Q3,,S08000024,,S12000036,,All Inpatients and Day cases,d,,:,0,0,,z,0,0,,z
2022Q4,p,S08000024,,S12000036,,All Inpatients and Day cases,d,,:,10,27,2.7,,5,27,5.4,
2017Q4,,S08000024,,S12000019,,All Inpatients and Day cases,d,1,,581,1327,2.28399311531842,,430,1310,3.04651162790698,
2018Q1,,S08000024,,S12000019,,All Inpatients and Day cases,d,1,,634,1924,3.03470031545741,,428,1914,4.47196261682243,
2018Q2,,S08000024,,S12000019,,All Inpatients and Day cases,d,1,,635,1960,3.08661417322835,,444,1804,4.06306306306306,
2018Q3,,S08000024,,S12000019,,All Inpatients and Day cases,d,1,,647,2491,3.8500772797527,,454,2612,5.75330396475771,
2018Q4,,S08000024,,S12000019,,All Inpatients and Day cases,d,1,,629,2102,3.34181240063593,,423,2034,4.80851063829787,
2019Q1,,S08000024,,S12000019,,All Inpatients and Day cases,d,1,,681,2174,3.19236417033774,,479,2109,4.40292275574113,
2019Q2,,S08000024,,S12000019,,All Inpatients and Day cases,d,1,,633,2058,3.25118483412322,,447,1907,4.2662192393736,
2019Q3,,S08000024,,S12000019,,All Inpatients and Day cases,d,1,,565,1437,2.54336283185841,,403,1292,3.20595533498759,
2019Q4,,S08000024,,S12000019,,All Inpatients and Day cases,d,1,,635,2335,3.67716535433071,,425,2560,6.02352941176471,
2020Q1,,S08000024,,S12000019,,All Inpatients and Day cases,d,1,,506,2103,4.15612648221344,,365,2162,5.92328767123288,
2020Q2,,S08000024,,S12000019,,All Inpatients and Day cases,d,1,,383,1010,2.63707571801567,,245,829,3.38367346938776,
2020Q3,,S08000024,,S12000019,,All Inpatients and Day cases,d,1,,484,1681,3.47314049586777,,310,1586,5.11612903225806,
2020Q4,,S08000024,,S12000019,,All Inpatients and Day cases,d,1,,469,1172,2.49893390191898,,297,1344,4.52525252525253,
2021Q1,,S08000024,,S12000019,,All Inpatients and Day cases,d,1,,496,1366,2.75403225806452,,325,1445,4.44615384615385,
2021Q2,,S08000024,,S12000019,,All Inpatients and Day cases,d,1,,598,1729,2.89130434782609,,392,1770,4.51530612244898,
2021Q3,,S08000024,,S12000019,,All Inpatients and Day cases,d,1,,584,1669,2.85787671232877,,367,1749,4.76566757493188,
2021Q4,,S08000024,,S12000019,,All Inpatients and Day cases,d,1,,508,1751,3.44685039370079,,327,1863,5.69724770642202,
2022Q1,,S08000024,,S12000019,,All Inpatients and Day cases,d,1,,588,1800,3.06122448979592,,363,1674,4.61157024793388,
2022Q2,,S08000024,,S12000019,,All Inpatients and Day cases,d,1,,556,1793,3.22482014388489,,342,1891,5.52923976608187,
2022Q3,,S08000024,,S12000019,,All Inpatients and Day cases,d,1,,444,1404,3.16216216216216,,282,1674,5.93617021276596,
2022Q4,p,S08000024,,S12000019,,All Inpatients and Day cases,d,1,,563,1848,3.28241563055062,,343,1627,4.74344023323615,
2017Q4,,S08000024,,S12000019,,All Inpatients and Day cases,d,2,,2333,7054,3.02357479639949,,1666,6645,3.98859543817527,
2018Q1,,S08000024,,S12000019,,All Inpatients and Day cases,d,2,,2436,7842,3.2192118226601,,1678,8012,4.77473182359952,
2018Q2,,S08000024,,S12000019,,All Inpatients and Day cases,d,2,,2220,7366,3.31801801801802,,1601,6982,4.36102435977514,
2018Q3,,S08000024,,S12000019,,All Inpatients and Day cases,d,2,,2199,6333,2.87994542974079,,1577,6291,3.98922003804692,
2018Q4,,S08000024,,S12000019,,All Inpatients and Day cases,d,2,,2229,6839,3.06819201435621,,1582,7018,4.43615676359039,
2019Q1,,S08000024,,S12000019,,All Inpatients and Day cases,d,2,,2370,7633,3.22067510548523,,1661,7361,4.43166767007827,
2019Q2,,S08000024,,S12000019,,All Inpatients and Day cases,d,2,,2513,7436,2.95901313171508,,1741,7476,4.29408385985066,
2019Q3,,S08000024,,S12000019,,All Inpatients and Day cases,d,2,,2297,6073,2.64388332607749,,1655,6330,3.82477341389728,
2019Q4,,S08000024,,S12000019,,All Inpatients and Day cases,d,2,,2261,6533,2.88942945599292,,1549,6187,3.99418979987088,
2020Q1,,S08000024,,S12000019,,All Inpatients and Day cases,d,2,,2191,7009,3.19899589228663,,1493,6975,4.67180174146015,
2020Q2,,S08000024,,S12000019,,All Inpatients and Day cases,d,2,,1668,4881,2.92625899280576,,996,4822,4.84136546184739,
2020Q3,,S08000024,,S12000019,,All Inpatients and Day cases,d,2,,1917,5409,2.82159624413146,,1243,5807,4.67176186645213,
2020Q4,,S08000024,,S12000019,,All Inpatients and Day cases,d,2,,1921,6441,3.35294117647059,,1244,6455,5.18890675241158,
2021Q1,,S08000024,,S12000019,,All Inpatients and Day cases,d,2,,1829,6019,3.29086932750137,,1239,5777,4.66263115415658,
2021Q2,,S08000024,,S12000019,,All Inpatients and Day cases,d,2,,2149,5949,2.76826430898092,,1469,5851,3.98298162014976,
2021Q3,,S08000024,,S12000019,,All Inpatients and Day cases,d,2,,2041,5668,2.77707006369427,,1286,5629,4.37713841368585,
2021Q4,,S08000024,,S12000019,,All Inpatients and Day cases,d,2,,1917,5447,2.8414188836724,,1272,5517,4.3372641509434,
2022Q1,,S08000024,,S12000019,,All Inpatients and Day cases,d,2,,1949,5837,2.99486916367368,,1269,5511,4.34278959810875,
2022Q2,,S08000024,,S12000019,,All Inpatients and Day cases,d,2,,1848,6313,3.41612554112554,,1209,6031,4.98842018196857,
2022Q3,,S08000024,,S12000019,,All Inpatients and Day cases,d,2,,1922,6455,3.35848074921956,,1235,6238,5.05101214574899,
2022Q4,p,S08000024,,S12000019,,All Inpatients and Day cases,d,2,,2025,7273,3.5916049382716,,1380,7954,5.76376811594203,
2017Q4,,S08000024,,S12000019,,All Inpatients and Day cases,d,3,,1407,4904,3.48542999289268,,1091,4883,4.47571035747021,
2018Q1,,S08000024,,S12000019,,All Inpatients and Day cases,d,3,,1483,3897,2.62778152393796,,1057,3599,3.40491958372753,
2018Q2,,S08000024,,S12000019,,All Inpatients and Day cases,d,3,,1385,4134,2.98483754512635,,1033,4330,4.19167473378509,
2018Q3,,S08000024,,S12000019,,All Inpatients and Day cases,d,3,,1382,4002,2.89580318379161,,1026,4255,4.14717348927875,
2018Q4,,S08000024,,S12000019,,All Inpatients and Day cases,d,3,,1448,3589,2.47859116022099,,1090,3564,3.2697247706422,
2019Q1,,S08000024,,S12000019,,All Inpatients and Day cases,d,3,,1347,3360,2.49443207126949,,993,3143,3.16515609264854,
2019Q2,,S08000024,,S12000019,,All Inpatients and Day cases,d,3,,1590,4710,2.9622641509434,,1113,4384,3.93890386343217,
2019Q3,,S08000024,,S12000019,,All Inpatients and Day cases,d,3,,1514,4300,2.84015852047556,,1123,4038,3.59572573463936,
2019Q4,,S08000024,,S12000019,,All Inpatients and Day cases,d,3,,1451,3844,2.64920744314266,,1079,3688,3.4179796107507,
2020Q1,,S08000024,,S12000019,,All Inpatients and Day cases,d,3,,1378,3843,2.78882438316401,,995,4383,4.40502512562814,
2020Q2,,S08000024,,S12000019,,All Inpatients and Day cases,d,3,,879,2579,2.93401592718999,,547,2304,4.21206581352834,
2020Q3,,S08000024,,S12000019,,All Inpatients and Day cases,d,3,,1140,3381,2.96578947368421,,812,3372,4.15270935960591,
2020Q4,,S08000024,,S12000019,,All Inpatients and Day cases,d,3,,1352,4365,3.22855029585799,,871,3962,4.548794489093,
2021Q1,,S08000024,,S12000019,,All Inpatients and Day cases,d,3,,1362,4005,2.94052863436123,,914,3901,4.26805251641138,
2021Q2,,S08000024,,S12000019,,All Inpatients and Day cases,d,3,,1371,3697,2.69657184536834,,996,3825,3.84036144578313,
2021Q3,,S08000024,,S12000019,,All Inpatients and Day cases,d,3,,1376,3307,2.40334302325581,,951,3360,3.53312302839117,
2021Q4,,S08000024,,S12000019,,All Inpatients and Day cases,d,3,,1280,3865,3.01953125,,893,4013,4.49384098544233,
2022Q1,,S08000024,,S12000019,,All Inpatients and Day cases,d,3,,1265,3737,2.95415019762846,,880,3817,4.3375,
2022Q2,,S08000024,,S12000019,,All Inpatients and Day cases,d,3,,1256,3670,2.92197452229299,,809,3538,4.37330037082818,
2022Q3,,S08000024,,S12000019,,All Inpatients and Day cases,d,3,,1275,3940,3.09019607843137,,878,3857,4.39293849658314,
2022Q4,p,S08000024,,S12000019,,All Inpatients and Day cases,d,3,,1350,4046,2.99703703703704,,915,4230,4.62295081967213,
2017Q4,,S08000024,,S12000019,,All Inpatients and Day cases,d,4,,866,2708,3.1270207852194,,638,2805,4.39655172413793,
2018Q1,,S08000024,,S12000019,,All Inpatients and Day cases,d,4,,907,2810,3.0981256890849,,660,3050,4.62121212121212,
2018Q2,,S08000024,,S12000019,,All Inpatients and Day cases,d,4,,929,2701,2.90742734122713,,678,2573,3.79498525073746,
2018Q3,,S08000024,,S12000019,,All Inpatients and Day cases,d,4,,903,2457,2.72093023255814,,688,2591,3.76598837209302,
2018Q4,,S08000024,,S12000019,,All Inpatients and Day cases,d,4,,992,2439,2.45866935483871,,759,2275,2.99736495388669,
2019Q1,,S08000024,,S12000019,,All Inpatients and Day cases,d,4,,1007,2401,2.38430983118173,,743,2312,3.11170928667564,
2019Q2,,S08000024,,S12000019,,All Inpatients and Day cases,d,4,,938,2427,2.58742004264392,,704,2577,3.66051136363636,
2019Q3,,S08000024,,S12000019,,All Inpatients and Day cases,d,4,,1007,2528,2.51042701092354,,724,2803,3.87154696132597,
2019Q4,,S08000024,,S12000019,,All Inpatients and Day cases,d,4,,973,2551,2.62178828365879,,724,2434,3.36187845303867,
2020Q1,,S08000024,,S12000019,,All Inpatients and Day cases,d,4,,968,2608,2.69421487603306,,685,2846,4.15474452554745,
2020Q2,,S08000024,,S12000019,,All Inpatients and Day cases,d,4,,656,1844,2.8109756097561,,433,1948,4.49884526558891,
2020Q3,,S08000024,,S12000019,,All Inpatients and Day cases,d,4,,849,2440,2.87396937573616,,592,2380,4.02027027027027,
2020Q4,,S08000024,,S12000019,,All Inpatients and Day cases,d,4,,843,2645,3.13760379596679,,573,2558,4.46422338568935,
2021Q1,,S08000024,,S12000019,,All Inpatients and Day cases,d,4,,825,2555,3.0969696969697,,559,2535,4.53488372093023,
2021Q2,,S08000024,,S12000019,,All Inpatients and Day cases,d,4,,1025,2433,2.37365853658537,,701,2187,3.11982881597718,
2021Q3,,S08000024,,S12000019,,All Inpatients and Day cases,d,4,,955,2823,2.95602094240838,,649,2560,3.94453004622496,
2021Q4,,S08000024,,S12000019,,All Inpatients and Day cases,d,4,,914,2545,2.78446389496718,,625,2504,4.0064,
2022Q1,,S08000024,,S12000019,,All Inpatients and Day cases,d,4,,887,2682,3.02367531003382,,631,2698,4.27575277337559,
2022Q2,,S08000024,,S12000019,,All Inpatients and Day cases,d,4,,843,2376,2.81850533807829,,604,2254,3.7317880794702,
2022Q3,,S08000024,,S12000019,,All Inpatients and Day cases,d,4,,901,2243,2.48945615982242,,662,2406,3.63444108761329,
2022Q4,p,S08000024,,S12000019,,All Inpatients and Day cases,d,4,,980,2365,2.41326530612245,,721,2283,3.16643550624133,
2017Q4,,S08000024,,S12000019,,All Inpatients and Day cases,d,5,,633,1963,3.10110584518167,,473,1974,4.17336152219873,
2018Q1,,S08000024,,S12000019,,All Inpatients and Day cases,d,5,,622,1700,2.73311897106109,,477,1722,3.61006289308176,
2018Q2,,S08000024,,S12000019,,All Inpatients and Day cases,d,5,,609,1799,2.95402298850575,,448,1608,3.58928571428571,
2018Q3,,S08000024,,S12000019,,All Inpatients and Day cases,d,5,,603,1826,3.02819237147595,,449,1736,3.86636971046771,
2018Q4,,S08000024,,S12000019,,All Inpatients and Day cases,d,5,,644,1739,2.70031055900621,,482,1783,3.69917012448133,
2019Q1,,S08000024,,S12000019,,All Inpatients and Day cases,d,5,,598,1356,2.26755852842809,,462,1357,2.93722943722944,
2019Q2,,S08000024,,S12000019,,All Inpatients and Day cases,d,5,,640,1376,2.15,,471,1694,3.59660297239915,
2019Q3,,S08000024,,S12000019,,All Inpatients and Day cases,d,5,,679,1494,2.20029455081001,,513,1756,3.42300194931774,
2019Q4,,S08000024,,S12000019,,All Inpatients and Day cases,d,5,,679,1957,2.88217967599411,,509,1513,2.97249508840864,
2020Q1,,S08000024,,S12000019,,All Inpatients and Day cases,d,5,,545,1774,3.25504587155963,,392,1574,4.01530612244898,
2020Q2,,S08000024,,S12000019,,All Inpatients and Day cases,d,5,,376,1427,3.79521276595745,,234,1412,6.03418803418803,
2020Q3,,S08000024,,S12000019,,All Inpatients and Day cases,d,5,,498,1435,2.88152610441767,,344,1849,5.375,
2020Q4,,S08000024,,S12000019,,All Inpatients and Day cases,d,5,,522,1145,2.19348659003831,,392,1136,2.89795918367347,
2021Q1,,S08000024,,S12000019,,All Inpatients and Day cases,d,5,,645,1723,2.67131782945736,,455,1657,3.64175824175824,
2021Q2,,S08000024,,S12000019,,All Inpatients and Day cases,d,5,,682,1582,2.31964809384164,,496,1706,3.43951612903226,
2021Q3,,S08000024,,S12000019,,All Inpatients and Day cases,d,5,,549,1520,2.76867030965392,,394,1308,3.31979695431472,
2021Q4,,S08000024,,S12000019,,All Inpatients and Day cases,d,5,,556,1527,2.74640287769784,,396,1394,3.52020202020202,
2022Q1,,S08000024,,S12000019,,All Inpatients and Day cases,d,5,,630,1629,2.58571428571429,,462,1656,3.58441558441558,
2022Q2,,S08000024,,S12000019,,All Inpatients and Day cases,d,5,,590,1599,2.71016949152542,,399,1662,4.16541353383459,
2022Q3,,S08000024,,S12000019,,All Inpatients and Day cases,d,5,,585,1374,2.34871794871795,,432,1305,3.02083333333333,
2022Q4,p,S08000024,,S12000019,,All Inpatients and Day cases,d,5,,684,1796,2.62573099415205,,492,1640,3.33333333333333,
2022Q4,p,S08000024,,S12000019,,All Inpatients and Day cases,d,,:,5,5,1,,5,5,1,
2017Q4,,S08000024,,S08000024,d,All Inpatients and Day cases,d,1,,7172,22811,3.18056330172895,,5147,23838,4.63143578783758,
2018Q1,,S08000024,,S08000024,d,All Inpatients and Day cases,d,1,,7075,23326,3.29696113074205,,4925,22654,4.59979695431472,
2018Q2,,S08000024,,S08000024,d,All Inpatients and Day cases,d,1,,7033,23924,3.40167780463529,,5055,24321,4.81127596439169,
2018Q3,,S08000024,,S08000024,d,All Inpatients and Day cases,d,1,,7047,24122,3.42301688661842,,5035,24507,4.86732869910626,
2018Q4,,S08000024,,S08000024,d,All Inpatients and Day cases,d,1,,7090,24524,3.4589562764457,,4969,24779,4.98671764942644,
2019Q1,,S08000024,,S08000024,d,All Inpatients and Day cases,d,1,,7533,23793,3.15850258861012,,5315,24350,4.58137347130762,
2019Q2,,S08000024,,S08000024,d,All Inpatients and Day cases,d,1,,7620,24691,3.24028871391076,,5374,25619,4.76721250465203,
2019Q3,,S08000024,,S08000024,d,All Inpatients and Day cases,d,1,,7368,23351,3.1692453854506,,5195,23844,4.5897978825794,
2019Q4,,S08000024,,S08000024,d,All Inpatients and Day cases,d,1,,7340,22826,3.10980926430518,,5120,22666,4.426953125,
2020Q1,,S08000024,,S08000024,d,All Inpatients and Day cases,d,1,,6876,24178,3.51628853984875,,4684,25080,5.35439795046968,
2020Q2,,S08000024,,S08000024,d,All Inpatients and Day cases,d,1,,5521,15841,2.86922658938598,,3481,16114,4.62912956047113,
2020Q3,,S08000024,,S08000024,d,All Inpatients and Day cases,d,1,,6772,20043,2.95968694624926,,4326,19975,4.61742949607027,
2020Q4,,S08000024,,S08000024,d,All Inpatients and Day cases,d,1,,6711,19749,2.94278050961109,,4368,20400,4.67032967032967,
2021Q1,,S08000024,,S08000024,d,All Inpatients and Day cases,d,1,,6774,22802,3.36610569825805,,4477,22339,4.98972526245254,
2021Q2,,S08000024,,S08000024,d,All Inpatients and Day cases,d,1,,7279,22120,3.03887896689106,,4850,21976,4.53113402061856,
2021Q3,,S08000024,,S08000024,d,All Inpatients and Day cases,d,1,,6752,19974,2.9582345971564,,4472,19697,4.40451699463327,
2021Q4,,S08000024,,S08000024,d,All Inpatients and Day cases,d,1,,6487,22499,3.46832125790042,,4128,23228,5.62693798449612,
2022Q1,,S08000024,,S08000024,d,All Inpatients and Day cases,d,1,,6448,22221,3.44618486352357,,4237,23071,5.44512626858626,
2022Q2,,S08000024,,S08000024,d,All Inpatients and Day cases,d,1,,6707,21194,3.15998210824512,,4399,21295,4.84087292566492,
2022Q3,,S08000024,,S08000024,d,All Inpatients and Day cases,d,1,,6580,22478,3.4161094224924,,4307,22505,5.22521476665893,
2022Q4,p,S08000024,,S08000024,d,All Inpatients and Day cases,d,1,,6444,22236,3.45065176908752,,4246,23249,5.47550635892605,
2017Q4,,S08000024,,S08000024,d,All Inpatients and Day cases,d,2,,12481,42910,3.43802579921481,,8912,43144,4.8411131059246,
2018Q1,,S08000024,,S08000024,d,All Inpatients and Day cases,d,2,,12332,43472,3.52513785274084,,8684,44540,5.1289728235836,
2018Q2,,S08000024,,S08000024,d,All Inpatients and Day cases,d,2,,12266,41143,3.35423120821784,,8996,40290,4.47865718096932,
2018Q3,,S08000024,,S08000024,d,All Inpatients and Day cases,d,2,,12099,39187,3.23886271592694,,8849,41697,4.71205785964516,
2018Q4,,S08000024,,S08000024,d,All Inpatients and Day cases,d,2,,12209,41644,3.41092636579572,,8771,44867,5.11538023030441,
2019Q1,,S08000024,,S08000024,d,All Inpatients and Day cases,d,2,,12319,43065,3.49581946586574,,8788,43476,4.94720072826582,
2019Q2,,S08000024,,S08000024,d,All Inpatients and Day cases,d,2,,13207,43258,3.27538426591959,,9292,44645,4.80467068445975,
2019Q3,,S08000024,,S08000024,d,All Inpatients and Day cases,d,2,,12799,41320,3.22837721697008,,9010,41588,4.6157602663707,
2019Q4,,S08000024,,S08000024,d,All Inpatients and Day cases,d,2,,12838,41536,3.23539492132731,,8819,40546,4.59757342102279,
2020Q1,,S08000024,,S08000024,d,All Inpatients and Day cases,d,2,,12360,45385,3.67192556634304,,8406,43428,5.16630977872948,
2020Q2,,S08000024,,S08000024,d,All Inpatients and Day cases,d,2,,9218,27134,2.94358863093947,,5604,28017,4.99946466809422,
2020Q3,,S08000024,,S08000024,d,All Inpatients and Day cases,d,2,,11345,33982,2.9953283384751,,7305,33663,4.6082135523614,
2020Q4,,S08000024,,S08000024,d,All Inpatients and Day cases,d,2,,11615,38969,3.3550581145071,,7491,39832,5.31731411026565,
2021Q1,,S08000024,,S08000024,d,All Inpatients and Day cases,d,2,,11442,35672,3.11763677678728,,7587,36164,4.76657440358508,
2021Q2,,S08000024,,S08000024,d,All Inpatients and Day cases,d,2,,12415,35815,2.8848167539267,,8262,34633,4.19184216896635,
2021Q3,,S08000024,,S08000024,d,All Inpatients and Day cases,d,2,,12153,38556,3.17254998765737,,7964,39371,4.94362129583124,
2021Q4,,S08000024,,S08000024,d,All Inpatients and Day cases,d,2,,11534,38294,3.32009710421363,,7812,37889,4.85010240655402,
2022Q1,,S08000024,,S08000024,d,All Inpatients and Day cases,d,2,,11159,38126,3.41661439197061,,7358,36639,4.97947811905409,
2022Q2,,S08000024,,S08000024,d,All Inpatients and Day cases,d,2,,11705,39214,3.35019222554464,,7673,37630,4.90420956601069,
2022Q3,,S08000024,,S08000024,d,All Inpatients and Day cases,d,2,,11626,38197,3.28548081885429,,7869,39493,5.0188079806837,
2022Q4,p,S08000024,,S08000024,d,All Inpatients and Day cases,d,2,,11515,38655,3.35692574902301,,7780,38845,4.99293059125964,
2017Q4,,S08000024,,S08000024,d,All Inpatients and Day cases,d,3,,8500,28436,3.34541176470588,,6190,30828,4.98029079159935,
2018Q1,,S08000024,,S08000024,d,All Inpatients and Day cases,d,3,,8505,26917,3.16484420928865,,6081,27000,4.44005920078934,
2018Q2,,S08000024,,S08000024,d,All Inpatients and Day cases,d,3,,8086,25976,3.21246599060104,,6035,26865,4.45153272576636,
2018Q3,,S08000024,,S08000024,d,All Inpatients and Day cases,d,3,,8169,27690,3.38964377524789,,6089,27308,4.48480867137461,
2018Q4,,S08000024,,S08000024,d,All Inpatients and Day cases,d,3,,8449,26740,3.16487158243579,,6365,28255,4.43912018853103,
2019Q1,,S08000024,,S08000024,d,All Inpatients and Day cases,d,3,,8219,24351,2.96276919333252,,6063,24836,4.09632195282863,
2019Q2,,S08000024,,S08000024,d,All Inpatients and Day cases,d,3,,8907,26719,2.99977545750533,,6406,27719,4.32703715266937,
2019Q3,,S08000024,,S08000024,d,All Inpatients and Day cases,d,3,,8572,24678,2.87890807279515,,6343,24928,3.93000157654107,
2019Q4,,S08000024,,S08000024,d,All Inpatients and Day cases,d,3,,8942,24977,2.7932229926191,,6415,23877,3.72205767731878,
2020Q1,,S08000024,,S08000024,d,All Inpatients and Day cases,d,3,,8489,26150,3.08045706208034,,6055,27329,4.51345995045417,
2020Q2,,S08000024,,S08000024,d,All Inpatients and Day cases,d,3,,6184,17056,2.75808538163001,,4009,18307,4.56647543028187,
2020Q3,,S08000024,,S08000024,d,All Inpatients and Day cases,d,3,,7679,20541,2.67495767678083,,5181,20448,3.94672843080486,
2020Q4,,S08000024,,S08000024,d,All Inpatients and Day cases,d,3,,7908,24001,3.03502781992919,,5359,22435,4.18641537600299,
2021Q1,,S08000024,,S08000024,d,All Inpatients and Day cases,d,3,,7928,23176,2.92330978809284,,5466,23344,4.27076472740578,
2021Q2,,S08000024,,S08000024,d,All Inpatients and Day cases,d,3,,8542,24604,2.88035588855069,,5951,24270,4.07830616703075,
2021Q3,,S08000024,,S08000024,d,All Inpatients and Day cases,d,3,,8200,23589,2.87670731707317,,5691,22525,3.95800386575294,
2021Q4,,S08000024,,S08000024,d,All Inpatients and Day cases,d,3,,7721,26309,3.40746017355265,,5276,25912,4.91129643669447,
2022Q1,,S08000024,,S08000024,d,All Inpatients and Day cases,d,3,,7771,25247,3.2488740187878,,5301,25120,4.73872854178457,
2022Q2,,S08000024,,S08000024,d,All Inpatients and Day cases,d,3,,7746,24988,3.22592305706171,,5253,25301,4.81648581762802,
2022Q3,,S08000024,,S08000024,d,All Inpatients and Day cases,d,3,,7866,27279,3.46796338672769,,5407,27160,5.02311818013686,
2022Q4,p,S08000024,,S08000024,d,All Inpatients and Day cases,d,3,,8169,26566,3.25205043456971,,5594,28535,5.10100107257776,
2017Q4,,S08000024,,S08000024,d,All Inpatients and Day cases,d,4,,8010,23287,2.90724094881398,,6031,23684,3.9270436080252,
2018Q1,,S08000024,,S08000024,d,All Inpatients and Day cases,d,4,,7818,23691,3.03031465848043,,5851,25365,4.33515638352418,
2018Q2,,S08000024,,S08000024,d,All Inpatients and Day cases,d,4,,8041,24414,3.03618952866559,,6031,25139,4.16829713148732,
2018Q3,,S08000024,,S08000024,d,All Inpatients and Day cases,d,4,,8038,22592,2.81064941527743,,6190,23815,3.84733441033926,
2018Q4,,S08000024,,S08000024,d,All Inpatients and Day cases,d,4,,8228,25309,3.07596013612056,,6217,25689,4.13205726234518,
2019Q1,,S08000024,,S08000024,d,All Inpatients and Day cases,d,4,,8171,23929,2.92852771998531,,6091,25182,4.13429650303727,
2019Q2,,S08000024,,S08000024,d,All Inpatients and Day cases,d,4,,8412,23161,2.75332857822159,,6314,24191,3.83132720937599,
2019Q3,,S08000024,,S08000024,d,All Inpatients and Day cases,d,4,,8595,25654,2.9847585805701,,6292,25124,3.99300699300699,
2019Q4,,S08000024,,S08000024,d,All Inpatients and Day cases,d,4,,8374,25881,3.09063768808216,,6099,26007,4.26414166256763,
2020Q1,,S08000024,,S08000024,d,All Inpatients and Day cases,d,4,,8032,25809,3.2132719123506,,5800,27458,4.73413793103448,
2020Q2,,S08000024,,S08000024,d,All Inpatients and Day cases,d,4,,6185,16537,2.67372675828618,,3998,17182,4.29764882441221,
2020Q3,,S08000024,,S08000024,d,All Inpatients and Day cases,d,4,,7374,19756,2.6791429346352,,5063,19110,3.77444203041675,
2020Q4,,S08000024,,S08000024,d,All Inpatients and Day cases,d,4,,7782,22341,2.87085582112567,,5407,21147,3.91104124283336,
2021Q1,,S08000024,,S08000024,d,All Inpatients and Day cases,d,4,,7461,22501,3.0158155743198,,5292,22270,4.20823885109599,
2021Q2,,S08000024,,S08000024,d,All Inpatients and Day cases,d,4,,8316,22035,2.6497113997114,,5943,21617,3.63738852431432,
2021Q3,,S08000024,,S08000024,d,All Inpatients and Day cases,d,4,,8426,24225,2.87502967006883,,5851,22337,3.81763801059648,
2021Q4,,S08000024,,S08000024,d,All Inpatients and Day cases,d,4,,8266,26382,3.19162835712557,,5778,25426,4.40048459674628,
2022Q1,,S08000024,,S08000024,d,All Inpatients and Day cases,d,4,,8086,25568,3.16200840959683,,5834,23983,4.11090161124443,
2022Q2,,S08000024,,S08000024,d,All Inpatients and Day cases,d,4,,8265,24639,2.98112522686025,,5939,25039,4.21602963461862,
2022Q3,,S08000024,,S08000024,d,All Inpatients and Day cases,d,4,,8282,24143,2.91511712146824,,5964,23356,3.91616364855801,
2022Q4,p,S08000024,,S08000024,d,All Inpatients and Day cases,d,4,,8511,23911,2.80942309951827,,6149,25068,4.07676044885347,
2017Q4,,S08000024,,S08000024,d,All Inpatients and Day cases,d,5,,13338,42662,3.19853051431999,,10075,44654,4.432158808933,
2018Q1,,S08000024,,S08000024,d,All Inpatients and Day cases,d,5,,12921,41702,3.22745917498646,,9736,44692,4.59038619556286,
2018Q2,,S08000024,,S08000024,d,All Inpatients and Day cases,d,5,,13225,43110,3.25973534971645,,10252,45102,4.39933671478736,
2018Q3,,S08000024,,S08000024,d,All Inpatients and Day cases,d,5,,12899,40487,3.1387704473215,,9893,42330,4.27878297786314,
2018Q4,,S08000024,,S08000024,d,All Inpatients and Day cases,d,5,,13898,43683,3.14311411713916,,10644,44636,4.19353626456219,
2019Q1,,S08000024,,S08000024,d,All Inpatients and Day cases,d,5,,13418,40625,3.02764942614399,,10162,43026,4.23400905333596,
2019Q2,,S08000024,,S08000024,d,All Inpatients and Day cases,d,5,,13657,40047,2.93234238851871,,10366,39981,3.85693613737218,
2019Q3,,S08000024,,S08000024,d,All Inpatients and Day cases,d,5,,13615,38468,2.82541314726405,,10094,38009,3.76550425995641,
2019Q4,,S08000024,,S08000024,d,All Inpatients and Day cases,d,5,,13837,40149,2.90156825901568,,10363,43522,4.19974910740133,
2020Q1,,S08000024,,S08000024,d,All Inpatients and Day cases,d,5,,12905,42794,3.31607903913212,,9377,43478,4.63666417830863,
2020Q2,,S08000024,,S08000024,d,All Inpatients and Day cases,d,5,,8955,27062,3.02199888330542,,5756,28469,4.94596942321056,
2020Q3,,S08000024,,S08000024,d,All Inpatients and Day cases,d,5,,11616,31312,2.69559228650138,,8127,31194,3.83831672203765,
2020Q4,,S08000024,,S08000024,d,All Inpatients and Day cases,d,5,,12101,35327,2.91934550863565,,8559,35091,4.09989484752892,
2021Q1,,S08000024,,S08000024,d,All Inpatients and Day cases,d,5,,11998,37395,3.11676946157693,,8471,37457,4.42179199622241,
2021Q2,,S08000024,,S08000024,d,All Inpatients and Day cases,d,5,,12791,36044,2.81791884919084,,9113,35731,3.92088225611763,
2021Q3,,S08000024,,S08000024,d,All Inpatients and Day cases,d,5,,12661,38424,3.03483137192955,,8975,37233,4.14852367688022,
2021Q4,,S08000024,,S08000024,d,All Inpatients and Day cases,d,5,,12399,38323,3.09081377530446,,8835,37746,4.2723259762309,
2022Q1,,S08000024,,S08000024,d,All Inpatients and Day cases,d,5,,12931,40398,3.12412033098755,,9245,38683,4.18420767982693,
2022Q2,,S08000024,,S08000024,d,All Inpatients and Day cases,d,5,,13100,41764,3.18809160305344,,9271,43723,4.71610398015317,
2022Q3,,S08000024,,S08000024,d,All Inpatients and Day cases,d,5,,13502,42645,3.15842097467042,,9468,43355,4.57910857625687,
2022Q4,p,S08000024,,S08000024,d,All Inpatients and Day cases,d,5,,13488,42225,3.13056049822064,,9618,42581,4.42721979621543,
2022Q3,,S08000024,,S08000024,d,All Inpatients and Day cases,d,,:,0,0,,z,0,0,,z
2022Q4,p,S08000024,,S08000024,d,All Inpatients and Day cases,d,,:,76,78,1.02631578947368,,65,80,1.23076923076923,
2017Q4,,S08000024,,S12000040,,All Inpatients and Day cases,d,1,,1831,5930,3.23866739486619,,1270,5584,4.39685039370079,
2018Q1,,S08000024,,S12000040,,All Inpatients and Day cases,d,1,,1821,5728,3.14552443712246,,1280,5572,4.353125,
2018Q2,,S08000024,,S12000040,,All Inpatients and Day cases,d,1,,1794,6060,3.37792642140468,,1295,5822,4.4957528957529,
2018Q3,,S08000024,,S12000040,,All Inpatients and Day cases,d,1,,1737,4866,2.8013816925734,,1265,4630,3.6600790513834,
2018Q4,,S08000024,,S12000040,,All Inpatients and Day cases,d,1,,1926,6259,3.24974039460021,,1369,6169,4.50620891161432,
2019Q1,,S08000024,,S12000040,,All Inpatients and Day cases,d,1,,1972,5920,3.00202839756592,,1434,5665,3.95048814504881,
2019Q2,,S08000024,,S12000040,,All Inpatients and Day cases,d,1,,1990,5727,2.87788944723618,,1457,5513,3.78380233356211,
2019Q3,,S08000024,,S12000040,,All Inpatients and Day cases,d,1,,1927,6224,3.22989102231448,,1418,5909,4.16713681241185,
2019Q4,,S08000024,,S12000040,,All Inpatients and Day cases,d,1,,1947,5115,2.6271186440678,,1476,5033,3.40989159891599,
2020Q1,,S08000024,,S12000040,,All Inpatients and Day cases,d,1,,1915,6091,3.18067885117493,,1375,5595,4.06909090909091,
2020Q2,,S08000024,,S12000040,,All Inpatients and Day cases,d,1,,1525,3791,2.48590163934426,,1007,3812,3.78550148957299,
2020Q3,,S08000024,,S12000040,,All Inpatients and Day cases,d,1,,1939,5171,2.66683857658587,,1288,5257,4.08152173913043,
2020Q4,,S08000024,,S12000040,,All Inpatients and Day cases,d,1,,1986,5169,2.60271903323263,,1329,5031,3.78555304740406,
2021Q1,,S08000024,,S12000040,,All Inpatients and Day cases,d,1,,2026,5170,2.55182625863771,,1392,4808,3.45402298850575,
2021Q2,,S08000024,,S12000040,,All Inpatients and Day cases,d,1,,2199,5801,2.63801728058208,,1529,5744,3.75670372792675,
2021Q3,,S08000024,,S12000040,,All Inpatients and Day cases,d,1,,1947,5074,2.60606060606061,,1380,5039,3.65144927536232,
2021Q4,,S08000024,,S12000040,,All Inpatients and Day cases,d,1,,1885,5652,2.99840848806366,,1281,5584,4.35909445745511,
2022Q1,,S08000024,,S12000040,,All Inpatients and Day cases,d,1,,1898,5847,3.08061116965227,,1289,5923,4.59503491078355,
2022Q2,,S08000024,,S12000040,,All Inpatients and Day cases,d,1,,1920,5254,2.73645833333333,,1311,4907,3.74294431731503,
2022Q3,,S08000024,,S12000040,,All Inpatients and Day cases,d,1,,1816,5719,3.14922907488987,,1290,5545,4.2984496124031,
2022Q4,p,S08000024,,S12000040,,All Inpatients and Day cases,d,1,,1814,5856,3.22822491730981,,1249,5354,4.28662930344275,
2017Q4,,S08000024,,S12000040,,All Inpatients and Day cases,d,2,,3273,10819,3.30553009471433,,2390,10361,4.33514644351464,
2018Q1,,S08000024,,S12000040,,All Inpatients and Day cases,d,2,,3241,11005,3.39555692687442,,2381,10891,4.57412851742965,
2018Q2,,S08000024,,S12000040,,All Inpatients and Day cases,d,2,,3271,9427,2.88199327422806,,2417,8656,3.58129913115432,
2018Q3,,S08000024,,S12000040,,All Inpatients and Day cases,d,2,,3350,10079,3.00865671641791,,2490,9453,3.79638554216867,
2018Q4,,S08000024,,S12000040,,All Inpatients and Day cases,d,2,,3375,10186,3.01807407407407,,2466,10458,4.24087591240876,
2019Q1,,S08000024,,S12000040,,All Inpatients and Day cases,d,2,,3179,9652,3.03617489776659,,2367,8914,3.76594845796367,
2019Q2,,S08000024,,S12000040,,All Inpatients and Day cases,d,2,,3438,10179,2.96073298429319,,2509,10136,4.03985651654045,
2019Q3,,S08000024,,S12000040,,All Inpatients and Day cases,d,2,,3363,10505,3.12369907820398,,2458,10190,4.14564686737185,
2019Q4,,S08000024,,S12000040,,All Inpatients and Day cases,d,2,,3719,10967,2.94891099758,,2705,9961,3.68243992606285,
2020Q1,,S08000024,,S12000040,,All Inpatients and Day cases,d,2,,3612,11429,3.16417497231451,,2595,11069,4.2655105973025,
2020Q2,,S08000024,,S12000040,,All Inpatients and Day cases,d,2,,2604,5947,2.28379416282642,,1679,5960,3.54973198332341,
2020Q3,,S08000024,,S12000040,,All Inpatients and Day cases,d,2,,3401,8363,2.45898265216113,,2232,7814,3.50089605734767,
2020Q4,,S08000024,,S12000040,,All Inpatients and Day cases,d,2,,3408,9230,2.70833333333333,,2281,8957,3.92678649715037,
2021Q1,,S08000024,,S12000040,,All Inpatients and Day cases,d,2,,3431,8273,2.41125036432527,,2454,8588,3.49959250203749,
2021Q2,,S08000024,,S12000040,,All Inpatients and Day cases,d,2,,3733,8485,2.27297080096437,,2613,8660,3.31419823957137,
2021Q3,,S08000024,,S12000040,,All Inpatients and Day cases,d,2,,3668,9296,2.53435114503817,,2649,8803,3.32314080785202,
2021Q4,,S08000024,,S12000040,,All Inpatients and Day cases,d,2,,3526,9612,2.72603516732842,,2628,9727,3.70129375951294,
2022Q1,,S08000024,,S12000040,,All Inpatients and Day cases,d,2,,3284,9144,2.78440925700365,,2333,8377,3.59065580797257,
2022Q2,,S08000024,,S12000040,,All Inpatients and Day cases,d,2,,3544,9331,2.6329006772009,,2479,9462,3.81686163775716,
2022Q3,,S08000024,,S12000040,,All Inpatients and Day cases,d,2,,3444,9183,2.66637630662021,,2549,9385,3.68183601412319,
2022Q4,p,S08000024,,S12000040,,All Inpatients and Day cases,d,2,,3133,8101,2.58570060644749,,2300,8093,3.51869565217391,
2017Q4,,S08000024,,S12000040,,All Inpatients and Day cases,d,3,,2142,6285,2.93417366946779,,1578,6284,3.98225602027883,
2018Q1,,S08000024,,S12000040,,All Inpatients and Day cases,d,3,,2157,6708,3.10987482614743,,1540,6118,3.97272727272727,
2018Q2,,S08000024,,S12000040,,All Inpatients and Day cases,d,3,,2010,5893,2.9318407960199,,1473,5428,3.68499660556687,
2018Q3,,S08000024,,S12000040,,All Inpatients and Day cases,d,3,,2060,5984,2.90485436893204,,1557,5981,3.84136159280668,
2018Q4,,S08000024,,S12000040,,All Inpatients and Day cases,d,3,,2078,6489,3.12271414821944,,1580,6335,4.00949367088608,
2019Q1,,S08000024,,S12000040,,All Inpatients and Day cases,d,3,,1971,5999,3.04363267376966,,1497,5631,3.76152304609218,
2019Q2,,S08000024,,S12000040,,All Inpatients and Day cases,d,3,,2166,5564,2.56879039704524,,1626,5766,3.54612546125461,
2019Q3,,S08000024,,S12000040,,All Inpatients and Day cases,d,3,,2218,5974,2.69341749323715,,1697,6001,3.53624042427814,
2019Q4,,S08000024,,S12000040,,All Inpatients and Day cases,d,3,,2240,5481,2.446875,,1680,5070,3.01785714285714,
2020Q1,,S08000024,,S12000040,,All Inpatients and Day cases,d,3,,2407,7198,2.99044453676776,,1757,7333,4.17359134889015,
2020Q2,,S08000024,,S12000040,,All Inpatients and Day cases,d,3,,1833,3837,2.09328968903437,,1216,3634,2.98848684210526,
2020Q3,,S08000024,,S12000040,,All Inpatients and Day cases,d,3,,2229,5031,2.25706594885599,,1496,4776,3.19251336898396,
2020Q4,,S08000024,,S12000040,,All Inpatients and Day cases,d,3,,2093,4945,2.36263736263736,,1518,4768,3.14097496706192,
2021Q1,,S08000024,,S12000040,,All Inpatients and Day cases,d,3,,2183,5224,2.39303710490151,,1615,5010,3.10216718266254,
2021Q2,,S08000024,,S12000040,,All Inpatients and Day cases,d,3,,2435,5181,2.12772073921971,,1756,4840,2.75626423690205,
2021Q3,,S08000024,,S12000040,,All Inpatients and Day cases,d,3,,2251,4863,2.16037316748112,,1728,4688,2.71296296296296,
2021Q4,,S08000024,,S12000040,,All Inpatients and Day cases,d,3,,2028,5439,2.68195266272189,,1495,5642,3.77391304347826,
2022Q1,,S08000024,,S12000040,,All Inpatients and Day cases,d,3,,2108,5151,2.44354838709677,,1498,5388,3.59679572763685,
2022Q2,,S08000024,,S12000040,,All Inpatients and Day cases,d,3,,2283,5907,2.58738501971091,,1611,5951,3.69397889509621,
2022Q3,,S08000024,,S12000040,,All Inpatients and Day cases,d,3,,2203,6341,2.87834770767136,,1614,6107,3.78376703841388,
2022Q4,p,S08000024,,S12000040,,All Inpatients and Day cases,d,3,,2257,5815,2.5764288879043,,1662,6398,3.84957882069795,
2017Q4,,S08000024,,S12000040,,All Inpatients and Day cases,d,4,,1585,3701,2.33501577287066,,1272,3788,2.97798742138365,
2018Q1,,S08000024,,S12000040,,All Inpatients and Day cases,d,4,,1683,4044,2.40285204991087,,1287,3739,2.90520590520591,
2018Q2,,S08000024,,S12000040,,All Inpatients and Day cases,d,4,,1640,4137,2.52256097560976,,1248,4230,3.38942307692308,
2018Q3,,S08000024,,S12000040,,All Inpatients and Day cases,d,4,,1614,3710,2.29863692688971,,1264,3724,2.9462025316455702,
2018Q4,,S08000024,,S12000040,,All Inpatients and Day cases,d,4,,1627,4973,3.05654578979717,,1262,4509,3.57290015847861,
2019Q1,,S08000024,,S12000040,,All Inpatients and Day cases,d,4,,1599,4151,2.59599749843652,,1225,4073,3.32489795918367,
2019Q2,,S08000024,,S12000040,,All Inpatients and Day cases,d,4,,1801,4422,2.4553026096613,,1374,4249,3.0924308588064,
2019Q3,,S08000024,,S12000040,,All Inpatients and Day cases,d,4,,1730,4329,2.50231213872832,,1325,3835,2.89433962264151,
2019Q4,,S08000024,,S12000040,,All Inpatients and Day cases,d,4,,1624,4727,2.91071428571429,,1250,4833,3.8664,
2020Q1,,S08000024,,S12000040,,All Inpatients and Day cases,d,4,,1755,4499,2.56353276353276,,1323,4683,3.53968253968254,
2020Q2,,S08000024,,S12000040,,All Inpatients and Day cases,d,4,,1317,2891,2.19514047076689,,896,2952,3.29464285714286,
2020Q3,,S08000024,,S12000040,,All Inpatients and Day cases,d,4,,1557,3007,1.93127809890816,,1092,2930,2.68315018315018,
2020Q4,,S08000024,,S12000040,,All Inpatients and Day cases,d,4,,1574,3465,2.20139771283355,,1154,2862,2.48006932409012,
2021Q1,,S08000024,,S12000040,,All Inpatients and Day cases,d,4,,1692,4104,2.42553191489362,,1240,4132,3.33225806451613,
2021Q2,,S08000024,,S12000040,,All Inpatients and Day cases,d,4,,1823,3785,2.07624794295118,,1358,3902,2.87334315169367,
2021Q3,,S08000024,,S12000040,,All Inpatients and Day cases,d,4,,1825,4193,2.29753424657534,,1355,3930,2.90036900369004,
2021Q4,,S08000024,,S12000040,,All Inpatients and Day cases,d,4,,1860,4188,2.25161290322581,,1394,4022,2.88522238163558,
2022Q1,,S08000024,,S12000040,,All Inpatients and Day cases,d,4,,1909,3678,1.92666317443688,,1449,3550,2.44996549344375,
2022Q2,,S08000024,,S12000040,,All Inpatients and Day cases,d,4,,1930,3865,2.00259067357513,,1487,3859,2.59515803631473,
2022Q3,,S08000024,,S12000040,,All Inpatients and Day cases,d,4,,1911,4473,2.34065934065934,,1496,4346,2.90508021390374,
2022Q4,p,S08000024,,S12000040,,All Inpatients and Day cases,d,4,,1859,4292,2.308768154922,,1399,4194,2.99785561115082,
2017Q4,,S08000024,,S12000040,,All Inpatients and Day cases,d,5,,1388,2951,2.12608069164265,,1095,2779,2.537899543379,
2018Q1,,S08000024,,S12000040,,All Inpatients and Day cases,d,5,,1325,2897,2.18641509433962,,1029,2628,2.55393586005831,
2018Q2,,S08000024,,S12000040,,All Inpatients and Day cases,d,5,,1381,4232,3.06444605358436,,1084,4094,3.77675276752768,
2018Q3,,S08000024,,S12000040,,All Inpatients and Day cases,d,5,,1345,3246,2.41338289962825,,1064,3091,2.90507518796993,
2018Q4,,S08000024,,S12000040,,All Inpatients and Day cases,d,5,,1457,3480,2.38846945778998,,1122,3139,2.79768270944742,
2019Q1,,S08000024,,S12000040,,All Inpatients and Day cases,d,5,,1353,3258,2.4079822616408,,1075,3195,2.97209302325581,
2019Q2,,S08000024,,S12000040,,All Inpatients and Day cases,d,5,,1462,3502,2.3953488372093,,1152,2895,2.51302083333333,
2019Q3,,S08000024,,S12000040,,All Inpatients and Day cases,d,5,,1432,3398,2.37290502793296,,1118,3310,2.96064400715564,
2019Q4,,S08000024,,S12000040,,All Inpatients and Day cases,d,5,,1440,3390,2.35416666666667,,1168,3137,2.68578767123288,
2020Q1,,S08000024,,S12000040,,All Inpatients and Day cases,d,5,,1384,3074,2.22109826589595,,1102,3621,3.28584392014519,
2020Q2,,S08000024,,S12000040,,All Inpatients and Day cases,d,5,,987,2029,2.05572441742654,,695,1928,2.77410071942446,
2020Q3,,S08000024,,S12000040,,All Inpatients and Day cases,d,5,,1379,2961,2.14720812182741,,990,2916,2.94545454545455,
2020Q4,,S08000024,,S12000040,,All Inpatients and Day cases,d,5,,1444,2657,1.84002770083102,,1077,2532,2.35097493036212,
2021Q1,,S08000024,,S12000040,,All Inpatients and Day cases,d,5,,1444,2578,1.78531855955679,,1116,2782,2.49283154121864,
2021Q2,,S08000024,,S12000040,,All Inpatients and Day cases,d,5,,1544,2915,1.88795336787565,,1207,2587,2.14333057166529,
2021Q3,,S08000024,,S12000040,,All Inpatients and Day cases,d,5,,1569,2913,1.8565965583174,,1237,2668,2.15683104284559,
2021Q4,,S08000024,,S12000040,,All Inpatients and Day cases,d,5,,1481,2730,1.84334908845375,,1126,2457,2.18206039076377,
2022Q1,,S08000024,,S12000040,,All Inpatients and Day cases,d,5,,1562,3150,2.01664532650448,,1200,3167,2.63916666666667,
2022Q2,,S08000024,,S12000040,,All Inpatients and Day cases,d,5,,1648,3195,1.93871359223301,,1273,3277,2.57423409269442,
2022Q3,,S08000024,,S12000040,,All Inpatients and Day cases,d,5,,1537,3452,2.24593363695511,,1152,3486,3.02604166666667,
2022Q4,p,S08000024,,S12000040,,All Inpatients and Day cases,d,5,,1541,3379,2.19273199221285,,1195,3454,2.89037656903766,
2022Q4,p,S08000024,,S12000040,,All Inpatients and Day cases,d,,:,5,0,0,,0,5,,z
2017Q4,,S08000025,,S08000025,d,All Inpatients and Day cases,d,2,,281,844,3.00355871886121,,237,866,3.65400843881857,
2018Q1,,S08000025,,S08000025,d,All Inpatients and Day cases,d,2,,279,676,2.42293906810036,,236,697,2.95338983050847,
2018Q2,,S08000025,,S08000025,d,All Inpatients and Day cases,d,2,,261,585,2.24137931034483,,216,572,2.64814814814815,
2018Q3,,S08000025,,S08000025,d,All Inpatients and Day cases,d,2,,317,690,2.17665615141956,,256,734,2.8671875,
2018Q4,,S08000025,,S08000025,d,All Inpatients and Day cases,d,2,,319,807,2.52978056426332,,263,790,3.00380228136882,
2019Q1,,S08000025,,S08000025,d,All Inpatients and Day cases,d,2,,301,887,2.9468438538206,,255,821,3.21960784313726,
2019Q2,,S08000025,,S08000025,d,All Inpatients and Day cases,d,2,,263,693,2.63498098859316,,215,818,3.8046511627907,
2019Q3,,S08000025,,S08000025,d,All Inpatients and Day cases,d,2,,288,713,2.47569444444444,,258,686,2.65891472868217,
2019Q4,,S08000025,,S08000025,d,All Inpatients and Day cases,d,2,,300,735,2.45,,267,736,2.7565543071161,
2020Q1,,S08000025,,S08000025,d,All Inpatients and Day cases,d,2,,239,780,3.26359832635983,,209,805,3.85167464114833,
2020Q2,,S08000025,,S08000025,d,All Inpatients and Day cases,d,2,,175,594,3.39428571428571,,150,604,4.02666666666667,
2020Q3,,S08000025,,S08000025,d,All Inpatients and Day cases,d,2,,267,493,1.84644194756554,,217,476,2.19354838709677,
2020Q4,,S08000025,,S08000025,d,All Inpatients and Day cases,d,2,,263,717,2.72623574144487,,227,588,2.59030837004405,
2021Q1,,S08000025,,S08000025,d,All Inpatients and Day cases,d,2,,288,754,2.61805555555556,,239,788,3.29707112970711,
2021Q2,,S08000025,,S08000025,d,All Inpatients and Day cases,d,2,,298,1119,3.75503355704698,,239,1155,4.8326359832636,
2021Q3,,S08000025,,S08000025,d,All Inpatients and Day cases,d,2,,299,837,2.79933110367893,,257,838,3.26070038910506,
2021Q4,,S08000025,,S08000025,d,All Inpatients and Day cases,d,2,,274,914,3.33576642335766,,235,954,4.05957446808511,
2022Q1,,S08000025,,S08000025,d,All Inpatients and Day cases,d,2,,274,749,2.73357664233577,,237,661,2.78902953586498,
2022Q2,,S08000025,,S08000025,d,All Inpatients and Day cases,d,2,,297,727,2.44781144781145,,265,818,3.08679245283019,
2022Q3,,S08000025,,S08000025,d,All Inpatients and Day cases,d,2,,247,699,2.82995951417004,,219,869,3.96803652968037,
2022Q4,p,S08000025,,S08000025,d,All Inpatients and Day cases,d,2,,245,697,2.84489795918367,,210,765,3.64285714285714,
2017Q4,,S08000025,,S08000025,d,All Inpatients and Day cases,d,3,,257,899,3.49805447470817,,208,926,4.45192307692308,
2018Q1,,S08000025,,S08000025,d,All Inpatients and Day cases,d,3,,280,839,2.99642857142857,,246,865,3.51626016260163,
2018Q2,,S08000025,,S08000025,d,All Inpatients and Day cases,d,3,,327,886,2.70948012232416,,265,876,3.30566037735849,
2018Q3,,S08000025,,S08000025,d,All Inpatients and Day cases,d,3,,303,888,2.93069306930693,,251,924,3.68127490039841,
2018Q4,,S08000025,,S08000025,d,All Inpatients and Day cases,d,3,,305,730,2.39344262295082,,262,757,2.88931297709924,
2019Q1,,S08000025,,S08000025,d,All Inpatients and Day cases,d,3,,290,719,2.47931034482759,,237,610,2.57383966244726,
2019Q2,,S08000025,,S08000025,d,All Inpatients and Day cases,d,3,,333,926,2.78078078078078,,272,927,3.40808823529412,
2019Q3,,S08000025,,S08000025,d,All Inpatients and Day cases,d,3,,320,942,2.94375,,285,998,3.50175438596491,
2019Q4,,S08000025,,S08000025,d,All Inpatients and Day cases,d,3,,339,989,2.91740412979351,,284,893,3.1443661971831,
2020Q1,,S08000025,,S08000025,d,All Inpatients and Day cases,d,3,,310,937,3.02258064516129,,273,1017,3.72527472527473,
2020Q2,,S08000025,,S08000025,d,All Inpatients and Day cases,d,3,,193,631,3.26943005181347,,155,628,4.05161290322581,
2020Q3,,S08000025,,S08000025,d,All Inpatients and Day cases,d,3,,278,756,2.71942446043165,,230,759,3.3,
2020Q4,,S08000025,,S08000025,d,All Inpatients and Day cases,d,3,,241,900,3.7344398340249,,204,874,4.2843137254902,
2021Q1,,S08000025,,S08000025,d,All Inpatients and Day cases,d,3,,265,771,2.90943396226415,,227,775,3.41409691629956,
2021Q2,,S08000025,,S08000025,d,All Inpatients and Day cases,d,3,,276,1024,3.71014492753623,,229,1026,4.48034934497817,
2021Q3,,S08000025,,S08000025,d,All Inpatients and Day cases,d,3,,312,730,2.33974358974359,,272,733,2.69485294117647,
2021Q4,,S08000025,,S08000025,d,All Inpatients and Day cases,d,3,,306,704,2.30065359477124,,264,707,2.6780303030303,
2022Q1,,S08000025,,S08000025,d,All Inpatients and Day cases,d,3,,279,697,2.49820788530466,,260,698,2.68461538461538,
2022Q2,,S08000025,,S08000025,d,All Inpatients and Day cases,d,3,,303,984,3.24752475247525,,281,987,3.51245551601424,
2022Q3,,S08000025,,S08000025,d,All Inpatients and Day cases,d,3,,251,1076,4.28685258964143,,232,868,3.74137931034483,
2022Q4,p,S08000025,,S08000025,d,All Inpatients and Day cases,d,3,,263,855,3.25095057034221,,231,818,3.54112554112554,
2017Q4,,S08000025,,S08000025,d,All Inpatients and Day cases,d,4,,888,2233,2.51463963963964,,727,2578,3.54607977991747,
2018Q1,,S08000025,,S08000025,d,All Inpatients and Day cases,d,4,,840,2039,2.42738095238095,,721,1886,2.61581137309293,
2018Q2,,S08000025,,S08000025,d,All Inpatients and Day cases,d,4,,853,2153,2.52403282532239,,705,2213,3.13900709219858,
2018Q3,,S08000025,,S08000025,d,All Inpatients and Day cases,d,4,,861,2571,2.98606271777003,,747,2622,3.51004016064257,
2018Q4,,S08000025,,S08000025,d,All Inpatients and Day cases,d,4,,964,2508,2.60165975103734,,774,2312,2.98708010335917,
2019Q1,,S08000025,,S08000025,d,All Inpatients and Day cases,d,4,,944,2491,2.63877118644068,,791,2554,3.22882427307206,
2019Q2,,S08000025,,S08000025,d,All Inpatients and Day cases,d,4,,955,2662,2.78743455497382,,779,2828,3.63029525032092,
2019Q3,,S08000025,,S08000025,d,All Inpatients and Day cases,d,4,,961,1866,1.9417273673257,,865,1871,2.16300578034682,
2019Q4,,S08000025,,S08000025,d,All Inpatients and Day cases,d,4,,986,2249,2.28093306288032,,878,2331,2.65489749430524,
2020Q1,,S08000025,,S08000025,d,All Inpatients and Day cases,d,4,,915,2369,2.58907103825137,,810,2317,2.86049382716049,
2020Q2,,S08000025,,S08000025,d,All Inpatients and Day cases,d,4,,607,1773,2.92092257001647,,515,1838,3.56893203883495,
2020Q3,,S08000025,,S08000025,d,All Inpatients and Day cases,d,4,,832,2084,2.50480769230769,,736,2047,2.78125,
2020Q4,,S08000025,,S08000025,d,All Inpatients and Day cases,d,4,,894,2096,2.34451901565996,,812,2063,2.54064039408867,
2021Q1,,S08000025,,S08000025,d,All Inpatients and Day cases,d,4,,851,1897,2.22914218566392,,736,1852,2.51630434782609,
2021Q2,,S08000025,,S08000025,d,All Inpatients and Day cases,d,4,,939,2331,2.48242811501597,,824,2355,2.85800970873786,
2021Q3,,S08000025,,S08000025,d,All Inpatients and Day cases,d,4,,982,2568,2.61507128309572,,855,2507,2.93216374269006,
2021Q4,,S08000025,,S08000025,d,All Inpatients and Day cases,d,4,,1028,2722,2.64785992217899,,888,2442,2.75,
2022Q1,,S08000025,,S08000025,d,All Inpatients and Day cases,d,4,,1027,2636,2.56669912366115,,905,2764,3.05414364640884,
2022Q2,,S08000025,,S08000025,d,All Inpatients and Day cases,d,4,,958,2745,2.86534446764092,,861,3200,3.71660859465738,
2022Q3,,S08000025,,S08000025,d,All Inpatients and Day cases,d,4,,893,2416,2.70548712206047,,795,2390,3.0062893081761,
2022Q4,p,S08000025,,S08000025,d,All Inpatients and Day cases,d,4,,972,2600,2.67489711934156,,860,2704,3.14418604651163,
2017Q4,,S08000025,,S12000023,,All Inpatients and Day cases,d,2,,281,844,3.00355871886121,,237,866,3.65400843881857,
2018Q1,,S08000025,,S12000023,,All Inpatients and Day cases,d,2,,279,676,2.42293906810036,,236,697,2.95338983050847,
2018Q2,,S08000025,,S12000023,,All Inpatients and Day cases,d,2,,261,585,2.24137931034483,,216,572,2.64814814814815,
2018Q3,,S08000025,,S12000023,,All Inpatients and Day cases,d,2,,317,690,2.17665615141956,,256,734,2.8671875,
2018Q4,,S08000025,,S12000023,,All Inpatients and Day cases,d,2,,319,807,2.52978056426332,,263,790,3.00380228136882,
2019Q1,,S08000025,,S12000023,,All Inpatients and Day cases,d,2,,301,887,2.9468438538206,,255,821,3.21960784313726,
2019Q2,,S08000025,,S12000023,,All Inpatients and Day cases,d,2,,263,693,2.63498098859316,,215,818,3.8046511627907,
2019Q3,,S08000025,,S12000023,,All Inpatients and Day cases,d,2,,288,713,2.47569444444444,,258,686,2.65891472868217,
2019Q4,,S08000025,,S12000023,,All Inpatients and Day cases,d,2,,300,735,2.45,,267,736,2.7565543071161,
2020Q1,,S08000025,,S12000023,,All Inpatients and Day cases,d,2,,239,780,3.26359832635983,,209,805,3.85167464114833,
2020Q2,,S08000025,,S12000023,,All Inpatients and Day cases,d,2,,175,594,3.39428571428571,,150,604,4.02666666666667,
2020Q3,,S08000025,,S12000023,,All Inpatients and Day cases,d,2,,267,493,1.84644194756554,,217,476,2.19354838709677,
2020Q4,,S08000025,,S12000023,,All Inpatients and Day cases,d,2,,263,717,2.72623574144487,,227,588,2.59030837004405,
2021Q1,,S08000025,,S12000023,,All Inpatients and Day cases,d,2,,288,754,2.61805555555556,,239,788,3.29707112970711,
2021Q2,,S08000025,,S12000023,,All Inpatients and Day cases,d,2,,298,1119,3.75503355704698,,239,1155,4.8326359832636,
2021Q3,,S08000025,,S12000023,,All Inpatients and Day cases,d,2,,299,837,2.79933110367893,,257,838,3.26070038910506,
2021Q4,,S08000025,,S12000023,,All Inpatients and Day cases,d,2,,274,914,3.33576642335766,,235,954,4.05957446808511,
2022Q1,,S08000025,,S12000023,,All Inpatients and Day cases,d,2,,274,749,2.73357664233577,,237,661,2.78902953586498,
2022Q2,,S08000025,,S12000023,,All Inpatients and Day cases,d,2,,297,727,2.44781144781145,,265,818,3.08679245283019,
2022Q3,,S08000025,,S12000023,,All Inpatients and Day cases,d,2,,247,699,2.82995951417004,,219,869,3.96803652968037,
2022Q4,p,S08000025,,S12000023,,All Inpatients and Day cases,d,2,,245,697,2.84489795918367,,210,765,3.64285714285714,
2017Q4,,S08000025,,S12000023,,All Inpatients and Day cases,d,3,,257,899,3.49805447470817,,208,926,4.45192307692308,
2018Q1,,S08000025,,S12000023,,All Inpatients and Day cases,d,3,,280,839,2.99642857142857,,246,865,3.51626016260163,
2018Q2,,S08000025,,S12000023,,All Inpatients and Day cases,d,3,,327,886,2.70948012232416,,265,876,3.30566037735849,
2018Q3,,S08000025,,S12000023,,All Inpatients and Day cases,d,3,,303,888,2.93069306930693,,251,924,3.68127490039841,
2018Q4,,S08000025,,S12000023,,All Inpatients and Day cases,d,3,,305,730,2.39344262295082,,262,757,2.88931297709924,
2019Q1,,S08000025,,S12000023,,All Inpatients and Day cases,d,3,,290,719,2.47931034482759,,237,610,2.57383966244726,
2019Q2,,S08000025,,S12000023,,All Inpatients and Day cases,d,3,,333,926,2.78078078078078,,272,927,3.40808823529412,
2019Q3,,S08000025,,S12000023,,All Inpatients and Day cases,d,3,,320,942,2.94375,,285,998,3.50175438596491,
2019Q4,,S08000025,,S12000023,,All Inpatients and Day cases,d,3,,339,989,2.91740412979351,,284,893,3.1443661971831,
2020Q1,,S08000025,,S12000023,,All Inpatients and Day cases,d,3,,310,937,3.02258064516129,,273,1017,3.72527472527473,
2020Q2,,S08000025,,S12000023,,All Inpatients and Day cases,d,3,,193,631,3.26943005181347,,155,628,4.05161290322581,
2020Q3,,S08000025,,S12000023,,All Inpatients and Day cases,d,3,,278,756,2.71942446043165,,230,759,3.3,
2020Q4,,S08000025,,S12000023,,All Inpatients and Day cases,d,3,,241,900,3.7344398340249,,204,874,4.2843137254902,
2021Q1,,S08000025,,S12000023,,All Inpatients and Day cases,d,3,,265,771,2.90943396226415,,227,775,3.41409691629956,
2021Q2,,S08000025,,S12000023,,All Inpatients and Day cases,d,3,,276,1024,3.71014492753623,,229,1026,4.48034934497817,
2021Q3,,S08000025,,S12000023,,All Inpatients and Day cases,d,3,,312,730,2.33974358974359,,272,733,2.69485294117647,
2021Q4,,S08000025,,S12000023,,All Inpatients and Day cases,d,3,,306,704,2.30065359477124,,264,707,2.6780303030303,
2022Q1,,S08000025,,S12000023,,All Inpatients and Day cases,d,3,,279,697,2.49820788530466,,260,698,2.68461538461538,
2022Q2,,S08000025,,S12000023,,All Inpatients and Day cases,d,3,,303,984,3.24752475247525,,281,987,3.51245551601424,
2022Q3,,S08000025,,S12000023,,All Inpatients and Day cases,d,3,,251,1076,4.28685258964143,,232,868,3.74137931034483,
2022Q4,p,S08000025,,S12000023,,All Inpatients and Day cases,d,3,,263,855,3.25095057034221,,231,818,3.54112554112554,
2017Q4,,S08000025,,S12000023,,All Inpatients and Day cases,d,4,,888,2233,2.51463963963964,,727,2578,3.54607977991747,
2018Q1,,S08000025,,S12000023,,All Inpatients and Day cases,d,4,,840,2039,2.42738095238095,,721,1886,2.61581137309293,
2018Q2,,S08000025,,S12000023,,All Inpatients and Day cases,d,4,,853,2153,2.52403282532239,,705,2213,3.13900709219858,
2018Q3,,S08000025,,S12000023,,All Inpatients and Day cases,d,4,,861,2571,2.98606271777003,,747,2622,3.51004016064257,
2018Q4,,S08000025,,S12000023,,All Inpatients and Day cases,d,4,,964,2508,2.60165975103734,,774,2312,2.98708010335917,
2019Q1,,S08000025,,S12000023,,All Inpatients and Day cases,d,4,,944,2491,2.63877118644068,,791,2554,3.22882427307206,
2019Q2,,S08000025,,S12000023,,All Inpatients and Day cases,d,4,,955,2662,2.78743455497382,,779,2828,3.63029525032092,
2019Q3,,S08000025,,S12000023,,All Inpatients and Day cases,d,4,,961,1866,1.9417273673257,,865,1871,2.16300578034682,
2019Q4,,S08000025,,S12000023,,All Inpatients and Day cases,d,4,,986,2249,2.28093306288032,,878,2331,2.65489749430524,
2020Q1,,S08000025,,S12000023,,All Inpatients and Day cases,d,4,,915,2369,2.58907103825137,,810,2317,2.86049382716049,
2020Q2,,S08000025,,S12000023,,All Inpatients and Day cases,d,4,,607,1773,2.92092257001647,,515,1838,3.56893203883495,
2020Q3,,S08000025,,S12000023,,All Inpatients and Day cases,d,4,,832,2084,2.50480769230769,,736,2047,2.78125,
2020Q4,,S08000025,,S12000023,,All Inpatients and Day cases,d,4,,894,2096,2.34451901565996,,812,2063,2.54064039408867,
2021Q1,,S08000025,,S12000023,,All Inpatients and Day cases,d,4,,851,1897,2.22914218566392,,736,1852,2.51630434782609,
2021Q2,,S08000025,,S12000023,,All Inpatients and Day cases,d,4,,939,2331,2.48242811501597,,824,2355,2.85800970873786,
2021Q3,,S08000025,,S12000023,,All Inpatients and Day cases,d,4,,982,2568,2.61507128309572,,855,2507,2.93216374269006,
2021Q4,,S08000025,,S12000023,,All Inpatients and Day cases,d,4,,1028,2722,2.64785992217899,,888,2442,2.75,
2022Q1,,S08000025,,S12000023,,All Inpatients and Day cases,d,4,,1027,2636,2.56669912366115,,905,2764,3.05414364640884,
2022Q2,,S08000025,,S12000023,,All Inpatients and Day cases,d,4,,958,2745,2.86534446764092,,861,3200,3.71660859465738,
2022Q3,,S08000025,,S12000023,,All Inpatients and Day cases,d,4,,893,2416,2.70548712206047,,795,2390,3.0062893081761,
2022Q4,p,S08000025,,S12000023,,All Inpatients and Day cases,d,4,,972,2600,2.67489711934156,,860,2704,3.14418604651163,
2017Q4,,S08000026,,S08000026,d,All Inpatients and Day cases,d,2,,102,236,2.31372549019608,,95,239,2.51578947368421,
2018Q1,,S08000026,,S08000026,d,All Inpatients and Day cases,d,2,,105,303,2.88571428571429,,88,309,3.51136363636364,
2018Q2,,S08000026,,S08000026,d,All Inpatients and Day cases,d,2,,111,442,3.98198198198198,,92,449,4.8804347826087,
2018Q3,,S08000026,,S08000026,d,All Inpatients and Day cases,d,2,,113,218,1.92920353982301,,108,218,2.01851851851852,
2018Q4,,S08000026,,S08000026,d,All Inpatients and Day cases,d,2,,122,270,2.21311475409836,,115,275,2.39130434782609,
2019Q1,,S08000026,,S08000026,d,All Inpatients and Day cases,d,2,,105,275,2.61904761904762,,96,243,2.53125,
2019Q2,,S08000026,,S08000026,d,All Inpatients and Day cases,d,2,,137,320,2.33576642335766,,119,350,2.94117647058824,
2019Q3,,S08000026,,S08000026,d,All Inpatients and Day cases,d,2,,83,277,3.33734939759036,,77,225,2.92207792207792,
2019Q4,,S08000026,,S08000026,d,All Inpatients and Day cases,d,2,,73,203,2.78082191780822,,66,229,3.46969696969697,
2020Q1,,S08000026,,S08000026,d,All Inpatients and Day cases,d,2,,114,368,3.2280701754386,,102,371,3.63725490196078,
2020Q2,,S08000026,,S08000026,d,All Inpatients and Day cases,d,2,,56,139,2.48214285714286,,43,159,3.69767441860465,
2020Q3,,S08000026,,S08000026,d,All Inpatients and Day cases,d,2,,85,339,3.98823529411765,,71,342,4.8169014084507,
2020Q4,,S08000026,,S08000026,d,All Inpatients and Day cases,d,2,,76,227,2.98684210526316,,61,234,3.83606557377049,
2021Q1,,S08000026,,S08000026,d,All Inpatients and Day cases,d,2,,103,246,2.38834951456311,,73,214,2.93150684931507,
2021Q2,,S08000026,,S08000026,d,All Inpatients and Day cases,d,2,,75,150,2,,67,146,2.17910447761194,
2021Q3,,S08000026,,S08000026,d,All Inpatients and Day cases,d,2,,79,229,2.8987341772151902,,70,264,3.77142857142857,
2021Q4,,S08000026,,S08000026,d,All Inpatients and Day cases,d,2,,83,282,3.39759036144578,,74,217,2.93243243243243,
2022Q1,,S08000026,,S08000026,d,All Inpatients and Day cases,d,2,,94,275,2.92553191489362,,87,278,3.19540229885057,
2022Q2,,S08000026,,S08000026,d,All Inpatients and Day cases,d,2,,89,226,2.53932584269663,,78,226,2.8974358974359,
2022Q3,,S08000026,,S08000026,d,All Inpatients and Day cases,d,2,,99,367,3.70707070707071,,80,368,4.6,
2022Q4,p,S08000026,,S08000026,d,All Inpatients and Day cases,d,2,,82,193,2.35365853658537,,72,185,2.56944444444444,
2017Q4,,S08000026,,S08000026,d,All Inpatients and Day cases,d,3,,676,1532,2.26627218934911,,599,1475,2.46243739565943,
2018Q1,,S08000026,,S08000026,d,All Inpatients and Day cases,d,3,,605,1244,2.05619834710744,,536,1232,2.29850746268657,
2018Q2,,S08000026,,S08000026,d,All Inpatients and Day cases,d,3,,654,1320,2.01834862385321,,583,1337,2.29331046312178,
2018Q3,,S08000026,,S08000026,d,All Inpatients and Day cases,d,3,,654,1404,2.14678899082569,,587,1363,2.32197614991482,
2018Q4,,S08000026,,S08000026,d,All Inpatients and Day cases,d,3,,638,1339,2.0987460815047,,578,1378,2.3840830449827,
2019Q1,,S08000026,,S08000026,d,All Inpatients and Day cases,d,3,,620,1300,2.09677419354839,,560,1322,2.36071428571429,
2019Q2,,S08000026,,S08000026,d,All Inpatients and Day cases,d,3,,669,1662,2.48430493273543,,595,1630,2.73949579831933,
2019Q3,,S08000026,,S08000026,d,All Inpatients and Day cases,d,3,,655,1715,2.61832061068702,,574,1725,3.00522648083624,
2019Q4,,S08000026,,S08000026,d,All Inpatients and Day cases,d,3,,653,1691,2.5895865237366,,567,1638,2.88888888888889,
2020Q1,,S08000026,,S08000026,d,All Inpatients and Day cases,d,3,,546,1393,2.55128205128205,,473,1474,3.11627906976744,
2020Q2,,S08000026,,S08000026,d,All Inpatients and Day cases,d,3,,255,777,3.04705882352941,,208,736,3.53846153846154,
2020Q3,,S08000026,,S08000026,d,All Inpatients and Day cases,d,3,,476,1532,3.21848739495798,,393,1506,3.83206106870229,
2020Q4,,S08000026,,S08000026,d,All Inpatients and Day cases,d,3,,416,1139,2.73798076923077,,361,1227,3.398891966759,
2021Q1,,S08000026,,S08000026,d,All Inpatients and Day cases,d,3,,466,1080,2.31759656652361,,393,1085,2.76081424936387,
2021Q2,,S08000026,,S08000026,d,All Inpatients and Day cases,d,3,,510,1336,2.61960784313725,,444,1313,2.95720720720721,
2021Q3,,S08000026,,S08000026,d,All Inpatients and Day cases,d,3,,507,1341,2.64497041420118,,418,1184,2.83253588516746,
2021Q4,,S08000026,,S08000026,d,All Inpatients and Day cases,d,3,,481,1290,2.68191268191268,,419,1450,3.46062052505967,
2022Q1,,S08000026,,S08000026,d,All Inpatients and Day cases,d,3,,519,1226,2.36223506743738,,481,1236,2.56964656964657,
2022Q2,,S08000026,,S08000026,d,All Inpatients and Day cases,d,3,,500,1514,3.028,,432,1513,3.50231481481481,
2022Q3,,S08000026,,S08000026,d,All Inpatients and Day cases,d,3,,559,1482,2.65116279069767,,490,1367,2.78979591836735,
2022Q4,p,S08000026,,S08000026,d,All Inpatients and Day cases,d,3,,457,1336,2.92341356673961,,406,1346,3.31527093596059,
2017Q4,,S08000026,,S08000026,d,All Inpatients and Day cases,d,4,,816,2092,2.56372549019608,,722,2087,2.89058171745152,
2018Q1,,S08000026,,S08000026,d,All Inpatients and Day cases,d,4,,709,1723,2.43018335684062,,653,1958,2.99846860643185,
2018Q2,,S08000026,,S08000026,d,All Inpatients and Day cases,d,4,,800,1776,2.22,,715,1706,2.38601398601399,
2018Q3,,S08000026,,S08000026,d,All Inpatients and Day cases,d,4,,719,1796,2.49791376912378,,641,1774,2.76755070202808,
2018Q4,,S08000026,,S08000026,d,All Inpatients and Day cases,d,4,,778,1985,2.55141388174807,,701,2060,2.93865905848787,
2019Q1,,S08000026,,S08000026,d,All Inpatients and Day cases,d,4,,777,1812,2.33204633204633,,685,1750,2.55474452554745,
2019Q2,,S08000026,,S08000026,d,All Inpatients and Day cases,d,4,,715,1518,2.12307692307692,,653,1500,2.29709035222052,
2019Q3,,S08000026,,S08000026,d,All Inpatients and Day cases,d,4,,697,1827,2.62123385939742,,629,1873,2.97774244833068,
2019Q4,,S08000026,,S08000026,d,All Inpatients and Day cases,d,4,,765,1753,2.29150326797386,,684,1857,2.71491228070175,
2020Q1,,S08000026,,S08000026,d,All Inpatients and Day cases,d,4,,698,1548,2.21776504297994,,632,1523,2.40981012658228,
2020Q2,,S08000026,,S08000026,d,All Inpatients and Day cases,d,4,,352,974,2.76704545454545,,285,1028,3.60701754385965,
2020Q3,,S08000026,,S08000026,d,All Inpatients and Day cases,d,4,,487,1045,2.14579055441478,,437,1042,2.38443935926773,
2020Q4,,S08000026,,S08000026,d,All Inpatients and Day cases,d,4,,559,1345,2.40608228980322,,487,1317,2.70431211498973,
2021Q1,,S08000026,,S08000026,d,All Inpatients and Day cases,d,4,,538,1271,2.36245353159851,,474,1195,2.5210970464135,
2021Q2,,S08000026,,S08000026,d,All Inpatients and Day cases,d,4,,636,1553,2.44182389937107,,553,1759,3.18083182640145,
2021Q3,,S08000026,,S08000026,d,All Inpatients and Day cases,d,4,,596,1688,2.83221476510067,,499,1598,3.20240480961924,
2021Q4,,S08000026,,S08000026,d,All Inpatients and Day cases,d,4,,631,1366,2.1648177496038,,574,1608,2.801393728223,
2022Q1,,S08000026,,S08000026,d,All Inpatients and Day cases,d,4,,679,1257,1.85125184094256,,623,1247,2.0016051364366,
2022Q2,,S08000026,,S08000026,d,All Inpatients and Day cases,d,4,,635,1518,2.39055118110236,,567,1480,2.61022927689594,
2022Q3,,S08000026,,S08000026,d,All Inpatients and Day cases,d,4,,676,1886,2.78994082840237,,596,1831,3.07214765100671,
2022Q4,p,S08000026,,S08000026,d,All Inpatients and Day cases,d,4,,639,1230,1.92488262910798,,558,1324,2.37275985663082,
2017Q4,,S08000026,,S12000027,,All Inpatients and Day cases,d,2,,102,236,2.31372549019608,,95,239,2.51578947368421,
2018Q1,,S08000026,,S12000027,,All Inpatients and Day cases,d,2,,105,303,2.88571428571429,,88,309,3.51136363636364,
2018Q2,,S08000026,,S12000027,,All Inpatients and Day cases,d,2,,111,442,3.98198198198198,,92,449,4.8804347826087,
2018Q3,,S08000026,,S12000027,,All Inpatients and Day cases,d,2,,113,218,1.92920353982301,,108,218,2.01851851851852,
2018Q4,,S08000026,,S12000027,,All Inpatients and Day cases,d,2,,122,270,2.21311475409836,,115,275,2.39130434782609,
2019Q1,,S08000026,,S12000027,,All Inpatients and Day cases,d,2,,105,275,2.61904761904762,,96,243,2.53125,
2019Q2,,S08000026,,S12000027,,All Inpatients and Day cases,d,2,,137,320,2.33576642335766,,119,350,2.94117647058824,
2019Q3,,S08000026,,S12000027,,All Inpatients and Day cases,d,2,,83,277,3.33734939759036,,77,225,2.92207792207792,
2019Q4,,S08000026,,S12000027,,All Inpatients and Day cases,d,2,,73,203,2.78082191780822,,66,229,3.46969696969697,
2020Q1,,S08000026,,S12000027,,All Inpatients and Day cases,d,2,,114,368,3.2280701754386,,102,371,3.63725490196078,
2020Q2,,S08000026,,S12000027,,All Inpatients and Day cases,d,2,,56,139,2.48214285714286,,43,159,3.69767441860465,
2020Q3,,S08000026,,S12000027,,All Inpatients and Day cases,d,2,,85,339,3.98823529411765,,71,342,4.8169014084507,
2020Q4,,S08000026,,S12000027,,All Inpatients and Day cases,d,2,,76,227,2.98684210526316,,61,234,3.83606557377049,
2021Q1,,S08000026,,S12000027,,All Inpatients and Day cases,d,2,,103,246,2.38834951456311,,73,214,2.93150684931507,
2021Q2,,S08000026,,S12000027,,All Inpatients and Day cases,d,2,,75,150,2,,67,146,2.17910447761194,
2021Q3,,S08000026,,S12000027,,All Inpatients and Day cases,d,2,,79,229,2.8987341772151902,,70,264,3.77142857142857,
2021Q4,,S08000026,,S12000027,,All Inpatients and Day cases,d,2,,83,282,3.39759036144578,,74,217,2.93243243243243,
2022Q1,,S08000026,,S12000027,,All Inpatients and Day cases,d,2,,94,275,2.92553191489362,,87,278,3.19540229885057,
2022Q2,,S08000026,,S12000027,,All Inpatients and Day cases,d,2,,89,226,2.53932584269663,,78,226,2.8974358974359,
2022Q3,,S08000026,,S12000027,,All Inpatients and Day cases,d,2,,99,367,3.70707070707071,,80,368,4.6,
2022Q4,p,S08000026,,S12000027,,All Inpatients and Day cases,d,2,,82,193,2.35365853658537,,72,185,2.56944444444444,
2017Q4,,S08000026,,S12000027,,All Inpatients and Day cases,d,3,,676,1532,2.26627218934911,,599,1475,2.46243739565943,
2018Q1,,S08000026,,S12000027,,All Inpatients and Day cases,d,3,,605,1244,2.05619834710744,,536,1232,2.29850746268657,
2018Q2,,S08000026,,S12000027,,All Inpatients and Day cases,d,3,,654,1320,2.01834862385321,,583,1337,2.29331046312178,
2018Q3,,S08000026,,S12000027,,All Inpatients and Day cases,d,3,,654,1404,2.14678899082569,,587,1363,2.32197614991482,
2018Q4,,S08000026,,S12000027,,All Inpatients and Day cases,d,3,,638,1339,2.0987460815047,,578,1378,2.3840830449827,
2019Q1,,S08000026,,S12000027,,All Inpatients and Day cases,d,3,,620,1300,2.09677419354839,,560,1322,2.36071428571429,
2019Q2,,S08000026,,S12000027,,All Inpatients and Day cases,d,3,,669,1662,2.48430493273543,,595,1630,2.73949579831933,
2019Q3,,S08000026,,S12000027,,All Inpatients and Day cases,d,3,,655,1715,2.61832061068702,,574,1725,3.00522648083624,
2019Q4,,S08000026,,S12000027,,All Inpatients and Day cases,d,3,,653,1691,2.5895865237366,,567,1638,2.88888888888889,
2020Q1,,S08000026,,S12000027,,All Inpatients and Day cases,d,3,,546,1393,2.55128205128205,,473,1474,3.11627906976744,
2020Q2,,S08000026,,S12000027,,All Inpatients and Day cases,d,3,,255,777,3.04705882352941,,208,736,3.53846153846154,
2020Q3,,S08000026,,S12000027,,All Inpatients and Day cases,d,3,,476,1532,3.21848739495798,,393,1506,3.83206106870229,
2020Q4,,S08000026,,S12000027,,All Inpatients and Day cases,d,3,,416,1139,2.73798076923077,,361,1227,3.398891966759,
2021Q1,,S08000026,,S12000027,,All Inpatients and Day cases,d,3,,466,1080,2.31759656652361,,393,1085,2.76081424936387,
2021Q2,,S08000026,,S12000027,,All Inpatients and Day cases,d,3,,510,1336,2.61960784313725,,444,1313,2.95720720720721,
2021Q3,,S08000026,,S12000027,,All Inpatients and Day cases,d,3,,507,1341,2.64497041420118,,418,1184,2.83253588516746,
2021Q4,,S08000026,,S12000027,,All Inpatients and Day cases,d,3,,481,1290,2.68191268191268,,419,1450,3.46062052505967,
2022Q1,,S08000026,,S12000027,,All Inpatients and Day cases,d,3,,519,1226,2.36223506743738,,481,1236,2.56964656964657,
2022Q2,,S08000026,,S12000027,,All Inpatients and Day cases,d,3,,500,1514,3.028,,432,1513,3.50231481481481,
2022Q3,,S08000026,,S12000027,,All Inpatients and Day cases,d,3,,559,1482,2.65116279069767,,490,1367,2.78979591836735,
2022Q4,p,S08000026,,S12000027,,All Inpatients and Day cases,d,3,,457,1336,2.92341356673961,,406,1346,3.31527093596059,
2017Q4,,S08000026,,S12000027,,All Inpatients and Day cases,d,4,,816,2092,2.56372549019608,,722,2087,2.89058171745152,
2018Q1,,S08000026,,S12000027,,All Inpatients and Day cases,d,4,,709,1723,2.43018335684062,,653,1958,2.99846860643185,
2018Q2,,S08000026,,S12000027,,All Inpatients and Day cases,d,4,,800,1776,2.22,,715,1706,2.38601398601399,
2018Q3,,S08000026,,S12000027,,All Inpatients and Day cases,d,4,,719,1796,2.49791376912378,,641,1774,2.76755070202808,
2018Q4,,S08000026,,S12000027,,All Inpatients and Day cases,d,4,,778,1985,2.55141388174807,,701,2060,2.93865905848787,
2019Q1,,S08000026,,S12000027,,All Inpatients and Day cases,d,4,,777,1812,2.33204633204633,,685,1750,2.55474452554745,
2019Q2,,S08000026,,S12000027,,All Inpatients and Day cases,d,4,,715,1518,2.12307692307692,,653,1500,2.29709035222052,
2019Q3,,S08000026,,S12000027,,All Inpatients and Day cases,d,4,,697,1827,2.62123385939742,,629,1873,2.97774244833068,
2019Q4,,S08000026,,S12000027,,All Inpatients and Day cases,d,4,,765,1753,2.29150326797386,,684,1857,2.71491228070175,
2020Q1,,S08000026,,S12000027,,All Inpatients and Day cases,d,4,,698,1548,2.21776504297994,,632,1523,2.40981012658228,
2020Q2,,S08000026,,S12000027,,All Inpatients and Day cases,d,4,,352,974,2.76704545454545,,285,1028,3.60701754385965,
2020Q3,,S08000026,,S12000027,,All Inpatients and Day cases,d,4,,487,1045,2.14579055441478,,437,1042,2.38443935926773,
2020Q4,,S08000026,,S12000027,,All Inpatients and Day cases,d,4,,559,1345,2.40608228980322,,487,1317,2.70431211498973,
2021Q1,,S08000026,,S12000027,,All Inpatients and Day cases,d,4,,538,1271,2.36245353159851,,474,1195,2.5210970464135,
2021Q2,,S08000026,,S12000027,,All Inpatients and Day cases,d,4,,636,1553,2.44182389937107,,553,1759,3.18083182640145,
2021Q3,,S08000026,,S12000027,,All Inpatients and Day cases,d,4,,596,1688,2.83221476510067,,499,1598,3.20240480961924,
2021Q4,,S08000026,,S12000027,,All Inpatients and Day cases,d,4,,631,1366,2.1648177496038,,574,1608,2.801393728223,
2022Q1,,S08000026,,S12000027,,All Inpatients and Day cases,d,4,,679,1257,1.85125184094256,,623,1247,2.0016051364366,
2022Q2,,S08000026,,S12000027,,All Inpatients and Day cases,d,4,,635,1518,2.39055118110236,,567,1480,2.61022927689594,
2022Q3,,S08000026,,S12000027,,All Inpatients and Day cases,d,4,,676,1886,2.78994082840237,,596,1831,3.07214765100671,
2022Q4,p,S08000026,,S12000027,,All Inpatients and Day cases,d,4,,639,1230,1.92488262910798,,558,1324,2.37275985663082,
2017Q4,,S08000030,,S12000041,,All Inpatients and Day cases,d,1,,504,1822,3.61507936507937,,328,1889,5.75914634146341,
2018Q1,,S08000030,,S12000041,,All Inpatients and Day cases,d,1,,454,1891,4.16519823788546,,315,2083,6.61269841269841,
2018Q2,,S08000030,,S12000041,,All Inpatients and Day cases,d,1,,424,1939,4.57311320754717,,311,1793,5.76527331189711,
2018Q3,,S08000030,,S12000041,,All Inpatients and Day cases,d,1,,418,1368,3.27272727272727,,299,1505,5.03344481605351,
2018Q4,,S08000030,,S12000041,,All Inpatients and Day cases,d,1,,387,1309,3.38242894056848,,287,1599,5.57142857142857,
2019Q1,,S08000030,,S12000041,,All Inpatients and Day cases,d,1,,449,1331,2.96436525612472,,318,1453,4.56918238993711,
2019Q2,,S08000030,,S12000041,,All Inpatients and Day cases,d,1,,455,1221,2.68351648351648,,314,1128,3.59235668789809,
2019Q3,,S08000030,,S12000041,,All Inpatients and Day cases,d,1,,381,1292,3.39107611548556,,273,1285,4.70695970695971,
2019Q4,,S08000030,,S12000041,,All Inpatients and Day cases,d,1,,382,1135,2.97120418848168,,290,1110,3.82758620689655,
2020Q1,,S08000030,,S12000041,,All Inpatients and Day cases,d,1,,402,1508,3.75124378109453,,306,1494,4.88235294117647,
2020Q2,,S08000030,,S12000041,,All Inpatients and Day cases,d,1,,214,658,3.07476635514019,,139,703,5.05755395683453,
2020Q3,,S08000030,,S12000041,,All Inpatients and Day cases,d,1,,353,1245,3.52691218130312,,230,1168,5.07826086956522,
2020Q4,,S08000030,,S12000041,,All Inpatients and Day cases,d,1,,423,1540,3.64066193853428,,290,1590,5.48275862068965,
2021Q1,,S08000030,,S12000041,,All Inpatients and Day cases,d,1,,366,1529,4.1775956284153,,224,1449,6.46875,
2021Q2,,S08000030,,S12000041,,All Inpatients and Day cases,d,1,,430,1219,2.8348837209302302,,311,1178,3.78778135048232,
2021Q3,,S08000030,,S12000041,,All Inpatients and Day cases,d,1,,393,1043,2.65394402035623,,277,1071,3.86642599277978,
2021Q4,,S08000030,,S12000041,,All Inpatients and Day cases,d,1,,439,1788,4.07289293849658,,311,1792,5.7620578778135,
2022Q1,,S08000030,,S12000041,,All Inpatients and Day cases,d,1,,445,1484,3.33483146067416,,305,1337,4.38360655737705,
2022Q2,,S08000030,,S12000041,,All Inpatients and Day cases,d,1,,425,1423,3.34823529411765,,305,1555,5.0983606557377,
2022Q3,,S08000030,,S12000041,,All Inpatients and Day cases,d,1,,467,1556,3.33190578158458,,321,1461,4.55140186915888,
2022Q4,p,S08000030,,S12000041,,All Inpatients and Day cases,d,1,,471,1803,3.82802547770701,,317,1625,5.12618296529968,
2017Q4,,S08000030,,S12000041,,All Inpatients and Day cases,d,2,,1274,5503,4.31946624803768,,885,5651,6.38531073446328,
2018Q1,,S08000030,,S12000041,,All Inpatients and Day cases,d,2,,1360,5111,3.75808823529412,,908,5212,5.74008810572687,
2018Q2,,S08000030,,S12000041,,All Inpatients and Day cases,d,2,,1283,4966,3.87061574434918,,947,5121,5.40760295670539,
2018Q3,,S08000030,,S12000041,,All Inpatients and Day cases,d,2,,1220,4316,3.53770491803279,,866,4711,5.43995381062356,
2018Q4,,S08000030,,S12000041,,All Inpatients and Day cases,d,2,,1116,3876,3.47311827956989,,791,3882,4.90771175726928,
2019Q1,,S08000030,,S12000041,,All Inpatients and Day cases,d,2,,1231,4290,3.48497156783103,,868,4230,4.87327188940092,
2019Q2,,S08000030,,S12000041,,All Inpatients and Day cases,d,2,,1282,4348,3.39157566302652,,930,4288,4.61075268817204,
2019Q3,,S08000030,,S12000041,,All Inpatients and Day cases,d,2,,1300,4796,3.68923076923077,,907,4540,5.00551267916207,
2019Q4,,S08000030,,S12000041,,All Inpatients and Day cases,d,2,,1290,4360,3.37984496124031,,892,4267,4.78363228699552,
2020Q1,,S08000030,,S12000041,,All Inpatients and Day cases,d,2,,1259,4390,3.48689436060365,,903,4683,5.18604651162791,
2020Q2,,S08000030,,S12000041,,All Inpatients and Day cases,d,2,,717,2707,3.77545327754533,,454,2645,5.82599118942731,
2020Q3,,S08000030,,S12000041,,All Inpatients and Day cases,d,2,,1119,4360,3.89633601429848,,753,4276,5.67861885790173,
2020Q4,,S08000030,,S12000041,,All Inpatients and Day cases,d,2,,1205,4384,3.63817427385892,,823,5045,6.13001215066829,
2021Q1,,S08000030,,S12000041,,All Inpatients and Day cases,d,2,,916,3263,3.56222707423581,,617,3222,5.22204213938412,
2021Q2,,S08000030,,S12000041,,All Inpatients and Day cases,d,2,,1069,3683,3.44527595884004,,780,3648,4.67692307692308,
2021Q3,,S08000030,,S12000041,,All Inpatients and Day cases,d,2,,1091,4282,3.92483959670027,,783,4410,5.63218390804598,
2021Q4,,S08000030,,S12000041,,All Inpatients and Day cases,d,2,,1291,4571,3.54066615027111,,864,4364,5.05092592592593,
2022Q1,,S08000030,,S12000041,,All Inpatients and Day cases,d,2,,1213,4629,3.8161582852432,,846,4307,5.09101654846336,
2022Q2,,S08000030,,S12000041,,All Inpatients and Day cases,d,2,,1234,4400,3.56564019448947,,860,4601,5.35,
2022Q3,,S08000030,,S12000041,,All Inpatients and Day cases,d,2,,1290,4898,3.7968992248062,,852,4593,5.39084507042254,
2022Q4,p,S08000030,,S12000041,,All Inpatients and Day cases,d,2,,1315,5169,3.93079847908745,,880,5479,6.22613636363636,
2017Q4,,S08000030,,S12000041,,All Inpatients and Day cases,d,3,,1572,5500,3.49872773536896,,1129,5499,4.87068201948627,
2018Q1,,S08000030,,S12000041,,All Inpatients and Day cases,d,3,,1625,6237,3.83815384615385,,1150,6122,5.32347826086957,
2018Q2,,S08000030,,S12000041,,All Inpatients and Day cases,d,3,,1670,6113,3.66047904191617,,1241,6460,5.2054794520548,
2018Q3,,S08000030,,S12000041,,All Inpatients and Day cases,d,3,,1468,6139,4.18188010899183,,1063,5400,5.07996237064911,
2018Q4,,S08000030,,S12000041,,All Inpatients and Day cases,d,3,,1532,5607,3.65992167101828,,1106,6042,5.4629294755877,
2019Q1,,S08000030,,S12000041,,All Inpatients and Day cases,d,3,,1621,6081,3.75138803207896,,1133,6053,5.34245366284201,
2019Q2,,S08000030,,S12000041,,All Inpatients and Day cases,d,3,,1616,5693,3.52289603960396,,1189,5732,4.82085786375105,
2019Q3,,S08000030,,S12000041,,All Inpatients and Day cases,d,3,,1644,5335,3.24513381995134,,1175,5396,4.59234042553191,
2019Q4,,S08000030,,S12000041,,All Inpatients and Day cases,d,3,,1755,7622,4.34301994301994,,1195,7568,6.33305439330544,
2020Q1,,S08000030,,S12000041,,All Inpatients and Day cases,d,3,,1463,4993,3.41285030758715,,1119,5500,4.91510277033065,
2020Q2,,S08000030,,S12000041,,All Inpatients and Day cases,d,3,,939,3247,3.45793397231097,,618,3181,5.14724919093851,
2020Q3,,S08000030,,S12000041,,All Inpatients and Day cases,d,3,,1353,4431,3.27494456762749,,955,3999,4.18743455497382,
2020Q4,,S08000030,,S12000041,,All Inpatients and Day cases,d,3,,1390,4726,3.4,,997,4682,4.69608826479438,
2021Q1,,S08000030,,S12000041,,All Inpatients and Day cases,d,3,,1303,5012,3.84650805832694,,865,5269,6.09132947976879,
2021Q2,,S08000030,,S12000041,,All Inpatients and Day cases,d,3,,1493,4807,3.21969189551239,,1057,5112,4.83632923368023,
2021Q3,,S08000030,,S12000041,,All Inpatients and Day cases,d,3,,1416,4560,3.22033898305085,,1005,4315,4.29353233830846,
2021Q4,,S08000030,,S12000041,,All Inpatients and Day cases,d,3,,1552,6004,3.86855670103093,,1081,5728,5.29879740980574,
2022Q1,,S08000030,,S12000041,,All Inpatients and Day cases,d,3,,1476,5194,3.5189701897019,,1074,5078,4.72811918063315,
2022Q2,,S08000030,,S12000041,,All Inpatients and Day cases,d,3,,1547,5779,3.73561732385262,,1086,5786,5.32780847145488,
2022Q3,,S08000030,,S12000041,,All Inpatients and Day cases,d,3,,1529,5784,3.78286461739699,,1109,5930,5.34715960324617,
2022Q4,p,S08000030,,S12000041,,All Inpatients and Day cases,d,3,,1559,5769,3.70044900577293,,1119,5557,4.96604110813226,
2017Q4,,S08000030,,S12000041,,All Inpatients and Day cases,d,4,,1508,5696,3.77718832891247,,1091,5784,5.30155820348304,
2018Q1,,S08000030,,S12000041,,All Inpatients and Day cases,d,4,,1488,5964,4.00806451612903,,1052,6225,5.91730038022814,
2018Q2,,S08000030,,S12000041,,All Inpatients and Day cases,d,4,,1421,5291,3.72343420126671,,1062,5523,5.20056497175141,
2018Q3,,S08000030,,S12000041,,All Inpatients and Day cases,d,4,,1386,4602,3.32034632034632,,1043,4721,4.52636625119847,
2018Q4,,S08000030,,S12000041,,All Inpatients and Day cases,d,4,,1516,5526,3.64511873350923,,1111,5320,4.78847884788479,
2019Q1,,S08000030,,S12000041,,All Inpatients and Day cases,d,4,,1561,5300,3.39525944907111,,1185,4551,3.84050632911392,
2019Q2,,S08000030,,S12000041,,All Inpatients and Day cases,d,4,,1684,5496,3.26365795724466,,1235,5464,4.42429149797571,
2019Q3,,S08000030,,S12000041,,All Inpatients and Day cases,d,4,,1513,4999,3.30403172504957,,1159,5169,4.45987920621225,
2019Q4,,S08000030,,S12000041,,All Inpatients and Day cases,d,4,,1627,5066,3.11370620774431,,1182,4834,4.08967851099831,
2020Q1,,S08000030,,S12000041,,All Inpatients and Day cases,d,4,,1498,4881,3.25834445927904,,1120,5029,4.49017857142857,
2020Q2,,S08000030,,S12000041,,All Inpatients and Day cases,d,4,,895,3035,3.39106145251397,,591,2986,5.05245346869712,
2020Q3,,S08000030,,S12000041,,All Inpatients and Day cases,d,4,,1285,4470,3.47859922178988,,883,4429,5.0158550396376,
2020Q4,,S08000030,,S12000041,,All Inpatients and Day cases,d,4,,1298,5067,3.90369799691834,,911,4473,4.90998902305159,
2021Q1,,S08000030,,S12000041,,All Inpatients and Day cases,d,4,,1225,4669,3.81142857142857,,864,4659,5.39236111111111,
2021Q2,,S08000030,,S12000041,,All Inpatients and Day cases,d,4,,1424,4734,3.32443820224719,,1058,4845,4.57939508506616,
2021Q3,,S08000030,,S12000041,,All Inpatients and Day cases,d,4,,1429,4715,3.29951014695591,,1046,4698,4.49139579349904,
2021Q4,,S08000030,,S12000041,,All Inpatients and Day cases,d,4,,1408,4956,3.51988636363636,,1001,4854,4.84915084915085,
2022Q1,,S08000030,,S12000041,,All Inpatients and Day cases,d,4,,1423,4726,3.32115249472944,,1021,4424,4.33300685602351,
2022Q2,,S08000030,,S12000041,,All Inpatients and Day cases,d,4,,1500,4418,2.94533333333333,,1108,4332,3.90974729241877,
2022Q3,,S08000030,,S12000041,,All Inpatients and Day cases,d,4,,1568,5482,3.49617346938776,,1087,5687,5.23183072677093,
2022Q4,p,S08000030,,S12000041,,All Inpatients and Day cases,d,4,,1600,5322,3.32625,,1144,5349,4.6756993006993,
2017Q4,,S08000030,,S12000041,,All Inpatients and Day cases,d,5,,603,2163,3.58706467661692,,441,2085,4.72789115646258,
2018Q1,,S08000030,,S12000041,,All Inpatients and Day cases,d,5,,684,2480,3.62573099415205,,517,2525,4.88394584139265,
2018Q2,,S08000030,,S12000041,,All Inpatients and Day cases,d,5,,601,1994,3.31780366056572,,447,1970,4.40715883668904,
2018Q3,,S08000030,,S12000041,,All Inpatients and Day cases,d,5,,554,1882,3.3971119133574,,414,1905,4.60144927536232,
2018Q4,,S08000030,,S12000041,,All Inpatients and Day cases,d,5,,612,2397,3.91666666666667,,451,2490,5.52106430155211,
2019Q1,,S08000030,,S12000041,,All Inpatients and Day cases,d,5,,649,2482,3.82434514637904,,463,2450,5.29157667386609,
2019Q2,,S08000030,,S12000041,,All Inpatients and Day cases,d,5,,650,2563,3.94307692307692,,494,2503,5.0668016194332,
2019Q3,,S08000030,,S12000041,,All Inpatients and Day cases,d,5,,599,2112,3.52587646076795,,446,2230,5,
2019Q4,,S08000030,,S12000041,,All Inpatients and Day cases,d,5,,590,1712,2.90169491525424,,434,1946,4.48387096774194,
2020Q1,,S08000030,,S12000041,,All Inpatients and Day cases,d,5,,548,1878,3.42700729927007,,418,1936,4.63157894736842,
2020Q2,,S08000030,,S12000041,,All Inpatients and Day cases,d,5,,372,1190,3.1989247311828,,237,1156,4.87763713080169,
2020Q3,,S08000030,,S12000041,,All Inpatients and Day cases,d,5,,488,1626,3.33196721311475,,355,1429,4.02535211267606,
2020Q4,,S08000030,,S12000041,,All Inpatients and Day cases,d,5,,509,2079,4.08447937131631,,353,1836,5.20113314447592,
2021Q1,,S08000030,,S12000041,,All Inpatients and Day cases,d,5,,503,1834,3.64612326043738,,346,2028,5.86127167630058,
2021Q2,,S08000030,,S12000041,,All Inpatients and Day cases,d,5,,489,1872,3.82822085889571,,371,1761,4.7466307277628,
2021Q3,,S08000030,,S12000041,,All Inpatients and Day cases,d,5,,576,1852,3.21527777777778,,412,1664,4.03883495145631,
2021Q4,,S08000030,,S12000041,,All Inpatients and Day cases,d,5,,575,1791,3.11478260869565,,431,2046,4.74709976798144,
2022Q1,,S08000030,,S12000041,,All Inpatients and Day cases,d,5,,526,1656,3.14828897338403,,401,1634,4.07481296758105,
2022Q2,,S08000030,,S12000041,,All Inpatients and Day cases,d,5,,560,1580,2.82142857142857,,411,1547,3.7639902676399,
2022Q3,,S08000030,,S12000041,,All Inpatients and Day cases,d,5,,612,1893,3.09313725490196,,454,1638,3.6079295154185,
2022Q4,p,S08000030,,S12000041,,All Inpatients and Day cases,d,5,,612,2101,3.43300653594771,,451,2297,5.09312638580931,
2017Q4,,S08000030,,S12000042,,All Inpatients and Day cases,d,1,,3080,11785,3.8262987012987,,2075,11689,5.63325301204819,
2018Q1,,S08000030,,S12000042,,All Inpatients and Day cases,d,1,,3036,12343,4.06554677206851,,2039,12472,6.11672388425699,
2018Q2,,S08000030,,S12000042,,All Inpatients and Day cases,d,1,,3030,12106,3.9953795379538,,2133,13184,6.18096577590248,
2018Q3,,S08000030,,S12000042,,All Inpatients and Day cases,d,1,,3002,11591,3.86109260493005,,2099,12825,6.11005240590757,
2018Q4,,S08000030,,S12000042,,All Inpatients and Day cases,d,1,,2914,10245,3.51578586135896,,1991,11277,5.6639879457559,
2019Q1,,S08000030,,S12000042,,All Inpatients and Day cases,d,1,,2992,12041,4.02439839572193,,2058,12641,6.14237123420797,
2019Q2,,S08000030,,S12000042,,All Inpatients and Day cases,d,1,,3029,10634,3.51072961373391,,2119,11411,5.3850873053327,
2019Q3,,S08000030,,S12000042,,All Inpatients and Day cases,d,1,,3053,11803,3.86603340976089,,2129,12341,5.79661813057774,
2019Q4,,S08000030,,S12000042,,All Inpatients and Day cases,d,1,,3059,10808,3.53318077803204,,2089,11217,5.36955481091431,
2020Q1,,S08000030,,S12000042,,All Inpatients and Day cases,d,1,,3013,11444,3.79820776634583,,2098,12201,5.81553860819828,
2020Q2,,S08000030,,S12000042,,All Inpatients and Day cases,d,1,,2144,7571,3.53125,,1398,7743,5.53862660944206,
2020Q3,,S08000030,,S12000042,,All Inpatients and Day cases,d,1,,2581,9101,3.52615265401007,,1815,8986,4.95096418732782,
2020Q4,,S08000030,,S12000042,,All Inpatients and Day cases,d,1,,2693,9988,3.70887486075009,,1859,10010,5.38461538461539,
2021Q1,,S08000030,,S12000042,,All Inpatients and Day cases,d,1,,2498,10488,4.19855884707766,,1689,10349,6.12729425695678,
2021Q2,,S08000030,,S12000042,,All Inpatients and Day cases,d,1,,2663,9420,3.53736387532858,,1896,9309,4.90981012658228,
2021Q3,,S08000030,,S12000042,,All Inpatients and Day cases,d,1,,2822,9840,3.48688873139617,,1967,9648,4.90493136756482,
2021Q4,,S08000030,,S12000042,,All Inpatients and Day cases,d,1,,2817,10422,3.69968051118211,,1929,10328,5.35406946604458,
2022Q1,,S08000030,,S12000042,,All Inpatients and Day cases,d,1,,2837,11388,4.01409940077547,,1962,10352,5.27624872579001,
2022Q2,,S08000030,,S12000042,,All Inpatients and Day cases,d,1,,2810,10738,3.82135231316726,,1965,11455,5.8295165394402,
2022Q3,,S08000030,,S12000042,,All Inpatients and Day cases,d,1,,2941,11607,3.94661679700782,,1980,11510,5.81313131313131,
2022Q4,p,S08000030,,S12000042,,All Inpatients and Day cases,d,1,,2754,11768,4.27305737109659,,1907,11732,6.15207131620346,
2017Q4,,S08000030,,S12000042,,All Inpatients and Day cases,d,2,,1533,6455,4.21069797782127,,1051,6380,6.07040913415794,
2018Q1,,S08000030,,S12000042,,All Inpatients and Day cases,d,2,,1470,6464,4.39727891156463,,1022,6923,6.77397260273973,
2018Q2,,S08000030,,S12000042,,All Inpatients and Day cases,d,2,,1479,5430,3.67139959432049,,1083,5765,5.32317636195753,
2018Q3,,S08000030,,S12000042,,All Inpatients and Day cases,d,2,,1450,5755,3.96896551724138,,1045,6329,6.05645933014354,
2018Q4,,S08000030,,S12000042,,All Inpatients and Day cases,d,2,,1428,5705,3.99509803921569,,988,6161,6.23582995951417,
2019Q1,,S08000030,,S12000042,,All Inpatients and Day cases,d,2,,1474,5808,3.94029850746269,,1022,6491,6.35127201565558,
2019Q2,,S08000030,,S12000042,,All Inpatients and Day cases,d,2,,1432,5520,3.85474860335196,,1020,5697,5.58529411764706,
2019Q3,,S08000030,,S12000042,,All Inpatients and Day cases,d,2,,1494,5899,3.94846050870147,,1074,6219,5.79050279329609,
2019Q4,,S08000030,,S12000042,,All Inpatients and Day cases,d,2,,1575,5472,3.47428571428571,,1084,5739,5.29428044280443,
2020Q1,,S08000030,,S12000042,,All Inpatients and Day cases,d,2,,1534,6070,3.95697522816167,,1094,6731,6.1526508226691,
2020Q2,,S08000030,,S12000042,,All Inpatients and Day cases,d,2,,942,3743,3.97346072186837,,606,3855,6.36138613861386,
2020Q3,,S08000030,,S12000042,,All Inpatients and Day cases,d,2,,1284,4707,3.66588785046729,,885,5262,5.94576271186441,
2020Q4,,S08000030,,S12000042,,All Inpatients and Day cases,d,2,,1280,4759,3.71796875,,910,4926,5.41318681318681,
2021Q1,,S08000030,,S12000042,,All Inpatients and Day cases,d,2,,1190,5008,4.20840336134454,,806,4787,5.93920595533499,
2021Q2,,S08000030,,S12000042,,All Inpatients and Day cases,d,2,,1241,4056,3.26833199033038,,897,4128,4.60200668896321,
2021Q3,,S08000030,,S12000042,,All Inpatients and Day cases,d,2,,1372,6261,4.5634110787172,,929,5946,6.40043057050592,
2021Q4,,S08000030,,S12000042,,All Inpatients and Day cases,d,2,,1353,5385,3.980044345898,,952,5419,5.6922268907563,
2022Q1,,S08000030,,S12000042,,All Inpatients and Day cases,d,2,,1339,6111,4.56385362210605,,934,6157,6.59207708779443,
2022Q2,,S08000030,,S12000042,,All Inpatients and Day cases,d,2,,1359,4798,3.53053715967623,,959,5034,5.24921793534932,
2022Q3,,S08000030,,S12000042,,All Inpatients and Day cases,d,2,,1300,4685,3.60384615384615,,916,4313,4.7085152838428,
2022Q4,p,S08000030,,S12000042,,All Inpatients and Day cases,d,2,,1420,5902,4.15633802816901,,959,5857,6.10740354535975,
2017Q4,,S08000030,,S12000042,,All Inpatients and Day cases,d,3,,687,3388,4.9315866084425,,501,3310,6.60678642714571,
2018Q1,,S08000030,,S12000042,,All Inpatients and Day cases,d,3,,665,2213,3.32781954887218,,475,2454,5.16631578947368,
2018Q2,,S08000030,,S12000042,,All Inpatients and Day cases,d,3,,716,2773,3.87290502793296,,510,3135,6.14705882352941,
2018Q3,,S08000030,,S12000042,,All Inpatients and Day cases,d,3,,655,2404,3.67022900763359,,470,2319,4.93404255319149,
2018Q4,,S08000030,,S12000042,,All Inpatients and Day cases,d,3,,652,2787,4.27453987730061,,480,2950,6.14583333333333,
2019Q1,,S08000030,,S12000042,,All Inpatients and Day cases,d,3,,684,2872,4.19883040935673,,495,2969,5.9979797979798,
2019Q2,,S08000030,,S12000042,,All Inpatients and Day cases,d,3,,646,2408,3.72755417956656,,459,2643,5.75816993464052,
2019Q3,,S08000030,,S12000042,,All Inpatients and Day cases,d,3,,657,2748,4.18264840182648,,464,2823,6.08405172413793,
2019Q4,,S08000030,,S12000042,,All Inpatients and Day cases,d,3,,637,2632,4.13186813186813,,456,2907,6.375,
2020Q1,,S08000030,,S12000042,,All Inpatients and Day cases,d,3,,716,2997,4.18575418994413,,511,2948,5.76908023483366,
2020Q2,,S08000030,,S12000042,,All Inpatients and Day cases,d,3,,418,2345,5.61004784688995,,272,1803,6.62867647058824,
2020Q3,,S08000030,,S12000042,,All Inpatients and Day cases,d,3,,516,1996,3.86821705426357,,360,2037,5.65833333333333,
2020Q4,,S08000030,,S12000042,,All Inpatients and Day cases,d,3,,592,2394,4.04391891891892,,408,2400,5.88235294117647,
2021Q1,,S08000030,,S12000042,,All Inpatients and Day cases,d,3,,526,2025,3.84980988593156,,356,1885,5.29494382022472,
2021Q2,,S08000030,,S12000042,,All Inpatients and Day cases,d,3,,633,2392,3.77883096366509,,454,2361,5.20044052863436,
2021Q3,,S08000030,,S12000042,,All Inpatients and Day cases,d,3,,630,2907,4.61428571428571,,443,2724,6.1489841986456,
2021Q4,,S08000030,,S12000042,,All Inpatients and Day cases,d,3,,631,2557,4.05229793977813,,465,2545,5.47311827956989,
2022Q1,,S08000030,,S12000042,,All Inpatients and Day cases,d,3,,642,2351,3.6619937694704,,458,2509,5.47816593886463,
2022Q2,,S08000030,,S12000042,,All Inpatients and Day cases,d,3,,686,2871,4.18513119533528,,464,2830,6.09913793103448,
2022Q3,,S08000030,,S12000042,,All Inpatients and Day cases,d,3,,636,2429,3.81918238993711,,442,2439,5.51809954751131,
2022Q4,p,S08000030,,S12000042,,All Inpatients and Day cases,d,3,,630,2562,4.06666666666667,,435,2325,5.3448275862069,
2017Q4,,S08000030,,S12000042,,All Inpatients and Day cases,d,4,,900,3954,4.39333333333333,,626,4211,6.72683706070288,
2018Q1,,S08000030,,S12000042,,All Inpatients and Day cases,d,4,,937,3710,3.95944503735326,,659,3594,5.45371775417299,
2018Q2,,S08000030,,S12000042,,All Inpatients and Day cases,d,4,,909,3437,3.78107810781078,,668,3330,4.98502994011976,
2018Q3,,S08000030,,S12000042,,All Inpatients and Day cases,d,4,,880,3435,3.90340909090909,,642,3139,4.88940809968847,
2018Q4,,S08000030,,S12000042,,All Inpatients and Day cases,d,4,,869,4201,4.83429228998849,,595,3931,6.60672268907563,
2019Q1,,S08000030,,S12000042,,All Inpatients and Day cases,d,4,,946,4339,4.58668076109937,,662,4663,7.04380664652568,
2019Q2,,S08000030,,S12000042,,All Inpatients and Day cases,d,4,,982,3555,3.62016293279022,,696,3428,4.92528735632184,
2019Q3,,S08000030,,S12000042,,All Inpatients and Day cases,d,4,,846,2982,3.52482269503546,,621,2971,4.78421900161031,
2019Q4,,S08000030,,S12000042,,All Inpatients and Day cases,d,4,,902,3591,3.98115299334812,,649,3464,5.33744221879815,
2020Q1,,S08000030,,S12000042,,All Inpatients and Day cases,d,4,,939,3538,3.7678381256656,,678,3653,5.38790560471976,
2020Q2,,S08000030,,S12000042,,All Inpatients and Day cases,d,4,,649,2293,3.53312788906009,,444,2251,5.06981981981982,
2020Q3,,S08000030,,S12000042,,All Inpatients and Day cases,d,4,,762,3159,4.14566929133858,,536,2994,5.58582089552239,
2020Q4,,S08000030,,S12000042,,All Inpatients and Day cases,d,4,,858,3366,3.92307692307692,,615,3291,5.35121951219512,
2021Q1,,S08000030,,S12000042,,All Inpatients and Day cases,d,4,,820,3058,3.72926829268293,,583,3128,5.36535162950257,
2021Q2,,S08000030,,S12000042,,All Inpatients and Day cases,d,4,,799,2607,3.26282853566959,,579,2629,4.5405872193437,
2021Q3,,S08000030,,S12000042,,All Inpatients and Day cases,d,4,,843,3828,4.54092526690391,,610,3699,6.06393442622951,
2021Q4,,S08000030,,S12000042,,All Inpatients and Day cases,d,4,,918,3820,4.16122004357298,,639,3727,5.83255086071987,
2022Q1,,S08000030,,S12000042,,All Inpatients and Day cases,d,4,,931,3964,4.2577873254565,,672,3871,5.76041666666667,
2022Q2,,S08000030,,S12000042,,All Inpatients and Day cases,d,4,,902,3133,3.47339246119734,,651,2772,4.25806451612903,
2022Q3,,S08000030,,S12000042,,All Inpatients and Day cases,d,4,,852,3462,4.06338028169014,,619,3302,5.33441033925687,
2022Q4,p,S08000030,,S12000042,,All Inpatients and Day cases,d,4,,971,4486,4.61997940267765,,689,4500,6.53120464441219,
2017Q4,,S08000030,,S12000042,,All Inpatients and Day cases,d,5,,1107,4177,3.77326106594399,,784,4316,5.50510204081633,
2018Q1,,S08000030,,S12000042,,All Inpatients and Day cases,d,5,,1100,4443,4.03909090909091,,803,5166,6.43337484433375,
2018Q2,,S08000030,,S12000042,,All Inpatients and Day cases,d,5,,965,6768,7.01347150259067,,729,6657,9.13168724279835,
2018Q3,,S08000030,,S12000042,,All Inpatients and Day cases,d,5,,911,3539,3.8847420417124,,680,3573,5.25441176470588,
2018Q4,,S08000030,,S12000042,,All Inpatients and Day cases,d,5,,995,3830,3.84924623115578,,712,4016,5.64044943820225,
2019Q1,,S08000030,,S12000042,,All Inpatients and Day cases,d,5,,966,3797,3.93064182194617,,688,3402,4.94476744186047,
2019Q2,,S08000030,,S12000042,,All Inpatients and Day cases,d,5,,1007,3777,3.75074478649454,,721,3919,5.43550624133148,
2019Q3,,S08000030,,S12000042,,All Inpatients and Day cases,d,5,,1042,4146,3.978886756238,,744,4243,5.70295698924731,
2019Q4,,S08000030,,S12000042,,All Inpatients and Day cases,d,5,,1046,4587,4.38527724665392,,720,5172,7.18333333333333,
2020Q1,,S08000030,,S12000042,,All Inpatients and Day cases,d,5,,994,3651,3.67303822937626,,735,3533,4.80680272108844,
2020Q2,,S08000030,,S12000042,,All Inpatients and Day cases,d,5,,604,2301,3.80960264900662,,416,2408,5.78846153846154,
2020Q3,,S08000030,,S12000042,,All Inpatients and Day cases,d,5,,841,2893,3.43995243757432,,623,2897,4.65008025682183,
2020Q4,,S08000030,,S12000042,,All Inpatients and Day cases,d,5,,949,3133,3.3013698630137,,670,3028,4.51940298507463,
2021Q1,,S08000030,,S12000042,,All Inpatients and Day cases,d,5,,861,3713,4.31242740998839,,608,3884,6.38815789473684,
2021Q2,,S08000030,,S12000042,,All Inpatients and Day cases,d,5,,847,2853,3.36835891381346,,613,2871,4.68352365415987,
2021Q3,,S08000030,,S12000042,,All Inpatients and Day cases,d,5,,794,3768,4.7455919395466,,595,3631,6.10252100840336,
2021Q4,,S08000030,,S12000042,,All Inpatients and Day cases,d,5,,972,3968,4.08230452674897,,716,3748,5.23463687150838,
2022Q1,,S08000030,,S12000042,,All Inpatients and Day cases,d,5,,896,3468,3.87053571428571,,695,3662,5.26906474820144,
2022Q2,,S08000030,,S12000042,,All Inpatients and Day cases,d,5,,975,4512,4.62769230769231,,709,4534,6.39492242595205,
2022Q3,,S08000030,,S12000042,,All Inpatients and Day cases,d,5,,992,3537,3.56552419354839,,694,3601,5.18876080691643,
2022Q4,p,S08000030,,S12000042,,All Inpatients and Day cases,d,5,,1063,5011,4.7140169332079,,778,5252,6.75064267352185,
2017Q4,,S08000030,,S08000030,d,All Inpatients and Day cases,d,1,,4090,14968,3.65965770171149,,2778,14870,5.35277177825774,
2018Q1,,S08000030,,S08000030,d,All Inpatients and Day cases,d,1,,3998,15820,3.95697848924462,,2730,16344,5.98681318681319,
2018Q2,,S08000030,,S08000030,d,All Inpatients and Day cases,d,1,,3922,15882,4.04946455889852,,2798,16446,5.87776983559685,
2018Q3,,S08000030,,S08000030,d,All Inpatients and Day cases,d,1,,3950,14495,3.66962025316456,,2796,15976,5.71387696709585,
2018Q4,,S08000030,,S08000030,d,All Inpatients and Day cases,d,1,,3815,13226,3.46684141546527,,2647,14658,5.53758972421609,
2019Q1,,S08000030,,S08000030,d,All Inpatients and Day cases,d,1,,4010,15448,3.85236907730673,,2777,16346,5.88620813827872,
2019Q2,,S08000030,,S08000030,d,All Inpatients and Day cases,d,1,,4015,13329,3.31980074719801,,2778,13977,5.03131749460043,
2019Q3,,S08000030,,S08000030,d,All Inpatients and Day cases,d,1,,4007,14623,3.64936361367607,,2796,15113,5.4052217453505,
2019Q4,,S08000030,,S08000030,d,All Inpatients and Day cases,d,1,,4009,13432,3.35046146171115,,2766,13904,5.02675343456255,
2020Q1,,S08000030,,S08000030,d,All Inpatients and Day cases,d,1,,3982,14483,3.63711702661979,,2757,15304,5.55096118969895,
2020Q2,,S08000030,,S08000030,d,All Inpatients and Day cases,d,1,,2739,9178,3.350857977364,,1758,9367,5.32821387940842,
2020Q3,,S08000030,,S08000030,d,All Inpatients and Day cases,d,1,,3369,11596,3.44197091124963,,2335,11322,4.84882226980728,
2020Q4,,S08000030,,S08000030,d,All Inpatients and Day cases,d,1,,3540,12947,3.65734463276836,,2418,13002,5.37717121588089,
2021Q1,,S08000030,,S08000030,d,All Inpatients and Day cases,d,1,,3355,13957,4.16005961251863,,2212,13586,6.14195298372514,
2021Q2,,S08000030,,S08000030,d,All Inpatients and Day cases,d,1,,3644,12237,3.35812294182217,,2549,12254,4.80737544134955,
2021Q3,,S08000030,,S08000030,d,All Inpatients and Day cases,d,1,,3672,12983,3.53567538126362,,2541,12656,4.98071625344353,
2021Q4,,S08000030,,S08000030,d,All Inpatients and Day cases,d,1,,3740,13795,3.68850267379679,,2566,13869,5.40491036632892,
2022Q1,,S08000030,,S08000030,d,All Inpatients and Day cases,d,1,,3760,14731,3.91781914893617,,2593,13350,5.14847666795218,
2022Q2,,S08000030,,S08000030,d,All Inpatients and Day cases,d,1,,3749,14232,3.79621232328621,,2613,15199,5.81668580176043,
2022Q3,,S08000030,,S08000030,d,All Inpatients and Day cases,d,1,,3943,15074,3.82297742835404,,2654,15033,5.66428033157498,
2022Q4,p,S08000030,,S08000030,d,All Inpatients and Day cases,d,1,,3805,15908,4.180814717477,,2589,15718,6.07106991116261,
2017Q4,,S08000030,,S08000030,d,All Inpatients and Day cases,d,2,,3810,15135,3.97244094488189,,2627,15653,5.95850780357823,
2018Q1,,S08000030,,S08000030,d,All Inpatients and Day cases,d,2,,3837,15074,3.92859004430545,,2646,15802,5.97203325774754,
2018Q2,,S08000030,,S08000030,d,All Inpatients and Day cases,d,2,,3700,13471,3.64081081081081,,2693,14585,5.4158930560713,
2018Q3,,S08000030,,S08000030,d,All Inpatients and Day cases,d,2,,3614,13848,3.83176535694521,,2569,14596,5.68158816660179,
2018Q4,,S08000030,,S08000030,d,All Inpatients and Day cases,d,2,,3540,13529,3.82175141242938,,2469,14662,5.93843661401377,
2019Q1,,S08000030,,S08000030,d,All Inpatients and Day cases,d,2,,3671,13217,3.6003813674748,,2578,14200,5.50814584949573,
2019Q2,,S08000030,,S08000030,d,All Inpatients and Day cases,d,2,,3855,13539,3.51206225680934,,2694,14149,5.25204157386785,
2019Q3,,S08000030,,S08000030,d,All Inpatients and Day cases,d,2,,3917,14534,3.71049272402349,,2706,14653,5.4150036954915,
2019Q4,,S08000030,,S08000030,d,All Inpatients and Day cases,d,2,,4020,14142,3.51791044776119,,2741,14677,5.35461510397665,
2020Q1,,S08000030,,S08000030,d,All Inpatients and Day cases,d,2,,3936,13833,3.51448170731707,,2766,14938,5.40057845263919,
2020Q2,,S08000030,,S08000030,d,All Inpatients and Day cases,d,2,,2581,9276,3.59395583107323,,1615,9392,5.81547987616099,
2020Q3,,S08000030,,S08000030,d,All Inpatients and Day cases,d,2,,3432,12046,3.50990675990676,,2298,12409,5.39991296779809,
2020Q4,,S08000030,,S08000030,d,All Inpatients and Day cases,d,2,,3615,13117,3.62849239280775,,2436,14002,5.74794745484401,
2021Q1,,S08000030,,S08000030,d,All Inpatients and Day cases,d,2,,3153,12217,3.87472248652077,,2038,11890,5.83415112855741,
2021Q2,,S08000030,,S08000030,d,All Inpatients and Day cases,d,2,,3354,11272,3.36076326774001,,2353,11313,4.80790480237994,
2021Q3,,S08000030,,S08000030,d,All Inpatients and Day cases,d,2,,3520,14846,4.21761363636364,,2372,14864,6.26644182124789,
2021Q4,,S08000030,,S08000030,d,All Inpatients and Day cases,d,2,,3648,13584,3.72368421052632,,2465,13207,5.3578093306288,
2022Q1,,S08000030,,S08000030,d,All Inpatients and Day cases,d,2,,3676,14487,3.94096844396083,,2513,14147,5.62952646239554,
2022Q2,,S08000030,,S08000030,d,All Inpatients and Day cases,d,2,,3800,14645,3.85394736842105,,2563,15030,5.86422161529458,
2022Q3,,S08000030,,S08000030,d,All Inpatients and Day cases,d,2,,3789,14731,3.88783320137239,,2504,14039,5.60662939297125,
2022Q4,p,S08000030,,S08000030,d,All Inpatients and Day cases,d,2,,3865,14994,3.87943078913325,,2586,15213,5.88283062645012,
2017Q4,,S08000030,,S08000030,d,All Inpatients and Day cases,d,3,,3797,14416,3.79668159072952,,2743,15318,5.58439664600802,
2018Q1,,S08000030,,S08000030,d,All Inpatients and Day cases,d,3,,3830,14251,3.72088772845953,,2731,15134,5.54155986818015,
2018Q2,,S08000030,,S08000030,d,All Inpatients and Day cases,d,3,,4015,14407,3.58829389788294,,2916,15449,5.2980109739369,
2018Q3,,S08000030,,S08000030,d,All Inpatients and Day cases,d,3,,3765,13910,3.69455511288181,,2711,14179,5.23017336776097,
2018Q4,,S08000030,,S08000030,d,All Inpatients and Day cases,d,3,,3876,13917,3.5905572755418,,2757,15566,5.64599202031193,
2019Q1,,S08000030,,S08000030,d,All Inpatients and Day cases,d,3,,3962,14944,3.7718324078748098,,2775,15674,5.64828828828829,
2019Q2,,S08000030,,S08000030,d,All Inpatients and Day cases,d,3,,4075,13752,3.37472392638037,,2824,14881,5.26947592067989,
2019Q3,,S08000030,,S08000030,d,All Inpatients and Day cases,d,3,,4276,14007,3.27572497661366,,2932,14708,5.01637107776262,
2019Q4,,S08000030,,S08000030,d,All Inpatients and Day cases,d,3,,4415,16898,3.82740656851642,,2956,17571,5.94418132611637,
2020Q1,,S08000030,,S08000030,d,All Inpatients and Day cases,d,3,,4062,14407,3.54677498769079,,2868,15932,5.55509065550907,
2020Q2,,S08000030,,S08000030,d,All Inpatients and Day cases,d,3,,2631,10285,3.90916001520334,,1647,9757,5.92410443230115,
2020Q3,,S08000030,,S08000030,d,All Inpatients and Day cases,d,3,,3672,11763,3.20343137254902,,2430,11678,4.80576131687243,
2020Q4,,S08000030,,S08000030,d,All Inpatients and Day cases,d,3,,3698,12905,3.48972417522985,,2481,12525,5.04836759371221,
2021Q1,,S08000030,,S08000030,d,All Inpatients and Day cases,d,3,,3403,12971,3.81163679106671,,2209,13672,6.18922589406971,
2021Q2,,S08000030,,S08000030,d,All Inpatients and Day cases,d,3,,3891,14070,3.61603700848111,,2651,14542,5.48547717842324,
2021Q3,,S08000030,,S08000030,d,All Inpatients and Day cases,d,3,,3730,13995,3.75201072386059,,2532,13581,5.36374407582938,
2021Q4,,S08000030,,S08000030,d,All Inpatients and Day cases,d,3,,3911,15803,4.04065456405012,,2655,15445,5.81732580037665,
2022Q1,,S08000030,,S08000030,d,All Inpatients and Day cases,d,3,,3822,13781,3.60570381998953,,2679,14550,5.43113101903695,
2022Q2,,S08000030,,S08000030,d,All Inpatients and Day cases,d,3,,4070,15766,3.87371007371007,,2798,15794,5.64474624731951,
2022Q3,,S08000030,,S08000030,d,All Inpatients and Day cases,d,3,,3983,14486,3.63695706753703,,2798,14951,5.34345961401001,
2022Q4,p,S08000030,,S08000030,d,All Inpatients and Day cases,d,3,,4176,15901,3.80771072796935,,2855,14988,5.24973730297723,
2017Q4,,S08000030,,S08000030,d,All Inpatients and Day cases,d,4,,4849,18032,3.71870488760569,,3470,19261,5.5507204610951,
2018Q1,,S08000030,,S08000030,d,All Inpatients and Day cases,d,4,,4847,18295,3.77449969053023,,3445,19985,5.8011611030479,
2018Q2,,S08000030,,S08000030,d,All Inpatients and Day cases,d,4,,4541,16194,3.56617485135433,,3402,18210,5.35273368606702,
2018Q3,,S08000030,,S08000030,d,All Inpatients and Day cases,d,4,,4400,14797,3.36295454545455,,3271,15612,4.77285233873433,
2018Q4,,S08000030,,S08000030,d,All Inpatients and Day cases,d,4,,4749,17163,3.6140240050537,,3420,17508,5.11929824561404,
2019Q1,,S08000030,,S08000030,d,All Inpatients and Day cases,d,4,,4883,17154,3.51300430063486,,3584,17469,4.87416294642857,
2019Q2,,S08000030,,S08000030,d,All Inpatients and Day cases,d,4,,5364,17116,3.19090231170768,,3753,18001,4.79642952304823,
2019Q3,,S08000030,,S08000030,d,All Inpatients and Day cases,d,4,,4871,15746,3.23260110860193,,3493,16363,4.68451188090467,
2019Q4,,S08000030,,S08000030,d,All Inpatients and Day cases,d,4,,5375,17799,3.31144186046512,,3674,18299,4.98067501360915,
2020Q1,,S08000030,,S08000030,d,All Inpatients and Day cases,d,4,,5225,18592,3.55827751196172,,3660,20303,5.54726775956284,
2020Q2,,S08000030,,S08000030,d,All Inpatients and Day cases,d,4,,3341,11287,3.37832984136486,,2120,11919,5.62216981132075,
2020Q3,,S08000030,,S08000030,d,All Inpatients and Day cases,d,4,,4426,15163,3.42589245368278,,2926,15272,5.21941216678059,
2020Q4,,S08000030,,S08000030,d,All Inpatients and Day cases,d,4,,4610,16133,3.49956616052061,,3108,15329,4.93211068211068,
2021Q1,,S08000030,,S08000030,d,All Inpatients and Day cases,d,4,,4388,15689,3.57543299908842,,2901,15916,5.48638400551534,
2021Q2,,S08000030,,S08000030,d,All Inpatients and Day cases,d,4,,4626,15427,3.33484651967142,,3274,16198,4.94746487477092,
2021Q3,,S08000030,,S08000030,d,All Inpatients and Day cases,d,4,,4610,16354,3.54750542299349,,3204,16656,5.19850187265918,
2021Q4,,S08000030,,S08000030,d,All Inpatients and Day cases,d,4,,4996,18784,3.75980784627702,,3370,18779,5.57240356083086,
2022Q1,,S08000030,,S08000030,d,All Inpatients and Day cases,d,4,,4968,19059,3.83635265700483,,3453,19028,5.51057051838981,
2022Q2,,S08000030,,S08000030,d,All Inpatients and Day cases,d,4,,5077,18198,3.58440023636006,,3575,17360,4.85594405594406,
2022Q3,,S08000030,,S08000030,d,All Inpatients and Day cases,d,4,,5374,20711,3.85392631187198,,3608,20433,5.66324833702882,
2022Q4,p,S08000030,,S08000030,d,All Inpatients and Day cases,d,4,,5470,20059,3.66709323583181,,3768,20936,5.55626326963907,
2017Q4,,S08000030,,S08000030,d,All Inpatients and Day cases,d,5,,3229,11756,3.64075565190461,,2340,12735,5.44230769230769,
2018Q1,,S08000030,,S08000030,d,All Inpatients and Day cases,d,5,,3239,12171,3.75764124729855,,2391,13385,5.59807611877875,
2018Q2,,S08000030,,S08000030,d,All Inpatients and Day cases,d,5,,3065,13882,4.52920065252855,,2251,14375,6.38605064415815,
2018Q3,,S08000030,,S08000030,d,All Inpatients and Day cases,d,5,,2811,9997,3.55638562789043,,2060,10598,5.14466019417476,
2018Q4,,S08000030,,S08000030,d,All Inpatients and Day cases,d,5,,3086,11316,3.66688269604666,,2218,12000,5.41027953110911,
2019Q1,,S08000030,,S08000030,d,All Inpatients and Day cases,d,5,,3134,11760,3.75239310784939,,2252,11916,5.29129662522203,
2019Q2,,S08000030,,S08000030,d,All Inpatients and Day cases,d,5,,3357,11882,3.53946976467084,,2366,11856,5.01098901098901,
2019Q3,,S08000030,,S08000030,d,All Inpatients and Day cases,d,5,,3341,12168,3.6420233463035,,2329,12347,5.30141691713182,
2019Q4,,S08000030,,S08000030,d,All Inpatients and Day cases,d,5,,3431,12712,3.70504226173127,,2354,13935,5.9197111299915,
2020Q1,,S08000030,,S08000030,d,All Inpatients and Day cases,d,5,,3306,12157,3.6772534785239,,2324,12714,5.47074010327022,
2020Q2,,S08000030,,S08000030,d,All Inpatients and Day cases,d,5,,2168,7818,3.60608856088561,,1371,8685,6.33479212253829,
2020Q3,,S08000030,,S08000030,d,All Inpatients and Day cases,d,5,,2921,9277,3.17596713454296,,1998,9871,4.94044044044044,
2020Q4,,S08000030,,S08000030,d,All Inpatients and Day cases,d,5,,3090,10326,3.34174757281553,,2095,10089,4.81575178997613,
2021Q1,,S08000030,,S08000030,d,All Inpatients and Day cases,d,5,,2799,10567,3.77527688460164,,1853,10889,5.87641662169455,
2021Q2,,S08000030,,S08000030,d,All Inpatients and Day cases,d,5,,2910,9637,3.31168384879725,,2046,9584,4.68426197458456,
2021Q3,,S08000030,,S08000030,d,All Inpatients and Day cases,d,5,,2931,11607,3.96008188331627,,2022,11179,5.52868447082097,
2021Q4,,S08000030,,S08000030,d,All Inpatients and Day cases,d,5,,3175,11993,3.77732283464567,,2270,12404,5.46431718061674,
2022Q1,,S08000030,,S08000030,d,All Inpatients and Day cases,d,5,,3027,10983,3.62834489593657,,2165,11363,5.24849884526559,
2022Q2,,S08000030,,S08000030,d,All Inpatients and Day cases,d,5,,3173,13290,4.18846517491333,,2248,13472,5.99288256227758,
2022Q3,,S08000030,,S08000030,d,All Inpatients and Day cases,d,5,,3346,12549,3.7504482964734,,2292,12347,5.3869982547993,
2022Q4,p,S08000030,,S08000030,d,All Inpatients and Day cases,d,5,,3483,14903,4.27878265862762,,2448,15856,6.47712418300654,
2022Q4,p,S08000030,,S08000030,d,All Inpatients and Day cases,d,,:,0,0,,z,0,0,,z
2017Q4,,S08000030,,S12000048,,All Inpatients and Day cases,d,1,,506,1361,2.6897233201581,,375,1292,3.44533333333333,
2018Q1,,S08000030,,S12000048,,All Inpatients and Day cases,d,1,,508,1586,3.12204724409449,,376,1789,4.75797872340426,
2018Q2,,S08000030,,S12000048,,All Inpatients and Day cases,d,1,,468,1837,3.92521367521368,,354,1469,4.14971751412429,
2018Q3,,S08000030,,S12000048,,All Inpatients and Day cases,d,1,,530,1536,2.89811320754717,,398,1646,4.1356783919598,
2018Q4,,S08000030,,S12000048,,All Inpatients and Day cases,d,1,,514,1672,3.25291828793774,,369,1782,4.82926829268293,
2019Q1,,S08000030,,S12000048,,All Inpatients and Day cases,d,1,,569,2076,3.64850615114235,,401,2252,5.61596009975062,
2019Q2,,S08000030,,S12000048,,All Inpatients and Day cases,d,1,,531,1474,2.7758945386064,,345,1438,4.16811594202899,
2019Q3,,S08000030,,S12000048,,All Inpatients and Day cases,d,1,,573,1528,2.66666666666667,,394,1487,3.7741116751269,
2019Q4,,S08000030,,S12000048,,All Inpatients and Day cases,d,1,,568,1489,2.62147887323944,,387,1577,4.0749354005168,
2020Q1,,S08000030,,S12000048,,All Inpatients and Day cases,d,1,,567,1531,2.70017636684303,,353,1609,4.55807365439093,
2020Q2,,S08000030,,S12000048,,All Inpatients and Day cases,d,1,,381,949,2.49081364829396,,221,921,4.16742081447964,
2020Q3,,S08000030,,S12000048,,All Inpatients and Day cases,d,1,,435,1250,2.8735632183908,,290,1168,4.02758620689655,
2020Q4,,S08000030,,S12000048,,All Inpatients and Day cases,d,1,,424,1419,3.34669811320755,,269,1402,5.21189591078067,
2021Q1,,S08000030,,S12000048,,All Inpatients and Day cases,d,1,,491,1940,3.95112016293279,,299,1788,5.97993311036789,
2021Q2,,S08000030,,S12000048,,All Inpatients and Day cases,d,1,,551,1598,2.90018148820327,,342,1767,5.16666666666667,
2021Q3,,S08000030,,S12000048,,All Inpatients and Day cases,d,1,,457,2100,4.59518599562363,,297,1937,6.52188552188552,
2021Q4,,S08000030,,S12000048,,All Inpatients and Day cases,d,1,,484,1585,3.27479338842975,,326,1749,5.36503067484663,
2022Q1,,S08000030,,S12000048,,All Inpatients and Day cases,d,1,,478,1859,3.88912133891213,,326,1661,5.09509202453988,
2022Q2,,S08000030,,S12000048,,All Inpatients and Day cases,d,1,,514,2071,4.02918287937743,,343,2189,6.38192419825073,
2022Q3,,S08000030,,S12000048,,All Inpatients and Day cases,d,1,,535,1911,3.57196261682243,,353,2062,5.8413597733711,
2022Q4,p,S08000030,,S12000048,,All Inpatients and Day cases,d,1,,580,2337,4.02931034482759,,365,2361,6.46849315068493,
2017Q4,,S08000030,,S12000048,,All Inpatients and Day cases,d,2,,1003,3177,3.16749750747757,,691,3622,5.24167872648336,
2018Q1,,S08000030,,S12000048,,All Inpatients and Day cases,d,2,,1007,3499,3.4746772591857,,716,3667,5.12150837988827,
2018Q2,,S08000030,,S12000048,,All Inpatients and Day cases,d,2,,938,3075,3.27825159914712,,663,3699,5.57918552036199,
2018Q3,,S08000030,,S12000048,,All Inpatients and Day cases,d,2,,944,3777,4.0010593220339,,658,3556,5.40425531914894,
2018Q4,,S08000030,,S12000048,,All Inpatients and Day cases,d,2,,996,3948,3.96385542168675,,690,4619,6.69420289855072,
2019Q1,,S08000030,,S12000048,,All Inpatients and Day cases,d,2,,966,3119,3.2287784679089,,688,3479,5.05668604651163,
2019Q2,,S08000030,,S12000048,,All Inpatients and Day cases,d,2,,1141,3671,3.21735319894829,,744,4164,5.59677419354839,
2019Q3,,S08000030,,S12000048,,All Inpatients and Day cases,d,2,,1123,3839,3.41852181656278,,725,3894,5.37103448275862,
2019Q4,,S08000030,,S12000048,,All Inpatients and Day cases,d,2,,1155,4310,3.73160173160173,,765,4671,6.10588235294118,
2020Q1,,S08000030,,S12000048,,All Inpatients and Day cases,d,2,,1143,3373,2.95100612423447,,769,3524,4.58257477243173,
2020Q2,,S08000030,,S12000048,,All Inpatients and Day cases,d,2,,922,2826,3.06507592190889,,555,2892,5.21081081081081,
2020Q3,,S08000030,,S12000048,,All Inpatients and Day cases,d,2,,1029,2979,2.89504373177843,,660,2871,4.35,
2020Q4,,S08000030,,S12000048,,All Inpatients and Day cases,d,2,,1130,3974,3.51681415929204,,703,4031,5.73399715504979,
2021Q1,,S08000030,,S12000048,,All Inpatients and Day cases,d,2,,1047,3946,3.76886341929322,,615,3881,6.3105691056910604,
2021Q2,,S08000030,,S12000048,,All Inpatients and Day cases,d,2,,1044,3533,3.38409961685824,,676,3537,5.23224852071006,
2021Q3,,S08000030,,S12000048,,All Inpatients and Day cases,d,2,,1057,4303,4.07095553453169,,660,4508,6.83030303030303,
2021Q4,,S08000030,,S12000048,,All Inpatients and Day cases,d,2,,1004,3628,3.61354581673307,,649,3424,5.27580893682589,
2022Q1,,S08000030,,S12000048,,All Inpatients and Day cases,d,2,,1124,3747,3.33362989323843,,733,3683,5.02455661664393,
2022Q2,,S08000030,,S12000048,,All Inpatients and Day cases,d,2,,1207,5447,4.51284175642088,,744,5395,7.2513440860215,
2022Q3,,S08000030,,S12000048,,All Inpatients and Day cases,d,2,,1199,5148,4.29357798165138,,736,5133,6.9741847826087,
2022Q4,p,S08000030,,S12000048,,All Inpatients and Day cases,d,2,,1130,3923,3.4716814159292,,747,3877,5.190093708166,
2017Q4,,S08000030,,S12000048,,All Inpatients and Day cases,d,3,,1538,5528,3.59427828348505,,1113,6509,5.848158131177,
2018Q1,,S08000030,,S12000048,,All Inpatients and Day cases,d,3,,1540,5801,3.76688311688312,,1106,6558,5.92947558770344,
2018Q2,,S08000030,,S12000048,,All Inpatients and Day cases,d,3,,1629,5521,3.38919582565991,,1165,5854,5.02489270386266,
2018Q3,,S08000030,,S12000048,,All Inpatients and Day cases,d,3,,1642,5367,3.26857490864799,,1178,6460,5.48387096774194,
2018Q4,,S08000030,,S12000048,,All Inpatients and Day cases,d,3,,1692,5523,3.26418439716312,,1171,6574,5.61400512382579,
2019Q1,,S08000030,,S12000048,,All Inpatients and Day cases,d,3,,1657,5991,3.61557030778515,,1147,6652,5.79947689625109,
2019Q2,,S08000030,,S12000048,,All Inpatients and Day cases,d,3,,1813,5651,3.1169332597904,,1176,6506,5.53231292517007,
2019Q3,,S08000030,,S12000048,,All Inpatients and Day cases,d,3,,1975,5924,2.99949367088608,,1293,6489,5.01856148491879,
2019Q4,,S08000030,,S12000048,,All Inpatients and Day cases,d,3,,2023,6644,3.28423133959466,,1305,7096,5.43754789272031,
2020Q1,,S08000030,,S12000048,,All Inpatients and Day cases,d,3,,1883,6417,3.40785979819437,,1238,7484,6.04523424878837,
2020Q2,,S08000030,,S12000048,,All Inpatients and Day cases,d,3,,1274,4693,3.68367346938776,,757,4773,6.30515191545575,
2020Q3,,S08000030,,S12000048,,All Inpatients and Day cases,d,3,,1803,5336,2.95951192457016,,1115,5642,5.06008968609865,
2020Q4,,S08000030,,S12000048,,All Inpatients and Day cases,d,3,,1716,5785,3.37121212121212,,1076,5443,5.05855018587361,
2021Q1,,S08000030,,S12000048,,All Inpatients and Day cases,d,3,,1574,5934,3.7700127064803,,988,6518,6.59716599190283,
2021Q2,,S08000030,,S12000048,,All Inpatients and Day cases,d,3,,1765,6871,3.8929178470255,,1140,7069,6.20087719298246,
2021Q3,,S08000030,,S12000048,,All Inpatients and Day cases,d,3,,1684,6528,3.87648456057007,,1084,6542,6.0350553505535,
2021Q4,,S08000030,,S12000048,,All Inpatients and Day cases,d,3,,1728,7242,4.19097222222222,,1109,7172,6.46708746618575,
2022Q1,,S08000030,,S12000048,,All Inpatients and Day cases,d,3,,1704,6236,3.65962441314554,,1147,6963,6.07061900610288,
2022Q2,,S08000030,,S12000048,,All Inpatients and Day cases,d,3,,1837,7116,3.87370713119216,,1248,7178,5.75160256410256,
2022Q3,,S08000030,,S12000048,,All Inpatients and Day cases,d,3,,1818,6273,3.45049504950495,,1247,6582,5.27826784282277,
2022Q4,p,S08000030,,S12000048,,All Inpatients and Day cases,d,3,,1987,7570,3.80976346250629,,1301,7106,5.4619523443505,
2017Q4,,S08000030,,S12000048,,All Inpatients and Day cases,d,4,,2441,8382,3.4338385907415,,1753,9266,5.28579577866515,
2018Q1,,S08000030,,S12000048,,All Inpatients and Day cases,d,4,,2422,8621,3.55945499587118,,1734,10166,5.86274509803922,
2018Q2,,S08000030,,S12000048,,All Inpatients and Day cases,d,4,,2211,7466,3.3767526006332,,1672,9357,5.59629186602871,
2018Q3,,S08000030,,S12000048,,All Inpatients and Day cases,d,4,,2134,6760,3.16776007497657,,1586,7752,4.88776796973518,
2018Q4,,S08000030,,S12000048,,All Inpatients and Day cases,d,4,,2364,7436,3.14551607445008,,1714,8257,4.81738623103851,
2019Q1,,S08000030,,S12000048,,All Inpatients and Day cases,d,4,,2376,7515,3.16287878787879,,1737,8255,4.7524467472654,
2019Q2,,S08000030,,S12000048,,All Inpatients and Day cases,d,4,,2698,8065,2.98925129725723,,1822,9109,4.99945115257958,
2019Q3,,S08000030,,S12000048,,All Inpatients and Day cases,d,4,,2512,7765,3.09116242038217,,1713,8223,4.80035026269702,
2019Q4,,S08000030,,S12000048,,All Inpatients and Day cases,d,4,,2846,9142,3.21222768798313,,1843,10001,5.4264785675529,
2020Q1,,S08000030,,S12000048,,All Inpatients and Day cases,d,4,,2788,10173,3.64885222381636,,1862,11621,6.24113856068743,
2020Q2,,S08000030,,S12000048,,All Inpatients and Day cases,d,4,,1797,5959,3.31608235948804,,1085,6682,6.15852534562212,
2020Q3,,S08000030,,S12000048,,All Inpatients and Day cases,d,4,,2379,7534,3.16687683900799,,1507,7849,5.20836098208361,
2020Q4,,S08000030,,S12000048,,All Inpatients and Day cases,d,4,,2454,7700,3.13773431132844,,1582,7565,4.7819216182048,
2021Q1,,S08000030,,S12000048,,All Inpatients and Day cases,d,4,,2343,7962,3.39820742637644,,1454,8129,5.59078404401651,
2021Q2,,S08000030,,S12000048,,All Inpatients and Day cases,d,4,,2403,8086,3.36496046608406,,1637,8724,5.3292608430055,
2021Q3,,S08000030,,S12000048,,All Inpatients and Day cases,d,4,,2338,7811,3.34088964927288,,1548,8259,5.33527131782946,
2021Q4,,S08000030,,S12000048,,All Inpatients and Day cases,d,4,,2670,10008,3.74831460674157,,1730,10198,5.89479768786127,
2022Q1,,S08000030,,S12000048,,All Inpatients and Day cases,d,4,,2614,10369,3.96671767406274,,1760,10733,6.09829545454545,
2022Q2,,S08000030,,S12000048,,All Inpatients and Day cases,d,4,,2675,10647,3.98018691588785,,1816,10256,5.64757709251101,
2022Q3,,S08000030,,S12000048,,All Inpatients and Day cases,d,4,,2954,11767,3.98341232227488,,1902,11444,6.01682439537329,
2022Q4,p,S08000030,,S12000048,,All Inpatients and Day cases,d,4,,2899,10251,3.53604691272853,,1935,11087,5.7297157622739,
2017Q4,,S08000030,,S12000048,,All Inpatients and Day cases,d,5,,1519,5416,3.56550362080316,,1115,6334,5.68071748878924,
2018Q1,,S08000030,,S12000048,,All Inpatients and Day cases,d,5,,1455,5248,3.60687285223368,,1071,5694,5.31652661064426,
2018Q2,,S08000030,,S12000048,,All Inpatients and Day cases,d,5,,1499,5120,3.41561040693796,,1075,5748,5.34697674418605,
2018Q3,,S08000030,,S12000048,,All Inpatients and Day cases,d,5,,1346,4576,3.39970282317979,,966,5120,5.30020703933747,
2018Q4,,S08000030,,S12000048,,All Inpatients and Day cases,d,5,,1479,5089,3.44083840432725,,1055,5494,5.20758293838863,
2019Q1,,S08000030,,S12000048,,All Inpatients and Day cases,d,5,,1519,5481,3.60829493087558,,1101,6064,5.50772025431426,
2019Q2,,S08000030,,S12000048,,All Inpatients and Day cases,d,5,,1700,5542,3.26,,1151,5434,4.72111207645526,
2019Q3,,S08000030,,S12000048,,All Inpatients and Day cases,d,5,,1700,5910,3.47647058823529,,1139,5874,5.15715539947322,
2019Q4,,S08000030,,S12000048,,All Inpatients and Day cases,d,5,,1795,6413,3.57270194986072,,1200,6817,5.68083333333333,
2020Q1,,S08000030,,S12000048,,All Inpatients and Day cases,d,5,,1764,6628,3.75736961451247,,1171,7245,6.1870196413322,
2020Q2,,S08000030,,S12000048,,All Inpatients and Day cases,d,5,,1192,4327,3.63003355704698,,718,5121,7.13231197771588,
2020Q3,,S08000030,,S12000048,,All Inpatients and Day cases,d,5,,1592,4758,2.98869346733668,,1020,5545,5.43627450980392,
2020Q4,,S08000030,,S12000048,,All Inpatients and Day cases,d,5,,1632,5114,3.13357843137255,,1072,5225,4.8740671641791,
2021Q1,,S08000030,,S12000048,,All Inpatients and Day cases,d,5,,1435,5020,3.49825783972125,,899,4977,5.53615127919911,
2021Q2,,S08000030,,S12000048,,All Inpatients and Day cases,d,5,,1574,4912,3.12071156289708,,1062,4952,4.66290018832392,
2021Q3,,S08000030,,S12000048,,All Inpatients and Day cases,d,5,,1561,5987,3.83536194746957,,1015,5884,5.79704433497537,
2021Q4,,S08000030,,S12000048,,All Inpatients and Day cases,d,5,,1628,6234,3.82923832923833,,1123,6610,5.8860195903829,
2022Q1,,S08000030,,S12000048,,All Inpatients and Day cases,d,5,,1605,5859,3.65046728971963,,1069,6067,5.67539756782039,
2022Q2,,S08000030,,S12000048,,All Inpatients and Day cases,d,5,,1638,7198,4.3943833943834,,1128,7391,6.55230496453901,
2022Q3,,S08000030,,S12000048,,All Inpatients and Day cases,d,5,,1742,7119,4.08668197474168,,1144,7108,6.21328671328671,
2022Q4,p,S08000030,,S12000048,,All Inpatients and Day cases,d,5,,1808,7791,4.3091814159292,,1219,8307,6.81460213289582,
2022Q4,p,S08000030,,S12000048,,All Inpatients and Day cases,d,,:,0,0,,z,0,0,,z
2017Q4,,S08000028,,S08000028,d,All Inpatients and Day cases,d,2,,377,1131,3,,273,1415,5.18315018315018,
2018Q1,,S08000028,,S08000028,d,All Inpatients and Day cases,d,2,,385,1426,3.7038961038961,,268,1253,4.67537313432836,
2018Q2,,S08000028,,S08000028,d,All Inpatients and Day cases,d,2,,372,1237,3.3252688172043,,259,1090,4.20849420849421,
2018Q3,,S08000028,,S08000028,d,All Inpatients and Day cases,d,2,,346,1083,3.13005780346821,,226,1051,4.65044247787611,
2018Q4,,S08000028,,S08000028,d,All Inpatients and Day cases,d,2,,344,1475,4.28779069767442,,233,1224,5.25321888412017,
2019Q1,,S08000028,,S08000028,d,All Inpatients and Day cases,d,2,,416,1431,3.43990384615385,,276,1227,4.44565217391304,
2019Q2,,S08000028,,S08000028,d,All Inpatients and Day cases,d,2,,402,1016,2.5273631840796,,294,975,3.31632653061224,
2019Q3,,S08000028,,S08000028,d,All Inpatients and Day cases,d,2,,431,1130,2.62180974477958,,306,991,3.23856209150327,
2019Q4,,S08000028,,S08000028,d,All Inpatients and Day cases,d,2,,388,1205,3.10567010309278,,275,1327,4.82545454545455,
2020Q1,,S08000028,,S08000028,d,All Inpatients and Day cases,d,2,,342,908,2.65497076023392,,240,834,3.475,
2020Q2,,S08000028,,S08000028,d,All Inpatients and Day cases,d,2,,212,506,2.38679245283019,,128,521,4.0703125,
2020Q3,,S08000028,,S08000028,d,All Inpatients and Day cases,d,2,,322,705,2.18944099378882,,198,728,3.67676767676768,
2020Q4,,S08000028,,S08000028,d,All Inpatients and Day cases,d,2,,309,858,2.77669902912621,,215,882,4.10232558139535,
2021Q1,,S08000028,,S08000028,d,All Inpatients and Day cases,d,2,,265,900,3.39622641509434,,171,860,5.02923976608187,
2021Q2,,S08000028,,S08000028,d,All Inpatients and Day cases,d,2,,284,755,2.65845070422535,,195,683,3.5025641025641,
2021Q3,,S08000028,,S08000028,d,All Inpatients and Day cases,d,2,,290,1019,3.51379310344828,,188,989,5.26063829787234,
2021Q4,,S08000028,,S08000028,d,All Inpatients and Day cases,d,2,,226,928,4.1061946902654904,,171,779,4.55555555555556,
2022Q1,,S08000028,,S08000028,d,All Inpatients and Day cases,d,2,,280,863,3.08214285714286,,214,852,3.98130841121495,
2022Q2,,S08000028,,S08000028,d,All Inpatients and Day cases,d,2,,262,870,3.3206106870229,,184,666,3.6195652173913,
2022Q3,,S08000028,,S08000028,d,All Inpatients and Day cases,d,2,,347,1425,4.10662824207493,,238,1370,5.7563025210084,
2022Q4,p,S08000028,,S08000028,d,All Inpatients and Day cases,d,2,,330,1165,3.53030303030303,,236,1166,4.94067796610169,
2017Q4,,S08000028,,S08000028,d,All Inpatients and Day cases,d,3,,1935,5770,2.98191214470284,,1390,5634,4.05323741007194,
2018Q1,,S08000028,,S08000028,d,All Inpatients and Day cases,d,3,,2001,6360,3.1784107946027,,1416,5834,4.12005649717514,
2018Q2,,S08000028,,S08000028,d,All Inpatients and Day cases,d,3,,1896,5385,2.84018987341772,,1359,5134,3.77777777777778,
2018Q3,,S08000028,,S08000028,d,All Inpatients and Day cases,d,3,,1824,5901,3.23519736842105,,1269,5360,4.22379826635146,
2018Q4,,S08000028,,S08000028,d,All Inpatients and Day cases,d,3,,1676,5350,3.19212410501193,,1238,5692,4.59773828756058,
2019Q1,,S08000028,,S08000028,d,All Inpatients and Day cases,d,3,,1782,5186,2.91021324354658,,1264,5225,4.13370253164557,
2019Q2,,S08000028,,S08000028,d,All Inpatients and Day cases,d,3,,2009,6270,3.12095569935291,,1418,5818,4.10296191819464,
2019Q3,,S08000028,,S08000028,d,All Inpatients and Day cases,d,3,,1965,6712,3.41577608142494,,1423,6833,4.80182712579058,
2019Q4,,S08000028,,S08000028,d,All Inpatients and Day cases,d,3,,2022,5767,2.85212660731949,,1502,5856,3.89880159786951,
2020Q1,,S08000028,,S08000028,d,All Inpatients and Day cases,d,3,,1842,7212,3.91530944625407,,1307,7072,5.41086457536343,
2020Q2,,S08000028,,S08000028,d,All Inpatients and Day cases,d,3,,971,2854,2.93923789907312,,614,2761,4.49674267100977,
2020Q3,,S08000028,,S08000028,d,All Inpatients and Day cases,d,3,,1327,3760,2.83345892991711,,947,3351,3.53854276663147,
2020Q4,,S08000028,,S08000028,d,All Inpatients and Day cases,d,3,,1715,4095,2.38775510204082,,1213,4025,3.31821929101401,
2021Q1,,S08000028,,S08000028,d,All Inpatients and Day cases,d,3,,1288,4425,3.43555900621118,,898,4067,4.52895322939866,
2021Q2,,S08000028,,S08000028,d,All Inpatients and Day cases,d,3,,1579,5226,3.30968967701077,,1118,5178,4.63148479427549,
2021Q3,,S08000028,,S08000028,d,All Inpatients and Day cases,d,3,,1660,5118,3.08313253012048,,1108,4941,4.45938628158845,
2021Q4,,S08000028,,S08000028,d,All Inpatients and Day cases,d,3,,1531,5323,3.47681254082299,,1056,4719,4.46875,
2022Q1,,S08000028,,S08000028,d,All Inpatients and Day cases,d,3,,1503,5299,3.52561543579508,,1036,4645,4.48359073359073,
2022Q2,,S08000028,,S08000028,d,All Inpatients and Day cases,d,3,,1434,5834,4.06834030683403,,1007,5892,5.85104270109235,
2022Q3,,S08000028,,S08000028,d,All Inpatients and Day cases,d,3,,1662,5214,3.13718411552347,,1254,5054,4.03030303030303,
2022Q4,p,S08000028,,S08000028,d,All Inpatients and Day cases,d,3,,1632,6598,4.04289215686275,,1266,6095,4.81437598736177,
2017Q4,,S08000028,,S12000013,,All Inpatients and Day cases,d,2,,377,1131,3,,273,1415,5.18315018315018,
2018Q1,,S08000028,,S12000013,,All Inpatients and Day cases,d,2,,385,1426,3.7038961038961,,268,1253,4.67537313432836,
2018Q2,,S08000028,,S12000013,,All Inpatients and Day cases,d,2,,372,1237,3.3252688172043,,259,1090,4.20849420849421,
2018Q3,,S08000028,,S12000013,,All Inpatients and Day cases,d,2,,346,1083,3.13005780346821,,226,1051,4.65044247787611,
2018Q4,,S08000028,,S12000013,,All Inpatients and Day cases,d,2,,344,1475,4.28779069767442,,233,1224,5.25321888412017,
2019Q1,,S08000028,,S12000013,,All Inpatients and Day cases,d,2,,416,1431,3.43990384615385,,276,1227,4.44565217391304,
2019Q2,,S08000028,,S12000013,,All Inpatients and Day cases,d,2,,402,1016,2.5273631840796,,294,975,3.31632653061224,
2019Q3,,S08000028,,S12000013,,All Inpatients and Day cases,d,2,,431,1130,2.62180974477958,,306,991,3.23856209150327,
2019Q4,,S08000028,,S12000013,,All Inpatients and Day cases,d,2,,388,1205,3.10567010309278,,275,1327,4.82545454545455,
2020Q1,,S08000028,,S12000013,,All Inpatients and Day cases,d,2,,342,908,2.65497076023392,,240,834,3.475,
2020Q2,,S08000028,,S12000013,,All Inpatients and Day cases,d,2,,212,506,2.38679245283019,,128,521,4.0703125,
2020Q3,,S08000028,,S12000013,,All Inpatients and Day cases,d,2,,322,705,2.18944099378882,,198,728,3.67676767676768,
2020Q4,,S08000028,,S12000013,,All Inpatients and Day cases,d,2,,309,858,2.77669902912621,,215,882,4.10232558139535,
2021Q1,,S08000028,,S12000013,,All Inpatients and Day cases,d,2,,265,900,3.39622641509434,,171,860,5.02923976608187,
2021Q2,,S08000028,,S12000013,,All Inpatients and Day cases,d,2,,284,755,2.65845070422535,,195,683,3.5025641025641,
2021Q3,,S08000028,,S12000013,,All Inpatients and Day cases,d,2,,290,1019,3.51379310344828,,188,989,5.26063829787234,
2021Q4,,S08000028,,S12000013,,All Inpatients and Day cases,d,2,,226,928,4.1061946902654904,,171,779,4.55555555555556,
2022Q1,,S08000028,,S12000013,,All Inpatients and Day cases,d,2,,280,863,3.08214285714286,,214,852,3.98130841121495,
2022Q2,,S08000028,,S12000013,,All Inpatients and Day cases,d,2,,262,870,3.3206106870229,,184,666,3.6195652173913,
2022Q3,,S08000028,,S12000013,,All Inpatients and Day cases,d,2,,347,1425,4.10662824207493,,238,1370,5.7563025210084,
2022Q4,p,S08000028,,S12000013,,All Inpatients and Day cases,d,2,,330,1165,3.53030303030303,,236,1166,4.94067796610169,
2017Q4,,S08000028,,S12000013,,All Inpatients and Day cases,d,3,,1935,5770,2.98191214470284,,1390,5634,4.05323741007194,
2018Q1,,S08000028,,S12000013,,All Inpatients and Day cases,d,3,,2001,6360,3.1784107946027,,1416,5834,4.12005649717514,
2018Q2,,S08000028,,S12000013,,All Inpatients and Day cases,d,3,,1896,5385,2.84018987341772,,1359,5134,3.77777777777778,
2018Q3,,S08000028,,S12000013,,All Inpatients and Day cases,d,3,,1824,5901,3.23519736842105,,1269,5360,4.22379826635146,
2018Q4,,S08000028,,S12000013,,All Inpatients and Day cases,d,3,,1676,5350,3.19212410501193,,1238,5692,4.59773828756058,
2019Q1,,S08000028,,S12000013,,All Inpatients and Day cases,d,3,,1782,5186,2.91021324354658,,1264,5225,4.13370253164557,
2019Q2,,S08000028,,S12000013,,All Inpatients and Day cases,d,3,,2009,6270,3.12095569935291,,1418,5818,4.10296191819464,
2019Q3,,S08000028,,S12000013,,All Inpatients and Day cases,d,3,,1965,6712,3.41577608142494,,1423,6833,4.80182712579058,
2019Q4,,S08000028,,S12000013,,All Inpatients and Day cases,d,3,,2022,5767,2.85212660731949,,1502,5856,3.89880159786951,
2020Q1,,S08000028,,S12000013,,All Inpatients and Day cases,d,3,,1842,7212,3.91530944625407,,1307,7072,5.41086457536343,
2020Q2,,S08000028,,S12000013,,All Inpatients and Day cases,d,3,,971,2854,2.93923789907312,,614,2761,4.49674267100977,
2020Q3,,S08000028,,S12000013,,All Inpatients and Day cases,d,3,,1327,3760,2.83345892991711,,947,3351,3.53854276663147,
2020Q4,,S08000028,,S12000013,,All Inpatients and Day cases,d,3,,1715,4095,2.38775510204082,,1213,4025,3.31821929101401,
2021Q1,,S08000028,,S12000013,,All Inpatients and Day cases,d,3,,1288,4425,3.43555900621118,,898,4067,4.52895322939866,
2021Q2,,S08000028,,S12000013,,All Inpatients and Day cases,d,3,,1579,5226,3.30968967701077,,1118,5178,4.63148479427549,
2021Q3,,S08000028,,S12000013,,All Inpatients and Day cases,d,3,,1660,5118,3.08313253012048,,1108,4941,4.45938628158845,
2021Q4,,S08000028,,S12000013,,All Inpatients and Day cases,d,3,,1531,5323,3.47681254082299,,1056,4719,4.46875,
2022Q1,,S08000028,,S12000013,,All Inpatients and Day cases,d,3,,1503,5299,3.52561543579508,,1036,4645,4.48359073359073,
2022Q2,,S08000028,,S12000013,,All Inpatients and Day cases,d,3,,1434,5834,4.06834030683403,,1007,5892,5.85104270109235,
2022Q3,,S08000028,,S12000013,,All Inpatients and Day cases,d,3,,1662,5214,3.13718411552347,,1254,5054,4.03030303030303,
2022Q4,p,S08000028,,S12000013,,All Inpatients and Day cases,d,3,,1632,6598,4.04289215686275,,1266,6095,4.81437598736177,
2017Q4,,RA2701,,RA2701,,All Inpatients and Day cases,d,,:,102,330,3.23529411764706,,53,424,8,
2018Q1,,RA2701,,RA2701,,All Inpatients and Day cases,d,,:,45,139,3.08888888888889,,32,249,7.78125,
2018Q2,,RA2701,,RA2701,,All Inpatients and Day cases,d,,:,60,123,2.05,,43,165,3.83720930232558,
2018Q3,,RA2701,,RA2701,,All Inpatients and Day cases,d,,:,54,122,2.25925925925926,,42,117,2.78571428571429,
2018Q4,,RA2701,,RA2701,,All Inpatients and Day cases,d,,:,63,259,4.11111111111111,,34,184,5.41176470588235,
2019Q1,,RA2701,,RA2701,,All Inpatients and Day cases,d,,:,46,84,1.82608695652174,,32,90,2.8125,
2019Q2,,RA2701,,RA2701,,All Inpatients and Day cases,d,,:,57,358,6.28070175438596,,36,167,4.63888888888889,
2019Q3,,RA2701,,RA2701,,All Inpatients and Day cases,d,,:,83,147,1.7710843373494,,63,118,1.87301587301587,
2019Q4,,RA2701,,RA2701,,All Inpatients and Day cases,d,,:,56,165,2.94642857142857,,38,396,10.4210526315789,
2020Q1,,RA2701,,RA2701,,All Inpatients and Day cases,d,,:,48,177,3.6875,,27,180,6.66666666666667,
2020Q2,,RA2701,,RA2701,,All Inpatients and Day cases,d,,:,32,24,0.75,,29,26,0.896551724137931,
2020Q3,,RA2701,,RA2701,,All Inpatients and Day cases,d,,:,62,121,1.95161290322581,,49,72,1.46938775510204,
2020Q4,,RA2701,,RA2701,,All Inpatients and Day cases,d,,:,26,41,1.57692307692308,,19,32,1.68421052631579,
2021Q1,,RA2701,,RA2701,,All Inpatients and Day cases,d,,:,33,138,4.18181818181818,,22,100,4.54545454545455,
2021Q2,,RA2701,,RA2701,,All Inpatients and Day cases,d,,:,29,42,1.44827586206897,,22,49,2.22727272727273,
2021Q3,,RA2701,,RA2701,,All Inpatients and Day cases,d,,:,22,64,2.90909090909091,,13,21,1.61538461538462,
2021Q4,,RA2701,,RA2701,,All Inpatients and Day cases,d,,:,18,59,3.27777777777778,,11,55,5,
2022Q1,,RA2701,,RA2701,,All Inpatients and Day cases,d,,:,14,55,3.92857142857143,,10,83,8.3,
2022Q2,,RA2701,,RA2701,,All Inpatients and Day cases,d,,:,16,56,3.5,,11,21,1.90909090909091,
2022Q3,,RA2701,,RA2701,,All Inpatients and Day cases,d,,:,19,59,3.10526315789474,,10,28,2.8,
2022Q4,p,RA2701,,RA2701,,All Inpatients and Day cases,d,,:,12,16,1.33333333333333,,11,81,7.36363636363636,
2017Q4,,RA2703,,RA2703,,All Inpatients and Day cases,d,,:,266,635,2.38721804511278,,187,831,4.44385026737968,
2018Q1,,RA2703,,RA2703,,All Inpatients and Day cases,d,,:,227,670,2.95154185022026,,148,666,4.5,
2018Q2,,RA2703,,RA2703,,All Inpatients and Day cases,d,,:,572,1366,2.38811188811189,,410,1295,3.15853658536585,
2018Q3,,RA2703,,RA2703,,All Inpatients and Day cases,d,,:,890,2273,2.55393258426966,,576,2125,3.68923611111111,
2018Q4,,RA2703,,RA2703,,All Inpatients and Day cases,d,,:,368,1147,3.11684782608696,,244,1125,4.61065573770492,
2019Q1,,RA2703,,RA2703,,All Inpatients and Day cases,d,,:,285,662,2.32280701754386,,176,696,3.95454545454545,
2019Q2,,RA2703,,RA2703,,All Inpatients and Day cases,d,,:,658,1602,2.43465045592705,,429,1615,3.76456876456876,
2019Q3,,RA2703,,RA2703,,All Inpatients and Day cases,d,,:,851,1950,2.29142185663925,,530,1941,3.6622641509434,
2019Q4,,RA2703,,RA2703,,All Inpatients and Day cases,d,,:,349,958,2.74498567335244,,218,913,4.18807339449541,
2020Q1,,RA2703,,RA2703,,All Inpatients and Day cases,d,,:,168,371,2.20833333333333,,108,751,6.9537037037037,
2020Q2,,RA2703,,RA2703,,All Inpatients and Day cases,d,,:,59,243,4.11864406779661,,33,185,5.60606060606061,
2020Q3,,RA2703,,RA2703,,All Inpatients and Day cases,d,,:,73,256,3.50684931506849,,48,302,6.29166666666667,
2020Q4,,RA2703,,RA2703,,All Inpatients and Day cases,d,,:,59,107,1.8135593220339,,38,104,2.73684210526316,
2021Q1,,RA2703,,RA2703,,All Inpatients and Day cases,d,,:,56,232,4.14285714285714,,36,244,6.77777777777778,
2021Q2,,RA2703,,RA2703,,All Inpatients and Day cases,d,,:,40,107,2.675,,25,106,4.24,
2021Q3,,RA2703,,RA2703,,All Inpatients and Day cases,d,,:,91,186,2.04395604395604,,64,187,2.921875,
2021Q4,,RA2703,,RA2703,,All Inpatients and Day cases,d,,:,113,272,2.4070796460177,,71,273,3.84507042253521,
2022Q1,,RA2703,,RA2703,,All Inpatients and Day cases,d,,:,107,263,2.45794392523365,,69,262,3.79710144927536,
2022Q2,,RA2703,,RA2703,,All Inpatients and Day cases,d,,:,390,905,2.32051282051282,,229,850,3.7117903930131,
2022Q3,,RA2703,,RA2703,,All Inpatients and Day cases,d,,:,618,1845,2.98543689320388,,383,1900,4.96083550913838,
2022Q4,p,RA2703,,RA2703,,All Inpatients and Day cases,d,,:,220,563,2.55909090909091,,138,855,6.19565217391304,
2017Q4,,RA2702,,RA2702,,All Inpatients and Day cases,d,,:,1284,3262,2.5404984423676,,899,3233,3.59621802002225,
2018Q1,,RA2702,,RA2702,,All Inpatients and Day cases,d,,:,1134,3054,2.69312169312169,,756,2849,3.76851851851852,
2018Q2,,RA2702,,RA2702,,All Inpatients and Day cases,d,,:,1490,3717,2.49463087248322,,1017,3815,3.75122910521141,
2018Q3,,RA2702,,RA2702,,All Inpatients and Day cases,d,,:,1795,4246,2.36545961002786,,1216,3982,3.27467105263158,
2018Q4,,RA2702,,RA2702,,All Inpatients and Day cases,d,,:,1295,3083,2.38069498069498,,907,3266,3.60088202866593,
2019Q1,,RA2702,,RA2702,,All Inpatients and Day cases,d,,:,1051,2856,2.7174119885823,,700,2912,4.16,
2019Q2,,RA2702,,RA2702,,All Inpatients and Day cases,d,,:,1632,4019,2.46262254901961,,1073,3990,3.71854613233924,
2019Q3,,RA2702,,RA2702,,All Inpatients and Day cases,d,,:,1825,4071,2.23068493150685,,1229,4012,3.26444263628967,
2019Q4,,RA2702,,RA2702,,All Inpatients and Day cases,d,,:,1295,3031,2.34054054054054,,825,2959,3.58666666666667,
2020Q1,,RA2702,,RA2702,,All Inpatients and Day cases,d,,:,871,2528,2.90241102181401,,583,2711,4.65008576329331,
2020Q2,,RA2702,,RA2702,,All Inpatients and Day cases,d,,:,329,854,2.59574468085106,,207,816,3.94202898550725,
2020Q3,,RA2702,,RA2702,,All Inpatients and Day cases,d,,:,1143,2389,2.09011373578303,,718,2296,3.19777158774373,
2020Q4,,RA2702,,RA2702,,All Inpatients and Day cases,d,,:,570,1514,2.65614035087719,,379,1514,3.99472295514512,
2021Q1,,RA2702,,RA2702,,All Inpatients and Day cases,d,,:,368,1015,2.75815217391304,,233,1002,4.30042918454936,
2021Q2,,RA2702,,RA2702,,All Inpatients and Day cases,d,,:,1093,2288,2.09332113449222,,651,2173,3.33794162826421,
2021Q3,,RA2702,,RA2702,,All Inpatients and Day cases,d,,:,1837,4846,2.63799673380512,,1145,4583,4.00262008733624,
2021Q4,,RA2702,,RA2702,,All Inpatients and Day cases,d,,:,1032,3285,3.18313953488372,,644,3239,5.02950310559006,
2022Q1,,RA2702,,RA2702,,All Inpatients and Day cases,d,,:,761,2299,3.02102496714849,,476,2598,5.45798319327731,
2022Q2,,RA2702,,RA2702,,All Inpatients and Day cases,d,,:,1378,3800,2.75761973875181,,870,3816,4.38620689655172,
2022Q3,,RA2702,,RA2702,,All Inpatients and Day cases,d,,:,1479,4002,2.70588235294118,,933,4022,4.31082529474812,
2022Q4,p,RA2702,,RA2702,,All Inpatients and Day cases,d,,:,966,2925,3.02795031055901,,609,3183,5.22660098522168,
2017Q4,,S92000003,d,S92000003,d,All Inpatients and Day cases,d,1,,97973,282762,2.88612168658712,,65658,281430,4.28630174540802,
2018Q1,,S92000003,d,S92000003,d,All Inpatients and Day cases,d,1,,96060,290085,3.01983135540287,,64268,291964,4.5429140474264,
2018Q2,,S92000003,d,S92000003,d,All Inpatients and Day cases,d,1,,96760,277602,2.86897478296817,,65998,280439,4.24920452134913,
2018Q3,,S92000003,d,S92000003,d,All Inpatients and Day cases,d,1,,94939,268303,2.82605673116422,,64568,270070,4.18272209143848,
2018Q4,,S92000003,d,S92000003,d,All Inpatients and Day cases,d,1,,97196,271432,2.79262521091403,,65081,271564,4.17270785636361,
2019Q1,,S92000003,d,S92000003,d,All Inpatients and Day cases,d,1,,100111,279330,2.79020287480896,,67244,277683,4.12948367140563,
2019Q2,,S92000003,d,S92000003,d,All Inpatients and Day cases,d,1,,99912,275819,2.76061934502362,,67139,277128,4.12767541965177,
2019Q3,,S92000003,d,S92000003,d,All Inpatients and Day cases,d,1,,101441,272998,2.69119981072742,,67677,275168,4.06590126630909,
2019Q4,,S92000003,d,S92000003,d,All Inpatients and Day cases,d,1,,102046,279607,2.7400094075221,,67076,276320,4.11950623173713,
2020Q1,,S92000003,d,S92000003,d,All Inpatients and Day cases,d,1,,94663,280996,2.96838257819845,,61790,286328,4.63388897879916,
2020Q2,,S92000003,d,S92000003,d,All Inpatients and Day cases,d,1,,64332,192780,2.99664241745943,,36777,194929,5.30029638089023,
2020Q3,,S92000003,d,S92000003,d,All Inpatients and Day cases,d,1,,82548,236041,2.85943935649561,,50755,232174,4.5744064624175,
2020Q4,,S92000003,d,S92000003,d,All Inpatients and Day cases,d,1,,84626,253285,2.9929926972798,,52486,254154,4.8423198567237,
2021Q1,,S92000003,d,S92000003,d,All Inpatients and Day cases,d,1,,81981,253918,3.09727863773313,,50005,251190,5.02329767023298,
2021Q2,,S92000003,d,S92000003,d,All Inpatients and Day cases,d,1,,91916,257004,2.79607467687889,,58496,260461,4.45262923960613,
2021Q3,,S92000003,d,S92000003,d,All Inpatients and Day cases,d,1,,89546,259817,2.90149197060729,,56506,259155,4.58632711570453,
2021Q4,,S92000003,d,S92000003,d,All Inpatients and Day cases,d,1,,87044,275545,3.16558292357888,,54704,277007,5.06374305352442,
2022Q1,,S92000003,d,S92000003,d,All Inpatients and Day cases,d,1,,84611,265858,3.1421210008155,,53129,261952,4.93048993958102,
2022Q2,,S92000003,d,S92000003,d,All Inpatients and Day cases,d,1,,86799,268643,3.09500109448266,,55099,274480,4.98157861304198,
2022Q3,,S92000003,d,S92000003,d,All Inpatients and Day cases,d,1,,87932,275548,3.13364872856298,,56073,280439,5.00131970823748,
2022Q4,p,S92000003,d,S92000003,d,All Inpatients and Day cases,d,1,,87371,275225,3.15007267857756,,55985,280784,5.01534339555238,
2017Q4,,S92000003,d,S92000003,d,All Inpatients and Day cases,d,2,,83412,253762,3.04227209514219,,58092,253184,4.35832816911106,
2018Q1,,S92000003,d,S92000003,d,All Inpatients and Day cases,d,2,,82798,255680,3.08799729462064,,57107,258998,4.53531090759452,
2018Q2,,S92000003,d,S92000003,d,All Inpatients and Day cases,d,2,,82843,243573,2.94017599555786,,58707,248141,4.22677023182925,
2018Q3,,S92000003,d,S92000003,d,All Inpatients and Day cases,d,2,,81545,234390,2.87436384818199,,57402,240315,4.18652660186056,
2018Q4,,S92000003,d,S92000003,d,All Inpatients and Day cases,d,2,,83964,244704,2.91439188223524,,58510,252774,4.32018458383182,
2019Q1,,S92000003,d,S92000003,d,All Inpatients and Day cases,d,2,,84766,241746,2.85192176108345,,59403,247115,4.1599750854334,
2019Q2,,S92000003,d,S92000003,d,All Inpatients and Day cases,d,2,,86549,237384,2.74276999156547,,59930,238480,3.97930919405974,
2019Q3,,S92000003,d,S92000003,d,All Inpatients and Day cases,d,2,,86930,238259,2.74081444840676,,59905,245164,4.09254653200901,
2019Q4,,S92000003,d,S92000003,d,All Inpatients and Day cases,d,2,,87831,246178,2.80286003802758,,59646,253413,4.24861683935218,
2020Q1,,S92000003,d,S92000003,d,All Inpatients and Day cases,d,2,,81856,251624,3.0739835809226,,55445,262027,4.72589052213906,
2020Q2,,S92000003,d,S92000003,d,All Inpatients and Day cases,d,2,,53962,159593,2.95750713465031,,32035,164772,5.1434992976432,
2020Q3,,S92000003,d,S92000003,d,All Inpatients and Day cases,d,2,,70688,203253,2.87535366681756,,44830,204707,4.56629489181352,
2020Q4,,S92000003,d,S92000003,d,All Inpatients and Day cases,d,2,,73122,217992,2.98120948551735,,47289,219715,4.64621793651801,
2021Q1,,S92000003,d,S92000003,d,All Inpatients and Day cases,d,2,,71499,217574,3.04303556693101,,45361,222255,4.89969356936575,
2021Q2,,S92000003,d,S92000003,d,All Inpatients and Day cases,d,2,,79856,220995,2.76741885393709,,52469,223784,4.26507080371267,
2021Q3,,S92000003,d,S92000003,d,All Inpatients and Day cases,d,2,,77470,230201,2.9714857364141,,50542,233753,4.62492580428159,
2021Q4,,S92000003,d,S92000003,d,All Inpatients and Day cases,d,2,,75478,235149,3.11546410874692,,49359,238015,4.8221195729249,
2022Q1,,S92000003,d,S92000003,d,All Inpatients and Day cases,d,2,,74123,230236,3.10613439822997,,48231,233920,4.84999274325641,
2022Q2,,S92000003,d,S92000003,d,All Inpatients and Day cases,d,2,,78112,243190,3.11335006145023,,50937,248028,4.86930914659285,
2022Q3,,S92000003,d,S92000003,d,All Inpatients and Day cases,d,2,,77742,239608,3.08209204805639,,51536,245571,4.76503803166718,
2022Q4,p,S92000003,d,S92000003,d,All Inpatients and Day cases,d,2,,77473,241523,3.11751190737418,,51131,251655,4.92176957227514,
2017Q4,,S92000003,d,S92000003,d,All Inpatients and Day cases,d,3,,72134,210747,2.92160423655974,,51529,219163,4.25319722874498,
2018Q1,,S92000003,d,S92000003,d,All Inpatients and Day cases,d,3,,71457,210084,2.94000587766069,,50582,216068,4.27163813214187,
2018Q2,,S92000003,d,S92000003,d,All Inpatients and Day cases,d,3,,71338,201677,2.82706271552328,,51748,214200,4.13929040735874,
2018Q3,,S92000003,d,S92000003,d,All Inpatients and Day cases,d,3,,69938,196074,2.80354027853241,,50378,199609,3.9622255746556,
2018Q4,,S92000003,d,S92000003,d,All Inpatients and Day cases,d,3,,72374,201333,2.78184154530633,,52153,213006,4.08425210438517,
2019Q1,,S92000003,d,S92000003,d,All Inpatients and Day cases,d,3,,73014,198231,2.71497247103295,,52389,205576,3.92402985359522,
2019Q2,,S92000003,d,S92000003,d,All Inpatients and Day cases,d,3,,75140,208898,2.78011711471919,,53098,216971,4.08623676974651,
2019Q3,,S92000003,d,S92000003,d,All Inpatients and Day cases,d,3,,75487,201505,2.66940002914409,,53443,210547,3.93965533372004,
2019Q4,,S92000003,d,S92000003,d,All Inpatients and Day cases,d,3,,77773,210370,2.70492330243143,,54016,215050,3.98122778436019,
2020Q1,,S92000003,d,S92000003,d,All Inpatients and Day cases,d,3,,71980,217714,3.02464573492637,,50163,232941,4.64368159799055,
2020Q2,,S92000003,d,S92000003,d,All Inpatients and Day cases,d,3,,46167,137812,2.98507592002946,,28123,145253,5.16491839419692,
2020Q3,,S92000003,d,S92000003,d,All Inpatients and Day cases,d,3,,60918,165968,2.72444925966053,,40097,167504,4.17746963613238,
2020Q4,,S92000003,d,S92000003,d,All Inpatients and Day cases,d,3,,64456,187589,2.91034193868686,,42955,188715,4.39331858922128,
2021Q1,,S92000003,d,S92000003,d,All Inpatients and Day cases,d,3,,61200,184276,3.01104575163399,,40025,190951,4.77079325421612,
2021Q2,,S92000003,d,S92000003,d,All Inpatients and Day cases,d,3,,68998,186392,2.70141163511986,,46903,194095,4.13822143572906,
2021Q3,,S92000003,d,S92000003,d,All Inpatients and Day cases,d,3,,66368,187814,2.82988789778206,,45011,188258,4.18248872497834,
2021Q4,,S92000003,d,S92000003,d,All Inpatients and Day cases,d,3,,66438,205113,3.08728438544207,,44713,211833,4.73761545859146,
2022Q1,,S92000003,d,S92000003,d,All Inpatients and Day cases,d,3,,64920,199284,3.06968576709797,,44151,204283,4.62691671762814,
2022Q2,,S92000003,d,S92000003,d,All Inpatients and Day cases,d,3,,67565,206161,3.05129874935248,,46036,214962,4.66943261795117,
2022Q3,,S92000003,d,S92000003,d,All Inpatients and Day cases,d,3,,68172,210847,3.09286803966438,,47217,216729,4.59006290107377,
2022Q4,p,S92000003,d,S92000003,d,All Inpatients and Day cases,d,3,,68280,209521,3.06855594610428,,47429,221494,4.67001201796369,
2017Q4,,S92000003,d,S92000003,d,All Inpatients and Day cases,d,4,,62162,170597,2.74439368102699,,46046,177572,3.85640446510012,
2018Q1,,S92000003,d,S92000003,d,All Inpatients and Day cases,d,4,,61461,173989,2.83088462602301,,45062,182870,4.05818649860193,
2018Q2,,S92000003,d,S92000003,d,All Inpatients and Day cases,d,4,,62541,167740,2.68208055515582,,46546,177663,3.8169337859322,
2018Q3,,S92000003,d,S92000003,d,All Inpatients and Day cases,d,4,,61632,167391,2.71597546728972,,45883,173568,3.78283895996339,
2018Q4,,S92000003,d,S92000003,d,All Inpatients and Day cases,d,4,,62999,176663,2.80421911458912,,46415,184645,3.97813206937412,
2019Q1,,S92000003,d,S92000003,d,All Inpatients and Day cases,d,4,,64385,170528,2.64856721286014,,47593,177366,3.72672451831152,
2019Q2,,S92000003,d,S92000003,d,All Inpatients and Day cases,d,4,,65423,167342,2.55784662886141,,48128,173669,3.60848154920213,
2019Q3,,S92000003,d,S92000003,d,All Inpatients and Day cases,d,4,,65308,168723,2.58349666197097,,47568,175425,3.68787840565086,
2019Q4,,S92000003,d,S92000003,d,All Inpatients and Day cases,d,4,,66723,173475,2.59992806078863,,48120,180626,3.75365752285952,
2020Q1,,S92000003,d,S92000003,d,All Inpatients and Day cases,d,4,,62645,176984,2.82518956022029,,45263,187612,4.14493073813048,
2020Q2,,S92000003,d,S92000003,d,All Inpatients and Day cases,d,4,,40431,117910,2.91632658108877,,25482,126247,4.95435994035005,
2020Q3,,S92000003,d,S92000003,d,All Inpatients and Day cases,d,4,,52882,142706,2.69857418403237,,35791,145291,4.05942834790869,
2020Q4,,S92000003,d,S92000003,d,All Inpatients and Day cases,d,4,,55649,152858,2.74682384229726,,38714,153975,3.97724337448985,
2021Q1,,S92000003,d,S92000003,d,All Inpatients and Day cases,d,4,,53130,152268,2.86595143986448,,36143,155965,4.31522009794428,
2021Q2,,S92000003,d,S92000003,d,All Inpatients and Day cases,d,4,,61148,157235,2.57138418263884,,42934,164043,3.8208179997205,
2021Q3,,S92000003,d,S92000003,d,All Inpatients and Day cases,d,4,,59741,164419,2.75219698364607,,41847,165175,3.94711687815136,
2021Q4,,S92000003,d,S92000003,d,All Inpatients and Day cases,d,4,,60269,177786,2.94987472830145,,41982,180767,4.30582154256586,
2022Q1,,S92000003,d,S92000003,d,All Inpatients and Day cases,d,4,,58526,169676,2.89915593069747,,41202,173627,4.21404300762099,
2022Q2,,S92000003,d,S92000003,d,All Inpatients and Day cases,d,4,,61075,174595,2.85869832173557,,43328,186040,4.29375923190547,
2022Q3,,S92000003,d,S92000003,d,All Inpatients and Day cases,d,4,,62204,179008,2.87775705742396,,44234,188837,4.26904643486911,
2022Q4,p,S92000003,d,S92000003,d,All Inpatients and Day cases,d,4,,62836,179345,2.8541759500923,,44881,191448,4.2656803547158,
2017Q4,,S92000003,d,S92000003,d,All Inpatients and Day cases,d,5,,57278,154491,2.69721358985998,,43084,159288,3.69714975396899,
2018Q1,,S92000003,d,S92000003,d,All Inpatients and Day cases,d,5,,57059,159198,2.79005941218738,,42410,163841,3.863263381278,
2018Q2,,S92000003,d,S92000003,d,All Inpatients and Day cases,d,5,,57575,160937,2.79525835866261,,43491,167365,3.84826745763491,
2018Q3,,S92000003,d,S92000003,d,All Inpatients and Day cases,d,5,,55476,147396,2.65693272766602,,41813,150646,3.60285078803243,
2018Q4,,S92000003,d,S92000003,d,All Inpatients and Day cases,d,5,,58783,155304,2.64198832995934,,43987,161234,3.66549207720463,
2019Q1,,S92000003,d,S92000003,d,All Inpatients and Day cases,d,5,,59005,153554,2.60238962799763,,44320,158508,3.5764440433213,
2019Q2,,S92000003,d,S92000003,d,All Inpatients and Day cases,d,5,,59603,155471,2.60844252806067,,44109,156800,3.55483008002902,
2019Q3,,S92000003,d,S92000003,d,All Inpatients and Day cases,d,5,,60398,155811,2.57973773966025,,44311,157684,3.55857462029744,
2019Q4,,S92000003,d,S92000003,d,All Inpatients and Day cases,d,5,,61484,163007,2.65121007091276,,44959,168880,3.75631130585645,
2020Q1,,S92000003,d,S92000003,d,All Inpatients and Day cases,d,5,,57128,160614,2.81147598375578,,41582,165369,3.97693713626088,
2020Q2,,S92000003,d,S92000003,d,All Inpatients and Day cases,d,5,,35738,102842,2.87766523028709,,22456,107161,4.77204310651942,
2020Q3,,S92000003,d,S92000003,d,All Inpatients and Day cases,d,5,,48202,126045,2.61493299033235,,32819,128458,3.91413510466498,
2020Q4,,S92000003,d,S92000003,d,All Inpatients and Day cases,d,5,,50914,136905,2.68894606591507,,35390,135881,3.83953094094377,
2021Q1,,S92000003,d,S92000003,d,All Inpatients and Day cases,d,5,,49430,140762,2.84770382358891,,33712,143583,4.25910654959658,
2021Q2,,S92000003,d,S92000003,d,All Inpatients and Day cases,d,5,,55381,141682,2.55831422328958,,38835,142517,3.6698081627398,
2021Q3,,S92000003,d,S92000003,d,All Inpatients and Day cases,d,5,,53887,149525,2.77478798225917,,37907,148517,3.91793072519587,
2021Q4,,S92000003,d,S92000003,d,All Inpatients and Day cases,d,5,,54014,153088,2.83422816306883,,38146,154543,4.05135531903738,
2022Q1,,S92000003,d,S92000003,d,All Inpatients and Day cases,d,5,,54884,153750,2.80136287442606,,38594,154669,4.00759185365601,
2022Q2,,S92000003,d,S92000003,d,All Inpatients and Day cases,d,5,,56081,166271,2.96483657566734,,39412,171303,4.34646808078758,
2022Q3,,S92000003,d,S92000003,d,All Inpatients and Day cases,d,5,,57689,162970,2.82497529858379,,40752,166282,4.08033961523361,
2022Q4,p,S92000003,d,S92000003,d,All Inpatients and Day cases,d,5,,57641,169076,2.93325931194809,,41213,174987,4.24591755028753,
2017Q4,,S92000003,d,S92000003,d,All Inpatients and Day cases,d,,:,2132,4988,2.33958724202627,,1488,5356,3.5994623655914,
2018Q1,,S92000003,d,S92000003,d,All Inpatients and Day cases,d,,:,1784,4554,2.55269058295964,,1211,4951,4.08835672997523,
2018Q2,,S92000003,d,S92000003,d,All Inpatients and Day cases,d,,:,2589,6042,2.33371958285052,,1810,6585,3.63812154696133,
2018Q3,,S92000003,d,S92000003,d,All Inpatients and Day cases,d,,:,3271,7731,2.3634974014063,,2193,7747,3.53260373917009,
2018Q4,,S92000003,d,S92000003,d,All Inpatients and Day cases,d,,:,2117,5198,2.45536136041568,,1447,5410,3.73876986869385,
2019Q1,,S92000003,d,S92000003,d,All Inpatients and Day cases,d,,:,1832,4508,2.46069868995633,,1239,5062,4.08555286521388,
2019Q2,,S92000003,d,S92000003,d,All Inpatients and Day cases,d,,:,2890,7041,2.4363321799308,,1902,6949,3.65352260778128,
2019Q3,,S92000003,d,S92000003,d,All Inpatients and Day cases,d,,:,3338,7909,2.36938286399041,,2214,7851,3.54607046070461,
2019Q4,,S92000003,d,S92000003,d,All Inpatients and Day cases,d,,:,2151,5230,2.43142724314272,,1357,5517,4.06558585114223,
2020Q1,,S92000003,d,S92000003,d,All Inpatients and Day cases,d,,:,1522,4061,2.66819973718791,,1003,4872,4.85742771684945,
2020Q2,,S92000003,d,S92000003,d,All Inpatients and Day cases,d,,:,853,1936,2.26963657678781,,573,1746,3.04712041884817,
2020Q3,,S92000003,d,S92000003,d,All Inpatients and Day cases,d,,:,1720,3442,2.00116279069767,,1116,3479,3.1173835125448,
2020Q4,,S92000003,d,S92000003,d,All Inpatients and Day cases,d,,:,987,2296,2.32624113475177,,680,2391,3.51617647058824,
2021Q1,,S92000003,d,S92000003,d,All Inpatients and Day cases,d,,:,787,2211,2.80940279542567,,514,2180,4.24124513618677,
2021Q2,,S92000003,d,S92000003,d,All Inpatients and Day cases,d,,:,1594,3253,2.0407779171894598,,994,3518,3.53923541247485,
2021Q3,,S92000003,d,S92000003,d,All Inpatients and Day cases,d,,:,2371,6004,2.53226486714466,,1477,5682,3.84698713608666,
2021Q4,,S92000003,d,S92000003,d,All Inpatients and Day cases,d,,:,1559,4810,3.08531109685696,,987,4646,4.70719351570415,
2022Q1,,S92000003,d,S92000003,d,All Inpatients and Day cases,d,,:,1212,3470,2.86303630363036,,774,3792,4.89922480620155,
2022Q2,,S92000003,d,S92000003,d,All Inpatients and Day cases,d,,:,2109,5510,2.61261261261261,,1339,5626,4.201643017177,
2022Q3,,S92000003,d,S92000003,d,All Inpatients and Day cases,d,,:,2510,6807,2.71195219123506,,1567,7058,4.50414805360562,
2022Q4,p,S92000003,d,S92000003,d,All Inpatients and Day cases,d,,:,1580,4752,3.00759493670886,,1011,6023,5.95746785361029,
2017Q4,,RA2704,,RA2704,,All Inpatients and Day cases,d,,:,480,761,1.58541666666667,,349,868,2.48710601719198,
2018Q1,,RA2704,,RA2704,,All Inpatients and Day cases,d,,:,378,691,1.82804232804233,,275,1187,4.31636363636364,
2018Q2,,RA2704,,RA2704,,All Inpatients and Day cases,d,,:,467,836,1.79014989293362,,340,1310,3.85294117647059,
2018Q3,,RA2704,,RA2704,,All Inpatients and Day cases,d,,:,532,1090,2.04887218045113,,359,1523,4.24233983286908,
2018Q4,,RA2704,,RA2704,,All Inpatients and Day cases,d,,:,391,709,1.81329923273657,,262,835,3.18702290076336,
2019Q1,,RA2704,,RA2704,,All Inpatients and Day cases,d,,:,450,906,2.01333333333333,,331,1364,4.12084592145015,
2019Q2,,RA2704,,RA2704,,All Inpatients and Day cases,d,,:,543,1062,1.95580110497238,,364,1177,3.23351648351648,
2019Q3,,RA2704,,RA2704,,All Inpatients and Day cases,d,,:,579,1741,3.00690846286701,,392,1780,4.54081632653061,
2019Q4,,RA2704,,RA2704,,All Inpatients and Day cases,d,,:,451,1076,2.38580931263858,,276,1249,4.52536231884058,
2020Q1,,RA2704,,RA2704,,All Inpatients and Day cases,d,,:,435,985,2.26436781609195,,285,1230,4.31578947368421,
2020Q2,,RA2704,,RA2704,,All Inpatients and Day cases,d,,:,433,815,1.88221709006928,,304,719,2.36513157894737,
2020Q3,,RA2704,,RA2704,,All Inpatients and Day cases,d,,:,442,676,1.52941176470588,,301,809,2.68770764119601,
2020Q4,,RA2704,,RA2704,,All Inpatients and Day cases,d,,:,332,634,1.90963855421687,,244,741,3.03688524590164,
2021Q1,,RA2704,,RA2704,,All Inpatients and Day cases,d,,:,330,826,2.5030303030303,,223,834,3.73991031390135,
2021Q2,,RA2704,,RA2704,,All Inpatients and Day cases,d,,:,432,816,1.88888888888889,,296,1190,4.02027027027027,
2021Q3,,RA2704,,RA2704,,All Inpatients and Day cases,d,,:,421,908,2.15676959619953,,255,891,3.49411764705882,
2021Q4,,RA2704,,RA2704,,All Inpatients and Day cases,d,,:,396,1194,3.01515151515152,,261,1079,4.13409961685824,
2022Q1,,RA2704,,RA2704,,All Inpatients and Day cases,d,,:,330,853,2.58484848484848,,219,849,3.87671232876712,
2022Q2,,RA2704,,RA2704,,All Inpatients and Day cases,d,,:,325,749,2.30461538461538,,229,939,4.10043668122271,
2022Q3,,RA2704,,RA2704,,All Inpatients and Day cases,d,,:,360,818,2.27222222222222,,225,1030,4.57777777777778,
2022Q4,p,RA2704,,RA2704,,All Inpatients and Day cases,d,,:,240,973,4.05416666666667,,143,1678,11.7342657342657,
2019Q1,,S08000015,,S08000015,d,Elective Inpatients,,,:,0,0,,z,0,0,,z
2022Q4,p,S08000015,,S08000015,d,Elective Inpatients,,,:,0,0,,z,0,0,,z
2019Q1,,S08000015,,S12000028,,Elective Inpatients,,,:,0,0,,z,0,0,,z
2022Q4,p,S08000015,,S12000028,,Elective Inpatients,,,:,0,0,,z,0,0,,z
2019Q4,,S08000017,,S12000006,,Elective Inpatients,,,:,0,0,,z,0,0,,z
2020Q2,,S08000017,,S12000006,,Elective Inpatients,,,:,0,0,,z,0,0,,z
2019Q4,,S08000017,,S08000017,d,Elective Inpatients,,,:,0,0,,z,0,0,,z
2020Q2,,S08000017,,S08000017,d,Elective Inpatients,,,:,0,0,,z,0,0,,z
2019Q3,,S08000031,,S12000045,,Elective Inpatients,,,:,0,0,,z,0,0,,z
2019Q3,,S08000031,,S08000031,d,Elective Inpatients,,,:,0,0,,z,0,0,,z
2022Q4,p,S08000024,,S12000040,,Elective Inpatients,,,:,0,0,,z,0,0,,z
2018Q1,,S08000025,,S08000025,d,Elective Inpatients,,1,,0,0,,z,0,0,,z
2018Q1,,S08000025,,S12000023,,Elective Inpatients,,1,,0,0,,z,0,0,,z
2022Q1,,RA2702,,RA2702,,Elective Inpatients,,3,,0,0,,z,0,0,,z
2020Q3,,RA2704,,RA2704,,Elective Inpatients,,1,,0,0,,z,0,0,,z
2019Q3,,RA2704,,RA2704,,Elective Inpatients,,5,,0,0,,z,0,0,,z
2022Q3,,RA2704,,RA2704,,Elective Inpatients,,5,,0,0,,z,0,0,,z
2017Q4,,S08000015,,S12000008,,Emergency Inpatients,,,:,0,0,,z,0,0,,z
2018Q3,,S08000015,,S12000008,,Emergency Inpatients,,,:,0,0,,z,0,0,,z
2018Q4,,S08000015,,S12000008,,Emergency Inpatients,,,:,0,0,,z,0,0,,z
2019Q1,,S08000015,,S12000008,,Emergency Inpatients,,,:,0,0,,z,0,0,,z
2019Q2,,S08000015,,S12000008,,Emergency Inpatients,,,:,0,0,,z,0,0,,z
2019Q3,,S08000015,,S12000008,,Emergency Inpatients,,,:,0,0,,z,0,0,,z
2020Q2,,S08000015,,S12000008,,Emergency Inpatients,,,:,0,0,,z,0,0,,z
2021Q1,,S08000015,,S12000008,,Emergency Inpatients,,,:,0,0,,z,0,0,,z
2022Q1,,S08000015,,S12000008,,Emergency Inpatients,,,:,0,0,,z,0,0,,z
2022Q2,,S08000015,,S12000008,,Emergency Inpatients,,,:,0,0,,z,0,0,,z
2017Q4,,S08000015,,S08000015,d,Emergency Inpatients,,,:,0,0,,z,0,0,,z
2018Q1,,S08000015,,S08000015,d,Emergency Inpatients,,,:,0,0,,z,0,0,,z
2018Q3,,S08000015,,S08000015,d,Emergency Inpatients,,,:,0,0,,z,0,0,,z
2018Q4,,S08000015,,S08000015,d,Emergency Inpatients,,,:,0,0,,z,0,0,,z
2019Q1,,S08000015,,S08000015,d,Emergency Inpatients,,,:,0,0,,z,0,0,,z
2019Q2,,S08000015,,S08000015,d,Emergency Inpatients,,,:,0,0,,z,0,0,,z
2019Q3,,S08000015,,S08000015,d,Emergency Inpatients,,,:,0,0,,z,0,0,,z
2020Q2,,S08000015,,S08000015,d,Emergency Inpatients,,,:,0,0,,z,0,0,,z
2020Q4,,S08000015,,S08000015,d,Emergency Inpatients,,,:,0,0,,z,0,0,,z
2021Q1,,S08000015,,S08000015,d,Emergency Inpatients,,,:,0,0,,z,0,0,,z
2021Q2,,S08000015,,S08000015,d,Emergency Inpatients,,,:,0,0,,z,0,0,,z
2022Q1,,S08000015,,S08000015,d,Emergency Inpatients,,,:,0,0,,z,0,0,,z
2022Q2,,S08000015,,S08000015,d,Emergency Inpatients,,,:,0,0,,z,0,0,,z
2022Q3,,S08000015,,S08000015,d,Emergency Inpatients,,,:,0,0,,z,0,0,,z
2017Q4,,S08000015,,S12000021,,Emergency Inpatients,,,:,0,0,,z,0,0,,z
2018Q1,,S08000015,,S12000021,,Emergency Inpatients,,,:,0,0,,z,0,0,,z
2018Q3,,S08000015,,S12000021,,Emergency Inpatients,,,:,0,0,,z,0,0,,z
2019Q3,,S08000015,,S12000021,,Emergency Inpatients,,,:,0,0,,z,0,0,,z
2020Q4,,S08000015,,S12000021,,Emergency Inpatients,,,:,0,0,,z,0,0,,z
2021Q1,,S08000015,,S12000021,,Emergency Inpatients,,,:,0,0,,z,0,0,,z
2022Q3,,S08000015,,S12000021,,Emergency Inpatients,,,:,0,0,,z,0,0,,z
2018Q3,,S08000015,,S12000028,,Emergency Inpatients,,,:,0,0,,z,0,0,,z
2019Q2,,S08000015,,S12000028,,Emergency Inpatients,,,:,0,0,,z,0,0,,z
2021Q2,,S08000015,,S12000028,,Emergency Inpatients,,,:,0,0,,z,0,0,,z
2018Q2,,S08000016,,S08000016,d,Emergency Inpatients,,,:,0,0,,z,0,0,,z
2018Q3,,S08000016,,S08000016,d,Emergency Inpatients,,,:,0,0,,z,0,0,,z
2019Q2,,S08000016,,S08000016,d,Emergency Inpatients,,,:,0,0,,z,0,0,,z
2019Q3,,S08000016,,S08000016,d,Emergency Inpatients,,,:,0,0,,z,0,0,,z
2019Q4,,S08000016,,S08000016,d,Emergency Inpatients,,,:,0,0,,z,0,0,,z
2020Q1,,S08000016,,S08000016,d,Emergency Inpatients,,,:,0,0,,z,0,0,,z
2020Q2,,S08000016,,S08000016,d,Emergency Inpatients,,,:,0,0,,z,0,0,,z
2020Q3,,S08000016,,S08000016,d,Emergency Inpatients,,,:,0,0,,z,0,0,,z
2020Q4,,S08000016,,S08000016,d,Emergency Inpatients,,,:,0,0,,z,0,0,,z
2021Q1,,S08000016,,S08000016,d,Emergency Inpatients,,,:,0,0,,z,0,0,,z
2021Q2,,S08000016,,S08000016,d,Emergency Inpatients,,,:,0,0,,z,0,0,,z
2021Q4,,S08000016,,S08000016,d,Emergency Inpatients,,,:,0,0,,z,0,0,,z
2022Q2,,S08000016,,S08000016,d,Emergency Inpatients,,,:,0,0,,z,0,0,,z
2022Q4,p,S08000016,,S08000016,d,Emergency Inpatients,,,:,0,0,,z,0,0,,z
2018Q2,,S08000016,,S12000026,,Emergency Inpatients,,,:,0,0,,z,0,0,,z
2018Q3,,S08000016,,S12000026,,Emergency Inpatients,,,:,0,0,,z,0,0,,z
2019Q2,,S08000016,,S12000026,,Emergency Inpatients,,,:,0,0,,z,0,0,,z
2019Q3,,S08000016,,S12000026,,Emergency Inpatients,,,:,0,0,,z,0,0,,z
2019Q4,,S08000016,,S12000026,,Emergency Inpatients,,,:,0,0,,z,0,0,,z
2020Q1,,S08000016,,S12000026,,Emergency Inpatients,,,:,0,0,,z,0,0,,z
2020Q2,,S08000016,,S12000026,,Emergency Inpatients,,,:,0,0,,z,0,0,,z
2020Q3,,S08000016,,S12000026,,Emergency Inpatients,,,:,0,0,,z,0,0,,z
2020Q4,,S08000016,,S12000026,,Emergency Inpatients,,,:,0,0,,z,0,0,,z
2021Q1,,S08000016,,S12000026,,Emergency Inpatients,,,:,0,0,,z,0,0,,z
2021Q2,,S08000016,,S12000026,,Emergency Inpatients,,,:,0,0,,z,0,0,,z
2021Q4,,S08000016,,S12000026,,Emergency Inpatients,,,:,0,0,,z,0,0,,z
2022Q2,,S08000016,,S12000026,,Emergency Inpatients,,,:,0,0,,z,0,0,,z
2022Q4,p,S08000016,,S12000026,,Emergency Inpatients,,,:,0,0,,z,0,0,,z
2017Q4,,S08000017,,S12000006,,Emergency Inpatients,,,:,0,0,,z,0,0,,z
2018Q4,,S08000017,,S12000006,,Emergency Inpatients,,,:,0,0,,z,0,0,,z
2019Q2,,S08000017,,S12000006,,Emergency Inpatients,,,:,0,0,,z,0,0,,z
2019Q4,,S08000017,,S12000006,,Emergency Inpatients,,,:,0,0,,z,0,0,,z
2020Q1,,S08000017,,S12000006,,Emergency Inpatients,,,:,0,0,,z,0,0,,z
2021Q4,,S08000017,,S12000006,,Emergency Inpatients,,,:,0,0,,z,0,0,,z
2022Q1,,S08000017,,S12000006,,Emergency Inpatients,,,:,0,0,,z,0,0,,z
2017Q4,,S08000017,,S08000017,d,Emergency Inpatients,,,:,0,0,,z,0,0,,z
2018Q4,,S08000017,,S08000017,d,Emergency Inpatients,,,:,0,0,,z,0,0,,z
2019Q2,,S08000017,,S08000017,d,Emergency Inpatients,,,:,0,0,,z,0,0,,z
2019Q4,,S08000017,,S08000017,d,Emergency Inpatients,,,:,0,0,,z,0,0,,z
2020Q1,,S08000017,,S08000017,d,Emergency Inpatients,,,:,0,0,,z,0,0,,z
2021Q4,,S08000017,,S08000017,d,Emergency Inpatients,,,:,0,0,,z,0,0,,z
2022Q1,,S08000017,,S08000017,d,Emergency Inpatients,,,:,0,0,,z,0,0,,z
2018Q2,,S08000029,,S12000047,,Emergency Inpatients,,,:,0,0,,z,0,0,,z
2018Q3,,S08000029,,S12000047,,Emergency Inpatients,,,:,0,0,,z,0,0,,z
2019Q1,,S08000029,,S12000047,,Emergency Inpatients,,,:,0,0,,z,0,0,,z
2019Q2,,S08000029,,S12000047,,Emergency Inpatients,,,:,0,0,,z,0,0,,z
2019Q3,,S08000029,,S12000047,,Emergency Inpatients,,,:,0,0,,z,0,0,,z
2019Q4,,S08000029,,S12000047,,Emergency Inpatients,,,:,0,0,,z,0,0,,z
2020Q1,,S08000029,,S12000047,,Emergency Inpatients,,,:,0,0,,z,0,0,,z
2020Q2,,S08000029,,S12000047,,Emergency Inpatients,,,:,0,0,,z,0,0,,z
2020Q3,,S08000029,,S12000047,,Emergency Inpatients,,,:,0,0,,z,0,0,,z
2020Q4,,S08000029,,S12000047,,Emergency Inpatients,,,:,0,0,,z,0,0,,z
2018Q2,,S08000029,,S08000029,d,Emergency Inpatients,,,:,0,0,,z,0,0,,z
2018Q3,,S08000029,,S08000029,d,Emergency Inpatients,,,:,0,0,,z,0,0,,z
2019Q1,,S08000029,,S08000029,d,Emergency Inpatients,,,:,0,0,,z,0,0,,z
2019Q2,,S08000029,,S08000029,d,Emergency Inpatients,,,:,0,0,,z,0,0,,z
2019Q3,,S08000029,,S08000029,d,Emergency Inpatients,,,:,0,0,,z,0,0,,z
2019Q4,,S08000029,,S08000029,d,Emergency Inpatients,,,:,0,0,,z,0,0,,z
2020Q1,,S08000029,,S08000029,d,Emergency Inpatients,,,:,0,0,,z,0,0,,z
2020Q2,,S08000029,,S08000029,d,Emergency Inpatients,,,:,0,0,,z,0,0,,z
2020Q3,,S08000029,,S08000029,d,Emergency Inpatients,,,:,0,0,,z,0,0,,z
2020Q4,,S08000029,,S08000029,d,Emergency Inpatients,,,:,0,0,,z,0,0,,z
2020Q3,,S08000019,,S12000005,,Emergency Inpatients,,,:,0,0,,z,0,0,,z
2020Q4,,S08000019,,S12000005,,Emergency Inpatients,,,:,0,0,,z,0,0,,z
2021Q2,,S08000019,,S12000005,,Emergency Inpatients,,,:,0,0,,z,0,0,,z
2021Q3,,S08000019,,S12000005,,Emergency Inpatients,,,:,0,0,,z,0,0,,z
2022Q1,,S08000019,,S12000005,,Emergency Inpatients,,,:,0,0,,z,0,0,,z
2022Q3,,S08000019,,S12000005,,Emergency Inpatients,,,:,0,0,,z,0,0,,z
2018Q2,,S08000019,,S12000014,,Emergency Inpatients,,,:,0,0,,z,0,0,,z
2018Q4,,S08000019,,S12000014,,Emergency Inpatients,,,:,0,0,,z,0,0,,z
2020Q2,,S08000019,,S12000014,,Emergency Inpatients,,,:,0,0,,z,0,0,,z
2020Q3,,S08000019,,S12000014,,Emergency Inpatients,,,:,0,0,,z,0,0,,z
2021Q2,,S08000019,,S12000014,,Emergency Inpatients,,,:,0,0,,z,0,0,,z
2021Q3,,S08000019,,S12000014,,Emergency Inpatients,,,:,0,0,,z,0,0,,z
2022Q4,p,S08000019,,S12000014,,Emergency Inpatients,,,:,0,0,,z,0,0,,z
2018Q2,,S08000019,,S08000019,d,Emergency Inpatients,,,:,0,0,,z,0,0,,z
2018Q4,,S08000019,,S08000019,d,Emergency Inpatients,,,:,0,0,,z,0,0,,z
2019Q2,,S08000019,,S08000019,d,Emergency Inpatients,,,:,0,0,,z,0,0,,z
2020Q2,,S08000019,,S08000019,d,Emergency Inpatients,,,:,0,0,,z,0,0,,z
2020Q3,,S08000019,,S08000019,d,Emergency Inpatients,,,:,0,0,,z,0,0,,z
2020Q4,,S08000019,,S08000019,d,Emergency Inpatients,,,:,0,0,,z,0,0,,z
2021Q1,,S08000019,,S08000019,d,Emergency Inpatients,,,:,0,0,,z,0,0,,z
2021Q2,,S08000019,,S08000019,d,Emergency Inpatients,,,:,0,0,,z,0,0,,z
2021Q3,,S08000019,,S08000019,d,Emergency Inpatients,,,:,0,0,,z,0,0,,z
2021Q4,,S08000019,,S08000019,d,Emergency Inpatients,,,:,0,0,,z,0,0,,z
2022Q1,,S08000019,,S08000019,d,Emergency Inpatients,,,:,0,0,,z,0,0,,z
2022Q3,,S08000019,,S08000019,d,Emergency Inpatients,,,:,0,0,,z,0,0,,z
2022Q4,p,S08000019,,S08000019,d,Emergency Inpatients,,,:,0,0,,z,0,0,,z
2018Q2,,S08000019,,S12000030,,Emergency Inpatients,,,:,0,0,,z,0,0,,z
2019Q2,,S08000019,,S12000030,,Emergency Inpatients,,,:,0,0,,z,0,0,,z
2020Q3,,S08000019,,S12000030,,Emergency Inpatients,,,:,0,0,,z,0,0,,z
2020Q4,,S08000019,,S12000030,,Emergency Inpatients,,,:,0,0,,z,0,0,,z
2021Q1,,S08000019,,S12000030,,Emergency Inpatients,,,:,0,0,,z,0,0,,z
2021Q2,,S08000019,,S12000030,,Emergency Inpatients,,,:,0,0,,z,0,0,,z
2021Q3,,S08000019,,S12000030,,Emergency Inpatients,,,:,0,0,,z,0,0,,z
2021Q4,,S08000019,,S12000030,,Emergency Inpatients,,,:,0,0,,z,0,0,,z
2022Q3,,S08000019,,S12000030,,Emergency Inpatients,,,:,0,0,,z,0,0,,z
2022Q4,p,S08000019,,S12000030,,Emergency Inpatients,,,:,0,0,,z,0,0,,z
2018Q1,,S08000020,,S12000033,,Emergency Inpatients,,,:,0,0,,z,0,0,,z
2018Q4,,S08000020,,S12000033,,Emergency Inpatients,,,:,0,0,,z,0,0,,z
2019Q3,,S08000020,,S12000034,,Emergency Inpatients,,,:,0,0,,z,0,0,,z
2020Q1,,S08000020,,S12000034,,Emergency Inpatients,,,:,0,0,,z,0,0,,z
2022Q4,p,S08000020,,S12000034,,Emergency Inpatients,,,:,0,0,,z,0,0,,z
2018Q1,,S08000020,,S12000020,,Emergency Inpatients,,,:,0,0,,z,0,0,,z
2021Q3,,S08000020,,S12000020,,Emergency Inpatients,,,:,0,0,,z,0,0,,z
2018Q1,,S08000020,,S08000020,d,Emergency Inpatients,,,:,0,0,,z,0,0,,z
2018Q4,,S08000020,,S08000020,d,Emergency Inpatients,,,:,0,0,,z,0,0,,z
2019Q3,,S08000020,,S08000020,d,Emergency Inpatients,,,:,0,0,,z,0,0,,z
2020Q1,,S08000020,,S08000020,d,Emergency Inpatients,,,:,0,0,,z,0,0,,z
2021Q3,,S08000020,,S08000020,d,Emergency Inpatients,,,:,0,0,,z,0,0,,z
2017Q4,,S08000031,,S12000045,,Emergency Inpatients,,,:,0,0,,z,0,0,,z
2018Q3,,S08000031,,S12000045,,Emergency Inpatients,,,:,0,0,,z,0,0,,z
2019Q4,,S08000031,,S12000045,,Emergency Inpatients,,,:,0,0,,z,0,0,,z
2022Q1,,S08000031,,S12000045,,Emergency Inpatients,,,:,0,0,,z,0,0,,z
2022Q4,p,S08000031,,S12000045,,Emergency Inpatients,,,:,0,0,,z,0,0,,z
2017Q4,,S08000031,,S12000049,,Emergency Inpatients,,,:,0,0,,z,0,0,,z
2018Q1,,S08000031,,S12000049,,Emergency Inpatients,,,:,0,0,,z,0,0,,z
2018Q2,,S08000031,,S12000049,,Emergency Inpatients,,,:,0,0,,z,0,0,,z
2018Q3,,S08000031,,S12000049,,Emergency Inpatients,,,:,0,0,,z,0,0,,z
2018Q4,,S08000031,,S12000049,,Emergency Inpatients,,,:,0,0,,z,0,0,,z
2019Q1,,S08000031,,S12000049,,Emergency Inpatients,,,:,0,0,,z,0,0,,z
2019Q2,,S08000031,,S12000049,,Emergency Inpatients,,,:,0,0,,z,0,0,,z
2019Q3,,S08000031,,S12000049,,Emergency Inpatients,,,:,0,0,,z,0,0,,z
2019Q4,,S08000031,,S12000049,,Emergency Inpatients,,,:,0,0,,z,0,0,,z
2020Q1,,S08000031,,S12000049,,Emergency Inpatients,,,:,0,0,,z,0,0,,z
2020Q2,,S08000031,,S12000049,,Emergency Inpatients,,,:,0,0,,z,0,0,,z
2020Q3,,S08000031,,S12000049,,Emergency Inpatients,,,:,0,0,,z,0,0,,z
2020Q4,,S08000031,,S12000049,,Emergency Inpatients,,,:,0,0,,z,0,0,,z
2021Q2,,S08000031,,S12000049,,Emergency Inpatients,,,:,0,0,,z,0,0,,z
2021Q3,,S08000031,,S12000049,,Emergency Inpatients,,,:,0,0,,z,0,0,,z
2021Q4,,S08000031,,S12000049,,Emergency Inpatients,,,:,0,0,,z,0,0,,z
2022Q1,,S08000031,,S12000049,,Emergency Inpatients,,,:,0,0,,z,0,0,,z
2018Q2,,S08000031,,S12000018,,Emergency Inpatients,,,:,0,0,,z,0,0,,z
2017Q4,,S08000031,,S08000031,d,Emergency Inpatients,,,:,0,0,,z,0,0,,z
2018Q1,,S08000031,,S08000031,d,Emergency Inpatients,,,:,0,0,,z,0,0,,z
2018Q2,,S08000031,,S08000031,d,Emergency Inpatients,,,:,0,0,,z,0,0,,z
2018Q3,,S08000031,,S08000031,d,Emergency Inpatients,,,:,0,0,,z,0,0,,z
2018Q4,,S08000031,,S08000031,d,Emergency Inpatients,,,:,0,0,,z,0,0,,z
2019Q1,,S08000031,,S08000031,d,Emergency Inpatients,,,:,0,0,,z,0,0,,z
2019Q2,,S08000031,,S08000031,d,Emergency Inpatients,,,:,0,0,,z,0,0,,z
2019Q3,,S08000031,,S08000031,d,Emergency Inpatients,,,:,0,0,,z,0,0,,z
2019Q4,,S08000031,,S08000031,d,Emergency Inpatients,,,:,0,0,,z,0,0,,z
2020Q1,,S08000031,,S08000031,d,Emergency Inpatients,,,:,0,0,,z,0,0,,z
2020Q2,,S08000031,,S08000031,d,Emergency Inpatients,,,:,0,0,,z,0,0,,z
2020Q3,,S08000031,,S08000031,d,Emergency Inpatients,,,:,0,0,,z,0,0,,z
2020Q4,,S08000031,,S08000031,d,Emergency Inpatients,,,:,0,0,,z,0,0,,z
2021Q2,,S08000031,,S08000031,d,Emergency Inpatients,,,:,0,0,,z,0,0,,z
2021Q3,,S08000031,,S08000031,d,Emergency Inpatients,,,:,0,0,,z,0,0,,z
2021Q4,,S08000031,,S08000031,d,Emergency Inpatients,,,:,0,0,,z,0,0,,z
2022Q1,,S08000031,,S08000031,d,Emergency Inpatients,,,:,0,0,,z,0,0,,z
2022Q2,,S08000031,,S08000031,d,Emergency Inpatients,,,:,0,0,,z,0,0,,z
2018Q2,,S08000031,,S12000038,,Emergency Inpatients,,,:,0,0,,z,0,0,,z
2018Q4,,S08000031,,S12000038,,Emergency Inpatients,,,:,0,0,,z,0,0,,z
2019Q3,,S08000031,,S12000038,,Emergency Inpatients,,,:,0,0,,z,0,0,,z
2019Q4,,S08000031,,S12000038,,Emergency Inpatients,,,:,0,0,,z,0,0,,z
2022Q3,,S08000031,,S12000038,,Emergency Inpatients,,,:,0,0,,z,0,0,,z
2018Q1,,S08000031,,S12000039,,Emergency Inpatients,,,:,0,0,,z,0,0,,z
2018Q2,,S08000031,,S12000039,,Emergency Inpatients,,,:,0,0,,z,0,0,,z
2018Q3,,S08000031,,S12000039,,Emergency Inpatients,,,:,0,0,,z,0,0,,z
2019Q2,,S08000031,,S12000039,,Emergency Inpatients,,,:,0,0,,z,0,0,,z
2020Q1,,S08000031,,S12000039,,Emergency Inpatients,,,:,0,0,,z,0,0,,z
2021Q3,,S08000031,,S12000039,,Emergency Inpatients,,,:,0,0,,z,0,0,,z
2022Q2,,S08000031,,S12000039,,Emergency Inpatients,,,:,0,0,,z,0,0,,z
2018Q4,,S08000022,,S12000035,,Emergency Inpatients,,,:,0,0,,z,0,0,,z
2019Q1,,S08000022,,S12000035,,Emergency Inpatients,,,:,0,0,,z,0,0,,z
2019Q2,,S08000022,,S12000035,,Emergency Inpatients,,,:,0,0,,z,0,0,,z
2019Q4,,S08000022,,S12000035,,Emergency Inpatients,,,:,0,0,,z,0,0,,z
2020Q4,,S08000022,,S12000035,,Emergency Inpatients,,,:,0,0,,z,0,0,,z
2021Q1,,S08000022,,S12000035,,Emergency Inpatients,,,:,0,0,,z,0,0,,z
2021Q2,,S08000022,,S12000035,,Emergency Inpatients,,,:,0,0,,z,0,0,,z
2017Q4,,S08000022,,S12000017,,Emergency Inpatients,,,:,0,0,,z,0,0,,z
2018Q1,,S08000022,,S12000017,,Emergency Inpatients,,,:,0,0,,z,0,0,,z
2019Q2,,S08000022,,S12000017,,Emergency Inpatients,,,:,0,0,,z,0,0,,z
2019Q3,,S08000022,,S12000017,,Emergency Inpatients,,,:,0,0,,z,0,0,,z
2019Q4,,S08000022,,S12000017,,Emergency Inpatients,,,:,0,0,,z,0,0,,z
2020Q1,,S08000022,,S12000017,,Emergency Inpatients,,,:,0,0,,z,0,0,,z
2020Q2,,S08000022,,S12000017,,Emergency Inpatients,,,:,0,0,,z,0,0,,z
2020Q3,,S08000022,,S12000017,,Emergency Inpatients,,,:,0,0,,z,0,0,,z
2020Q4,,S08000022,,S12000017,,Emergency Inpatients,,,:,0,0,,z,0,0,,z
2021Q1,,S08000022,,S12000017,,Emergency Inpatients,,,:,0,0,,z,0,0,,z
2021Q2,,S08000022,,S12000017,,Emergency Inpatients,,,:,0,0,,z,0,0,,z
2021Q3,,S08000022,,S12000017,,Emergency Inpatients,,,:,0,0,,z,0,0,,z
2021Q4,,S08000022,,S12000017,,Emergency Inpatients,,,:,0,0,,z,0,0,,z
2022Q2,,S08000022,,S12000017,,Emergency Inpatients,,,:,0,0,,z,0,0,,z
2022Q3,,S08000022,,S12000017,,Emergency Inpatients,,,:,0,0,,z,0,0,,z
2022Q4,p,S08000022,,S12000017,,Emergency Inpatients,,,:,0,0,,z,0,0,,z
2017Q4,,S08000022,,S08000022,d,Emergency Inpatients,,,:,0,0,,z,0,0,,z
2018Q1,,S08000022,,S08000022,d,Emergency Inpatients,,,:,0,0,,z,0,0,,z
2018Q4,,S08000022,,S08000022,d,Emergency Inpatients,,,:,0,0,,z,0,0,,z
2019Q1,,S08000022,,S08000022,d,Emergency Inpatients,,,:,0,0,,z,0,0,,z
2019Q2,,S08000022,,S08000022,d,Emergency Inpatients,,,:,0,0,,z,0,0,,z
2019Q3,,S08000022,,S08000022,d,Emergency Inpatients,,,:,0,0,,z,0,0,,z
2019Q4,,S08000022,,S08000022,d,Emergency Inpatients,,,:,0,0,,z,0,0,,z
2020Q1,,S08000022,,S08000022,d,Emergency Inpatients,,,:,0,0,,z,0,0,,z
2020Q2,,S08000022,,S08000022,d,Emergency Inpatients,,,:,0,0,,z,0,0,,z
2020Q3,,S08000022,,S08000022,d,Emergency Inpatients,,,:,0,0,,z,0,0,,z
2020Q4,,S08000022,,S08000022,d,Emergency Inpatients,,,:,0,0,,z,0,0,,z
2021Q1,,S08000022,,S08000022,d,Emergency Inpatients,,,:,0,0,,z,0,0,,z
2021Q2,,S08000022,,S08000022,d,Emergency Inpatients,,,:,0,0,,z,0,0,,z
2021Q3,,S08000022,,S08000022,d,Emergency Inpatients,,,:,0,0,,z,0,0,,z
2021Q4,,S08000022,,S08000022,d,Emergency Inpatients,,,:,0,0,,z,0,0,,z
2022Q2,,S08000022,,S08000022,d,Emergency Inpatients,,,:,0,0,,z,0,0,,z
2022Q3,,S08000022,,S08000022,d,Emergency Inpatients,,,:,0,0,,z,0,0,,z
2022Q4,p,S08000022,,S08000022,d,Emergency Inpatients,,,:,0,0,,z,0,0,,z
2018Q3,,S08000032,,S08000032,d,Emergency Inpatients,,,:,0,0,,z,0,0,,z
2019Q2,,S08000032,,S08000032,d,Emergency Inpatients,,,:,0,0,,z,0,0,,z
2019Q3,,S08000032,,S08000032,d,Emergency Inpatients,,,:,0,0,,z,0,0,,z
2019Q4,,S08000032,,S08000032,d,Emergency Inpatients,,,:,0,0,,z,0,0,,z
2020Q1,,S08000032,,S08000032,d,Emergency Inpatients,,,:,0,0,,z,0,0,,z
2020Q3,,S08000032,,S08000032,d,Emergency Inpatients,,,:,0,0,,z,0,0,,z
2021Q1,,S08000032,,S08000032,d,Emergency Inpatients,,,:,0,0,,z,0,0,,z
2021Q3,,S08000032,,S08000032,d,Emergency Inpatients,,,:,0,0,,z,0,0,,z
2021Q4,,S08000032,,S08000032,d,Emergency Inpatients,,,:,0,0,,z,0,0,,z
2022Q3,,S08000032,,S08000032,d,Emergency Inpatients,,,:,0,0,,z,0,0,,z
2018Q3,,S08000032,,S12000050,,Emergency Inpatients,,,:,0,0,,z,0,0,,z
2019Q2,,S08000032,,S12000050,,Emergency Inpatients,,,:,0,0,,z,0,0,,z
2019Q4,,S08000032,,S12000050,,Emergency Inpatients,,,:,0,0,,z,0,0,,z
2020Q1,,S08000032,,S12000050,,Emergency Inpatients,,,:,0,0,,z,0,0,,z
2020Q3,,S08000032,,S12000050,,Emergency Inpatients,,,:,0,0,,z,0,0,,z
2021Q3,,S08000032,,S12000050,,Emergency Inpatients,,,:,0,0,,z,0,0,,z
2022Q3,,S08000032,,S12000050,,Emergency Inpatients,,,:,0,0,,z,0,0,,z
2018Q3,,S08000032,,S12000029,,Emergency Inpatients,,,:,0,0,,z,0,0,,z
2019Q2,,S08000032,,S12000029,,Emergency Inpatients,,,:,0,0,,z,0,0,,z
2019Q3,,S08000032,,S12000029,,Emergency Inpatients,,,:,0,0,,z,0,0,,z
2019Q4,,S08000032,,S12000029,,Emergency Inpatients,,,:,0,0,,z,0,0,,z
2020Q3,,S08000032,,S12000029,,Emergency Inpatients,,,:,0,0,,z,0,0,,z
2021Q1,,S08000032,,S12000029,,Emergency Inpatients,,,:,0,0,,z,0,0,,z
2021Q4,,S08000032,,S12000029,,Emergency Inpatients,,,:,0,0,,z,0,0,,z
2018Q3,,S08000024,,S12000010,,Emergency Inpatients,,,:,0,0,,z,0,0,,z
2018Q4,,S08000024,,S12000010,,Emergency Inpatients,,,:,0,0,,z,0,0,,z
2019Q1,,S08000024,,S12000010,,Emergency Inpatients,,,:,0,0,,z,0,0,,z
2019Q2,,S08000024,,S12000010,,Emergency Inpatients,,,:,0,0,,z,0,0,,z
2019Q3,,S08000024,,S12000010,,Emergency Inpatients,,,:,0,0,,z,0,0,,z
2020Q1,,S08000024,,S12000010,,Emergency Inpatients,,,:,0,0,,z,0,0,,z
2020Q3,,S08000024,,S12000010,,Emergency Inpatients,,,:,0,0,,z,0,0,,z
2020Q4,,S08000024,,S12000010,,Emergency Inpatients,,,:,0,0,,z,0,0,,z
2021Q1,,S08000024,,S12000010,,Emergency Inpatients,,,:,0,0,,z,0,0,,z
2018Q1,,S08000024,,S12000036,,Emergency Inpatients,,,:,0,0,,z,0,0,,z
2018Q2,,S08000024,,S12000036,,Emergency Inpatients,,,:,0,0,,z,0,0,,z
2018Q4,,S08000024,,S12000036,,Emergency Inpatients,,,:,0,0,,z,0,0,,z
2019Q1,,S08000024,,S12000036,,Emergency Inpatients,,,:,0,0,,z,0,0,,z
2019Q2,,S08000024,,S12000036,,Emergency Inpatients,,,:,0,0,,z,0,0,,z
2019Q3,,S08000024,,S12000036,,Emergency Inpatients,,,:,0,0,,z,0,0,,z
2019Q4,,S08000024,,S12000036,,Emergency Inpatients,,,:,0,0,,z,0,0,,z
2020Q1,,S08000024,,S12000036,,Emergency Inpatients,,,:,0,0,,z,0,0,,z
2020Q2,,S08000024,,S12000036,,Emergency Inpatients,,,:,0,0,,z,0,0,,z
2020Q3,,S08000024,,S12000036,,Emergency Inpatients,,,:,0,0,,z,0,0,,z
2020Q4,,S08000024,,S12000036,,Emergency Inpatients,,,:,0,0,,z,0,0,,z
2021Q1,,S08000024,,S12000036,,Emergency Inpatients,,,:,0,0,,z,0,0,,z
2021Q2,,S08000024,,S12000036,,Emergency Inpatients,,,:,0,0,,z,0,0,,z
2021Q3,,S08000024,,S12000036,,Emergency Inpatients,,,:,0,0,,z,0,0,,z
2021Q4,,S08000024,,S12000036,,Emergency Inpatients,,,:,0,0,,z,0,0,,z
2022Q1,,S08000024,,S12000036,,Emergency Inpatients,,,:,0,0,,z,0,0,,z
2022Q2,,S08000024,,S12000036,,Emergency Inpatients,,,:,0,0,,z,0,0,,z
2022Q3,,S08000024,,S12000036,,Emergency Inpatients,,,:,0,0,,z,0,0,,z
2018Q2,,S08000024,,S12000019,,Emergency Inpatients,,,:,0,0,,z,0,0,,z
2019Q2,,S08000024,,S12000019,,Emergency Inpatients,,,:,0,0,,z,0,0,,z
2022Q2,,S08000024,,S12000019,,Emergency Inpatients,,,:,0,0,,z,0,0,,z
2018Q1,,S08000024,,S08000024,d,Emergency Inpatients,,,:,0,0,,z,0,0,,z
2018Q2,,S08000024,,S08000024,d,Emergency Inpatients,,,:,0,0,,z,0,0,,z
2018Q3,,S08000024,,S08000024,d,Emergency Inpatients,,,:,0,0,,z,0,0,,z
2018Q4,,S08000024,,S08000024,d,Emergency Inpatients,,,:,0,0,,z,0,0,,z
2019Q1,,S08000024,,S08000024,d,Emergency Inpatients,,,:,0,0,,z,0,0,,z
2019Q2,,S08000024,,S08000024,d,Emergency Inpatients,,,:,0,0,,z,0,0,,z
2019Q3,,S08000024,,S08000024,d,Emergency Inpatients,,,:,0,0,,z,0,0,,z
2019Q4,,S08000024,,S08000024,d,Emergency Inpatients,,,:,0,0,,z,0,0,,z
2020Q1,,S08000024,,S08000024,d,Emergency Inpatients,,,:,0,0,,z,0,0,,z
2020Q2,,S08000024,,S08000024,d,Emergency Inpatients,,,:,0,0,,z,0,0,,z
2020Q3,,S08000024,,S08000024,d,Emergency Inpatients,,,:,0,0,,z,0,0,,z
2020Q4,,S08000024,,S08000024,d,Emergency Inpatients,,,:,0,0,,z,0,0,,z
2021Q1,,S08000024,,S08000024,d,Emergency Inpatients,,,:,0,0,,z,0,0,,z
2021Q2,,S08000024,,S08000024,d,Emergency Inpatients,,,:,0,0,,z,0,0,,z
2021Q3,,S08000024,,S08000024,d,Emergency Inpatients,,,:,0,0,,z,0,0,,z
2021Q4,,S08000024,,S08000024,d,Emergency Inpatients,,,:,0,0,,z,0,0,,z
2022Q1,,S08000024,,S08000024,d,Emergency Inpatients,,,:,0,0,,z,0,0,,z
2022Q2,,S08000024,,S08000024,d,Emergency Inpatients,,,:,0,0,,z,0,0,,z
2022Q3,,S08000024,,S08000024,d,Emergency Inpatients,,,:,0,0,,z,0,0,,z
2018Q1,,S08000024,,S12000040,,Emergency Inpatients,,,:,0,0,,z,0,0,,z
2018Q4,,S08000024,,S12000040,,Emergency Inpatients,,,:,0,0,,z,0,0,,z
2019Q1,,S08000024,,S12000040,,Emergency Inpatients,,,:,0,0,,z,0,0,,z
2020Q3,,S08000024,,S12000040,,Emergency Inpatients,,,:,0,0,,z,0,0,,z
2020Q4,,S08000024,,S12000040,,Emergency Inpatients,,,:,0,0,,z,0,0,,z
2021Q3,,S08000024,,S12000040,,Emergency Inpatients,,,:,0,0,,z,0,0,,z
2021Q4,,S08000024,,S12000040,,Emergency Inpatients,,,:,0,0,,z,0,0,,z
2022Q1,,S08000024,,S12000040,,Emergency Inpatients,,,:,0,0,,z,0,0,,z
2022Q2,,S08000025,,S08000025,d,Emergency Inpatients,,1,,0,0,,z,0,0,,z
2017Q4,,S08000025,,S08000025,d,Emergency Inpatients,,,:,0,0,,z,0,0,,z
2020Q1,,S08000025,,S08000025,d,Emergency Inpatients,,,:,0,0,,z,0,0,,z
2022Q2,,S08000025,,S12000023,,Emergency Inpatients,,1,,0,0,,z,0,0,,z
2017Q4,,S08000025,,S12000023,,Emergency Inpatients,,,:,0,0,,z,0,0,,z
2020Q1,,S08000025,,S12000023,,Emergency Inpatients,,,:,0,0,,z,0,0,,z
2018Q1,,S08000026,,S08000026,d,Emergency Inpatients,,1,,0,0,,z,0,0,,z
2021Q1,,S08000026,,S08000026,d,Emergency Inpatients,,,:,0,0,,z,0,0,,z
2021Q4,,S08000026,,S08000026,d,Emergency Inpatients,,,:,0,0,,z,0,0,,z
2018Q1,,S08000026,,S12000027,,Emergency Inpatients,,1,,0,0,,z,0,0,,z
2021Q1,,S08000026,,S12000027,,Emergency Inpatients,,,:,0,0,,z,0,0,,z
2021Q4,,S08000026,,S12000027,,Emergency Inpatients,,,:,0,0,,z,0,0,,z
2020Q4,,S08000030,,S12000041,,Emergency Inpatients,,,:,0,0,,z,0,0,,z
2021Q3,,S08000030,,S12000041,,Emergency Inpatients,,,:,0,0,,z,0,0,,z
2022Q3,,S08000030,,S12000041,,Emergency Inpatients,,,:,0,0,,z,0,0,,z
2018Q3,,S08000030,,S12000042,,Emergency Inpatients,,,:,0,0,,z,0,0,,z
2019Q4,,S08000030,,S12000042,,Emergency Inpatients,,,:,0,0,,z,0,0,,z
2020Q1,,S08000030,,S12000042,,Emergency Inpatients,,,:,0,0,,z,0,0,,z
2021Q1,,S08000030,,S12000042,,Emergency Inpatients,,,:,0,0,,z,0,0,,z
2021Q2,,S08000030,,S12000042,,Emergency Inpatients,,,:,0,0,,z,0,0,,z
2017Q4,,S08000030,,S08000030,d,Emergency Inpatients,,,:,0,0,,z,0,0,,z
2018Q3,,S08000030,,S08000030,d,Emergency Inpatients,,,:,0,0,,z,0,0,,z
2019Q4,,S08000030,,S08000030,d,Emergency Inpatients,,,:,0,0,,z,0,0,,z
2020Q1,,S08000030,,S08000030,d,Emergency Inpatients,,,:,0,0,,z,0,0,,z
2020Q3,,S08000030,,S08000030,d,Emergency Inpatients,,,:,0,0,,z,0,0,,z
2020Q4,,S08000030,,S08000030,d,Emergency Inpatients,,,:,0,0,,z,0,0,,z
2021Q1,,S08000030,,S08000030,d,Emergency Inpatients,,,:,0,0,,z,0,0,,z
2021Q2,,S08000030,,S08000030,d,Emergency Inpatients,,,:,0,0,,z,0,0,,z
2021Q3,,S08000030,,S08000030,d,Emergency Inpatients,,,:,0,0,,z,0,0,,z
2022Q1,,S08000030,,S08000030,d,Emergency Inpatients,,,:,0,0,,z,0,0,,z
2022Q3,,S08000030,,S08000030,d,Emergency Inpatients,,,:,0,0,,z,0,0,,z
2017Q4,,S08000030,,S12000048,,Emergency Inpatients,,,:,0,0,,z,0,0,,z
2018Q3,,S08000030,,S12000048,,Emergency Inpatients,,,:,0,0,,z,0,0,,z
2020Q3,,S08000030,,S12000048,,Emergency Inpatients,,,:,0,0,,z,0,0,,z
2021Q1,,S08000030,,S12000048,,Emergency Inpatients,,,:,0,0,,z,0,0,,z
2021Q2,,S08000030,,S12000048,,Emergency Inpatients,,,:,0,0,,z,0,0,,z
2022Q1,,S08000030,,S12000048,,Emergency Inpatients,,,:,0,0,,z,0,0,,z
2018Q2,,S08000028,,S08000028,d,Emergency Inpatients,,1,,0,0,,z,0,0,,z
2022Q3,,S08000028,,S08000028,d,Emergency Inpatients,,1,,0,0,,z,0,0,,z
2022Q4,p,S08000028,,S08000028,d,Emergency Inpatients,,1,,0,0,,z,0,0,,z
2020Q1,,S08000028,,S08000028,d,Emergency Inpatients,,4,,0,0,,z,0,0,,z
2021Q3,,S08000028,,S08000028,d,Emergency Inpatients,,4,,0,0,,z,0,0,,z
2019Q2,,S08000028,,S08000028,d,Emergency Inpatients,,5,,0,0,,z,0,0,,z
2020Q4,,S08000028,,S08000028,d,Emergency Inpatients,,5,,0,0,,z,0,0,,z
2022Q3,,S08000028,,S08000028,d,Emergency Inpatients,,5,,0,0,,z,0,0,,z
2018Q4,,S08000028,,S08000028,d,Emergency Inpatients,,,:,0,0,,z,0,0,,z
2019Q2,,S08000028,,S08000028,d,Emergency Inpatients,,,:,0,0,,z,0,0,,z
2019Q3,,S08000028,,S08000028,d,Emergency Inpatients,,,:,0,0,,z,0,0,,z
2022Q3,,S08000028,,S08000028,d,Emergency Inpatients,,,:,0,0,,z,0,0,,z
2022Q4,p,S08000028,,S08000028,d,Emergency Inpatients,,,:,0,0,,z,0,0,,z
2018Q2,,S08000028,,S12000013,,Emergency Inpatients,,1,,0,0,,z,0,0,,z
2022Q3,,S08000028,,S12000013,,Emergency Inpatients,,1,,0,0,,z,0,0,,z
2022Q4,p,S08000028,,S12000013,,Emergency Inpatients,,1,,0,0,,z,0,0,,z
2020Q1,,S08000028,,S12000013,,Emergency Inpatients,,4,,0,0,,z,0,0,,z
2021Q3,,S08000028,,S12000013,,Emergency Inpatients,,4,,0,0,,z,0,0,,z
2019Q2,,S08000028,,S12000013,,Emergency Inpatients,,5,,0,0,,z,0,0,,z
2020Q4,,S08000028,,S12000013,,Emergency Inpatients,,5,,0,0,,z,0,0,,z
2022Q3,,S08000028,,S12000013,,Emergency Inpatients,,5,,0,0,,z,0,0,,z
2018Q4,,S08000028,,S12000013,,Emergency Inpatients,,,:,0,0,,z,0,0,,z
2019Q2,,S08000028,,S12000013,,Emergency Inpatients,,,:,0,0,,z,0,0,,z
2019Q3,,S08000028,,S12000013,,Emergency Inpatients,,,:,0,0,,z,0,0,,z
2022Q3,,S08000028,,S12000013,,Emergency Inpatients,,,:,0,0,,z,0,0,,z
2022Q4,p,S08000028,,S12000013,,Emergency Inpatients,,,:,0,0,,z,0,0,,z
2017Q4,,RA2701,,RA2701,,Emergency Inpatients,,1,,0,0,,z,0,0,,z
2018Q2,,RA2701,,RA2701,,Emergency Inpatients,,1,,0,0,,z,0,0,,z
2018Q3,,RA2701,,RA2701,,Emergency Inpatients,,1,,0,0,,z,0,0,,z
2019Q1,,RA2701,,RA2701,,Emergency Inpatients,,1,,0,0,,z,0,0,,z
2019Q3,,RA2701,,RA2701,,Emergency Inpatients,,1,,0,0,,z,0,0,,z
2021Q1,,RA2701,,RA2701,,Emergency Inpatients,,1,,0,0,,z,0,0,,z
2022Q4,p,RA2701,,RA2701,,Emergency Inpatients,,1,,0,0,,z,0,0,,z
2017Q4,,RA2701,,RA2701,,Emergency Inpatients,,2,,0,0,,z,0,0,,z
2020Q2,,RA2701,,RA2701,,Emergency Inpatients,,2,,0,0,,z,0,0,,z
2020Q3,,RA2701,,RA2701,,Emergency Inpatients,,2,,0,0,,z,0,0,,z
2020Q4,,RA2701,,RA2701,,Emergency Inpatients,,2,,0,0,,z,0,0,,z
2022Q1,,RA2701,,RA2701,,Emergency Inpatients,,2,,0,0,,z,0,0,,z
2018Q2,,RA2701,,RA2701,,Emergency Inpatients,,3,,0,0,,z,0,0,,z
2018Q3,,RA2701,,RA2701,,Emergency Inpatients,,3,,0,0,,z,0,0,,z
2019Q3,,RA2701,,RA2701,,Emergency Inpatients,,3,,0,0,,z,0,0,,z
2020Q3,,RA2701,,RA2701,,Emergency Inpatients,,3,,0,0,,z,0,0,,z
2019Q4,,RA2701,,RA2701,,Emergency Inpatients,,4,,0,0,,z,0,0,,z
2020Q4,,RA2701,,RA2701,,Emergency Inpatients,,4,,0,0,,z,0,0,,z
2021Q2,,RA2701,,RA2701,,Emergency Inpatients,,4,,0,0,,z,0,0,,z
2017Q4,,RA2703,,RA2703,,Emergency Inpatients,,1,,0,0,,z,0,0,,z
2018Q1,,RA2703,,RA2703,,Emergency Inpatients,,1,,0,0,,z,0,0,,z
2018Q4,,RA2703,,RA2703,,Emergency Inpatients,,1,,0,0,,z,0,0,,z
2019Q2,,RA2703,,RA2703,,Emergency Inpatients,,1,,0,0,,z,0,0,,z
2019Q4,,RA2703,,RA2703,,Emergency Inpatients,,1,,0,0,,z,0,0,,z
2022Q4,p,RA2703,,RA2703,,Emergency Inpatients,,1,,0,0,,z,0,0,,z
2018Q1,,RA2703,,RA2703,,Emergency Inpatients,,2,,0,0,,z,0,0,,z
2018Q2,,RA2703,,RA2703,,Emergency Inpatients,,2,,0,0,,z,0,0,,z
2018Q3,,RA2703,,RA2703,,Emergency Inpatients,,2,,0,0,,z,0,0,,z
2019Q2,,RA2703,,RA2703,,Emergency Inpatients,,2,,0,0,,z,0,0,,z
2019Q3,,RA2703,,RA2703,,Emergency Inpatients,,2,,0,0,,z,0,0,,z
2021Q1,,RA2703,,RA2703,,Emergency Inpatients,,2,,0,0,,z,0,0,,z
2021Q3,,RA2703,,RA2703,,Emergency Inpatients,,2,,0,0,,z,0,0,,z
2022Q2,,RA2703,,RA2703,,Emergency Inpatients,,2,,0,0,,z,0,0,,z
2022Q3,,RA2703,,RA2703,,Emergency Inpatients,,2,,0,0,,z,0,0,,z
2022Q4,p,RA2703,,RA2703,,Emergency Inpatients,,2,,0,0,,z,0,0,,z
2017Q4,,RA2703,,RA2703,,Emergency Inpatients,,3,,0,0,,z,0,0,,z
2019Q3,,RA2703,,RA2703,,Emergency Inpatients,,3,,0,0,,z,0,0,,z
2022Q3,,RA2703,,RA2703,,Emergency Inpatients,,3,,0,0,,z,0,0,,z
2022Q4,p,RA2703,,RA2703,,Emergency Inpatients,,3,,0,0,,z,0,0,,z
2017Q4,,RA2703,,RA2703,,Emergency Inpatients,,4,,0,0,,z,0,0,,z
2018Q4,,RA2703,,RA2703,,Emergency Inpatients,,4,,0,0,,z,0,0,,z
2019Q1,,RA2703,,RA2703,,Emergency Inpatients,,4,,0,0,,z,0,0,,z
2020Q1,,RA2703,,RA2703,,Emergency Inpatients,,4,,0,0,,z,0,0,,z
2020Q2,,RA2703,,RA2703,,Emergency Inpatients,,4,,0,0,,z,0,0,,z
2021Q3,,RA2703,,RA2703,,Emergency Inpatients,,4,,0,0,,z,0,0,,z
2022Q1,,RA2703,,RA2703,,Emergency Inpatients,,4,,0,0,,z,0,0,,z
2022Q2,,RA2703,,RA2703,,Emergency Inpatients,,4,,0,0,,z,0,0,,z
2022Q3,,RA2703,,RA2703,,Emergency Inpatients,,4,,0,0,,z,0,0,,z
2017Q4,,RA2703,,RA2703,,Emergency Inpatients,,5,,0,0,,z,0,0,,z
2018Q1,,RA2703,,RA2703,,Emergency Inpatients,,5,,0,0,,z,0,0,,z
2018Q3,,RA2703,,RA2703,,Emergency Inpatients,,5,,0,0,,z,0,0,,z
2019Q2,,RA2703,,RA2703,,Emergency Inpatients,,5,,0,0,,z,0,0,,z
2019Q3,,RA2703,,RA2703,,Emergency Inpatients,,5,,0,0,,z,0,0,,z
2021Q1,,RA2703,,RA2703,,Emergency Inpatients,,5,,0,0,,z,0,0,,z
2022Q1,,RA2703,,RA2703,,Emergency Inpatients,,5,,0,0,,z,0,0,,z
2022Q4,p,RA2703,,RA2703,,Emergency Inpatients,,5,,0,0,,z,0,0,,z
2018Q1,,RA2702,,RA2702,,Emergency Inpatients,,1,,0,0,,z,0,0,,z
2019Q1,,RA2702,,RA2702,,Emergency Inpatients,,1,,0,0,,z,0,0,,z
2019Q2,,RA2702,,RA2702,,Emergency Inpatients,,1,,0,0,,z,0,0,,z
2019Q3,,RA2702,,RA2702,,Emergency Inpatients,,1,,0,0,,z,0,0,,z
2019Q4,,RA2702,,RA2702,,Emergency Inpatients,,1,,0,0,,z,0,0,,z
2020Q2,,RA2702,,RA2702,,Emergency Inpatients,,1,,0,0,,z,0,0,,z
2020Q4,,RA2702,,RA2702,,Emergency Inpatients,,1,,0,0,,z,0,0,,z
2021Q1,,RA2702,,RA2702,,Emergency Inpatients,,1,,0,0,,z,0,0,,z
2021Q2,,RA2702,,RA2702,,Emergency Inpatients,,1,,0,0,,z,0,0,,z
2021Q3,,RA2702,,RA2702,,Emergency Inpatients,,1,,0,0,,z,0,0,,z
2022Q1,,RA2702,,RA2702,,Emergency Inpatients,,1,,0,0,,z,0,0,,z
2022Q2,,RA2702,,RA2702,,Emergency Inpatients,,1,,0,0,,z,0,0,,z
2022Q3,,RA2702,,RA2702,,Emergency Inpatients,,1,,0,0,,z,0,0,,z
2018Q1,,RA2702,,RA2702,,Emergency Inpatients,,2,,0,0,,z,0,0,,z
2018Q2,,RA2702,,RA2702,,Emergency Inpatients,,2,,0,0,,z,0,0,,z
2019Q1,,RA2702,,RA2702,,Emergency Inpatients,,2,,0,0,,z,0,0,,z
2019Q2,,RA2702,,RA2702,,Emergency Inpatients,,2,,0,0,,z,0,0,,z
2019Q3,,RA2702,,RA2702,,Emergency Inpatients,,2,,0,0,,z,0,0,,z
2019Q4,,RA2702,,RA2702,,Emergency Inpatients,,2,,0,0,,z,0,0,,z
2020Q2,,RA2702,,RA2702,,Emergency Inpatients,,2,,0,0,,z,0,0,,z
2020Q3,,RA2702,,RA2702,,Emergency Inpatients,,2,,0,0,,z,0,0,,z
2020Q4,,RA2702,,RA2702,,Emergency Inpatients,,2,,0,0,,z,0,0,,z
2021Q2,,RA2702,,RA2702,,Emergency Inpatients,,2,,0,0,,z,0,0,,z
2022Q4,p,RA2702,,RA2702,,Emergency Inpatients,,2,,0,0,,z,0,0,,z
2017Q4,,RA2702,,RA2702,,Emergency Inpatients,,3,,0,0,,z,0,0,,z
2018Q1,,RA2702,,RA2702,,Emergency Inpatients,,3,,0,0,,z,0,0,,z
2018Q3,,RA2702,,RA2702,,Emergency Inpatients,,3,,0,0,,z,0,0,,z
2018Q4,,RA2702,,RA2702,,Emergency Inpatients,,3,,0,0,,z,0,0,,z
2019Q1,,RA2702,,RA2702,,Emergency Inpatients,,3,,0,0,,z,0,0,,z
2019Q3,,RA2702,,RA2702,,Emergency Inpatients,,3,,0,0,,z,0,0,,z
2020Q1,,RA2702,,RA2702,,Emergency Inpatients,,3,,0,0,,z,0,0,,z
2020Q3,,RA2702,,RA2702,,Emergency Inpatients,,3,,0,0,,z,0,0,,z
2021Q4,,RA2702,,RA2702,,Emergency Inpatients,,3,,0,0,,z,0,0,,z
2022Q1,,RA2702,,RA2702,,Emergency Inpatients,,3,,0,0,,z,0,0,,z
2022Q2,,RA2702,,RA2702,,Emergency Inpatients,,3,,0,0,,z,0,0,,z
2022Q3,,RA2702,,RA2702,,Emergency Inpatients,,3,,0,0,,z,0,0,,z
2022Q4,p,RA2702,,RA2702,,Emergency Inpatients,,3,,0,0,,z,0,0,,z
2018Q1,,RA2702,,RA2702,,Emergency Inpatients,,4,,0,0,,z,0,0,,z
2018Q2,,RA2702,,RA2702,,Emergency Inpatients,,4,,0,0,,z,0,0,,z
2019Q1,,RA2702,,RA2702,,Emergency Inpatients,,4,,0,0,,z,0,0,,z
2019Q2,,RA2702,,RA2702,,Emergency Inpatients,,4,,0,0,,z,0,0,,z
2019Q3,,RA2702,,RA2702,,Emergency Inpatients,,4,,0,0,,z,0,0,,z
2019Q4,,RA2702,,RA2702,,Emergency Inpatients,,4,,0,0,,z,0,0,,z
2020Q1,,RA2702,,RA2702,,Emergency Inpatients,,4,,0,0,,z,0,0,,z
2020Q3,,RA2702,,RA2702,,Emergency Inpatients,,4,,0,0,,z,0,0,,z
2020Q4,,RA2702,,RA2702,,Emergency Inpatients,,4,,0,0,,z,0,0,,z
2021Q2,,RA2702,,RA2702,,Emergency Inpatients,,4,,0,0,,z,0,0,,z
2021Q4,,RA2702,,RA2702,,Emergency Inpatients,,4,,0,0,,z,0,0,,z
2022Q1,,RA2702,,RA2702,,Emergency Inpatients,,4,,0,0,,z,0,0,,z
2022Q2,,RA2702,,RA2702,,Emergency Inpatients,,4,,0,0,,z,0,0,,z
2022Q4,p,RA2702,,RA2702,,Emergency Inpatients,,4,,0,0,,z,0,0,,z
2017Q4,,RA2702,,RA2702,,Emergency Inpatients,,5,,0,0,,z,0,0,,z
2018Q3,,RA2702,,RA2702,,Emergency Inpatients,,5,,0,0,,z,0,0,,z
2018Q4,,RA2702,,RA2702,,Emergency Inpatients,,5,,0,0,,z,0,0,,z
2019Q2,,RA2702,,RA2702,,Emergency Inpatients,,5,,0,0,,z,0,0,,z
2020Q1,,RA2702,,RA2702,,Emergency Inpatients,,5,,0,0,,z,0,0,,z
2021Q1,,RA2702,,RA2702,,Emergency Inpatients,,5,,0,0,,z,0,0,,z
2021Q2,,RA2702,,RA2702,,Emergency Inpatients,,5,,0,0,,z,0,0,,z
2021Q3,,RA2702,,RA2702,,Emergency Inpatients,,5,,0,0,,z,0,0,,z
2021Q4,,RA2702,,RA2702,,Emergency Inpatients,,5,,0,0,,z,0,0,,z
2022Q1,,RA2702,,RA2702,,Emergency Inpatients,,5,,0,0,,z,0,0,,z
2017Q4,,RA2704,,RA2704,,Emergency Inpatients,,1,,0,0,,z,0,0,,z
2018Q1,,RA2704,,RA2704,,Emergency Inpatients,,1,,0,0,,z,0,0,,z
2018Q2,,RA2704,,RA2704,,Emergency Inpatients,,1,,0,0,,z,0,0,,z
2018Q3,,RA2704,,RA2704,,Emergency Inpatients,,1,,0,0,,z,0,0,,z
2018Q4,,RA2704,,RA2704,,Emergency Inpatients,,1,,0,0,,z,0,0,,z
2019Q1,,RA2704,,RA2704,,Emergency Inpatients,,1,,0,0,,z,0,0,,z
2019Q2,,RA2704,,RA2704,,Emergency Inpatients,,1,,0,0,,z,0,0,,z
2019Q3,,RA2704,,RA2704,,Emergency Inpatients,,1,,0,0,,z,0,0,,z
2019Q4,,RA2704,,RA2704,,Emergency Inpatients,,1,,0,0,,z,0,0,,z
2020Q1,,RA2704,,RA2704,,Emergency Inpatients,,1,,0,0,,z,0,0,,z
2020Q2,,RA2704,,RA2704,,Emergency Inpatients,,1,,0,0,,z,0,0,,z
2020Q3,,RA2704,,RA2704,,Emergency Inpatients,,1,,0,0,,z,0,0,,z
2020Q4,,RA2704,,RA2704,,Emergency Inpatients,,1,,0,0,,z,0,0,,z
2021Q1,,RA2704,,RA2704,,Emergency Inpatients,,1,,0,0,,z,0,0,,z
2021Q2,,RA2704,,RA2704,,Emergency Inpatients,,1,,0,0,,z,0,0,,z
2021Q3,,RA2704,,RA2704,,Emergency Inpatients,,1,,0,0,,z,0,0,,z
2021Q4,,RA2704,,RA2704,,Emergency Inpatients,,1,,0,0,,z,0,0,,z
2022Q1,,RA2704,,RA2704,,Emergency Inpatients,,1,,0,0,,z,0,0,,z
2022Q2,,RA2704,,RA2704,,Emergency Inpatients,,1,,0,0,,z,0,0,,z
2022Q3,,RA2704,,RA2704,,Emergency Inpatients,,1,,0,0,,z,0,0,,z
2022Q4,p,RA2704,,RA2704,,Emergency Inpatients,,1,,0,0,,z,0,0,,z
2017Q4,,RA2704,,RA2704,,Emergency Inpatients,,2,,0,0,,z,0,0,,z
2018Q1,,RA2704,,RA2704,,Emergency Inpatients,,2,,0,0,,z,0,0,,z
2018Q2,,RA2704,,RA2704,,Emergency Inpatients,,2,,0,0,,z,0,0,,z
2018Q3,,RA2704,,RA2704,,Emergency Inpatients,,2,,0,0,,z,0,0,,z
2018Q4,,RA2704,,RA2704,,Emergency Inpatients,,2,,0,0,,z,0,0,,z
2019Q2,,RA2704,,RA2704,,Emergency Inpatients,,2,,0,0,,z,0,0,,z
2019Q3,,RA2704,,RA2704,,Emergency Inpatients,,2,,0,0,,z,0,0,,z
2019Q4,,RA2704,,RA2704,,Emergency Inpatients,,2,,0,0,,z,0,0,,z
2020Q1,,RA2704,,RA2704,,Emergency Inpatients,,2,,0,0,,z,0,0,,z
2020Q2,,RA2704,,RA2704,,Emergency Inpatients,,2,,0,0,,z,0,0,,z
2020Q3,,RA2704,,RA2704,,Emergency Inpatients,,2,,0,0,,z,0,0,,z
2020Q4,,RA2704,,RA2704,,Emergency Inpatients,,2,,0,0,,z,0,0,,z
2021Q1,,RA2704,,RA2704,,Emergency Inpatients,,2,,0,0,,z,0,0,,z
2021Q3,,RA2704,,RA2704,,Emergency Inpatients,,2,,0,0,,z,0,0,,z
2021Q4,,RA2704,,RA2704,,Emergency Inpatients,,2,,0,0,,z,0,0,,z
2022Q1,,RA2704,,RA2704,,Emergency Inpatients,,2,,0,0,,z,0,0,,z
2022Q2,,RA2704,,RA2704,,Emergency Inpatients,,2,,0,0,,z,0,0,,z
2022Q3,,RA2704,,RA2704,,Emergency Inpatients,,2,,0,0,,z,0,0,,z
2022Q4,p,RA2704,,RA2704,,Emergency Inpatients,,2,,0,0,,z,0,0,,z
2017Q4,,RA2704,,RA2704,,Emergency Inpatients,,3,,0,0,,z,0,0,,z
2018Q1,,RA2704,,RA2704,,Emergency Inpatients,,3,,0,0,,z,0,0,,z
2018Q2,,RA2704,,RA2704,,Emergency Inpatients,,3,,0,0,,z,0,0,,z
2018Q4,,RA2704,,RA2704,,Emergency Inpatients,,3,,0,0,,z,0,0,,z
2019Q1,,RA2704,,RA2704,,Emergency Inpatients,,3,,0,0,,z,0,0,,z
2019Q2,,RA2704,,RA2704,,Emergency Inpatients,,3,,0,0,,z,0,0,,z
2019Q3,,RA2704,,RA2704,,Emergency Inpatients,,3,,0,0,,z,0,0,,z
2019Q4,,RA2704,,RA2704,,Emergency Inpatients,,3,,0,0,,z,0,0,,z
2020Q1,,RA2704,,RA2704,,Emergency Inpatients,,3,,0,0,,z,0,0,,z
2020Q2,,RA2704,,RA2704,,Emergency Inpatients,,3,,0,0,,z,0,0,,z
2020Q3,,RA2704,,RA2704,,Emergency Inpatients,,3,,0,0,,z,0,0,,z
2020Q4,,RA2704,,RA2704,,Emergency Inpatients,,3,,0,0,,z,0,0,,z
2021Q1,,RA2704,,RA2704,,Emergency Inpatients,,3,,0,0,,z,0,0,,z
2021Q2,,RA2704,,RA2704,,Emergency Inpatients,,3,,0,0,,z,0,0,,z
2021Q3,,RA2704,,RA2704,,Emergency Inpatients,,3,,0,0,,z,0,0,,z
2021Q4,,RA2704,,RA2704,,Emergency Inpatients,,3,,0,0,,z,0,0,,z
2022Q1,,RA2704,,RA2704,,Emergency Inpatients,,3,,0,0,,z,0,0,,z
2022Q2,,RA2704,,RA2704,,Emergency Inpatients,,3,,0,0,,z,0,0,,z
2022Q3,,RA2704,,RA2704,,Emergency Inpatients,,3,,0,0,,z,0,0,,z
2017Q4,,RA2704,,RA2704,,Emergency Inpatients,,4,,0,0,,z,0,0,,z
2018Q1,,RA2704,,RA2704,,Emergency Inpatients,,4,,0,0,,z,0,0,,z
2018Q2,,RA2704,,RA2704,,Emergency Inpatients,,4,,0,0,,z,0,0,,z
2018Q3,,RA2704,,RA2704,,Emergency Inpatients,,4,,0,0,,z,0,0,,z
2018Q4,,RA2704,,RA2704,,Emergency Inpatients,,4,,0,0,,z,0,0,,z
2019Q2,,RA2704,,RA2704,,Emergency Inpatients,,4,,0,0,,z,0,0,,z
2019Q3,,RA2704,,RA2704,,Emergency Inpatients,,4,,0,0,,z,0,0,,z
2020Q1,,RA2704,,RA2704,,Emergency Inpatients,,4,,0,0,,z,0,0,,z
2020Q3,,RA2704,,RA2704,,Emergency Inpatients,,4,,0,0,,z,0,0,,z
2020Q4,,RA2704,,RA2704,,Emergency Inpatients,,4,,0,0,,z,0,0,,z
2021Q1,,RA2704,,RA2704,,Emergency Inpatients,,4,,0,0,,z,0,0,,z
2021Q3,,RA2704,,RA2704,,Emergency Inpatients,,4,,0,0,,z,0,0,,z
2021Q4,,RA2704,,RA2704,,Emergency Inpatients,,4,,0,0,,z,0,0,,z
2022Q1,,RA2704,,RA2704,,Emergency Inpatients,,4,,0,0,,z,0,0,,z
2022Q2,,RA2704,,RA2704,,Emergency Inpatients,,4,,0,0,,z,0,0,,z
2022Q3,,RA2704,,RA2704,,Emergency Inpatients,,4,,0,0,,z,0,0,,z
2022Q4,p,RA2704,,RA2704,,Emergency Inpatients,,4,,0,0,,z,0,0,,z
2017Q4,,RA2704,,RA2704,,Emergency Inpatients,,5,,0,0,,z,0,0,,z
2018Q2,,RA2704,,RA2704,,Emergency Inpatients,,5,,0,0,,z,0,0,,z
2018Q4,,RA2704,,RA2704,,Emergency Inpatients,,5,,0,0,,z,0,0,,z
2019Q1,,RA2704,,RA2704,,Emergency Inpatients,,5,,0,0,,z,0,0,,z
2020Q1,,RA2704,,RA2704,,Emergency Inpatients,,5,,0,0,,z,0,0,,z
2020Q2,,RA2704,,RA2704,,Emergency Inpatients,,5,,0,0,,z,0,0,,z
2020Q4,,RA2704,,RA2704,,Emergency Inpatients,,5,,0,0,,z,0,0,,z
2021Q2,,RA2704,,RA2704,,Emergency Inpatients,,5,,0,0,,z,0,0,,z
2021Q4,,RA2704,,RA2704,,Emergency Inpatients,,5,,0,0,,z,0,0,,z
2022Q3,,RA2704,,RA2704,,Emergency Inpatients,,5,,0,0,,z,0,0,,z
2022Q4,p,RA2704,,RA2704,,Emergency Inpatients,,5,,0,0,,z,0,0,,z
2017Q4,,S08000015,,S12000008,,Not Specified,,1,,0,0,,z,5,40,8,
2018Q1,,S08000015,,S12000008,,Not Specified,,1,,0,0,,z,0,0,,z
2018Q2,,S08000015,,S12000008,,Not Specified,,1,,0,0,,z,5,175,35,
2018Q3,,S08000015,,S12000008,,Not Specified,,1,,0,0,,z,5,244,48.8,
2018Q4,,S08000015,,S12000008,,Not Specified,,1,,0,0,,z,10,433,43.3,
2019Q1,,S08000015,,S12000008,,Not Specified,,1,,0,0,,z,5,141,28.2,
2019Q2,,S08000015,,S12000008,,Not Specified,,1,,0,0,,z,0,326,,z
2019Q3,,S08000015,,S12000008,,Not Specified,,1,,0,0,,z,0,0,,z
2020Q1,,S08000015,,S12000008,,Not Specified,,1,,0,0,,z,10,47,4.7,
2020Q2,,S08000015,,S12000008,,Not Specified,,1,,0,0,,z,5,166,33.2,
2020Q3,,S08000015,,S12000008,,Not Specified,,1,,0,0,,z,5,109,21.8,
2020Q4,,S08000015,,S12000008,,Not Specified,,1,,0,0,,z,0,7,,z
2021Q1,,S08000015,,S12000008,,Not Specified,,1,,0,0,,z,5,34,6.8,
2021Q2,,S08000015,,S12000008,,Not Specified,,1,,0,0,,z,0,29,,z
2021Q3,,S08000015,,S12000008,,Not Specified,,1,,0,0,,z,5,8,1.6,
2021Q4,,S08000015,,S12000008,,Not Specified,,1,,0,0,,z,0,64,,z
2022Q1,,S08000015,,S12000008,,Not Specified,,1,,0,0,,z,5,19,3.8,
2022Q2,,S08000015,,S12000008,,Not Specified,,1,,0,0,,z,10,86,8.6,
2022Q3,,S08000015,,S12000008,,Not Specified,,1,,0,0,,z,0,9,,z
2022Q4,p,S08000015,,S12000008,,Not Specified,,1,,0,0,,z,5,45,9,
2017Q4,,S08000015,,S12000008,,Not Specified,,2,,0,0,,z,5,54,10.8,
2018Q1,,S08000015,,S12000008,,Not Specified,,2,,0,0,,z,0,0,,z
2018Q2,,S08000015,,S12000008,,Not Specified,,2,,0,0,,z,5,24,4.8,
2018Q3,,S08000015,,S12000008,,Not Specified,,2,,0,0,,z,0,95,,z
2018Q4,,S08000015,,S12000008,,Not Specified,,2,,0,0,,z,0,0,,z
2019Q3,,S08000015,,S12000008,,Not Specified,,2,,0,0,,z,5,20,4,
2019Q4,,S08000015,,S12000008,,Not Specified,,2,,0,0,,z,0,0,,z
2020Q1,,S08000015,,S12000008,,Not Specified,,2,,0,0,,z,0,20,,z
2020Q3,,S08000015,,S12000008,,Not Specified,,2,,0,0,,z,5,28,5.6,
2020Q4,,S08000015,,S12000008,,Not Specified,,2,,0,0,,z,0,10,,z
2021Q1,,S08000015,,S12000008,,Not Specified,,2,,0,0,,z,0,9,,z
2021Q2,,S08000015,,S12000008,,Not Specified,,2,,0,0,,z,0,0,,z
2021Q3,,S08000015,,S12000008,,Not Specified,,2,,0,0,,z,5,77,15.4,
2022Q1,,S08000015,,S12000008,,Not Specified,,2,,0,0,,z,0,10,,z
2022Q2,,S08000015,,S12000008,,Not Specified,,2,,0,0,,z,5,36,7.2,
2022Q3,,S08000015,,S12000008,,Not Specified,,2,,0,0,,z,5,5,1,
2022Q4,p,S08000015,,S12000008,,Not Specified,,2,,0,0,,z,0,72,,z
2018Q1,,S08000015,,S12000008,,Not Specified,,3,,0,0,,z,0,17,,z
2018Q2,,S08000015,,S12000008,,Not Specified,,3,,0,0,,z,0,38,,z
2018Q3,,S08000015,,S12000008,,Not Specified,,3,,0,0,,z,0,5,,z
2018Q4,,S08000015,,S12000008,,Not Specified,,3,,0,0,,z,5,6,1.2,
2019Q1,,S08000015,,S12000008,,Not Specified,,3,,0,0,,z,0,10,,z
2019Q2,,S08000015,,S12000008,,Not Specified,,3,,0,0,,z,0,5,,z
2020Q1,,S08000015,,S12000008,,Not Specified,,3,,0,0,,z,0,5,,z
2020Q2,,S08000015,,S12000008,,Not Specified,,3,,0,0,,z,0,9,,z
2020Q4,,S08000015,,S12000008,,Not Specified,,3,,0,0,,z,0,5,,z
2021Q1,,S08000015,,S12000008,,Not Specified,,3,,0,0,,z,0,8,,z
2021Q2,,S08000015,,S12000008,,Not Specified,,3,,0,0,,z,0,0,,z
2021Q3,,S08000015,,S12000008,,Not Specified,,3,,0,0,,z,0,6,,z
2021Q4,,S08000015,,S12000008,,Not Specified,,3,,0,0,,z,0,7,,z
2022Q1,,S08000015,,S12000008,,Not Specified,,3,,0,0,,z,0,17,,z
2022Q3,,S08000015,,S12000008,,Not Specified,,3,,0,0,,z,0,32,,z
2022Q4,p,S08000015,,S12000008,,Not Specified,,3,,0,0,,z,0,0,,z
2018Q1,,S08000015,,S12000008,,Not Specified,,4,,0,0,,z,0,10,,z
2018Q2,,S08000015,,S12000008,,Not Specified,,4,,0,0,,z,0,0,,z
2018Q3,,S08000015,,S12000008,,Not Specified,,4,,0,0,,z,0,5,,z
2018Q4,,S08000015,,S12000008,,Not Specified,,4,,0,0,,z,0,5,,z
2019Q3,,S08000015,,S12000008,,Not Specified,,4,,0,0,,z,0,9,,z
2020Q2,,S08000015,,S12000008,,Not Specified,,4,,0,0,,z,0,10,,z
2020Q4,,S08000015,,S12000008,,Not Specified,,4,,0,0,,z,0,0,,z
2021Q1,,S08000015,,S12000008,,Not Specified,,4,,0,0,,z,0,8,,z
2021Q2,,S08000015,,S12000008,,Not Specified,,4,,0,0,,z,0,5,,z
2022Q2,,S08000015,,S12000008,,Not Specified,,4,,0,0,,z,0,0,,z
2022Q3,,S08000015,,S12000008,,Not Specified,,4,,0,0,,z,0,38,,z
2022Q4,p,S08000015,,S12000008,,Not Specified,,4,,0,0,,z,5,45,9,
2017Q4,,S08000015,,S12000008,,Not Specified,,5,,0,0,,z,0,5,,z
2018Q1,,S08000015,,S12000008,,Not Specified,,5,,0,0,,z,0,0,,z
2018Q2,,S08000015,,S12000008,,Not Specified,,5,,0,0,,z,0,5,,z
2018Q3,,S08000015,,S12000008,,Not Specified,,5,,0,0,,z,0,140,,z
2019Q3,,S08000015,,S12000008,,Not Specified,,5,,0,0,,z,0,0,,z
2019Q4,,S08000015,,S12000008,,Not Specified,,5,,0,0,,z,5,86,17.2,
2020Q2,,S08000015,,S12000008,,Not Specified,,5,,0,0,,z,0,0,,z
2020Q4,,S08000015,,S12000008,,Not Specified,,5,,0,0,,z,0,5,,z
2021Q1,,S08000015,,S12000008,,Not Specified,,5,,0,0,,z,0,0,,z
2021Q4,,S08000015,,S12000008,,Not Specified,,5,,0,0,,z,0,16,,z
2022Q1,,S08000015,,S12000008,,Not Specified,,5,,0,0,,z,0,5,,z
2022Q4,p,S08000015,,S12000008,,Not Specified,,5,,0,0,,z,0,15,,z
2017Q4,,S08000015,,S08000015,d,Not Specified,,1,,0,0,,z,13,191,14.6923076923077,
2018Q1,,S08000015,,S08000015,d,Not Specified,,1,,0,0,,z,11,121,11,
2018Q2,,S08000015,,S08000015,d,Not Specified,,1,,0,0,,z,15,227,15.133333333333301,
2018Q3,,S08000015,,S08000015,d,Not Specified,,1,,0,0,,z,10,326,32.6,
2018Q4,,S08000015,,S08000015,d,Not Specified,,1,,0,0,,z,16,690,43.125,
2019Q1,,S08000015,,S08000015,d,Not Specified,,1,,0,0,,z,12,200,16.6666666666667,
2019Q2,,S08000015,,S08000015,d,Not Specified,,1,,0,0,,z,15,436,29.0666666666667,
2019Q3,,S08000015,,S08000015,d,Not Specified,,1,,0,0,,z,10,52,5.2,
2019Q4,,S08000015,,S08000015,d,Not Specified,,1,,0,0,,z,11,70,6.36363636363636,
2020Q1,,S08000015,,S08000015,d,Not Specified,,1,,0,0,,z,19,209,11,
2020Q2,,S08000015,,S08000015,d,Not Specified,,1,,0,0,,z,15,217,14.4666666666667,
2020Q3,,S08000015,,S08000015,d,Not Specified,,1,,0,0,,z,10,140,14,
2020Q4,,S08000015,,S08000015,d,Not Specified,,1,,0,0,,z,12,631,52.5833333333333,
2021Q1,,S08000015,,S08000015,d,Not Specified,,1,,0,0,,z,10,135,13.5,
2021Q2,,S08000015,,S08000015,d,Not Specified,,1,,0,0,,z,10,168,16.8,
2021Q3,,S08000015,,S08000015,d,Not Specified,,1,,0,0,,z,10,56,5.6,
2021Q4,,S08000015,,S08000015,d,Not Specified,,1,,0,0,,z,10,189,18.9,
2022Q1,,S08000015,,S08000015,d,Not Specified,,1,,0,0,,z,12,79,6.58333333333333,
2022Q2,,S08000015,,S08000015,d,Not Specified,,1,,0,0,,z,18,187,10.3888888888889,
2022Q3,,S08000015,,S08000015,d,Not Specified,,1,,0,0,,z,15,39,2.6,
2022Q4,p,S08000015,,S08000015,d,Not Specified,,1,,0,0,,z,16,109,6.8125,
2017Q4,,S08000015,,S08000015,d,Not Specified,,2,,0,0,,z,11,97,8.81818181818182,
2018Q1,,S08000015,,S08000015,d,Not Specified,,2,,0,0,,z,10,62,6.2,
2018Q2,,S08000015,,S08000015,d,Not Specified,,2,,0,0,,z,12,83,6.91666666666667,
2018Q3,,S08000015,,S08000015,d,Not Specified,,2,,0,0,,z,5,110,22,
2018Q4,,S08000015,,S08000015,d,Not Specified,,2,,0,0,,z,5,15,3,
2019Q1,,S08000015,,S08000015,d,Not Specified,,2,,0,0,,z,5,45,9,
2019Q2,,S08000015,,S08000015,d,Not Specified,,2,,0,0,,z,5,186,37.2,
2019Q3,,S08000015,,S08000015,d,Not Specified,,2,,0,0,,z,5,25,5,
2019Q4,,S08000015,,S08000015,d,Not Specified,,2,,0,0,,z,5,31,6.2,
2020Q1,,S08000015,,S08000015,d,Not Specified,,2,,0,0,,z,5,21,4.2,
2020Q2,,S08000015,,S08000015,d,Not Specified,,2,,0,0,,z,5,63,12.6,
2020Q3,,S08000015,,S08000015,d,Not Specified,,2,,0,0,,z,5,150,30,
2020Q4,,S08000015,,S08000015,d,Not Specified,,2,,0,0,,z,5,83,16.6,
2021Q1,,S08000015,,S08000015,d,Not Specified,,2,,0,0,,z,0,9,,z
2021Q2,,S08000015,,S08000015,d,Not Specified,,2,,0,0,,z,5,10,2,
2021Q3,,S08000015,,S08000015,d,Not Specified,,2,,0,0,,z,10,112,11.2,
2021Q4,,S08000015,,S08000015,d,Not Specified,,2,,0,0,,z,5,5,1,
2022Q1,,S08000015,,S08000015,d,Not Specified,,2,,0,0,,z,5,31,6.2,
2022Q2,,S08000015,,S08000015,d,Not Specified,,2,,0,0,,z,11,78,7.09090909090909,
2022Q3,,S08000015,,S08000015,d,Not Specified,,2,,0,0,,z,13,240,18.4615384615385,
2022Q4,p,S08000015,,S08000015,d,Not Specified,,2,,0,0,,z,10,182,18.2,
2017Q4,,S08000015,,S08000015,d,Not Specified,,3,,0,0,,z,10,49,4.9,
2018Q1,,S08000015,,S08000015,d,Not Specified,,3,,0,0,,z,5,63,12.6,
2018Q2,,S08000015,,S08000015,d,Not Specified,,3,,0,0,,z,10,96,9.6,
2018Q3,,S08000015,,S08000015,d,Not Specified,,3,,0,0,,z,5,63,12.6,
2018Q4,,S08000015,,S08000015,d,Not Specified,,3,,0,0,,z,5,131,26.2,
2019Q1,,S08000015,,S08000015,d,Not Specified,,3,,0,0,,z,5,55,11,
2019Q2,,S08000015,,S08000015,d,Not Specified,,3,,0,0,,z,5,45,9,
2019Q3,,S08000015,,S08000015,d,Not Specified,,3,,0,0,,z,5,20,4,
2019Q4,,S08000015,,S08000015,d,Not Specified,,3,,0,0,,z,0,0,,z
2020Q1,,S08000015,,S08000015,d,Not Specified,,3,,0,0,,z,5,11,2.2,
2020Q2,,S08000015,,S08000015,d,Not Specified,,3,,0,0,,z,10,153,15.3,
2020Q3,,S08000015,,S08000015,d,Not Specified,,3,,0,0,,z,5,41,8.2,
2020Q4,,S08000015,,S08000015,d,Not Specified,,3,,0,0,,z,5,74,14.8,
2021Q1,,S08000015,,S08000015,d,Not Specified,,3,,0,0,,z,0,20,,z
2021Q2,,S08000015,,S08000015,d,Not Specified,,3,,0,0,,z,5,14,2.8,
2021Q3,,S08000015,,S08000015,d,Not Specified,,3,,0,0,,z,5,38,7.6,
2021Q4,,S08000015,,S08000015,d,Not Specified,,3,,0,0,,z,10,321,32.1,
2022Q1,,S08000015,,S08000015,d,Not Specified,,3,,0,0,,z,5,25,5,
2022Q2,,S08000015,,S08000015,d,Not Specified,,3,,0,0,,z,0,5,,z
2022Q3,,S08000015,,S08000015,d,Not Specified,,3,,0,0,,z,5,191,38.2,
2022Q4,p,S08000015,,S08000015,d,Not Specified,,3,,0,0,,z,5,12,2.4,
2017Q4,,S08000015,,S08000015,d,Not Specified,,4,,0,0,,z,5,21,4.2,
2018Q1,,S08000015,,S08000015,d,Not Specified,,4,,0,0,,z,5,594,118.8,
2018Q2,,S08000015,,S08000015,d,Not Specified,,4,,0,0,,z,5,43,8.6,
2018Q3,,S08000015,,S08000015,d,Not Specified,,4,,0,0,,z,5,15,3,
2018Q4,,S08000015,,S08000015,d,Not Specified,,4,,0,0,,z,10,411,41.1,
2019Q1,,S08000015,,S08000015,d,Not Specified,,4,,0,0,,z,5,94,18.8,
2019Q2,,S08000015,,S08000015,d,Not Specified,,4,,0,0,,z,5,37,7.4,
2019Q3,,S08000015,,S08000015,d,Not Specified,,4,,0,0,,z,5,83,16.6,
2019Q4,,S08000015,,S08000015,d,Not Specified,,4,,0,0,,z,0,5,,z
2020Q1,,S08000015,,S08000015,d,Not Specified,,4,,0,0,,z,0,0,,z
2020Q2,,S08000015,,S08000015,d,Not Specified,,4,,0,0,,z,5,559,111.8,
2020Q3,,S08000015,,S08000015,d,Not Specified,,4,,0,0,,z,0,63,,z
2020Q4,,S08000015,,S08000015,d,Not Specified,,4,,0,0,,z,0,0,,z
2021Q1,,S08000015,,S08000015,d,Not Specified,,4,,0,0,,z,0,8,,z
2021Q2,,S08000015,,S08000015,d,Not Specified,,4,,0,0,,z,5,67,13.4,
2021Q3,,S08000015,,S08000015,d,Not Specified,,4,,0,0,,z,5,89,17.8,
2021Q4,,S08000015,,S08000015,d,Not Specified,,4,,0,0,,z,5,54,10.8,
2022Q1,,S08000015,,S08000015,d,Not Specified,,4,,0,0,,z,5,30,6,
2022Q2,,S08000015,,S08000015,d,Not Specified,,4,,0,0,,z,0,74,,z
2022Q3,,S08000015,,S08000015,d,Not Specified,,4,,0,0,,z,0,38,,z
2022Q4,p,S08000015,,S08000015,d,Not Specified,,4,,0,0,,z,10,180,18,
2017Q4,,S08000015,,S08000015,d,Not Specified,,5,,0,0,,z,5,8,1.6,
2018Q1,,S08000015,,S08000015,d,Not Specified,,5,,0,0,,z,10,48,4.8,
2018Q2,,S08000015,,S08000015,d,Not Specified,,5,,0,0,,z,5,10,2,
2018Q3,,S08000015,,S08000015,d,Not Specified,,5,,0,0,,z,5,227,45.4,
2018Q4,,S08000015,,S08000015,d,Not Specified,,5,,0,0,,z,5,91,18.2,
2019Q1,,S08000015,,S08000015,d,Not Specified,,5,,0,0,,z,5,71,14.2,
2019Q2,,S08000015,,S08000015,d,Not Specified,,5,,0,0,,z,0,0,,z
2019Q3,,S08000015,,S08000015,d,Not Specified,,5,,0,0,,z,5,133,26.6,
2019Q4,,S08000015,,S08000015,d,Not Specified,,5,,0,0,,z,5,271,54.2,
2020Q1,,S08000015,,S08000015,d,Not Specified,,5,,0,0,,z,0,0,,z
2020Q2,,S08000015,,S08000015,d,Not Specified,,5,,0,0,,z,0,5,,z
2020Q3,,S08000015,,S08000015,d,Not Specified,,5,,0,0,,z,5,10,2,
2020Q4,,S08000015,,S08000015,d,Not Specified,,5,,0,0,,z,5,26,5.2,
2021Q1,,S08000015,,S08000015,d,Not Specified,,5,,0,0,,z,5,5,1,
2021Q2,,S08000015,,S08000015,d,Not Specified,,5,,0,0,,z,0,0,,z
2021Q3,,S08000015,,S08000015,d,Not Specified,,5,,0,0,,z,5,66,13.2,
2021Q4,,S08000015,,S08000015,d,Not Specified,,5,,0,0,,z,5,35,7,
2022Q1,,S08000015,,S08000015,d,Not Specified,,5,,0,0,,z,5,116,23.2,
2022Q2,,S08000015,,S08000015,d,Not Specified,,5,,0,0,,z,0,16,,z
2022Q3,,S08000015,,S08000015,d,Not Specified,,5,,0,0,,z,5,116,23.2,
2022Q4,p,S08000015,,S08000015,d,Not Specified,,5,,0,0,,z,5,98,19.6,
2017Q4,,S08000015,,S12000021,,Not Specified,,1,,0,0,,z,5,5,1,
2018Q1,,S08000015,,S12000021,,Not Specified,,1,,0,0,,z,10,118,11.8,
2018Q2,,S08000015,,S12000021,,Not Specified,,1,,0,0,,z,5,43,8.6,
2018Q3,,S08000015,,S12000021,,Not Specified,,1,,0,0,,z,5,82,16.4,
2018Q4,,S08000015,,S12000021,,Not Specified,,1,,0,0,,z,5,146,29.2,
2019Q1,,S08000015,,S12000021,,Not Specified,,1,,0,0,,z,5,59,11.8,
2019Q2,,S08000015,,S12000021,,Not Specified,,1,,0,0,,z,10,50,5,
2019Q3,,S08000015,,S12000021,,Not Specified,,1,,0,0,,z,5,42,8.4,
2019Q4,,S08000015,,S12000021,,Not Specified,,1,,0,0,,z,10,70,7,
2020Q1,,S08000015,,S12000021,,Not Specified,,1,,0,0,,z,10,95,9.5,
2020Q2,,S08000015,,S12000021,,Not Specified,,1,,0,0,,z,5,36,7.2,
2020Q3,,S08000015,,S12000021,,Not Specified,,1,,0,0,,z,5,31,6.2,
2020Q4,,S08000015,,S12000021,,Not Specified,,1,,0,0,,z,5,99,19.8,
2021Q1,,S08000015,,S12000021,,Not Specified,,1,,0,0,,z,5,80,16,
2021Q2,,S08000015,,S12000021,,Not Specified,,1,,0,0,,z,5,103,20.6,
2021Q3,,S08000015,,S12000021,,Not Specified,,1,,0,0,,z,5,40,8,
2021Q4,,S08000015,,S12000021,,Not Specified,,1,,0,0,,z,5,63,12.6,
2022Q1,,S08000015,,S12000021,,Not Specified,,1,,0,0,,z,5,18,3.6,
2022Q2,,S08000015,,S12000021,,Not Specified,,1,,0,0,,z,10,75,7.5,
2022Q3,,S08000015,,S12000021,,Not Specified,,1,,0,0,,z,10,23,2.3,
2022Q4,p,S08000015,,S12000021,,Not Specified,,1,,0,0,,z,10,64,6.4,
2017Q4,,S08000015,,S12000021,,Not Specified,,2,,0,0,,z,5,13,2.6,
2018Q1,,S08000015,,S12000021,,Not Specified,,2,,0,0,,z,5,54,10.8,
2018Q2,,S08000015,,S12000021,,Not Specified,,2,,0,0,,z,5,33,6.6,
2018Q3,,S08000015,,S12000021,,Not Specified,,2,,0,0,,z,5,15,3,
2019Q1,,S08000015,,S12000021,,Not Specified,,2,,0,0,,z,5,0,0,
2019Q2,,S08000015,,S12000021,,Not Specified,,2,,0,0,,z,5,145,29,
2019Q3,,S08000015,,S12000021,,Not Specified,,2,,0,0,,z,0,5,,z
2019Q4,,S08000015,,S12000021,,Not Specified,,2,,0,0,,z,0,22,,z
2020Q1,,S08000015,,S12000021,,Not Specified,,2,,0,0,,z,0,0,,z
2020Q2,,S08000015,,S12000021,,Not Specified,,2,,0,0,,z,0,24,,z
2020Q3,,S08000015,,S12000021,,Not Specified,,2,,0,0,,z,0,11,,z
2020Q4,,S08000015,,S12000021,,Not Specified,,2,,0,0,,z,5,73,14.6,
2021Q2,,S08000015,,S12000021,,Not Specified,,2,,0,0,,z,0,10,,z
2021Q3,,S08000015,,S12000021,,Not Specified,,2,,0,0,,z,0,21,,z
2021Q4,,S08000015,,S12000021,,Not Specified,,2,,0,0,,z,0,5,,z
2022Q1,,S08000015,,S12000021,,Not Specified,,2,,0,0,,z,0,5,,z
2022Q2,,S08000015,,S12000021,,Not Specified,,2,,0,0,,z,5,32,6.4,
2022Q3,,S08000015,,S12000021,,Not Specified,,2,,0,0,,z,5,35,7,
2022Q4,p,S08000015,,S12000021,,Not Specified,,2,,0,0,,z,5,69,13.8,
2017Q4,,S08000015,,S12000021,,Not Specified,,3,,0,0,,z,0,5,,z
2018Q1,,S08000015,,S12000021,,Not Specified,,3,,0,0,,z,0,14,,z
2018Q2,,S08000015,,S12000021,,Not Specified,,3,,0,0,,z,0,43,,z
2018Q3,,S08000015,,S12000021,,Not Specified,,3,,0,0,,z,0,5,,z
2018Q4,,S08000015,,S12000021,,Not Specified,,3,,0,0,,z,0,69,,z
2019Q1,,S08000015,,S12000021,,Not Specified,,3,,0,0,,z,0,6,,z
2019Q2,,S08000015,,S12000021,,Not Specified,,3,,0,0,,z,0,29,,z
2019Q4,,S08000015,,S12000021,,Not Specified,,3,,0,0,,z,0,0,,z
2020Q1,,S08000015,,S12000021,,Not Specified,,3,,0,0,,z,0,0,,z
2020Q2,,S08000015,,S12000021,,Not Specified,,3,,0,0,,z,5,32,6.4,
2020Q3,,S08000015,,S12000021,,Not Specified,,3,,0,0,,z,0,5,,z
2020Q4,,S08000015,,S12000021,,Not Specified,,3,,0,0,,z,0,5,,z
2021Q1,,S08000015,,S12000021,,Not Specified,,3,,0,0,,z,0,12,,z
2021Q2,,S08000015,,S12000021,,Not Specified,,3,,0,0,,z,0,10,,z
2021Q3,,S08000015,,S12000021,,Not Specified,,3,,0,0,,z,5,10,2,
2021Q4,,S08000015,,S12000021,,Not Specified,,3,,0,0,,z,5,8,1.6,
2022Q1,,S08000015,,S12000021,,Not Specified,,3,,0,0,,z,0,0,,z
2022Q3,,S08000015,,S12000021,,Not Specified,,3,,0,0,,z,0,14,,z
2022Q4,p,S08000015,,S12000021,,Not Specified,,3,,0,0,,z,0,9,,z
2017Q4,,S08000015,,S12000021,,Not Specified,,4,,0,0,,z,0,12,,z
2018Q1,,S08000015,,S12000021,,Not Specified,,4,,0,0,,z,5,583,116.6,
2018Q2,,S08000015,,S12000021,,Not Specified,,4,,0,0,,z,5,40,8,
2018Q3,,S08000015,,S12000021,,Not Specified,,4,,0,0,,z,0,5,,z
2018Q4,,S08000015,,S12000021,,Not Specified,,4,,0,0,,z,5,225,45,
2019Q1,,S08000015,,S12000021,,Not Specified,,4,,0,0,,z,0,25,,z
2019Q2,,S08000015,,S12000021,,Not Specified,,4,,0,0,,z,0,5,,z
2019Q3,,S08000015,,S12000021,,Not Specified,,4,,0,0,,z,5,8,1.6,
2020Q1,,S08000015,,S12000021,,Not Specified,,4,,0,0,,z,0,0,,z
2020Q2,,S08000015,,S12000021,,Not Specified,,4,,0,0,,z,0,5,,z
2020Q3,,S08000015,,S12000021,,Not Specified,,4,,0,0,,z,0,13,,z
2021Q2,,S08000015,,S12000021,,Not Specified,,4,,0,0,,z,0,5,,z
2021Q3,,S08000015,,S12000021,,Not Specified,,4,,0,0,,z,0,69,,z
2021Q4,,S08000015,,S12000021,,Not Specified,,4,,0,0,,z,5,54,10.8,
2022Q1,,S08000015,,S12000021,,Not Specified,,4,,0,0,,z,0,9,,z
2022Q3,,S08000015,,S12000021,,Not Specified,,4,,0,0,,z,0,0,,z
2022Q4,p,S08000015,,S12000021,,Not Specified,,4,,0,0,,z,5,127,25.4,
2017Q4,,S08000015,,S12000021,,Not Specified,,5,,0,0,,z,0,0,,z
2018Q1,,S08000015,,S12000021,,Not Specified,,5,,0,0,,z,5,37,7.4,
2018Q2,,S08000015,,S12000021,,Not Specified,,5,,0,0,,z,0,5,,z
2018Q4,,S08000015,,S12000021,,Not Specified,,5,,0,0,,z,0,49,,z
2019Q1,,S08000015,,S12000021,,Not Specified,,5,,0,0,,z,5,71,14.2,
2019Q3,,S08000015,,S12000021,,Not Specified,,5,,0,0,,z,0,10,,z
2019Q4,,S08000015,,S12000021,,Not Specified,,5,,0,0,,z,0,101,,z
2020Q4,,S08000015,,S12000021,,Not Specified,,5,,0,0,,z,0,0,,z
2021Q3,,S08000015,,S12000021,,Not Specified,,5,,0,0,,z,5,12,2.4,
2021Q4,,S08000015,,S12000021,,Not Specified,,5,,0,0,,z,0,15,,z
2022Q1,,S08000015,,S12000021,,Not Specified,,5,,0,0,,z,0,91,,z
2022Q3,,S08000015,,S12000021,,Not Specified,,5,,0,0,,z,0,45,,z
2017Q4,,S08000015,,S12000028,,Not Specified,,1,,0,0,,z,5,146,29.2,
2018Q1,,S08000015,,S12000028,,Not Specified,,1,,0,0,,z,0,5,,z
2018Q2,,S08000015,,S12000028,,Not Specified,,1,,0,0,,z,0,9,,z
2018Q4,,S08000015,,S12000028,,Not Specified,,1,,0,0,,z,5,111,22.2,
2019Q2,,S08000015,,S12000028,,Not Specified,,1,,0,0,,z,5,60,12,
2019Q3,,S08000015,,S12000028,,Not Specified,,1,,0,0,,z,5,10,2,
2019Q4,,S08000015,,S12000028,,Not Specified,,1,,0,0,,z,0,0,,z
2020Q1,,S08000015,,S12000028,,Not Specified,,1,,0,0,,z,5,67,13.4,
2020Q2,,S08000015,,S12000028,,Not Specified,,1,,0,0,,z,5,15,3,
2020Q4,,S08000015,,S12000028,,Not Specified,,1,,0,0,,z,5,525,105,
2021Q1,,S08000015,,S12000028,,Not Specified,,1,,0,0,,z,0,21,,z
2021Q2,,S08000015,,S12000028,,Not Specified,,1,,0,0,,z,0,36,,z
2021Q3,,S08000015,,S12000028,,Not Specified,,1,,0,0,,z,0,8,,z
2021Q4,,S08000015,,S12000028,,Not Specified,,1,,0,0,,z,5,62,12.4,
2022Q1,,S08000015,,S12000028,,Not Specified,,1,,0,0,,z,0,42,,z
2022Q2,,S08000015,,S12000028,,Not Specified,,1,,0,0,,z,0,26,,z
2022Q3,,S08000015,,S12000028,,Not Specified,,1,,0,0,,z,5,7,1.4,
2022Q4,p,S08000015,,S12000028,,Not Specified,,1,,0,0,,z,0,0,,z
2017Q4,,S08000015,,S12000028,,Not Specified,,2,,0,0,,z,5,30,6,
2018Q1,,S08000015,,S12000028,,Not Specified,,2,,0,0,,z,0,5,,z
2018Q2,,S08000015,,S12000028,,Not Specified,,2,,0,0,,z,0,26,,z
2018Q4,,S08000015,,S12000028,,Not Specified,,2,,0,0,,z,5,15,3,
2019Q1,,S08000015,,S12000028,,Not Specified,,2,,0,0,,z,0,45,,z
2019Q2,,S08000015,,S12000028,,Not Specified,,2,,0,0,,z,0,42,,z
2019Q3,,S08000015,,S12000028,,Not Specified,,2,,0,0,,z,0,0,,z
2019Q4,,S08000015,,S12000028,,Not Specified,,2,,0,0,,z,0,5,,z
2020Q2,,S08000015,,S12000028,,Not Specified,,2,,0,0,,z,5,39,7.8,
2020Q3,,S08000015,,S12000028,,Not Specified,,2,,0,0,,z,0,111,,z
2020Q4,,S08000015,,S12000028,,Not Specified,,2,,0,0,,z,0,0,,z
2021Q1,,S08000015,,S12000028,,Not Specified,,2,,0,0,,z,0,0,,z
2021Q3,,S08000015,,S12000028,,Not Specified,,2,,0,0,,z,5,14,2.8,
2021Q4,,S08000015,,S12000028,,Not Specified,,2,,0,0,,z,0,0,,z
2022Q1,,S08000015,,S12000028,,Not Specified,,2,,0,0,,z,0,16,,z
2022Q2,,S08000015,,S12000028,,Not Specified,,2,,0,0,,z,0,10,,z
2022Q3,,S08000015,,S12000028,,Not Specified,,2,,0,0,,z,5,201,40.2,
2022Q4,p,S08000015,,S12000028,,Not Specified,,2,,0,0,,z,5,41,8.2,
2017Q4,,S08000015,,S12000028,,Not Specified,,3,,0,0,,z,5,45,9,
2018Q1,,S08000015,,S12000028,,Not Specified,,3,,0,0,,z,5,32,6.4,
2018Q2,,S08000015,,S12000028,,Not Specified,,3,,0,0,,z,5,15,3,
2018Q3,,S08000015,,S12000028,,Not Specified,,3,,0,0,,z,0,55,,z
2018Q4,,S08000015,,S12000028,,Not Specified,,3,,0,0,,z,0,56,,z
2019Q1,,S08000015,,S12000028,,Not Specified,,3,,0,0,,z,0,39,,z
2019Q2,,S08000015,,S12000028,,Not Specified,,3,,0,0,,z,5,10,2,
2019Q3,,S08000015,,S12000028,,Not Specified,,3,,0,0,,z,5,20,4,
2020Q1,,S08000015,,S12000028,,Not Specified,,3,,0,0,,z,0,6,,z
2020Q2,,S08000015,,S12000028,,Not Specified,,3,,0,0,,z,5,112,22.4,
2020Q3,,S08000015,,S12000028,,Not Specified,,3,,0,0,,z,0,35,,z
2020Q4,,S08000015,,S12000028,,Not Specified,,3,,0,0,,z,0,64,,z
2021Q3,,S08000015,,S12000028,,Not Specified,,3,,0,0,,z,0,22,,z
2021Q4,,S08000015,,S12000028,,Not Specified,,3,,0,0,,z,5,306,61.2,
2022Q1,,S08000015,,S12000028,,Not Specified,,3,,0,0,,z,0,5,,z
2022Q2,,S08000015,,S12000028,,Not Specified,,3,,0,0,,z,0,5,,z
2022Q3,,S08000015,,S12000028,,Not Specified,,3,,0,0,,z,5,145,29,
2022Q4,p,S08000015,,S12000028,,Not Specified,,3,,0,0,,z,0,5,,z
2017Q4,,S08000015,,S12000028,,Not Specified,,4,,0,0,,z,5,9,1.8,
2018Q1,,S08000015,,S12000028,,Not Specified,,4,,0,0,,z,0,0,,z
2018Q2,,S08000015,,S12000028,,Not Specified,,4,,0,0,,z,0,5,,z
2018Q3,,S08000015,,S12000028,,Not Specified,,4,,0,0,,z,0,5,,z
2018Q4,,S08000015,,S12000028,,Not Specified,,4,,0,0,,z,0,180,,z
2019Q1,,S08000015,,S12000028,,Not Specified,,4,,0,0,,z,0,69,,z
2019Q2,,S08000015,,S12000028,,Not Specified,,4,,0,0,,z,5,30,6,
2019Q3,,S08000015,,S12000028,,Not Specified,,4,,0,0,,z,0,66,,z
2019Q4,,S08000015,,S12000028,,Not Specified,,4,,0,0,,z,0,5,,z
2020Q2,,S08000015,,S12000028,,Not Specified,,4,,0,0,,z,0,548,,z
2020Q3,,S08000015,,S12000028,,Not Specified,,4,,0,0,,z,0,50,,z
2020Q4,,S08000015,,S12000028,,Not Specified,,4,,0,0,,z,0,0,,z
2021Q2,,S08000015,,S12000028,,Not Specified,,4,,0,0,,z,0,57,,z
2021Q3,,S08000015,,S12000028,,Not Specified,,4,,0,0,,z,0,20,,z
2022Q1,,S08000015,,S12000028,,Not Specified,,4,,0,0,,z,0,21,,z
2022Q2,,S08000015,,S12000028,,Not Specified,,4,,0,0,,z,0,74,,z
2022Q4,p,S08000015,,S12000028,,Not Specified,,4,,0,0,,z,0,8,,z
2017Q4,,S08000015,,S12000028,,Not Specified,,5,,0,0,,z,0,5,,z
2018Q1,,S08000015,,S12000028,,Not Specified,,5,,0,0,,z,5,10,2,
2018Q2,,S08000015,,S12000028,,Not Specified,,5,,0,0,,z,0,5,,z
2018Q3,,S08000015,,S12000028,,Not Specified,,5,,0,0,,z,0,87,,z
2018Q4,,S08000015,,S12000028,,Not Specified,,5,,0,0,,z,0,42,,z
2019Q1,,S08000015,,S12000028,,Not Specified,,5,,0,0,,z,0,0,,z
2019Q2,,S08000015,,S12000028,,Not Specified,,5,,0,0,,z,0,0,,z
2019Q3,,S08000015,,S12000028,,Not Specified,,5,,0,0,,z,0,121,,z
2019Q4,,S08000015,,S12000028,,Not Specified,,5,,0,0,,z,0,84,,z
2020Q1,,S08000015,,S12000028,,Not Specified,,5,,0,0,,z,0,0,,z
2020Q2,,S08000015,,S12000028,,Not Specified,,5,,0,0,,z,0,5,,z
2020Q3,,S08000015,,S12000028,,Not Specified,,5,,0,0,,z,5,10,2,
2020Q4,,S08000015,,S12000028,,Not Specified,,5,,0,0,,z,5,20,4,
2021Q1,,S08000015,,S12000028,,Not Specified,,5,,0,0,,z,0,5,,z
2021Q2,,S08000015,,S12000028,,Not Specified,,5,,0,0,,z,0,0,,z
2021Q3,,S08000015,,S12000028,,Not Specified,,5,,0,0,,z,0,54,,z
2021Q4,,S08000015,,S12000028,,Not Specified,,5,,0,0,,z,0,5,,z
2022Q1,,S08000015,,S12000028,,Not Specified,,5,,0,0,,z,5,20,4,
2022Q2,,S08000015,,S12000028,,Not Specified,,5,,0,0,,z,0,16,,z
2022Q3,,S08000015,,S12000028,,Not Specified,,5,,0,0,,z,5,71,14.2,
2022Q4,p,S08000015,,S12000028,,Not Specified,,5,,0,0,,z,5,83,16.6,
2017Q4,,S08000016,,S08000016,d,Not Specified,,1,,0,0,,z,0,6,,z
2018Q1,,S08000016,,S08000016,d,Not Specified,,1,,0,0,,z,0,10,,z
2018Q2,,S08000016,,S08000016,d,Not Specified,,1,,0,0,,z,0,68,,z
2018Q4,,S08000016,,S08000016,d,Not Specified,,1,,0,0,,z,0,0,,z
2019Q2,,S08000016,,S08000016,d,Not Specified,,1,,0,0,,z,0,11,,z
2019Q3,,S08000016,,S08000016,d,Not Specified,,1,,0,0,,z,5,33,6.6,
2020Q3,,S08000016,,S08000016,d,Not Specified,,1,,0,0,,z,0,0,,z
2021Q1,,S08000016,,S08000016,d,Not Specified,,1,,0,0,,z,0,5,,z
2021Q3,,S08000016,,S08000016,d,Not Specified,,1,,0,0,,z,0,0,,z
2022Q1,,S08000016,,S08000016,d,Not Specified,,1,,0,0,,z,5,11,2.2,
2022Q2,,S08000016,,S08000016,d,Not Specified,,1,,0,0,,z,5,42,8.4,
2022Q3,,S08000016,,S08000016,d,Not Specified,,1,,0,0,,z,5,17,3.4,
2022Q4,p,S08000016,,S08000016,d,Not Specified,,1,,0,0,,z,0,18,,z
2017Q4,,S08000016,,S08000016,d,Not Specified,,2,,0,0,,z,5,52,10.4,
2018Q1,,S08000016,,S08000016,d,Not Specified,,2,,0,0,,z,0,10,,z
2018Q2,,S08000016,,S08000016,d,Not Specified,,2,,0,0,,z,0,5,,z
2018Q3,,S08000016,,S08000016,d,Not Specified,,2,,0,0,,z,10,64,6.4,
2018Q4,,S08000016,,S08000016,d,Not Specified,,2,,0,0,,z,5,34,6.8,
2019Q1,,S08000016,,S08000016,d,Not Specified,,2,,0,0,,z,0,5,,z
2019Q2,,S08000016,,S08000016,d,Not Specified,,2,,0,0,,z,5,8,1.6,
2019Q4,,S08000016,,S08000016,d,Not Specified,,2,,0,0,,z,0,8,,z
2020Q1,,S08000016,,S08000016,d,Not Specified,,2,,0,0,,z,0,0,,z
2020Q2,,S08000016,,S08000016,d,Not Specified,,2,,0,0,,z,0,52,,z
2020Q3,,S08000016,,S08000016,d,Not Specified,,2,,0,0,,z,0,5,,z
2020Q4,,S08000016,,S08000016,d,Not Specified,,2,,0,0,,z,0,0,,z
2021Q2,,S08000016,,S08000016,d,Not Specified,,2,,0,0,,z,0,158,,z
2021Q3,,S08000016,,S08000016,d,Not Specified,,2,,0,0,,z,0,52,,z
2021Q4,,S08000016,,S08000016,d,Not Specified,,2,,0,0,,z,5,5,1,
2022Q1,,S08000016,,S08000016,d,Not Specified,,2,,0,0,,z,5,70,14,
2022Q2,,S08000016,,S08000016,d,Not Specified,,2,,0,0,,z,5,25,5,
2022Q3,,S08000016,,S08000016,d,Not Specified,,2,,0,0,,z,5,15,3,
2022Q4,p,S08000016,,S08000016,d,Not Specified,,2,,0,0,,z,0,24,,z
2017Q4,,S08000016,,S08000016,d,Not Specified,,3,,0,0,,z,5,11,2.2,
2018Q1,,S08000016,,S08000016,d,Not Specified,,3,,0,0,,z,5,35,7,
2018Q2,,S08000016,,S08000016,d,Not Specified,,3,,0,0,,z,5,32,6.4,
2018Q3,,S08000016,,S08000016,d,Not Specified,,3,,0,0,,z,5,71,14.2,
2018Q4,,S08000016,,S08000016,d,Not Specified,,3,,0,0,,z,5,54,10.8,
2019Q1,,S08000016,,S08000016,d,Not Specified,,3,,0,0,,z,5,152,30.4,
2019Q2,,S08000016,,S08000016,d,Not Specified,,3,,0,0,,z,0,5,,z
2019Q3,,S08000016,,S08000016,d,Not Specified,,3,,0,0,,z,10,43,4.3,
2019Q4,,S08000016,,S08000016,d,Not Specified,,3,,0,0,,z,5,100,20,
2020Q1,,S08000016,,S08000016,d,Not Specified,,3,,0,0,,z,5,45,9,
2020Q2,,S08000016,,S08000016,d,Not Specified,,3,,0,0,,z,5,20,4,
2020Q3,,S08000016,,S08000016,d,Not Specified,,3,,0,0,,z,5,6,1.2,
2020Q4,,S08000016,,S08000016,d,Not Specified,,3,,0,0,,z,5,15,3,
2021Q2,,S08000016,,S08000016,d,Not Specified,,3,,0,0,,z,0,5,,z
2021Q3,,S08000016,,S08000016,d,Not Specified,,3,,0,0,,z,5,54,10.8,
2021Q4,,S08000016,,S08000016,d,Not Specified,,3,,0,0,,z,10,66,6.6,
2022Q1,,S08000016,,S08000016,d,Not Specified,,3,,0,0,,z,5,68,13.6,
2022Q2,,S08000016,,S08000016,d,Not Specified,,3,,0,0,,z,11,354,32.1818181818182,
2022Q3,,S08000016,,S08000016,d,Not Specified,,3,,0,0,,z,15,159,10.6,
2022Q4,p,S08000016,,S08000016,d,Not Specified,,3,,0,0,,z,10,145,14.5,
2017Q4,,S08000016,,S08000016,d,Not Specified,,4,,0,0,,z,0,5,,z
2018Q1,,S08000016,,S08000016,d,Not Specified,,4,,0,0,,z,0,0,,z
2018Q2,,S08000016,,S08000016,d,Not Specified,,4,,0,0,,z,5,5,1,
2018Q3,,S08000016,,S08000016,d,Not Specified,,4,,0,0,,z,0,19,,z
2018Q4,,S08000016,,S08000016,d,Not Specified,,4,,0,0,,z,5,42,8.4,
2019Q1,,S08000016,,S08000016,d,Not Specified,,4,,0,0,,z,5,6,1.2,
2019Q2,,S08000016,,S08000016,d,Not Specified,,4,,0,0,,z,5,24,4.8,
2019Q3,,S08000016,,S08000016,d,Not Specified,,4,,0,0,,z,0,23,,z
2019Q4,,S08000016,,S08000016,d,Not Specified,,4,,0,0,,z,5,30,6,
2020Q1,,S08000016,,S08000016,d,Not Specified,,4,,0,0,,z,5,25,5,
2020Q2,,S08000016,,S08000016,d,Not Specified,,4,,0,0,,z,0,10,,z
2020Q3,,S08000016,,S08000016,d,Not Specified,,4,,0,0,,z,0,7,,z
2021Q1,,S08000016,,S08000016,d,Not Specified,,4,,0,0,,z,0,23,,z
2021Q2,,S08000016,,S08000016,d,Not Specified,,4,,0,0,,z,0,0,,z
2021Q3,,S08000016,,S08000016,d,Not Specified,,4,,0,0,,z,5,405,81,
2021Q4,,S08000016,,S08000016,d,Not Specified,,4,,0,0,,z,10,35,3.5,
2022Q1,,S08000016,,S08000016,d,Not Specified,,4,,0,0,,z,5,35,7,
2022Q2,,S08000016,,S08000016,d,Not Specified,,4,,0,0,,z,5,72,14.4,
2022Q3,,S08000016,,S08000016,d,Not Specified,,4,,0,0,,z,12,96,8,
2022Q4,p,S08000016,,S08000016,d,Not Specified,,4,,0,0,,z,10,153,15.3,
2018Q2,,S08000016,,S08000016,d,Not Specified,,5,,0,0,,z,0,5,,z
2018Q3,,S08000016,,S08000016,d,Not Specified,,5,,0,0,,z,0,78,,z
2018Q4,,S08000016,,S08000016,d,Not Specified,,5,,0,0,,z,0,0,,z
2019Q1,,S08000016,,S08000016,d,Not Specified,,5,,0,0,,z,0,0,,z
2019Q3,,S08000016,,S08000016,d,Not Specified,,5,,0,0,,z,0,53,,z
2019Q4,,S08000016,,S08000016,d,Not Specified,,5,,0,0,,z,0,6,,z
2020Q1,,S08000016,,S08000016,d,Not Specified,,5,,0,0,,z,0,37,,z
2020Q2,,S08000016,,S08000016,d,Not Specified,,5,,0,0,,z,0,9,,z
2020Q3,,S08000016,,S08000016,d,Not Specified,,5,,0,0,,z,0,5,,z
2021Q4,,S08000016,,S08000016,d,Not Specified,,5,,0,0,,z,5,87,17.4,
2022Q1,,S08000016,,S08000016,d,Not Specified,,5,,0,0,,z,5,8,1.6,
2022Q2,,S08000016,,S08000016,d,Not Specified,,5,,0,0,,z,5,63,12.6,
2022Q3,,S08000016,,S08000016,d,Not Specified,,5,,0,0,,z,5,16,3.2,
2017Q4,,S08000016,,S12000026,,Not Specified,,1,,0,0,,z,0,6,,z
2018Q1,,S08000016,,S12000026,,Not Specified,,1,,0,0,,z,0,10,,z
2018Q2,,S08000016,,S12000026,,Not Specified,,1,,0,0,,z,0,68,,z
2018Q4,,S08000016,,S12000026,,Not Specified,,1,,0,0,,z,0,0,,z
2019Q2,,S08000016,,S12000026,,Not Specified,,1,,0,0,,z,0,11,,z
2019Q3,,S08000016,,S12000026,,Not Specified,,1,,0,0,,z,5,33,6.6,
2020Q3,,S08000016,,S12000026,,Not Specified,,1,,0,0,,z,0,0,,z
2021Q1,,S08000016,,S12000026,,Not Specified,,1,,0,0,,z,0,5,,z
2021Q3,,S08000016,,S12000026,,Not Specified,,1,,0,0,,z,0,0,,z
2022Q1,,S08000016,,S12000026,,Not Specified,,1,,0,0,,z,5,11,2.2,
2022Q2,,S08000016,,S12000026,,Not Specified,,1,,0,0,,z,5,42,8.4,
2022Q3,,S08000016,,S12000026,,Not Specified,,1,,0,0,,z,5,17,3.4,
2022Q4,p,S08000016,,S12000026,,Not Specified,,1,,0,0,,z,0,18,,z
2017Q4,,S08000016,,S12000026,,Not Specified,,2,,0,0,,z,5,52,10.4,
2018Q1,,S08000016,,S12000026,,Not Specified,,2,,0,0,,z,0,10,,z
2018Q2,,S08000016,,S12000026,,Not Specified,,2,,0,0,,z,0,5,,z
2018Q3,,S08000016,,S12000026,,Not Specified,,2,,0,0,,z,10,64,6.4,
2018Q4,,S08000016,,S12000026,,Not Specified,,2,,0,0,,z,5,34,6.8,
2019Q1,,S08000016,,S12000026,,Not Specified,,2,,0,0,,z,0,5,,z
2019Q2,,S08000016,,S12000026,,Not Specified,,2,,0,0,,z,5,8,1.6,
2019Q4,,S08000016,,S12000026,,Not Specified,,2,,0,0,,z,0,8,,z
2020Q1,,S08000016,,S12000026,,Not Specified,,2,,0,0,,z,0,0,,z
2020Q2,,S08000016,,S12000026,,Not Specified,,2,,0,0,,z,0,52,,z
2020Q3,,S08000016,,S12000026,,Not Specified,,2,,0,0,,z,0,5,,z
2020Q4,,S08000016,,S12000026,,Not Specified,,2,,0,0,,z,0,0,,z
2021Q2,,S08000016,,S12000026,,Not Specified,,2,,0,0,,z,0,158,,z
2021Q3,,S08000016,,S12000026,,Not Specified,,2,,0,0,,z,0,52,,z
2021Q4,,S08000016,,S12000026,,Not Specified,,2,,0,0,,z,5,5,1,
2022Q1,,S08000016,,S12000026,,Not Specified,,2,,0,0,,z,5,70,14,
2022Q2,,S08000016,,S12000026,,Not Specified,,2,,0,0,,z,5,25,5,
2022Q3,,S08000016,,S12000026,,Not Specified,,2,,0,0,,z,5,15,3,
2022Q4,p,S08000016,,S12000026,,Not Specified,,2,,0,0,,z,0,24,,z
2017Q4,,S08000016,,S12000026,,Not Specified,,3,,0,0,,z,5,11,2.2,
2018Q1,,S08000016,,S12000026,,Not Specified,,3,,0,0,,z,5,35,7,
2018Q2,,S08000016,,S12000026,,Not Specified,,3,,0,0,,z,5,32,6.4,
2018Q3,,S08000016,,S12000026,,Not Specified,,3,,0,0,,z,5,71,14.2,
2018Q4,,S08000016,,S12000026,,Not Specified,,3,,0,0,,z,5,54,10.8,
2019Q1,,S08000016,,S12000026,,Not Specified,,3,,0,0,,z,5,152,30.4,
2019Q2,,S08000016,,S12000026,,Not Specified,,3,,0,0,,z,0,5,,z
2019Q3,,S08000016,,S12000026,,Not Specified,,3,,0,0,,z,10,43,4.3,
2019Q4,,S08000016,,S12000026,,Not Specified,,3,,0,0,,z,5,100,20,
2020Q1,,S08000016,,S12000026,,Not Specified,,3,,0,0,,z,5,45,9,
2020Q2,,S08000016,,S12000026,,Not Specified,,3,,0,0,,z,5,20,4,
2020Q3,,S08000016,,S12000026,,Not Specified,,3,,0,0,,z,5,6,1.2,
2020Q4,,S08000016,,S12000026,,Not Specified,,3,,0,0,,z,5,15,3,
2021Q2,,S08000016,,S12000026,,Not Specified,,3,,0,0,,z,0,5,,z
2021Q3,,S08000016,,S12000026,,Not Specified,,3,,0,0,,z,5,54,10.8,
2021Q4,,S08000016,,S12000026,,Not Specified,,3,,0,0,,z,10,66,6.6,
2022Q1,,S08000016,,S12000026,,Not Specified,,3,,0,0,,z,5,68,13.6,
2022Q2,,S08000016,,S12000026,,Not Specified,,3,,0,0,,z,11,354,32.1818181818182,
2022Q3,,S08000016,,S12000026,,Not Specified,,3,,0,0,,z,15,159,10.6,
2022Q4,p,S08000016,,S12000026,,Not Specified,,3,,0,0,,z,10,145,14.5,
2017Q4,,S08000016,,S12000026,,Not Specified,,4,,0,0,,z,0,5,,z
2018Q1,,S08000016,,S12000026,,Not Specified,,4,,0,0,,z,0,0,,z
2018Q2,,S08000016,,S12000026,,Not Specified,,4,,0,0,,z,5,5,1,
2018Q3,,S08000016,,S12000026,,Not Specified,,4,,0,0,,z,0,19,,z
2018Q4,,S08000016,,S12000026,,Not Specified,,4,,0,0,,z,5,42,8.4,
2019Q1,,S08000016,,S12000026,,Not Specified,,4,,0,0,,z,5,6,1.2,
2019Q2,,S08000016,,S12000026,,Not Specified,,4,,0,0,,z,5,24,4.8,
2019Q3,,S08000016,,S12000026,,Not Specified,,4,,0,0,,z,0,23,,z
2019Q4,,S08000016,,S12000026,,Not Specified,,4,,0,0,,z,5,30,6,
2020Q1,,S08000016,,S12000026,,Not Specified,,4,,0,0,,z,5,25,5,
2020Q2,,S08000016,,S12000026,,Not Specified,,4,,0,0,,z,0,10,,z
2020Q3,,S08000016,,S12000026,,Not Specified,,4,,0,0,,z,0,7,,z
2021Q1,,S08000016,,S12000026,,Not Specified,,4,,0,0,,z,0,23,,z
2021Q2,,S08000016,,S12000026,,Not Specified,,4,,0,0,,z,0,0,,z
2021Q3,,S08000016,,S12000026,,Not Specified,,4,,0,0,,z,5,405,81,
2021Q4,,S08000016,,S12000026,,Not Specified,,4,,0,0,,z,10,35,3.5,
2022Q1,,S08000016,,S12000026,,Not Specified,,4,,0,0,,z,5,35,7,
2022Q2,,S08000016,,S12000026,,Not Specified,,4,,0,0,,z,5,72,14.4,
2022Q3,,S08000016,,S12000026,,Not Specified,,4,,0,0,,z,12,96,8,
2022Q4,p,S08000016,,S12000026,,Not Specified,,4,,0,0,,z,10,153,15.3,
2018Q2,,S08000016,,S12000026,,Not Specified,,5,,0,0,,z,0,5,,z
2018Q3,,S08000016,,S12000026,,Not Specified,,5,,0,0,,z,0,78,,z
2018Q4,,S08000016,,S12000026,,Not Specified,,5,,0,0,,z,0,0,,z
2019Q1,,S08000016,,S12000026,,Not Specified,,5,,0,0,,z,0,0,,z
2019Q3,,S08000016,,S12000026,,Not Specified,,5,,0,0,,z,0,53,,z
2019Q4,,S08000016,,S12000026,,Not Specified,,5,,0,0,,z,0,6,,z
2020Q1,,S08000016,,S12000026,,Not Specified,,5,,0,0,,z,0,37,,z
2020Q2,,S08000016,,S12000026,,Not Specified,,5,,0,0,,z,0,9,,z
2020Q3,,S08000016,,S12000026,,Not Specified,,5,,0,0,,z,0,5,,z
2021Q4,,S08000016,,S12000026,,Not Specified,,5,,0,0,,z,5,87,17.4,
2022Q1,,S08000016,,S12000026,,Not Specified,,5,,0,0,,z,5,8,1.6,
2022Q2,,S08000016,,S12000026,,Not Specified,,5,,0,0,,z,5,63,12.6,
2022Q3,,S08000016,,S12000026,,Not Specified,,5,,0,0,,z,5,16,3.2,
2017Q4,,S08000017,,S12000006,,Not Specified,,1,,0,0,,z,5,12,2.4,
2018Q1,,S08000017,,S12000006,,Not Specified,,1,,0,0,,z,0,5,,z
2018Q2,,S08000017,,S12000006,,Not Specified,,1,,0,0,,z,13,78,6,
2018Q3,,S08000017,,S12000006,,Not Specified,,1,,0,0,,z,13,41,3.15384615384615,
2018Q4,,S08000017,,S12000006,,Not Specified,,1,,0,0,,z,18,36,2,
2019Q1,,S08000017,,S12000006,,Not Specified,,1,,0,0,,z,26,195,7.5,
2019Q2,,S08000017,,S12000006,,Not Specified,,1,,0,0,,z,18,9,0.5,
2019Q3,,S08000017,,S12000006,,Not Specified,,1,,0,0,,z,5,20,4,
2019Q4,,S08000017,,S12000006,,Not Specified,,1,,0,0,,z,5,15,3,
2020Q1,,S08000017,,S12000006,,Not Specified,,1,,0,0,,z,10,22,2.2,
2020Q2,,S08000017,,S12000006,,Not Specified,,1,,0,0,,z,0,15,,z
2020Q3,,S08000017,,S12000006,,Not Specified,,1,,0,0,,z,5,15,3,
2020Q4,,S08000017,,S12000006,,Not Specified,,1,,0,0,,z,5,35,7,
2021Q1,,S08000017,,S12000006,,Not Specified,,1,,0,0,,z,0,5,,z
2021Q2,,S08000017,,S12000006,,Not Specified,,1,,0,0,,z,10,16,1.6,
2021Q3,,S08000017,,S12000006,,Not Specified,,1,,0,0,,z,10,25,2.5,
2021Q4,,S08000017,,S12000006,,Not Specified,,1,,0,0,,z,5,5,1,
2022Q1,,S08000017,,S12000006,,Not Specified,,1,,0,0,,z,5,63,12.6,
2022Q2,,S08000017,,S12000006,,Not Specified,,1,,0,0,,z,0,22,,z
2022Q3,,S08000017,,S12000006,,Not Specified,,1,,0,0,,z,5,29,5.8,
2022Q4,p,S08000017,,S12000006,,Not Specified,,1,,0,0,,z,5,31,6.2,
2017Q4,,S08000017,,S12000006,,Not Specified,,2,,0,0,,z,32,61,1.90625,
2018Q1,,S08000017,,S12000006,,Not Specified,,2,,0,0,,z,12,34,2.83333333333333,
2018Q2,,S08000017,,S12000006,,Not Specified,,2,,0,0,,z,26,58,2.23076923076923,
2018Q3,,S08000017,,S12000006,,Not Specified,,2,,0,0,,z,16,370,23.125,
2018Q4,,S08000017,,S12000006,,Not Specified,,2,,0,0,,z,20,161,8.05,
2019Q1,,S08000017,,S12000006,,Not Specified,,2,,0,0,,z,23,42,1.82608695652174,
2019Q2,,S08000017,,S12000006,,Not Specified,,2,,0,0,,z,24,39,1.625,
2019Q3,,S08000017,,S12000006,,Not Specified,,2,,0,0,,z,30,320,10.6666666666667,
2019Q4,,S08000017,,S12000006,,Not Specified,,2,,0,0,,z,10,43,4.3,
2020Q1,,S08000017,,S12000006,,Not Specified,,2,,0,0,,z,12,308,25.6666666666667,
2020Q2,,S08000017,,S12000006,,Not Specified,,2,,0,0,,z,5,36,7.2,
2020Q3,,S08000017,,S12000006,,Not Specified,,2,,0,0,,z,10,44,4.4,
2020Q4,,S08000017,,S12000006,,Not Specified,,2,,0,0,,z,12,79,6.58333333333333,
2021Q1,,S08000017,,S12000006,,Not Specified,,2,,0,0,,z,5,53,10.6,
2021Q2,,S08000017,,S12000006,,Not Specified,,2,,0,0,,z,13,74,5.69230769230769,
2021Q3,,S08000017,,S12000006,,Not Specified,,2,,0,0,,z,12,81,6.75,
2021Q4,,S08000017,,S12000006,,Not Specified,,2,,0,0,,z,20,132,6.6,
2022Q1,,S08000017,,S12000006,,Not Specified,,2,,0,0,,z,5,20,4,
2022Q2,,S08000017,,S12000006,,Not Specified,,2,,0,0,,z,13,304,23.3846153846154,
2022Q3,,S08000017,,S12000006,,Not Specified,,2,,0,0,,z,12,161,13.4166666666667,
2022Q4,p,S08000017,,S12000006,,Not Specified,,2,,0,0,,z,18,111,6.16666666666667,
2017Q4,,S08000017,,S12000006,,Not Specified,,3,,0,0,,z,37,158,4.27027027027027,
2018Q1,,S08000017,,S12000006,,Not Specified,,3,,0,0,,z,25,214,8.56,
2018Q2,,S08000017,,S12000006,,Not Specified,,3,,0,0,,z,61,86,1.40983606557377,
2018Q3,,S08000017,,S12000006,,Not Specified,,3,,0,0,,z,52,188,3.61538461538462,
2018Q4,,S08000017,,S12000006,,Not Specified,,3,,0,0,,z,43,270,6.27906976744186,
2019Q1,,S08000017,,S12000006,,Not Specified,,3,,0,0,,z,23,295,12.8260869565217,
2019Q2,,S08000017,,S12000006,,Not Specified,,3,,0,0,,z,42,212,5.04761904761905,
2019Q3,,S08000017,,S12000006,,Not Specified,,3,,0,0,,z,34,50,1.47058823529412,
2019Q4,,S08000017,,S12000006,,Not Specified,,3,,0,0,,z,21,345,16.4285714285714,
2020Q1,,S08000017,,S12000006,,Not Specified,,3,,0,0,,z,12,225,18.75,
2020Q2,,S08000017,,S12000006,,Not Specified,,3,,0,0,,z,5,8,1.6,
2020Q3,,S08000017,,S12000006,,Not Specified,,3,,0,0,,z,11,36,3.27272727272727,
2020Q4,,S08000017,,S12000006,,Not Specified,,3,,0,0,,z,14,109,7.78571428571429,
2021Q1,,S08000017,,S12000006,,Not Specified,,3,,0,0,,z,10,218,21.8,
2021Q2,,S08000017,,S12000006,,Not Specified,,3,,0,0,,z,5,17,3.4,
2021Q3,,S08000017,,S12000006,,Not Specified,,3,,0,0,,z,10,88,8.8,
2021Q4,,S08000017,,S12000006,,Not Specified,,3,,0,0,,z,11,16,1.45454545454545,
2022Q1,,S08000017,,S12000006,,Not Specified,,3,,0,0,,z,14,106,7.57142857142857,
2022Q2,,S08000017,,S12000006,,Not Specified,,3,,0,0,,z,14,132,9.42857142857143,
2022Q3,,S08000017,,S12000006,,Not Specified,,3,,0,0,,z,19,197,10.3684210526316,
2022Q4,p,S08000017,,S12000006,,Not Specified,,3,,0,0,,z,14,245,17.5,
2017Q4,,S08000017,,S12000006,,Not Specified,,4,,0,0,,z,17,59,3.47058823529412,
2018Q1,,S08000017,,S12000006,,Not Specified,,4,,0,0,,z,5,35,7,
2018Q2,,S08000017,,S12000006,,Not Specified,,4,,0,0,,z,10,95,9.5,
2018Q3,,S08000017,,S12000006,,Not Specified,,4,,0,0,,z,14,411,29.3571428571429,
2018Q4,,S08000017,,S12000006,,Not Specified,,4,,0,0,,z,24,55,2.29166666666667,
2019Q1,,S08000017,,S12000006,,Not Specified,,4,,0,0,,z,10,42,4.2,
2019Q2,,S08000017,,S12000006,,Not Specified,,4,,0,0,,z,10,89,8.9,
2019Q3,,S08000017,,S12000006,,Not Specified,,4,,0,0,,z,10,27,2.7,
2019Q4,,S08000017,,S12000006,,Not Specified,,4,,0,0,,z,11,53,4.81818181818182,
2020Q1,,S08000017,,S12000006,,Not Specified,,4,,0,0,,z,5,47,9.4,
2020Q2,,S08000017,,S12000006,,Not Specified,,4,,0,0,,z,0,5,,z
2020Q3,,S08000017,,S12000006,,Not Specified,,4,,0,0,,z,5,24,4.8,
2020Q4,,S08000017,,S12000006,,Not Specified,,4,,0,0,,z,0,16,,z
2021Q1,,S08000017,,S12000006,,Not Specified,,4,,0,0,,z,0,0,,z
2021Q2,,S08000017,,S12000006,,Not Specified,,4,,0,0,,z,5,26,5.2,
2021Q3,,S08000017,,S12000006,,Not Specified,,4,,0,0,,z,5,28,5.6,
2021Q4,,S08000017,,S12000006,,Not Specified,,4,,0,0,,z,5,82,16.4,
2022Q1,,S08000017,,S12000006,,Not Specified,,4,,0,0,,z,10,319,31.9,
2022Q2,,S08000017,,S12000006,,Not Specified,,4,,0,0,,z,10,151,15.1,
2022Q3,,S08000017,,S12000006,,Not Specified,,4,,0,0,,z,10,123,12.3,
2022Q4,p,S08000017,,S12000006,,Not Specified,,4,,0,0,,z,0,35,,z
2017Q4,,S08000017,,S12000006,,Not Specified,,5,,0,0,,z,10,15,1.5,
2018Q1,,S08000017,,S12000006,,Not Specified,,5,,0,0,,z,5,10,2,
2018Q2,,S08000017,,S12000006,,Not Specified,,5,,0,0,,z,5,23,4.6,
2018Q3,,S08000017,,S12000006,,Not Specified,,5,,0,0,,z,11,26,2.36363636363636,
2018Q4,,S08000017,,S12000006,,Not Specified,,5,,0,0,,z,5,33,6.6,
2019Q1,,S08000017,,S12000006,,Not Specified,,5,,0,0,,z,5,20,4,
2019Q2,,S08000017,,S12000006,,Not Specified,,5,,0,0,,z,5,42,8.4,
2019Q3,,S08000017,,S12000006,,Not Specified,,5,,0,0,,z,0,5,,z
2019Q4,,S08000017,,S12000006,,Not Specified,,5,,0,0,,z,5,43,8.6,
2020Q1,,S08000017,,S12000006,,Not Specified,,5,,0,0,,z,5,6,1.2,
2020Q2,,S08000017,,S12000006,,Not Specified,,5,,0,0,,z,0,10,,z
2020Q4,,S08000017,,S12000006,,Not Specified,,5,,0,0,,z,0,0,,z
2021Q1,,S08000017,,S12000006,,Not Specified,,5,,0,0,,z,5,50,10,
2021Q2,,S08000017,,S12000006,,Not Specified,,5,,0,0,,z,5,10,2,
2021Q3,,S08000017,,S12000006,,Not Specified,,5,,0,0,,z,0,0,,z
2021Q4,,S08000017,,S12000006,,Not Specified,,5,,0,0,,z,0,0,,z
2022Q1,,S08000017,,S12000006,,Not Specified,,5,,0,0,,z,10,86,8.6,
2022Q2,,S08000017,,S12000006,,Not Specified,,5,,0,0,,z,0,58,,z
2022Q3,,S08000017,,S12000006,,Not Specified,,5,,0,0,,z,5,55,11,
2022Q4,p,S08000017,,S12000006,,Not Specified,,5,,0,0,,z,5,33,6.6,
2017Q4,,S08000017,,S08000017,d,Not Specified,,1,,0,0,,z,5,12,2.4,
2018Q1,,S08000017,,S08000017,d,Not Specified,,1,,0,0,,z,0,5,,z
2018Q2,,S08000017,,S08000017,d,Not Specified,,1,,0,0,,z,13,78,6,
2018Q3,,S08000017,,S08000017,d,Not Specified,,1,,0,0,,z,13,41,3.15384615384615,
2018Q4,,S08000017,,S08000017,d,Not Specified,,1,,0,0,,z,18,36,2,
2019Q1,,S08000017,,S08000017,d,Not Specified,,1,,0,0,,z,26,195,7.5,
2019Q2,,S08000017,,S08000017,d,Not Specified,,1,,0,0,,z,18,9,0.5,
2019Q3,,S08000017,,S08000017,d,Not Specified,,1,,0,0,,z,5,20,4,
2019Q4,,S08000017,,S08000017,d,Not Specified,,1,,0,0,,z,5,15,3,
2020Q1,,S08000017,,S08000017,d,Not Specified,,1,,0,0,,z,10,22,2.2,
2020Q2,,S08000017,,S08000017,d,Not Specified,,1,,0,0,,z,0,15,,z
2020Q3,,S08000017,,S08000017,d,Not Specified,,1,,0,0,,z,5,15,3,
2020Q4,,S08000017,,S08000017,d,Not Specified,,1,,0,0,,z,5,35,7,
2021Q1,,S08000017,,S08000017,d,Not Specified,,1,,0,0,,z,0,5,,z
2021Q2,,S08000017,,S08000017,d,Not Specified,,1,,0,0,,z,10,16,1.6,
2021Q3,,S08000017,,S08000017,d,Not Specified,,1,,0,0,,z,10,25,2.5,
2021Q4,,S08000017,,S08000017,d,Not Specified,,1,,0,0,,z,5,5,1,
2022Q1,,S08000017,,S08000017,d,Not Specified,,1,,0,0,,z,5,63,12.6,
2022Q2,,S08000017,,S08000017,d,Not Specified,,1,,0,0,,z,0,22,,z
2022Q3,,S08000017,,S08000017,d,Not Specified,,1,,0,0,,z,5,29,5.8,
2022Q4,p,S08000017,,S08000017,d,Not Specified,,1,,0,0,,z,5,31,6.2,
2017Q4,,S08000017,,S08000017,d,Not Specified,,2,,0,0,,z,32,61,1.90625,
2018Q1,,S08000017,,S08000017,d,Not Specified,,2,,0,0,,z,12,34,2.83333333333333,
2018Q2,,S08000017,,S08000017,d,Not Specified,,2,,0,0,,z,26,58,2.23076923076923,
2018Q3,,S08000017,,S08000017,d,Not Specified,,2,,0,0,,z,16,370,23.125,
2018Q4,,S08000017,,S08000017,d,Not Specified,,2,,0,0,,z,20,161,8.05,
2019Q1,,S08000017,,S08000017,d,Not Specified,,2,,0,0,,z,23,42,1.82608695652174,
2019Q2,,S08000017,,S08000017,d,Not Specified,,2,,0,0,,z,24,39,1.625,
2019Q3,,S08000017,,S08000017,d,Not Specified,,2,,0,0,,z,30,320,10.6666666666667,
2019Q4,,S08000017,,S08000017,d,Not Specified,,2,,0,0,,z,10,43,4.3,
2020Q1,,S08000017,,S08000017,d,Not Specified,,2,,0,0,,z,12,308,25.6666666666667,
2020Q2,,S08000017,,S08000017,d,Not Specified,,2,,0,0,,z,5,36,7.2,
2020Q3,,S08000017,,S08000017,d,Not Specified,,2,,0,0,,z,10,44,4.4,
2020Q4,,S08000017,,S08000017,d,Not Specified,,2,,0,0,,z,12,79,6.58333333333333,
2021Q1,,S08000017,,S08000017,d,Not Specified,,2,,0,0,,z,5,53,10.6,
2021Q2,,S08000017,,S08000017,d,Not Specified,,2,,0,0,,z,13,74,5.69230769230769,
2021Q3,,S08000017,,S08000017,d,Not Specified,,2,,0,0,,z,12,81,6.75,
2021Q4,,S08000017,,S08000017,d,Not Specified,,2,,0,0,,z,20,132,6.6,
2022Q1,,S08000017,,S08000017,d,Not Specified,,2,,0,0,,z,5,20,4,
2022Q2,,S08000017,,S08000017,d,Not Specified,,2,,0,0,,z,13,304,23.3846153846154,
2022Q3,,S08000017,,S08000017,d,Not Specified,,2,,0,0,,z,12,161,13.4166666666667,
2022Q4,p,S08000017,,S08000017,d,Not Specified,,2,,0,0,,z,18,111,6.16666666666667,
2017Q4,,S08000017,,S08000017,d,Not Specified,,3,,0,0,,z,37,158,4.27027027027027,
2018Q1,,S08000017,,S08000017,d,Not Specified,,3,,0,0,,z,25,214,8.56,
2018Q2,,S08000017,,S08000017,d,Not Specified,,3,,0,0,,z,61,86,1.40983606557377,
2018Q3,,S08000017,,S08000017,d,Not Specified,,3,,0,0,,z,52,188,3.61538461538462,
2018Q4,,S08000017,,S08000017,d,Not Specified,,3,,0,0,,z,43,270,6.27906976744186,
2019Q1,,S08000017,,S08000017,d,Not Specified,,3,,0,0,,z,23,295,12.8260869565217,
2019Q2,,S08000017,,S08000017,d,Not Specified,,3,,0,0,,z,42,212,5.04761904761905,
2019Q3,,S08000017,,S08000017,d,Not Specified,,3,,0,0,,z,34,50,1.47058823529412,
2019Q4,,S08000017,,S08000017,d,Not Specified,,3,,0,0,,z,21,345,16.4285714285714,
2020Q1,,S08000017,,S08000017,d,Not Specified,,3,,0,0,,z,12,225,18.75,
2020Q2,,S08000017,,S08000017,d,Not Specified,,3,,0,0,,z,5,8,1.6,
2020Q3,,S08000017,,S08000017,d,Not Specified,,3,,0,0,,z,11,36,3.27272727272727,
2020Q4,,S08000017,,S08000017,d,Not Specified,,3,,0,0,,z,14,109,7.78571428571429,
2021Q1,,S08000017,,S08000017,d,Not Specified,,3,,0,0,,z,10,218,21.8,
2021Q2,,S08000017,,S08000017,d,Not Specified,,3,,0,0,,z,5,17,3.4,
2021Q3,,S08000017,,S08000017,d,Not Specified,,3,,0,0,,z,10,88,8.8,
2021Q4,,S08000017,,S08000017,d,Not Specified,,3,,0,0,,z,11,16,1.45454545454545,
2022Q1,,S08000017,,S08000017,d,Not Specified,,3,,0,0,,z,14,106,7.57142857142857,
2022Q2,,S08000017,,S08000017,d,Not Specified,,3,,0,0,,z,14,132,9.42857142857143,
2022Q3,,S08000017,,S08000017,d,Not Specified,,3,,0,0,,z,19,197,10.3684210526316,
2022Q4,p,S08000017,,S08000017,d,Not Specified,,3,,0,0,,z,14,245,17.5,
2017Q4,,S08000017,,S08000017,d,Not Specified,,4,,0,0,,z,17,59,3.47058823529412,
2018Q1,,S08000017,,S08000017,d,Not Specified,,4,,0,0,,z,5,35,7,
2018Q2,,S08000017,,S08000017,d,Not Specified,,4,,0,0,,z,10,95,9.5,
2018Q3,,S08000017,,S08000017,d,Not Specified,,4,,0,0,,z,14,411,29.3571428571429,
2018Q4,,S08000017,,S08000017,d,Not Specified,,4,,0,0,,z,24,55,2.29166666666667,
2019Q1,,S08000017,,S08000017,d,Not Specified,,4,,0,0,,z,10,42,4.2,
2019Q2,,S08000017,,S08000017,d,Not Specified,,4,,0,0,,z,10,89,8.9,
2019Q3,,S08000017,,S08000017,d,Not Specified,,4,,0,0,,z,10,27,2.7,
2019Q4,,S08000017,,S08000017,d,Not Specified,,4,,0,0,,z,11,53,4.81818181818182,
2020Q1,,S08000017,,S08000017,d,Not Specified,,4,,0,0,,z,5,47,9.4,
2020Q2,,S08000017,,S08000017,d,Not Specified,,4,,0,0,,z,0,5,,z
2020Q3,,S08000017,,S08000017,d,Not Specified,,4,,0,0,,z,5,24,4.8,
2020Q4,,S08000017,,S08000017,d,Not Specified,,4,,0,0,,z,0,16,,z
2021Q1,,S08000017,,S08000017,d,Not Specified,,4,,0,0,,z,0,0,,z
2021Q2,,S08000017,,S08000017,d,Not Specified,,4,,0,0,,z,5,26,5.2,
2021Q3,,S08000017,,S08000017,d,Not Specified,,4,,0,0,,z,5,28,5.6,
2021Q4,,S08000017,,S08000017,d,Not Specified,,4,,0,0,,z,5,82,16.4,
2022Q1,,S08000017,,S08000017,d,Not Specified,,4,,0,0,,z,10,319,31.9,
2022Q2,,S08000017,,S08000017,d,Not Specified,,4,,0,0,,z,10,151,15.1,
2022Q3,,S08000017,,S08000017,d,Not Specified,,4,,0,0,,z,10,123,12.3,
2022Q4,p,S08000017,,S08000017,d,Not Specified,,4,,0,0,,z,0,35,,z
2017Q4,,S08000017,,S08000017,d,Not Specified,,5,,0,0,,z,10,15,1.5,
2018Q1,,S08000017,,S08000017,d,Not Specified,,5,,0,0,,z,5,10,2,
2018Q2,,S08000017,,S08000017,d,Not Specified,,5,,0,0,,z,5,23,4.6,
2018Q3,,S08000017,,S08000017,d,Not Specified,,5,,0,0,,z,11,26,2.36363636363636,
2018Q4,,S08000017,,S08000017,d,Not Specified,,5,,0,0,,z,5,33,6.6,
2019Q1,,S08000017,,S08000017,d,Not Specified,,5,,0,0,,z,5,20,4,
2019Q2,,S08000017,,S08000017,d,Not Specified,,5,,0,0,,z,5,42,8.4,
2019Q3,,S08000017,,S08000017,d,Not Specified,,5,,0,0,,z,0,5,,z
2019Q4,,S08000017,,S08000017,d,Not Specified,,5,,0,0,,z,5,43,8.6,
2020Q1,,S08000017,,S08000017,d,Not Specified,,5,,0,0,,z,5,6,1.2,
2020Q2,,S08000017,,S08000017,d,Not Specified,,5,,0,0,,z,0,10,,z
2020Q4,,S08000017,,S08000017,d,Not Specified,,5,,0,0,,z,0,0,,z
2021Q1,,S08000017,,S08000017,d,Not Specified,,5,,0,0,,z,5,50,10,
2021Q2,,S08000017,,S08000017,d,Not Specified,,5,,0,0,,z,5,10,2,
2021Q3,,S08000017,,S08000017,d,Not Specified,,5,,0,0,,z,0,0,,z
2021Q4,,S08000017,,S08000017,d,Not Specified,,5,,0,0,,z,0,0,,z
2022Q1,,S08000017,,S08000017,d,Not Specified,,5,,0,0,,z,10,86,8.6,
2022Q2,,S08000017,,S08000017,d,Not Specified,,5,,0,0,,z,0,58,,z
2022Q3,,S08000017,,S08000017,d,Not Specified,,5,,0,0,,z,5,55,11,
2022Q4,p,S08000017,,S08000017,d,Not Specified,,5,,0,0,,z,5,33,6.6,
2017Q4,,S08000029,,S12000047,,Not Specified,,1,,0,0,,z,21,317,15.0952380952381,
2018Q1,,S08000029,,S12000047,,Not Specified,,1,,0,0,,z,24,307,12.7916666666667,
2018Q2,,S08000029,,S12000047,,Not Specified,,1,,0,0,,z,23,328,14.2608695652174,
2018Q3,,S08000029,,S12000047,,Not Specified,,1,,0,0,,z,23,235,10.2173913043478,
2018Q4,,S08000029,,S12000047,,Not Specified,,1,,0,0,,z,19,195,10.2631578947368,
2019Q1,,S08000029,,S12000047,,Not Specified,,1,,0,0,,z,29,513,17.6896551724138,
2019Q2,,S08000029,,S12000047,,Not Specified,,1,,0,0,,z,22,134,6.09090909090909,
2019Q3,,S08000029,,S12000047,,Not Specified,,1,,0,0,,z,17,405,23.8235294117647,
2019Q4,,S08000029,,S12000047,,Not Specified,,1,,0,0,,z,13,67,5.15384615384615,
2020Q1,,S08000029,,S12000047,,Not Specified,,1,,0,0,,z,19,497,26.1578947368421,
2020Q2,,S08000029,,S12000047,,Not Specified,,1,,0,0,,z,17,395,23.2352941176471,
2020Q3,,S08000029,,S12000047,,Not Specified,,1,,0,0,,z,18,430,23.8888888888889,
2020Q4,,S08000029,,S12000047,,Not Specified,,1,,0,0,,z,18,460,25.5555555555556,
2021Q1,,S08000029,,S12000047,,Not Specified,,1,,0,0,,z,16,355,22.1875,
2021Q2,,S08000029,,S12000047,,Not Specified,,1,,0,0,,z,18,528,29.3333333333333,
2021Q3,,S08000029,,S12000047,,Not Specified,,1,,0,0,,z,20,147,7.35,
2021Q4,,S08000029,,S12000047,,Not Specified,,1,,0,0,,z,20,120,6,
2022Q1,,S08000029,,S12000047,,Not Specified,,1,,0,0,,z,21,146,6.95238095238095,
2022Q2,,S08000029,,S12000047,,Not Specified,,1,,0,0,,z,27,557,20.6296296296296,
2022Q3,,S08000029,,S12000047,,Not Specified,,1,,0,0,,z,31,913,29.4516129032258,
2022Q4,p,S08000029,,S12000047,,Not Specified,,1,,0,0,,z,15,349,23.2666666666667,
2017Q4,,S08000029,,S12000047,,Not Specified,,2,,0,0,,z,24,211,8.79166666666667,
2018Q1,,S08000029,,S12000047,,Not Specified,,2,,0,0,,z,33,319,9.66666666666667,
2018Q2,,S08000029,,S12000047,,Not Specified,,2,,0,0,,z,24,324,13.5,
2018Q3,,S08000029,,S12000047,,Not Specified,,2,,0,0,,z,19,786,41.3684210526316,
2018Q4,,S08000029,,S12000047,,Not Specified,,2,,0,0,,z,29,445,15.3448275862069,
2019Q1,,S08000029,,S12000047,,Not Specified,,2,,0,0,,z,29,307,10.5862068965517,
2019Q2,,S08000029,,S12000047,,Not Specified,,2,,0,0,,z,16,173,10.8125,
2019Q3,,S08000029,,S12000047,,Not Specified,,2,,0,0,,z,14,289,20.6428571428571,
2019Q4,,S08000029,,S12000047,,Not Specified,,2,,0,0,,z,19,452,23.7894736842105,
2020Q1,,S08000029,,S12000047,,Not Specified,,2,,0,0,,z,21,246,11.7142857142857,
2020Q2,,S08000029,,S12000047,,Not Specified,,2,,0,0,,z,23,342,14.8695652173913,
2020Q3,,S08000029,,S12000047,,Not Specified,,2,,0,0,,z,19,742,39.0526315789474,
2020Q4,,S08000029,,S12000047,,Not Specified,,2,,0,0,,z,18,923,51.2777777777778,
2021Q1,,S08000029,,S12000047,,Not Specified,,2,,0,0,,z,21,597,28.4285714285714,
2021Q2,,S08000029,,S12000047,,Not Specified,,2,,0,0,,z,23,184,8,
2021Q3,,S08000029,,S12000047,,Not Specified,,2,,0,0,,z,15,160,10.6666666666667,
2021Q4,,S08000029,,S12000047,,Not Specified,,2,,0,0,,z,20,328,16.4,
2022Q1,,S08000029,,S12000047,,Not Specified,,2,,0,0,,z,36,747,20.75,
2022Q2,,S08000029,,S12000047,,Not Specified,,2,,0,0,,z,22,515,23.4090909090909,
2022Q3,,S08000029,,S12000047,,Not Specified,,2,,0,0,,z,19,268,14.1052631578947,
2022Q4,p,S08000029,,S12000047,,Not Specified,,2,,0,0,,z,24,540,22.5,
2017Q4,,S08000029,,S12000047,,Not Specified,,3,,0,0,,z,12,145,12.0833333333333,
2018Q1,,S08000029,,S12000047,,Not Specified,,3,,0,0,,z,12,240,20,
2018Q2,,S08000029,,S12000047,,Not Specified,,3,,0,0,,z,19,140,7.36842105263158,
2018Q3,,S08000029,,S12000047,,Not Specified,,3,,0,0,,z,13,121,9.30769230769231,
2018Q4,,S08000029,,S12000047,,Not Specified,,3,,0,0,,z,12,163,13.5833333333333,
2019Q1,,S08000029,,S12000047,,Not Specified,,3,,0,0,,z,23,230,10,
2019Q2,,S08000029,,S12000047,,Not Specified,,3,,0,0,,z,18,325,18.0555555555556,
2019Q3,,S08000029,,S12000047,,Not Specified,,3,,0,0,,z,16,343,21.4375,
2019Q4,,S08000029,,S12000047,,Not Specified,,3,,0,0,,z,13,223,17.1538461538462,
2020Q1,,S08000029,,S12000047,,Not Specified,,3,,0,0,,z,10,341,34.1,
2020Q2,,S08000029,,S12000047,,Not Specified,,3,,0,0,,z,14,162,11.5714285714286,
2020Q3,,S08000029,,S12000047,,Not Specified,,3,,0,0,,z,13,51,3.92307692307692,
2020Q4,,S08000029,,S12000047,,Not Specified,,3,,0,0,,z,13,108,8.30769230769231,
2021Q1,,S08000029,,S12000047,,Not Specified,,3,,0,0,,z,18,380,21.1111111111111,
2021Q2,,S08000029,,S12000047,,Not Specified,,3,,0,0,,z,14,434,31,
2021Q3,,S08000029,,S12000047,,Not Specified,,3,,0,0,,z,11,58,5.27272727272727,
2021Q4,,S08000029,,S12000047,,Not Specified,,3,,0,0,,z,18,330,18.3333333333333,
2022Q1,,S08000029,,S12000047,,Not Specified,,3,,0,0,,z,17,194,11.4117647058824,
2022Q2,,S08000029,,S12000047,,Not Specified,,3,,0,0,,z,18,257,14.2777777777778,
2022Q3,,S08000029,,S12000047,,Not Specified,,3,,0,0,,z,23,445,19.3478260869565,
2022Q4,p,S08000029,,S12000047,,Not Specified,,3,,0,0,,z,19,225,11.8421052631579,
2017Q4,,S08000029,,S12000047,,Not Specified,,4,,0,0,,z,12,126,10.5,
2018Q1,,S08000029,,S12000047,,Not Specified,,4,,0,0,,z,15,146,9.73333333333333,
2018Q2,,S08000029,,S12000047,,Not Specified,,4,,0,0,,z,12,85,7.08333333333333,
2018Q3,,S08000029,,S12000047,,Not Specified,,4,,0,0,,z,17,128,7.52941176470588,
2018Q4,,S08000029,,S12000047,,Not Specified,,4,,0,0,,z,12,256,21.3333333333333,
2019Q1,,S08000029,,S12000047,,Not Specified,,4,,0,0,,z,17,366,21.5294117647059,
2019Q2,,S08000029,,S12000047,,Not Specified,,4,,0,0,,z,14,133,9.5,
2019Q3,,S08000029,,S12000047,,Not Specified,,4,,0,0,,z,5,97,19.4,
2019Q4,,S08000029,,S12000047,,Not Specified,,4,,0,0,,z,10,260,26,
2020Q1,,S08000029,,S12000047,,Not Specified,,4,,0,0,,z,16,337,21.0625,
2020Q2,,S08000029,,S12000047,,Not Specified,,4,,0,0,,z,15,260,17.3333333333333,
2020Q3,,S08000029,,S12000047,,Not Specified,,4,,0,0,,z,5,251,50.2,
2020Q4,,S08000029,,S12000047,,Not Specified,,4,,0,0,,z,15,289,19.2666666666667,
2021Q1,,S08000029,,S12000047,,Not Specified,,4,,0,0,,z,12,174,14.5,
2021Q2,,S08000029,,S12000047,,Not Specified,,4,,0,0,,z,15,299,19.9333333333333,
2021Q3,,S08000029,,S12000047,,Not Specified,,4,,0,0,,z,5,176,35.2,
2021Q4,,S08000029,,S12000047,,Not Specified,,4,,0,0,,z,18,265,14.7222222222222,
2022Q1,,S08000029,,S12000047,,Not Specified,,4,,0,0,,z,15,310,20.6666666666667,
2022Q2,,S08000029,,S12000047,,Not Specified,,4,,0,0,,z,16,83,5.1875,
2022Q3,,S08000029,,S12000047,,Not Specified,,4,,0,0,,z,23,170,7.39130434782609,
2022Q4,p,S08000029,,S12000047,,Not Specified,,4,,0,0,,z,24,300,12.5,
2017Q4,,S08000029,,S12000047,,Not Specified,,5,,0,0,,z,5,123,24.6,
2018Q1,,S08000029,,S12000047,,Not Specified,,5,,0,0,,z,10,75,7.5,
2018Q2,,S08000029,,S12000047,,Not Specified,,5,,0,0,,z,5,37,7.4,
2018Q3,,S08000029,,S12000047,,Not Specified,,5,,0,0,,z,14,145,10.3571428571429,
2018Q4,,S08000029,,S12000047,,Not Specified,,5,,0,0,,z,10,146,14.6,
2019Q1,,S08000029,,S12000047,,Not Specified,,5,,0,0,,z,10,133,13.3,
2019Q2,,S08000029,,S12000047,,Not Specified,,5,,0,0,,z,5,49,9.8,
2019Q3,,S08000029,,S12000047,,Not Specified,,5,,0,0,,z,5,120,24,
2019Q4,,S08000029,,S12000047,,Not Specified,,5,,0,0,,z,5,75,15,
2020Q1,,S08000029,,S12000047,,Not Specified,,5,,0,0,,z,5,86,17.2,
2020Q2,,S08000029,,S12000047,,Not Specified,,5,,0,0,,z,16,417,26.0625,
2020Q3,,S08000029,,S12000047,,Not Specified,,5,,0,0,,z,5,280,56,
2020Q4,,S08000029,,S12000047,,Not Specified,,5,,0,0,,z,10,124,12.4,
2021Q1,,S08000029,,S12000047,,Not Specified,,5,,0,0,,z,13,121,9.30769230769231,
2021Q2,,S08000029,,S12000047,,Not Specified,,5,,0,0,,z,10,156,15.6,
2021Q3,,S08000029,,S12000047,,Not Specified,,5,,0,0,,z,12,109,9.08333333333333,
2021Q4,,S08000029,,S12000047,,Not Specified,,5,,0,0,,z,10,80,8,
2022Q1,,S08000029,,S12000047,,Not Specified,,5,,0,0,,z,12,78,6.5,
2022Q2,,S08000029,,S12000047,,Not Specified,,5,,0,0,,z,16,259,16.1875,
2022Q3,,S08000029,,S12000047,,Not Specified,,5,,0,0,,z,10,85,8.5,
2022Q4,p,S08000029,,S12000047,,Not Specified,,5,,0,0,,z,5,93,18.6,
2017Q4,,S08000029,,S08000029,d,Not Specified,,1,,0,0,,z,21,317,15.0952380952381,
2018Q1,,S08000029,,S08000029,d,Not Specified,,1,,0,0,,z,24,307,12.7916666666667,
2018Q2,,S08000029,,S08000029,d,Not Specified,,1,,0,0,,z,23,328,14.2608695652174,
2018Q3,,S08000029,,S08000029,d,Not Specified,,1,,0,0,,z,23,235,10.2173913043478,
2018Q4,,S08000029,,S08000029,d,Not Specified,,1,,0,0,,z,19,195,10.2631578947368,
2019Q1,,S08000029,,S08000029,d,Not Specified,,1,,0,0,,z,29,513,17.6896551724138,
2019Q2,,S08000029,,S08000029,d,Not Specified,,1,,0,0,,z,22,134,6.09090909090909,
2019Q3,,S08000029,,S08000029,d,Not Specified,,1,,0,0,,z,17,405,23.8235294117647,
2019Q4,,S08000029,,S08000029,d,Not Specified,,1,,0,0,,z,13,67,5.15384615384615,
2020Q1,,S08000029,,S08000029,d,Not Specified,,1,,0,0,,z,19,497,26.1578947368421,
2020Q2,,S08000029,,S08000029,d,Not Specified,,1,,0,0,,z,17,395,23.2352941176471,
2020Q3,,S08000029,,S08000029,d,Not Specified,,1,,0,0,,z,18,430,23.8888888888889,
2020Q4,,S08000029,,S08000029,d,Not Specified,,1,,0,0,,z,18,460,25.5555555555556,
2021Q1,,S08000029,,S08000029,d,Not Specified,,1,,0,0,,z,16,355,22.1875,
2021Q2,,S08000029,,S08000029,d,Not Specified,,1,,0,0,,z,18,528,29.3333333333333,
2021Q3,,S08000029,,S08000029,d,Not Specified,,1,,0,0,,z,20,147,7.35,
2021Q4,,S08000029,,S08000029,d,Not Specified,,1,,0,0,,z,20,120,6,
2022Q1,,S08000029,,S08000029,d,Not Specified,,1,,0,0,,z,21,146,6.95238095238095,
2022Q2,,S08000029,,S08000029,d,Not Specified,,1,,0,0,,z,27,557,20.6296296296296,
2022Q3,,S08000029,,S08000029,d,Not Specified,,1,,0,0,,z,31,913,29.4516129032258,
2022Q4,p,S08000029,,S08000029,d,Not Specified,,1,,0,0,,z,15,349,23.2666666666667,
2017Q4,,S08000029,,S08000029,d,Not Specified,,2,,0,0,,z,24,211,8.79166666666667,
2018Q1,,S08000029,,S08000029,d,Not Specified,,2,,0,0,,z,33,319,9.66666666666667,
2018Q2,,S08000029,,S08000029,d,Not Specified,,2,,0,0,,z,24,324,13.5,
2018Q3,,S08000029,,S08000029,d,Not Specified,,2,,0,0,,z,19,786,41.3684210526316,
2018Q4,,S08000029,,S08000029,d,Not Specified,,2,,0,0,,z,29,445,15.3448275862069,
2019Q1,,S08000029,,S08000029,d,Not Specified,,2,,0,0,,z,29,307,10.5862068965517,
2019Q2,,S08000029,,S08000029,d,Not Specified,,2,,0,0,,z,16,173,10.8125,
2019Q3,,S08000029,,S08000029,d,Not Specified,,2,,0,0,,z,14,289,20.6428571428571,
2019Q4,,S08000029,,S08000029,d,Not Specified,,2,,0,0,,z,19,452,23.7894736842105,
2020Q1,,S08000029,,S08000029,d,Not Specified,,2,,0,0,,z,21,246,11.7142857142857,
2020Q2,,S08000029,,S08000029,d,Not Specified,,2,,0,0,,z,23,342,14.8695652173913,
2020Q3,,S08000029,,S08000029,d,Not Specified,,2,,0,0,,z,19,742,39.0526315789474,
2020Q4,,S08000029,,S08000029,d,Not Specified,,2,,0,0,,z,18,923,51.2777777777778,
2021Q1,,S08000029,,S08000029,d,Not Specified,,2,,0,0,,z,21,597,28.4285714285714,
2021Q2,,S08000029,,S08000029,d,Not Specified,,2,,0,0,,z,23,184,8,
2021Q3,,S08000029,,S08000029,d,Not Specified,,2,,0,0,,z,15,160,10.6666666666667,
2021Q4,,S08000029,,S08000029,d,Not Specified,,2,,0,0,,z,20,328,16.4,
2022Q1,,S08000029,,S08000029,d,Not Specified,,2,,0,0,,z,36,747,20.75,
2022Q2,,S08000029,,S08000029,d,Not Specified,,2,,0,0,,z,22,515,23.4090909090909,
2022Q3,,S08000029,,S08000029,d,Not Specified,,2,,0,0,,z,19,268,14.1052631578947,
2022Q4,p,S08000029,,S08000029,d,Not Specified,,2,,0,0,,z,24,540,22.5,
2017Q4,,S08000029,,S08000029,d,Not Specified,,3,,0,0,,z,12,145,12.0833333333333,
2018Q1,,S08000029,,S08000029,d,Not Specified,,3,,0,0,,z,12,240,20,
2018Q2,,S08000029,,S08000029,d,Not Specified,,3,,0,0,,z,19,140,7.36842105263158,
2018Q3,,S08000029,,S08000029,d,Not Specified,,3,,0,0,,z,13,121,9.30769230769231,
2018Q4,,S08000029,,S08000029,d,Not Specified,,3,,0,0,,z,12,163,13.5833333333333,
2019Q1,,S08000029,,S08000029,d,Not Specified,,3,,0,0,,z,23,230,10,
2019Q2,,S08000029,,S08000029,d,Not Specified,,3,,0,0,,z,18,325,18.0555555555556,
2019Q3,,S08000029,,S08000029,d,Not Specified,,3,,0,0,,z,16,343,21.4375,
2019Q4,,S08000029,,S08000029,d,Not Specified,,3,,0,0,,z,13,223,17.1538461538462,
2020Q1,,S08000029,,S08000029,d,Not Specified,,3,,0,0,,z,10,341,34.1,
2020Q2,,S08000029,,S08000029,d,Not Specified,,3,,0,0,,z,14,162,11.5714285714286,
2020Q3,,S08000029,,S08000029,d,Not Specified,,3,,0,0,,z,13,51,3.92307692307692,
2020Q4,,S08000029,,S08000029,d,Not Specified,,3,,0,0,,z,13,108,8.30769230769231,
2021Q1,,S08000029,,S08000029,d,Not Specified,,3,,0,0,,z,18,380,21.1111111111111,
2021Q2,,S08000029,,S08000029,d,Not Specified,,3,,0,0,,z,14,434,31,
2021Q3,,S08000029,,S08000029,d,Not Specified,,3,,0,0,,z,11,58,5.27272727272727,
2021Q4,,S08000029,,S08000029,d,Not Specified,,3,,0,0,,z,18,330,18.3333333333333,
2022Q1,,S08000029,,S08000029,d,Not Specified,,3,,0,0,,z,17,194,11.4117647058824,
2022Q2,,S08000029,,S08000029,d,Not Specified,,3,,0,0,,z,18,257,14.2777777777778,
2022Q3,,S08000029,,S08000029,d,Not Specified,,3,,0,0,,z,23,445,19.3478260869565,
2022Q4,p,S08000029,,S08000029,d,Not Specified,,3,,0,0,,z,19,225,11.8421052631579,
2017Q4,,S08000029,,S08000029,d,Not Specified,,4,,0,0,,z,12,126,10.5,
2018Q1,,S08000029,,S08000029,d,Not Specified,,4,,0,0,,z,15,146,9.73333333333333,
2018Q2,,S08000029,,S08000029,d,Not Specified,,4,,0,0,,z,12,85,7.08333333333333,
2018Q3,,S08000029,,S08000029,d,Not Specified,,4,,0,0,,z,17,128,7.52941176470588,
2018Q4,,S08000029,,S08000029,d,Not Specified,,4,,0,0,,z,12,256,21.3333333333333,
2019Q1,,S08000029,,S08000029,d,Not Specified,,4,,0,0,,z,17,366,21.5294117647059,
2019Q2,,S08000029,,S08000029,d,Not Specified,,4,,0,0,,z,14,133,9.5,
2019Q3,,S08000029,,S08000029,d,Not Specified,,4,,0,0,,z,5,97,19.4,
2019Q4,,S08000029,,S08000029,d,Not Specified,,4,,0,0,,z,10,260,26,
2020Q1,,S08000029,,S08000029,d,Not Specified,,4,,0,0,,z,16,337,21.0625,
2020Q2,,S08000029,,S08000029,d,Not Specified,,4,,0,0,,z,15,260,17.3333333333333,
2020Q3,,S08000029,,S08000029,d,Not Specified,,4,,0,0,,z,5,251,50.2,
2020Q4,,S08000029,,S08000029,d,Not Specified,,4,,0,0,,z,15,289,19.2666666666667,
2021Q1,,S08000029,,S08000029,d,Not Specified,,4,,0,0,,z,12,174,14.5,
2021Q2,,S08000029,,S08000029,d,Not Specified,,4,,0,0,,z,15,299,19.9333333333333,
2021Q3,,S08000029,,S08000029,d,Not Specified,,4,,0,0,,z,5,176,35.2,
2021Q4,,S08000029,,S08000029,d,Not Specified,,4,,0,0,,z,18,265,14.7222222222222,
2022Q1,,S08000029,,S08000029,d,Not Specified,,4,,0,0,,z,15,310,20.6666666666667,
2022Q2,,S08000029,,S08000029,d,Not Specified,,4,,0,0,,z,16,83,5.1875,
2022Q3,,S08000029,,S08000029,d,Not Specified,,4,,0,0,,z,23,170,7.39130434782609,
2022Q4,p,S08000029,,S08000029,d,Not Specified,,4,,0,0,,z,24,300,12.5,
2017Q4,,S08000029,,S08000029,d,Not Specified,,5,,0,0,,z,5,123,24.6,
2018Q1,,S08000029,,S08000029,d,Not Specified,,5,,0,0,,z,10,75,7.5,
2018Q2,,S08000029,,S08000029,d,Not Specified,,5,,0,0,,z,5,37,7.4,
2018Q3,,S08000029,,S08000029,d,Not Specified,,5,,0,0,,z,14,145,10.3571428571429,
2018Q4,,S08000029,,S08000029,d,Not Specified,,5,,0,0,,z,10,146,14.6,
2019Q1,,S08000029,,S08000029,d,Not Specified,,5,,0,0,,z,10,133,13.3,
2019Q2,,S08000029,,S08000029,d,Not Specified,,5,,0,0,,z,5,49,9.8,
2019Q3,,S08000029,,S08000029,d,Not Specified,,5,,0,0,,z,5,120,24,
2019Q4,,S08000029,,S08000029,d,Not Specified,,5,,0,0,,z,5,75,15,
2020Q1,,S08000029,,S08000029,d,Not Specified,,5,,0,0,,z,5,86,17.2,
2020Q2,,S08000029,,S08000029,d,Not Specified,,5,,0,0,,z,16,417,26.0625,
2020Q3,,S08000029,,S08000029,d,Not Specified,,5,,0,0,,z,5,280,56,
2020Q4,,S08000029,,S08000029,d,Not Specified,,5,,0,0,,z,10,124,12.4,
2021Q1,,S08000029,,S08000029,d,Not Specified,,5,,0,0,,z,13,121,9.30769230769231,
2021Q2,,S08000029,,S08000029,d,Not Specified,,5,,0,0,,z,10,156,15.6,
2021Q3,,S08000029,,S08000029,d,Not Specified,,5,,0,0,,z,12,109,9.08333333333333,
2021Q4,,S08000029,,S08000029,d,Not Specified,,5,,0,0,,z,10,80,8,
2022Q1,,S08000029,,S08000029,d,Not Specified,,5,,0,0,,z,12,78,6.5,
2022Q2,,S08000029,,S08000029,d,Not Specified,,5,,0,0,,z,16,259,16.1875,
2022Q3,,S08000029,,S08000029,d,Not Specified,,5,,0,0,,z,10,85,8.5,
2022Q4,p,S08000029,,S08000029,d,Not Specified,,5,,0,0,,z,5,93,18.6,
2017Q4,,S08000019,,S12000005,,Not Specified,,1,,0,0,,z,5,27,5.4,
2018Q1,,S08000019,,S12000005,,Not Specified,,1,,0,0,,z,0,18,,z
2018Q2,,S08000019,,S12000005,,Not Specified,,1,,0,0,,z,0,17,,z
2018Q3,,S08000019,,S12000005,,Not Specified,,1,,0,0,,z,5,103,20.6,
2019Q1,,S08000019,,S12000005,,Not Specified,,1,,0,0,,z,5,11,2.2,
2019Q2,,S08000019,,S12000005,,Not Specified,,1,,0,0,,z,10,94,9.4,
2019Q3,,S08000019,,S12000005,,Not Specified,,1,,0,0,,z,16,273,17.0625,
2019Q4,,S08000019,,S12000005,,Not Specified,,1,,0,0,,z,16,81,5.0625,
2020Q1,,S08000019,,S12000005,,Not Specified,,1,,0,0,,z,20,105,5.25,
2020Q2,,S08000019,,S12000005,,Not Specified,,1,,0,0,,z,22,378,17.1818181818182,
2020Q3,,S08000019,,S12000005,,Not Specified,,1,,0,0,,z,27,283,10.4814814814815,
2020Q4,,S08000019,,S12000005,,Not Specified,,1,,0,0,,z,15,208,13.8666666666667,
2021Q1,,S08000019,,S12000005,,Not Specified,,1,,0,0,,z,20,353,17.65,
2021Q2,,S08000019,,S12000005,,Not Specified,,1,,0,0,,z,17,262,15.4117647058824,
2021Q3,,S08000019,,S12000005,,Not Specified,,1,,0,0,,z,11,200,18.1818181818182,
2021Q4,,S08000019,,S12000005,,Not Specified,,1,,0,0,,z,20,163,8.15,
2022Q1,,S08000019,,S12000005,,Not Specified,,1,,0,0,,z,13,123,9.46153846153846,
2022Q2,,S08000019,,S12000005,,Not Specified,,1,,0,0,,z,15,119,7.93333333333333,
2022Q3,,S08000019,,S12000005,,Not Specified,,1,,0,0,,z,20,307,15.35,
2022Q4,p,S08000019,,S12000005,,Not Specified,,1,,0,0,,z,12,38,3.16666666666667,
2017Q4,,S08000019,,S12000005,,Not Specified,,2,,0,0,,z,0,5,,z
2018Q1,,S08000019,,S12000005,,Not Specified,,2,,0,0,,z,0,5,,z
2018Q2,,S08000019,,S12000005,,Not Specified,,2,,0,0,,z,5,57,11.4,
2018Q3,,S08000019,,S12000005,,Not Specified,,2,,0,0,,z,0,0,,z
2018Q4,,S08000019,,S12000005,,Not Specified,,2,,0,0,,z,5,101,20.2,
2019Q1,,S08000019,,S12000005,,Not Specified,,2,,0,0,,z,0,0,,z
2019Q2,,S08000019,,S12000005,,Not Specified,,2,,0,0,,z,5,43,8.6,
2019Q3,,S08000019,,S12000005,,Not Specified,,2,,0,0,,z,14,129,9.21428571428571,
2019Q4,,S08000019,,S12000005,,Not Specified,,2,,0,0,,z,13,74,5.69230769230769,
2020Q1,,S08000019,,S12000005,,Not Specified,,2,,0,0,,z,15,319,21.2666666666667,
2020Q2,,S08000019,,S12000005,,Not Specified,,2,,0,0,,z,10,171,17.1,
2020Q3,,S08000019,,S12000005,,Not Specified,,2,,0,0,,z,17,322,18.9411764705882,
2020Q4,,S08000019,,S12000005,,Not Specified,,2,,0,0,,z,10,120,12,
2021Q1,,S08000019,,S12000005,,Not Specified,,2,,0,0,,z,14,113,8.07142857142857,
2021Q2,,S08000019,,S12000005,,Not Specified,,2,,0,0,,z,10,357,35.7,
2021Q3,,S08000019,,S12000005,,Not Specified,,2,,0,0,,z,10,61,6.1,
2021Q4,,S08000019,,S12000005,,Not Specified,,2,,0,0,,z,14,166,11.8571428571429,
2022Q1,,S08000019,,S12000005,,Not Specified,,2,,0,0,,z,15,228,15.2,
2022Q2,,S08000019,,S12000005,,Not Specified,,2,,0,0,,z,10,95,9.5,
2022Q3,,S08000019,,S12000005,,Not Specified,,2,,0,0,,z,16,187,11.6875,
2022Q4,p,S08000019,,S12000005,,Not Specified,,2,,0,0,,z,12,126,10.5,
2018Q3,,S08000019,,S12000005,,Not Specified,,3,,0,0,,z,0,9,,z
2018Q4,,S08000019,,S12000005,,Not Specified,,3,,0,0,,z,0,44,,z
2019Q1,,S08000019,,S12000005,,Not Specified,,3,,0,0,,z,0,25,,z
2019Q2,,S08000019,,S12000005,,Not Specified,,3,,0,0,,z,10,168,16.8,
2019Q3,,S08000019,,S12000005,,Not Specified,,3,,0,0,,z,10,202,20.2,
2019Q4,,S08000019,,S12000005,,Not Specified,,3,,0,0,,z,5,49,9.8,
2020Q1,,S08000019,,S12000005,,Not Specified,,3,,0,0,,z,5,30,6,
2020Q2,,S08000019,,S12000005,,Not Specified,,3,,0,0,,z,10,155,15.5,
2020Q3,,S08000019,,S12000005,,Not Specified,,3,,0,0,,z,5,171,34.2,
2020Q4,,S08000019,,S12000005,,Not Specified,,3,,0,0,,z,5,204,40.8,
2021Q1,,S08000019,,S12000005,,Not Specified,,3,,0,0,,z,5,90,18,
2021Q2,,S08000019,,S12000005,,Not Specified,,3,,0,0,,z,10,32,3.2,
2021Q3,,S08000019,,S12000005,,Not Specified,,3,,0,0,,z,10,52,5.2,
2021Q4,,S08000019,,S12000005,,Not Specified,,3,,0,0,,z,10,26,2.6,
2022Q1,,S08000019,,S12000005,,Not Specified,,3,,0,0,,z,5,64,12.8,
2022Q2,,S08000019,,S12000005,,Not Specified,,3,,0,0,,z,10,139,13.9,
2022Q3,,S08000019,,S12000005,,Not Specified,,3,,0,0,,z,10,115,11.5,
2022Q4,p,S08000019,,S12000005,,Not Specified,,3,,0,0,,z,10,200,20,
2018Q2,,S08000019,,S12000005,,Not Specified,,4,,0,0,,z,5,113,22.6,
2018Q4,,S08000019,,S12000005,,Not Specified,,4,,0,0,,z,5,41,8.2,
2019Q2,,S08000019,,S12000005,,Not Specified,,4,,0,0,,z,5,112,22.4,
2019Q3,,S08000019,,S12000005,,Not Specified,,4,,0,0,,z,5,128,25.6,
2019Q4,,S08000019,,S12000005,,Not Specified,,4,,0,0,,z,5,72,14.4,
2020Q1,,S08000019,,S12000005,,Not Specified,,4,,0,0,,z,5,104,20.8,
2020Q2,,S08000019,,S12000005,,Not Specified,,4,,0,0,,z,5,48,9.6,
2020Q3,,S08000019,,S12000005,,Not Specified,,4,,0,0,,z,10,89,8.9,
2020Q4,,S08000019,,S12000005,,Not Specified,,4,,0,0,,z,5,419,83.8,
2021Q1,,S08000019,,S12000005,,Not Specified,,4,,0,0,,z,5,65,13,
2021Q2,,S08000019,,S12000005,,Not Specified,,4,,0,0,,z,10,47,4.7,
2021Q3,,S08000019,,S12000005,,Not Specified,,4,,0,0,,z,10,204,20.4,
2021Q4,,S08000019,,S12000005,,Not Specified,,4,,0,0,,z,10,98,9.8,
2022Q1,,S08000019,,S12000005,,Not Specified,,4,,0,0,,z,5,159,31.8,
2022Q2,,S08000019,,S12000005,,Not Specified,,4,,0,0,,z,12,125,10.4166666666667,
2022Q3,,S08000019,,S12000005,,Not Specified,,4,,0,0,,z,5,12,2.4,
2022Q4,p,S08000019,,S12000005,,Not Specified,,4,,0,0,,z,5,12,2.4,
2017Q4,,S08000019,,S12000005,,Not Specified,,5,,0,0,,z,0,161,,z
2018Q2,,S08000019,,S12000005,,Not Specified,,5,,0,0,,z,0,0,,z
2018Q3,,S08000019,,S12000005,,Not Specified,,5,,0,0,,z,0,10,,z
2019Q1,,S08000019,,S12000005,,Not Specified,,5,,0,0,,z,0,9,,z
2019Q2,,S08000019,,S12000005,,Not Specified,,5,,0,0,,z,10,133,13.3,
2019Q3,,S08000019,,S12000005,,Not Specified,,5,,0,0,,z,5,177,35.4,
2019Q4,,S08000019,,S12000005,,Not Specified,,5,,0,0,,z,5,9,1.8,
2020Q1,,S08000019,,S12000005,,Not Specified,,5,,0,0,,z,5,22,4.4,
2020Q2,,S08000019,,S12000005,,Not Specified,,5,,0,0,,z,5,58,11.6,
2020Q3,,S08000019,,S12000005,,Not Specified,,5,,0,0,,z,5,94,18.8,
2020Q4,,S08000019,,S12000005,,Not Specified,,5,,0,0,,z,5,7,1.4,
2021Q1,,S08000019,,S12000005,,Not Specified,,5,,0,0,,z,5,106,21.2,
2021Q2,,S08000019,,S12000005,,Not Specified,,5,,0,0,,z,5,22,4.4,
2021Q3,,S08000019,,S12000005,,Not Specified,,5,,0,0,,z,5,35,7,
2021Q4,,S08000019,,S12000005,,Not Specified,,5,,0,0,,z,5,14,2.8,
2022Q1,,S08000019,,S12000005,,Not Specified,,5,,0,0,,z,5,69,13.8,
2022Q2,,S08000019,,S12000005,,Not Specified,,5,,0,0,,z,5,46,9.2,
2022Q3,,S08000019,,S12000005,,Not Specified,,5,,0,0,,z,5,65,13,
2022Q4,p,S08000019,,S12000005,,Not Specified,,5,,0,0,,z,5,20,4,
2021Q4,,S08000019,,S12000005,,Not Specified,,,:,0,0,,z,0,0,,z
2017Q4,,S08000019,,S12000014,,Not Specified,,1,,0,0,,z,5,18,3.6,
2018Q1,,S08000019,,S12000014,,Not Specified,,1,,0,0,,z,11,55,5,
2018Q2,,S08000019,,S12000014,,Not Specified,,1,,0,0,,z,5,37,7.4,
2018Q3,,S08000019,,S12000014,,Not Specified,,1,,0,0,,z,5,79,15.8,
2018Q4,,S08000019,,S12000014,,Not Specified,,1,,0,0,,z,10,35,3.5,
2019Q1,,S08000019,,S12000014,,Not Specified,,1,,0,0,,z,10,103,10.3,
2019Q2,,S08000019,,S12000014,,Not Specified,,1,,0,0,,z,24,259,10.7916666666667,
2019Q3,,S08000019,,S12000014,,Not Specified,,1,,0,0,,z,26,312,12,
2019Q4,,S08000019,,S12000014,,Not Specified,,1,,0,0,,z,32,306,9.5625,
2020Q1,,S08000019,,S12000014,,Not Specified,,1,,0,0,,z,25,322,12.88,
2020Q2,,S08000019,,S12000014,,Not Specified,,1,,0,0,,z,50,647,12.94,
2020Q3,,S08000019,,S12000014,,Not Specified,,1,,0,0,,z,44,396,9,
2020Q4,,S08000019,,S12000014,,Not Specified,,1,,0,0,,z,30,703,23.4333333333333,
2021Q1,,S08000019,,S12000014,,Not Specified,,1,,0,0,,z,39,448,11.4871794871795,
2021Q2,,S08000019,,S12000014,,Not Specified,,1,,0,0,,z,40,385,9.625,
2021Q3,,S08000019,,S12000014,,Not Specified,,1,,0,0,,z,34,219,6.44117647058824,
2021Q4,,S08000019,,S12000014,,Not Specified,,1,,0,0,,z,31,307,9.90322580645161,
2022Q1,,S08000019,,S12000014,,Not Specified,,1,,0,0,,z,31,373,12.0322580645161,
2022Q2,,S08000019,,S12000014,,Not Specified,,1,,0,0,,z,38,595,15.6578947368421,
2022Q3,,S08000019,,S12000014,,Not Specified,,1,,0,0,,z,36,419,11.6388888888889,
2022Q4,p,S08000019,,S12000014,,Not Specified,,1,,0,0,,z,33,423,12.8181818181818,
2017Q4,,S08000019,,S12000014,,Not Specified,,2,,0,0,,z,5,86,17.2,
2018Q1,,S08000019,,S12000014,,Not Specified,,2,,0,0,,z,5,50,10,
2018Q2,,S08000019,,S12000014,,Not Specified,,2,,0,0,,z,10,203,20.3,
2018Q3,,S08000019,,S12000014,,Not Specified,,2,,0,0,,z,5,37,7.4,
2018Q4,,S08000019,,S12000014,,Not Specified,,2,,0,0,,z,5,92,18.4,
2019Q1,,S08000019,,S12000014,,Not Specified,,2,,0,0,,z,17,288,16.9411764705882,
2019Q2,,S08000019,,S12000014,,Not Specified,,2,,0,0,,z,33,141,4.27272727272727,
2019Q3,,S08000019,,S12000014,,Not Specified,,2,,0,0,,z,46,333,7.23913043478261,
2019Q4,,S08000019,,S12000014,,Not Specified,,2,,0,0,,z,36,336,9.33333333333333,
2020Q1,,S08000019,,S12000014,,Not Specified,,2,,0,0,,z,37,566,15.2972972972973,
2020Q2,,S08000019,,S12000014,,Not Specified,,2,,0,0,,z,61,632,10.3606557377049,
2020Q3,,S08000019,,S12000014,,Not Specified,,2,,0,0,,z,38,355,9.3421052631579,
2020Q4,,S08000019,,S12000014,,Not Specified,,2,,0,0,,z,46,758,16.4782608695652,
2021Q1,,S08000019,,S12000014,,Not Specified,,2,,0,0,,z,63,813,12.9047619047619,
2021Q2,,S08000019,,S12000014,,Not Specified,,2,,0,0,,z,43,884,20.5581395348837,
2021Q3,,S08000019,,S12000014,,Not Specified,,2,,0,0,,z,51,1000,19.6078431372549,
2021Q4,,S08000019,,S12000014,,Not Specified,,2,,0,0,,z,59,525,8.89830508474576,
2022Q1,,S08000019,,S12000014,,Not Specified,,2,,0,0,,z,54,621,11.5,
2022Q2,,S08000019,,S12000014,,Not Specified,,2,,0,0,,z,58,705,12.1551724137931,
2022Q3,,S08000019,,S12000014,,Not Specified,,2,,0,0,,z,39,445,11.4102564102564,
2022Q4,p,S08000019,,S12000014,,Not Specified,,2,,0,0,,z,55,1322,24.0363636363636,
2017Q4,,S08000019,,S12000014,,Not Specified,,3,,0,0,,z,5,259,51.8,
2018Q1,,S08000019,,S12000014,,Not Specified,,3,,0,0,,z,10,149,14.9,
2018Q2,,S08000019,,S12000014,,Not Specified,,3,,0,0,,z,10,174,17.4,
2018Q3,,S08000019,,S12000014,,Not Specified,,3,,0,0,,z,5,63,12.6,
2018Q4,,S08000019,,S12000014,,Not Specified,,3,,0,0,,z,10,207,20.7,
2019Q1,,S08000019,,S12000014,,Not Specified,,3,,0,0,,z,13,184,14.1538461538462,
2019Q2,,S08000019,,S12000014,,Not Specified,,3,,0,0,,z,27,242,8.96296296296296,
2019Q3,,S08000019,,S12000014,,Not Specified,,3,,0,0,,z,36,367,10.1944444444444,
2019Q4,,S08000019,,S12000014,,Not Specified,,3,,0,0,,z,53,491,9.26415094339623,
2020Q1,,S08000019,,S12000014,,Not Specified,,3,,0,0,,z,42,629,14.9761904761905,
2020Q2,,S08000019,,S12000014,,Not Specified,,3,,0,0,,z,47,576,12.2553191489362,
2020Q3,,S08000019,,S12000014,,Not Specified,,3,,0,0,,z,46,617,13.4130434782609,
2020Q4,,S08000019,,S12000014,,Not Specified,,3,,0,0,,z,45,905,20.1111111111111,
2021Q1,,S08000019,,S12000014,,Not Specified,,3,,0,0,,z,52,610,11.7307692307692,
2021Q2,,S08000019,,S12000014,,Not Specified,,3,,0,0,,z,37,778,21.027027027027,
2021Q3,,S08000019,,S12000014,,Not Specified,,3,,0,0,,z,38,287,7.55263157894737,
2021Q4,,S08000019,,S12000014,,Not Specified,,3,,0,0,,z,35,551,15.7428571428571,
2022Q1,,S08000019,,S12000014,,Not Specified,,3,,0,0,,z,34,540,15.8823529411765,
2022Q2,,S08000019,,S12000014,,Not Specified,,3,,0,0,,z,43,331,7.69767441860465,
2022Q3,,S08000019,,S12000014,,Not Specified,,3,,0,0,,z,35,359,10.2571428571429,
2022Q4,p,S08000019,,S12000014,,Not Specified,,3,,0,0,,z,43,418,9.72093023255814,
2017Q4,,S08000019,,S12000014,,Not Specified,,4,,0,0,,z,0,12,,z
2018Q1,,S08000019,,S12000014,,Not Specified,,4,,0,0,,z,5,100,20,
2018Q3,,S08000019,,S12000014,,Not Specified,,4,,0,0,,z,5,24,4.8,
2018Q4,,S08000019,,S12000014,,Not Specified,,4,,0,0,,z,5,149,29.8,
2019Q1,,S08000019,,S12000014,,Not Specified,,4,,0,0,,z,0,55,,z
2019Q2,,S08000019,,S12000014,,Not Specified,,4,,0,0,,z,15,136,9.06666666666667,
2019Q3,,S08000019,,S12000014,,Not Specified,,4,,0,0,,z,25,145,5.8,
2019Q4,,S08000019,,S12000014,,Not Specified,,4,,0,0,,z,26,231,8.88461538461539,
2020Q1,,S08000019,,S12000014,,Not Specified,,4,,0,0,,z,15,154,10.2666666666667,
2020Q2,,S08000019,,S12000014,,Not Specified,,4,,0,0,,z,32,287,8.96875,
2020Q3,,S08000019,,S12000014,,Not Specified,,4,,0,0,,z,27,362,13.4074074074074,
2020Q4,,S08000019,,S12000014,,Not Specified,,4,,0,0,,z,23,208,9.04347826086956,
2021Q1,,S08000019,,S12000014,,Not Specified,,4,,0,0,,z,20,288,14.4,
2021Q2,,S08000019,,S12000014,,Not Specified,,4,,0,0,,z,20,631,31.55,
2021Q3,,S08000019,,S12000014,,Not Specified,,4,,0,0,,z,21,294,14,
2021Q4,,S08000019,,S12000014,,Not Specified,,4,,0,0,,z,28,194,6.92857142857143,
2022Q1,,S08000019,,S12000014,,Not Specified,,4,,0,0,,z,40,570,14.25,
2022Q2,,S08000019,,S12000014,,Not Specified,,4,,0,0,,z,20,73,3.65,
2022Q3,,S08000019,,S12000014,,Not Specified,,4,,0,0,,z,24,158,6.58333333333333,
2022Q4,p,S08000019,,S12000014,,Not Specified,,4,,0,0,,z,20,239,11.95,
2017Q4,,S08000019,,S12000014,,Not Specified,,5,,0,0,,z,0,10,,z
2018Q1,,S08000019,,S12000014,,Not Specified,,5,,0,0,,z,5,225,45,
2018Q2,,S08000019,,S12000014,,Not Specified,,5,,0,0,,z,10,775,77.5,
2018Q3,,S08000019,,S12000014,,Not Specified,,5,,0,0,,z,0,8,,z
2018Q4,,S08000019,,S12000014,,Not Specified,,5,,0,0,,z,5,80,16,
2019Q1,,S08000019,,S12000014,,Not Specified,,5,,0,0,,z,5,30,6,
2019Q2,,S08000019,,S12000014,,Not Specified,,5,,0,0,,z,10,75,7.5,
2019Q3,,S08000019,,S12000014,,Not Specified,,5,,0,0,,z,16,178,11.125,
2019Q4,,S08000019,,S12000014,,Not Specified,,5,,0,0,,z,19,147,7.73684210526316,
2020Q1,,S08000019,,S12000014,,Not Specified,,5,,0,0,,z,17,199,11.7058823529412,
2020Q2,,S08000019,,S12000014,,Not Specified,,5,,0,0,,z,20,216,10.8,
2020Q3,,S08000019,,S12000014,,Not Specified,,5,,0,0,,z,15,84,5.6,
2020Q4,,S08000019,,S12000014,,Not Specified,,5,,0,0,,z,10,99,9.9,
2021Q1,,S08000019,,S12000014,,Not Specified,,5,,0,0,,z,22,212,9.63636363636364,
2021Q2,,S08000019,,S12000014,,Not Specified,,5,,0,0,,z,20,308,15.4,
2021Q3,,S08000019,,S12000014,,Not Specified,,5,,0,0,,z,16,247,15.4375,
2021Q4,,S08000019,,S12000014,,Not Specified,,5,,0,0,,z,10,62,6.2,
2022Q1,,S08000019,,S12000014,,Not Specified,,5,,0,0,,z,15,103,6.86666666666667,
2022Q2,,S08000019,,S12000014,,Not Specified,,5,,0,0,,z,23,302,13.1304347826087,
2022Q3,,S08000019,,S12000014,,Not Specified,,5,,0,0,,z,20,161,8.05,
2022Q4,p,S08000019,,S12000014,,Not Specified,,5,,0,0,,z,24,263,10.9583333333333,
2021Q3,,S08000019,,S12000014,,Not Specified,,,:,0,0,,z,0,0,,z
2017Q4,,S08000019,,S08000019,d,Not Specified,,1,,0,0,,z,10,131,13.1,
2018Q1,,S08000019,,S08000019,d,Not Specified,,1,,0,0,,z,15,188,12.5333333333333,
2018Q2,,S08000019,,S08000019,d,Not Specified,,1,,0,0,,z,12,80,6.66666666666667,
2018Q3,,S08000019,,S08000019,d,Not Specified,,1,,0,0,,z,12,205,17.0833333333333,
2018Q4,,S08000019,,S08000019,d,Not Specified,,1,,0,0,,z,10,35,3.5,
2019Q1,,S08000019,,S08000019,d,Not Specified,,1,,0,0,,z,17,180,10.5882352941176,
2019Q2,,S08000019,,S08000019,d,Not Specified,,1,,0,0,,z,42,430,10.2380952380952,
2019Q3,,S08000019,,S08000019,d,Not Specified,,1,,0,0,,z,58,935,16.1206896551724,
2019Q4,,S08000019,,S08000019,d,Not Specified,,1,,0,0,,z,68,572,8.41176470588235,
2020Q1,,S08000019,,S08000019,d,Not Specified,,1,,0,0,,z,52,483,9.28846153846154,
2020Q2,,S08000019,,S08000019,d,Not Specified,,1,,0,0,,z,84,1312,15.6190476190476,
2020Q3,,S08000019,,S08000019,d,Not Specified,,1,,0,0,,z,82,724,8.82926829268293,
2020Q4,,S08000019,,S08000019,d,Not Specified,,1,,0,0,,z,57,963,16.8947368421053,
2021Q1,,S08000019,,S08000019,d,Not Specified,,1,,0,0,,z,68,882,12.9705882352941,
2021Q2,,S08000019,,S08000019,d,Not Specified,,1,,0,0,,z,69,736,10.6666666666667,
2021Q3,,S08000019,,S08000019,d,Not Specified,,1,,0,0,,z,58,509,8.77586206896552,
2021Q4,,S08000019,,S08000019,d,Not Specified,,1,,0,0,,z,60,510,8.5,
2022Q1,,S08000019,,S08000019,d,Not Specified,,1,,0,0,,z,63,665,10.5555555555556,
2022Q2,,S08000019,,S08000019,d,Not Specified,,1,,0,0,,z,66,797,12.0757575757576,
2022Q3,,S08000019,,S08000019,d,Not Specified,,1,,0,0,,z,70,820,11.7142857142857,
2022Q4,p,S08000019,,S08000019,d,Not Specified,,1,,0,0,,z,56,601,10.7321428571429,
2017Q4,,S08000019,,S08000019,d,Not Specified,,2,,0,0,,z,10,102,10.2,
2018Q1,,S08000019,,S08000019,d,Not Specified,,2,,0,0,,z,11,85,7.72727272727273,
2018Q2,,S08000019,,S08000019,d,Not Specified,,2,,0,0,,z,19,334,17.578947368421,
2018Q3,,S08000019,,S08000019,d,Not Specified,,2,,0,0,,z,10,65,6.5,
2018Q4,,S08000019,,S08000019,d,Not Specified,,2,,0,0,,z,14,246,17.5714285714286,
2019Q1,,S08000019,,S08000019,d,Not Specified,,2,,0,0,,z,22,382,17.3636363636364,
2019Q2,,S08000019,,S08000019,d,Not Specified,,2,,0,0,,z,48,227,4.72916666666667,
2019Q3,,S08000019,,S08000019,d,Not Specified,,2,,0,0,,z,72,524,7.27777777777778,
2019Q4,,S08000019,,S08000019,d,Not Specified,,2,,0,0,,z,65,602,9.26153846153846,
2020Q1,,S08000019,,S08000019,d,Not Specified,,2,,0,0,,z,57,934,16.3859649122807,
2020Q2,,S08000019,,S08000019,d,Not Specified,,2,,0,0,,z,85,922,10.8470588235294,
2020Q3,,S08000019,,S08000019,d,Not Specified,,2,,0,0,,z,74,954,12.8918918918919,
2020Q4,,S08000019,,S08000019,d,Not Specified,,2,,0,0,,z,70,929,13.2714285714286,
2021Q1,,S08000019,,S08000019,d,Not Specified,,2,,0,0,,z,92,1005,10.9239130434783,
2021Q2,,S08000019,,S08000019,d,Not Specified,,2,,0,0,,z,69,1353,19.6086956521739,
2021Q3,,S08000019,,S08000019,d,Not Specified,,2,,0,0,,z,75,1415,18.8666666666667,
2021Q4,,S08000019,,S08000019,d,Not Specified,,2,,0,0,,z,93,935,10.0537634408602,
2022Q1,,S08000019,,S08000019,d,Not Specified,,2,,0,0,,z,77,979,12.7142857142857,
2022Q2,,S08000019,,S08000019,d,Not Specified,,2,,0,0,,z,78,993,12.7307692307692,
2022Q3,,S08000019,,S08000019,d,Not Specified,,2,,0,0,,z,70,1013,14.4714285714286,
2022Q4,p,S08000019,,S08000019,d,Not Specified,,2,,0,0,,z,82,1569,19.1341463414634,
2017Q4,,S08000019,,S08000019,d,Not Specified,,3,,0,0,,z,10,278,27.8,
2018Q1,,S08000019,,S08000019,d,Not Specified,,3,,0,0,,z,10,177,17.7,
2018Q2,,S08000019,,S08000019,d,Not Specified,,3,,0,0,,z,11,183,16.6363636363636,
2018Q3,,S08000019,,S08000019,d,Not Specified,,3,,0,0,,z,5,72,14.4,
2018Q4,,S08000019,,S08000019,d,Not Specified,,3,,0,0,,z,12,251,20.9166666666667,
2019Q1,,S08000019,,S08000019,d,Not Specified,,3,,0,0,,z,17,362,21.2941176470588,
2019Q2,,S08000019,,S08000019,d,Not Specified,,3,,0,0,,z,40,590,14.75,
2019Q3,,S08000019,,S08000019,d,Not Specified,,3,,0,0,,z,54,737,13.6481481481481,
2019Q4,,S08000019,,S08000019,d,Not Specified,,3,,0,0,,z,69,905,13.1159420289855,
2020Q1,,S08000019,,S08000019,d,Not Specified,,3,,0,0,,z,66,990,15,
2020Q2,,S08000019,,S08000019,d,Not Specified,,3,,0,0,,z,61,783,12.8360655737705,
2020Q3,,S08000019,,S08000019,d,Not Specified,,3,,0,0,,z,71,1030,14.5070422535211,
2020Q4,,S08000019,,S08000019,d,Not Specified,,3,,0,0,,z,64,1302,20.34375,
2021Q1,,S08000019,,S08000019,d,Not Specified,,3,,0,0,,z,73,765,10.4794520547945,
2021Q2,,S08000019,,S08000019,d,Not Specified,,3,,0,0,,z,58,1178,20.3103448275862,
2021Q3,,S08000019,,S08000019,d,Not Specified,,3,,0,0,,z,59,437,7.40677966101695,
2021Q4,,S08000019,,S08000019,d,Not Specified,,3,,0,0,,z,61,774,12.6885245901639,
2022Q1,,S08000019,,S08000019,d,Not Specified,,3,,0,0,,z,48,713,14.8541666666667,
2022Q2,,S08000019,,S08000019,d,Not Specified,,3,,0,0,,z,62,593,9.56451612903226,
2022Q3,,S08000019,,S08000019,d,Not Specified,,3,,0,0,,z,58,895,15.4310344827586,
2022Q4,p,S08000019,,S08000019,d,Not Specified,,3,,0,0,,z,70,770,11,
2017Q4,,S08000019,,S08000019,d,Not Specified,,4,,0,0,,z,5,64,12.8,
2018Q1,,S08000019,,S08000019,d,Not Specified,,4,,0,0,,z,12,263,21.9166666666667,
2018Q2,,S08000019,,S08000019,d,Not Specified,,4,,0,0,,z,10,201,20.1,
2018Q3,,S08000019,,S08000019,d,Not Specified,,4,,0,0,,z,5,64,12.8,
2018Q4,,S08000019,,S08000019,d,Not Specified,,4,,0,0,,z,21,288,13.7142857142857,
2019Q1,,S08000019,,S08000019,d,Not Specified,,4,,0,0,,z,5,332,66.4,
2019Q2,,S08000019,,S08000019,d,Not Specified,,4,,0,0,,z,35,427,12.2,
2019Q3,,S08000019,,S08000019,d,Not Specified,,4,,0,0,,z,54,516,9.55555555555556,
2019Q4,,S08000019,,S08000019,d,Not Specified,,4,,0,0,,z,51,610,11.9607843137255,
2020Q1,,S08000019,,S08000019,d,Not Specified,,4,,0,0,,z,39,719,18.4358974358974,
2020Q2,,S08000019,,S08000019,d,Not Specified,,4,,0,0,,z,60,710,11.8333333333333,
2020Q3,,S08000019,,S08000019,d,Not Specified,,4,,0,0,,z,59,755,12.7966101694915,
2020Q4,,S08000019,,S08000019,d,Not Specified,,4,,0,0,,z,51,811,15.9019607843137,
2021Q1,,S08000019,,S08000019,d,Not Specified,,4,,0,0,,z,51,580,11.3725490196078,
2021Q2,,S08000019,,S08000019,d,Not Specified,,4,,0,0,,z,58,929,16.0172413793103,
2021Q3,,S08000019,,S08000019,d,Not Specified,,4,,0,0,,z,49,640,13.0612244897959,
2021Q4,,S08000019,,S08000019,d,Not Specified,,4,,0,0,,z,58,562,9.68965517241379,
2022Q1,,S08000019,,S08000019,d,Not Specified,,4,,0,0,,z,71,2409,33.9295774647887,
2022Q2,,S08000019,,S08000019,d,Not Specified,,4,,0,0,,z,51,640,12.5490196078431,
2022Q3,,S08000019,,S08000019,d,Not Specified,,4,,0,0,,z,44,320,7.27272727272727,
2022Q4,p,S08000019,,S08000019,d,Not Specified,,4,,0,0,,z,50,528,10.56,
2017Q4,,S08000019,,S08000019,d,Not Specified,,5,,0,0,,z,5,311,62.2,
2018Q1,,S08000019,,S08000019,d,Not Specified,,5,,0,0,,z,10,321,32.1,
2018Q2,,S08000019,,S08000019,d,Not Specified,,5,,0,0,,z,10,776,77.6,
2018Q3,,S08000019,,S08000019,d,Not Specified,,5,,0,0,,z,5,17,3.4,
2018Q4,,S08000019,,S08000019,d,Not Specified,,5,,0,0,,z,13,122,9.38461538461539,
2019Q1,,S08000019,,S08000019,d,Not Specified,,5,,0,0,,z,10,184,18.4,
2019Q2,,S08000019,,S08000019,d,Not Specified,,5,,0,0,,z,32,327,10.21875,
2019Q3,,S08000019,,S08000019,d,Not Specified,,5,,0,0,,z,31,455,14.6774193548387,
2019Q4,,S08000019,,S08000019,d,Not Specified,,5,,0,0,,z,39,314,8.05128205128205,
2020Q1,,S08000019,,S08000019,d,Not Specified,,5,,0,0,,z,32,361,11.28125,
2020Q2,,S08000019,,S08000019,d,Not Specified,,5,,0,0,,z,48,476,9.91666666666667,
2020Q3,,S08000019,,S08000019,d,Not Specified,,5,,0,0,,z,50,749,14.98,
2020Q4,,S08000019,,S08000019,d,Not Specified,,5,,0,0,,z,29,309,10.6551724137931,
2021Q1,,S08000019,,S08000019,d,Not Specified,,5,,0,0,,z,41,678,16.5365853658537,
2021Q2,,S08000019,,S08000019,d,Not Specified,,5,,0,0,,z,41,523,12.7560975609756,
2021Q3,,S08000019,,S08000019,d,Not Specified,,5,,0,0,,z,30,401,13.3666666666667,
2021Q4,,S08000019,,S08000019,d,Not Specified,,5,,0,0,,z,36,383,10.6388888888889,
2022Q1,,S08000019,,S08000019,d,Not Specified,,5,,0,0,,z,43,671,15.6046511627907,
2022Q2,,S08000019,,S08000019,d,Not Specified,,5,,0,0,,z,49,623,12.7142857142857,
2022Q3,,S08000019,,S08000019,d,Not Specified,,5,,0,0,,z,44,660,15,
2022Q4,p,S08000019,,S08000019,d,Not Specified,,5,,0,0,,z,48,587,12.2291666666667,
2021Q3,,S08000019,,S08000019,d,Not Specified,,,:,0,0,,z,0,0,,z
2021Q4,,S08000019,,S08000019,d,Not Specified,,,:,0,0,,z,0,0,,z
2017Q4,,S08000019,,S12000030,,Not Specified,,1,,0,0,,z,0,86,,z
2018Q1,,S08000019,,S12000030,,Not Specified,,1,,0,0,,z,0,115,,z
2018Q2,,S08000019,,S12000030,,Not Specified,,1,,0,0,,z,5,26,5.2,
2018Q3,,S08000019,,S12000030,,Not Specified,,1,,0,0,,z,0,23,,z
2019Q1,,S08000019,,S12000030,,Not Specified,,1,,0,0,,z,0,66,,z
2019Q2,,S08000019,,S12000030,,Not Specified,,1,,0,0,,z,10,77,7.7,
2019Q3,,S08000019,,S12000030,,Not Specified,,1,,0,0,,z,16,350,21.875,
2019Q4,,S08000019,,S12000030,,Not Specified,,1,,0,0,,z,20,185,9.25,
2020Q1,,S08000019,,S12000030,,Not Specified,,1,,0,0,,z,10,56,5.6,
2020Q2,,S08000019,,S12000030,,Not Specified,,1,,0,0,,z,12,287,23.9166666666667,
2020Q3,,S08000019,,S12000030,,Not Specified,,1,,0,0,,z,11,45,4.09090909090909,
2020Q4,,S08000019,,S12000030,,Not Specified,,1,,0,0,,z,12,52,4.33333333333333,
2021Q1,,S08000019,,S12000030,,Not Specified,,1,,0,0,,z,5,81,16.2,
2021Q2,,S08000019,,S12000030,,Not Specified,,1,,0,0,,z,12,89,7.41666666666667,
2021Q3,,S08000019,,S12000030,,Not Specified,,1,,0,0,,z,13,90,6.92307692307692,
2021Q4,,S08000019,,S12000030,,Not Specified,,1,,0,0,,z,10,40,4,
2022Q1,,S08000019,,S12000030,,Not Specified,,1,,0,0,,z,19,169,8.89473684210526,
2022Q2,,S08000019,,S12000030,,Not Specified,,1,,0,0,,z,13,83,6.38461538461539,
2022Q3,,S08000019,,S12000030,,Not Specified,,1,,0,0,,z,14,94,6.71428571428571,
2022Q4,p,S08000019,,S12000030,,Not Specified,,1,,0,0,,z,11,140,12.7272727272727,
2017Q4,,S08000019,,S12000030,,Not Specified,,2,,0,0,,z,0,10,,z
2018Q1,,S08000019,,S12000030,,Not Specified,,2,,0,0,,z,5,30,6,
2018Q2,,S08000019,,S12000030,,Not Specified,,2,,0,0,,z,5,74,14.8,
2018Q3,,S08000019,,S12000030,,Not Specified,,2,,0,0,,z,5,25,5,
2018Q4,,S08000019,,S12000030,,Not Specified,,2,,0,0,,z,5,53,10.6,
2019Q1,,S08000019,,S12000030,,Not Specified,,2,,0,0,,z,5,95,19,
2019Q2,,S08000019,,S12000030,,Not Specified,,2,,0,0,,z,10,43,4.3,
2019Q3,,S08000019,,S12000030,,Not Specified,,2,,0,0,,z,12,62,5.16666666666667,
2019Q4,,S08000019,,S12000030,,Not Specified,,2,,0,0,,z,16,192,12,
2020Q1,,S08000019,,S12000030,,Not Specified,,2,,0,0,,z,5,49,9.8,
2020Q2,,S08000019,,S12000030,,Not Specified,,2,,0,0,,z,15,119,7.93333333333333,
2020Q3,,S08000019,,S12000030,,Not Specified,,2,,0,0,,z,19,277,14.5789473684211,
2020Q4,,S08000019,,S12000030,,Not Specified,,2,,0,0,,z,15,51,3.4,
2021Q1,,S08000019,,S12000030,,Not Specified,,2,,0,0,,z,15,79,5.26666666666667,
2021Q2,,S08000019,,S12000030,,Not Specified,,2,,0,0,,z,15,112,7.46666666666667,
2021Q3,,S08000019,,S12000030,,Not Specified,,2,,0,0,,z,15,354,23.6,
2021Q4,,S08000019,,S12000030,,Not Specified,,2,,0,0,,z,20,244,12.2,
2022Q1,,S08000019,,S12000030,,Not Specified,,2,,0,0,,z,10,130,13,
2022Q2,,S08000019,,S12000030,,Not Specified,,2,,0,0,,z,10,193,19.3,
2022Q3,,S08000019,,S12000030,,Not Specified,,2,,0,0,,z,15,381,25.4,
2022Q4,p,S08000019,,S12000030,,Not Specified,,2,,0,0,,z,15,121,8.06666666666667,
2017Q4,,S08000019,,S12000030,,Not Specified,,3,,0,0,,z,5,19,3.8,
2018Q1,,S08000019,,S12000030,,Not Specified,,3,,0,0,,z,0,28,,z
2018Q2,,S08000019,,S12000030,,Not Specified,,3,,0,0,,z,0,9,,z
2019Q1,,S08000019,,S12000030,,Not Specified,,3,,0,0,,z,5,153,30.6,
2019Q2,,S08000019,,S12000030,,Not Specified,,3,,0,0,,z,5,180,36,
2019Q3,,S08000019,,S12000030,,Not Specified,,3,,0,0,,z,10,168,16.8,
2019Q4,,S08000019,,S12000030,,Not Specified,,3,,0,0,,z,10,365,36.5,
2020Q1,,S08000019,,S12000030,,Not Specified,,3,,0,0,,z,15,331,22.0666666666667,
2020Q2,,S08000019,,S12000030,,Not Specified,,3,,0,0,,z,5,52,10.4,
2020Q3,,S08000019,,S12000030,,Not Specified,,3,,0,0,,z,20,242,12.1,
2020Q4,,S08000019,,S12000030,,Not Specified,,3,,0,0,,z,10,193,19.3,
2021Q1,,S08000019,,S12000030,,Not Specified,,3,,0,0,,z,15,65,4.33333333333333,
2021Q2,,S08000019,,S12000030,,Not Specified,,3,,0,0,,z,10,368,36.8,
2021Q3,,S08000019,,S12000030,,Not Specified,,3,,0,0,,z,15,98,6.53333333333333,
2021Q4,,S08000019,,S12000030,,Not Specified,,3,,0,0,,z,20,197,9.85,
2022Q1,,S08000019,,S12000030,,Not Specified,,3,,0,0,,z,10,109,10.9,
2022Q2,,S08000019,,S12000030,,Not Specified,,3,,0,0,,z,5,123,24.6,
2022Q3,,S08000019,,S12000030,,Not Specified,,3,,0,0,,z,15,421,28.0666666666667,
2022Q4,p,S08000019,,S12000030,,Not Specified,,3,,0,0,,z,15,152,10.133333333333301,
2017Q4,,S08000019,,S12000030,,Not Specified,,4,,0,0,,z,0,52,,z
2018Q1,,S08000019,,S12000030,,Not Specified,,4,,0,0,,z,5,163,32.6,
2018Q2,,S08000019,,S12000030,,Not Specified,,4,,0,0,,z,5,88,17.6,
2018Q3,,S08000019,,S12000030,,Not Specified,,4,,0,0,,z,0,40,,z
2018Q4,,S08000019,,S12000030,,Not Specified,,4,,0,0,,z,11,98,8.90909090909091,
2019Q1,,S08000019,,S12000030,,Not Specified,,4,,0,0,,z,0,277,,z
2019Q2,,S08000019,,S12000030,,Not Specified,,4,,0,0,,z,15,179,11.9333333333333,
2019Q3,,S08000019,,S12000030,,Not Specified,,4,,0,0,,z,26,243,9.34615384615385,
2019Q4,,S08000019,,S12000030,,Not Specified,,4,,0,0,,z,20,307,15.35,
2020Q1,,S08000019,,S12000030,,Not Specified,,4,,0,0,,z,21,461,21.952380952381,
2020Q2,,S08000019,,S12000030,,Not Specified,,4,,0,0,,z,25,375,15,
2020Q3,,S08000019,,S12000030,,Not Specified,,4,,0,0,,z,20,304,15.2,
2020Q4,,S08000019,,S12000030,,Not Specified,,4,,0,0,,z,20,184,9.2,
2021Q1,,S08000019,,S12000030,,Not Specified,,4,,0,0,,z,23,227,9.8695652173913,
2021Q2,,S08000019,,S12000030,,Not Specified,,4,,0,0,,z,27,251,9.2962962962963,
2021Q3,,S08000019,,S12000030,,Not Specified,,4,,0,0,,z,20,142,7.1,
2021Q4,,S08000019,,S12000030,,Not Specified,,4,,0,0,,z,20,270,13.5,
2022Q1,,S08000019,,S12000030,,Not Specified,,4,,0,0,,z,25,1680,67.2,
2022Q2,,S08000019,,S12000030,,Not Specified,,4,,0,0,,z,19,442,23.2631578947368,
2022Q3,,S08000019,,S12000030,,Not Specified,,4,,0,0,,z,15,150,10,
2022Q4,p,S08000019,,S12000030,,Not Specified,,4,,0,0,,z,25,277,11.08,
2017Q4,,S08000019,,S12000030,,Not Specified,,5,,0,0,,z,5,140,28,
2018Q1,,S08000019,,S12000030,,Not Specified,,5,,0,0,,z,5,96,19.2,
2018Q3,,S08000019,,S12000030,,Not Specified,,5,,0,0,,z,0,0,,z
2018Q4,,S08000019,,S12000030,,Not Specified,,5,,0,0,,z,5,42,8.4,
2019Q1,,S08000019,,S12000030,,Not Specified,,5,,0,0,,z,5,145,29,
2019Q2,,S08000019,,S12000030,,Not Specified,,5,,0,0,,z,12,119,9.91666666666667,
2019Q3,,S08000019,,S12000030,,Not Specified,,5,,0,0,,z,10,100,10,
2019Q4,,S08000019,,S12000030,,Not Specified,,5,,0,0,,z,15,158,10.5333333333333,
2020Q1,,S08000019,,S12000030,,Not Specified,,5,,0,0,,z,10,140,14,
2020Q2,,S08000019,,S12000030,,Not Specified,,5,,0,0,,z,23,202,8.78260869565217,
2020Q3,,S08000019,,S12000030,,Not Specified,,5,,0,0,,z,28,571,20.3928571428571,
2020Q4,,S08000019,,S12000030,,Not Specified,,5,,0,0,,z,14,203,14.5,
2021Q1,,S08000019,,S12000030,,Not Specified,,5,,0,0,,z,15,360,24,
2021Q2,,S08000019,,S12000030,,Not Specified,,5,,0,0,,z,18,193,10.7222222222222,
2021Q3,,S08000019,,S12000030,,Not Specified,,5,,0,0,,z,10,119,11.9,
2021Q4,,S08000019,,S12000030,,Not Specified,,5,,0,0,,z,21,307,14.6190476190476,
2022Q1,,S08000019,,S12000030,,Not Specified,,5,,0,0,,z,20,499,24.95,
2022Q2,,S08000019,,S12000030,,Not Specified,,5,,0,0,,z,20,275,13.75,
2022Q3,,S08000019,,S12000030,,Not Specified,,5,,0,0,,z,20,434,21.7,
2022Q4,p,S08000019,,S12000030,,Not Specified,,5,,0,0,,z,20,304,15.2,
2017Q4,,S08000020,,S12000033,,Not Specified,,1,,0,0,,z,5,70,14,
2018Q1,,S08000020,,S12000033,,Not Specified,,1,,0,0,,z,5,31,6.2,
2018Q2,,S08000020,,S12000033,,Not Specified,,1,,0,0,,z,5,24,4.8,
2018Q3,,S08000020,,S12000033,,Not Specified,,1,,0,0,,z,10,166,16.6,
2018Q4,,S08000020,,S12000033,,Not Specified,,1,,0,0,,z,0,7,,z
2019Q1,,S08000020,,S12000033,,Not Specified,,1,,0,0,,z,5,62,12.4,
2019Q3,,S08000020,,S12000033,,Not Specified,,1,,0,0,,z,0,0,,z
2019Q4,,S08000020,,S12000033,,Not Specified,,1,,0,0,,z,0,5,,z
2020Q1,,S08000020,,S12000033,,Not Specified,,1,,0,0,,z,0,7,,z
2020Q2,,S08000020,,S12000033,,Not Specified,,1,,0,0,,z,0,0,,z
2020Q3,,S08000020,,S12000033,,Not Specified,,1,,0,0,,z,5,126,25.2,
2020Q4,,S08000020,,S12000033,,Not Specified,,1,,0,0,,z,5,16,3.2,
2021Q1,,S08000020,,S12000033,,Not Specified,,1,,0,0,,z,5,30,6,
2021Q2,,S08000020,,S12000033,,Not Specified,,1,,0,0,,z,0,25,,z
2021Q3,,S08000020,,S12000033,,Not Specified,,1,,0,0,,z,0,6,,z
2021Q4,,S08000020,,S12000033,,Not Specified,,1,,0,0,,z,5,72,14.4,
2022Q1,,S08000020,,S12000033,,Not Specified,,1,,0,0,,z,5,11,2.2,
2022Q2,,S08000020,,S12000033,,Not Specified,,1,,0,0,,z,5,8,1.6,
2022Q3,,S08000020,,S12000033,,Not Specified,,1,,0,0,,z,5,15,3,
2022Q4,p,S08000020,,S12000033,,Not Specified,,1,,0,0,,z,0,7,,z
2017Q4,,S08000020,,S12000033,,Not Specified,,2,,0,0,,z,10,124,12.4,
2018Q1,,S08000020,,S12000033,,Not Specified,,2,,0,0,,z,5,19,3.8,
2018Q2,,S08000020,,S12000033,,Not Specified,,2,,0,0,,z,15,222,14.8,
2018Q3,,S08000020,,S12000033,,Not Specified,,2,,0,0,,z,10,215,21.5,
2018Q4,,S08000020,,S12000033,,Not Specified,,2,,0,0,,z,5,76,15.2,
2019Q1,,S08000020,,S12000033,,Not Specified,,2,,0,0,,z,5,39,7.8,
2019Q3,,S08000020,,S12000033,,Not Specified,,2,,0,0,,z,5,72,14.4,
2019Q4,,S08000020,,S12000033,,Not Specified,,2,,0,0,,z,0,5,,z
2020Q1,,S08000020,,S12000033,,Not Specified,,2,,0,0,,z,5,10,2,
2020Q2,,S08000020,,S12000033,,Not Specified,,2,,0,0,,z,5,43,8.6,
2020Q3,,S08000020,,S12000033,,Not Specified,,2,,0,0,,z,5,40,8,
2020Q4,,S08000020,,S12000033,,Not Specified,,2,,0,0,,z,5,10,2,
2021Q1,,S08000020,,S12000033,,Not Specified,,2,,0,0,,z,5,53,10.6,
2021Q2,,S08000020,,S12000033,,Not Specified,,2,,0,0,,z,5,57,11.4,
2021Q3,,S08000020,,S12000033,,Not Specified,,2,,0,0,,z,10,122,12.2,
2021Q4,,S08000020,,S12000033,,Not Specified,,2,,0,0,,z,11,177,16.0909090909091,
2022Q1,,S08000020,,S12000033,,Not Specified,,2,,0,0,,z,13,230,17.6923076923077,
2022Q2,,S08000020,,S12000033,,Not Specified,,2,,0,0,,z,5,177,35.4,
2022Q3,,S08000020,,S12000033,,Not Specified,,2,,0,0,,z,10,102,10.2,
2022Q4,p,S08000020,,S12000033,,Not Specified,,2,,0,0,,z,5,10,2,
2017Q4,,S08000020,,S12000033,,Not Specified,,3,,0,0,,z,0,13,,z
2018Q1,,S08000020,,S12000033,,Not Specified,,3,,0,0,,z,5,52,10.4,
2018Q2,,S08000020,,S12000033,,Not Specified,,3,,0,0,,z,5,56,11.2,
2018Q3,,S08000020,,S12000033,,Not Specified,,3,,0,0,,z,5,35,7,
2018Q4,,S08000020,,S12000033,,Not Specified,,3,,0,0,,z,10,423,42.3,
2019Q1,,S08000020,,S12000033,,Not Specified,,3,,0,0,,z,5,110,22,
2019Q2,,S08000020,,S12000033,,Not Specified,,3,,0,0,,z,0,0,,z
2019Q3,,S08000020,,S12000033,,Not Specified,,3,,0,0,,z,0,13,,z
2019Q4,,S08000020,,S12000033,,Not Specified,,3,,0,0,,z,5,45,9,
2020Q1,,S08000020,,S12000033,,Not Specified,,3,,0,0,,z,5,20,4,
2020Q3,,S08000020,,S12000033,,Not Specified,,3,,0,0,,z,0,6,,z
2020Q4,,S08000020,,S12000033,,Not Specified,,3,,0,0,,z,0,7,,z
2021Q1,,S08000020,,S12000033,,Not Specified,,3,,0,0,,z,0,0,,z
2021Q2,,S08000020,,S12000033,,Not Specified,,3,,0,0,,z,0,7,,z
2021Q3,,S08000020,,S12000033,,Not Specified,,3,,0,0,,z,0,20,,z
2021Q4,,S08000020,,S12000033,,Not Specified,,3,,0,0,,z,5,42,8.4,
2022Q1,,S08000020,,S12000033,,Not Specified,,3,,0,0,,z,0,5,,z
2022Q2,,S08000020,,S12000033,,Not Specified,,3,,0,0,,z,5,32,6.4,
2022Q3,,S08000020,,S12000033,,Not Specified,,3,,0,0,,z,5,29,5.8,
2022Q4,p,S08000020,,S12000033,,Not Specified,,3,,0,0,,z,5,46,9.2,
2017Q4,,S08000020,,S12000033,,Not Specified,,4,,0,0,,z,5,16,3.2,
2018Q1,,S08000020,,S12000033,,Not Specified,,4,,0,0,,z,5,18,3.6,
2018Q2,,S08000020,,S12000033,,Not Specified,,4,,0,0,,z,5,238,47.6,
2018Q3,,S08000020,,S12000033,,Not Specified,,4,,0,0,,z,5,5,1,
2018Q4,,S08000020,,S12000033,,Not Specified,,4,,0,0,,z,5,164,32.8,
2019Q1,,S08000020,,S12000033,,Not Specified,,4,,0,0,,z,0,0,,z
2019Q2,,S08000020,,S12000033,,Not Specified,,4,,0,0,,z,0,5,,z
2019Q3,,S08000020,,S12000033,,Not Specified,,4,,0,0,,z,0,40,,z
2019Q4,,S08000020,,S12000033,,Not Specified,,4,,0,0,,z,5,321,64.2,
2020Q1,,S08000020,,S12000033,,Not Specified,,4,,0,0,,z,0,5,,z
2020Q2,,S08000020,,S12000033,,Not Specified,,4,,0,0,,z,5,5,1,
2020Q3,,S08000020,,S12000033,,Not Specified,,4,,0,0,,z,0,0,,z
2020Q4,,S08000020,,S12000033,,Not Specified,,4,,0,0,,z,5,20,4,
2021Q2,,S08000020,,S12000033,,Not Specified,,4,,0,0,,z,0,0,,z
2021Q3,,S08000020,,S12000033,,Not Specified,,4,,0,0,,z,5,39,7.8,
2021Q4,,S08000020,,S12000033,,Not Specified,,4,,0,0,,z,5,90,18,
2022Q1,,S08000020,,S12000033,,Not Specified,,4,,0,0,,z,5,86,17.2,
2022Q2,,S08000020,,S12000033,,Not Specified,,4,,0,0,,z,5,35,7,
2022Q3,,S08000020,,S12000033,,Not Specified,,4,,0,0,,z,5,23,4.6,
2022Q4,p,S08000020,,S12000033,,Not Specified,,4,,0,0,,z,0,0,,z
2017Q4,,S08000020,,S12000033,,Not Specified,,5,,0,0,,z,5,52,10.4,
2018Q1,,S08000020,,S12000033,,Not Specified,,5,,0,0,,z,0,12,,z
2018Q2,,S08000020,,S12000033,,Not Specified,,5,,0,0,,z,10,605,60.5,
2018Q3,,S08000020,,S12000033,,Not Specified,,5,,0,0,,z,5,186,37.2,
2018Q4,,S08000020,,S12000033,,Not Specified,,5,,0,0,,z,10,123,12.3,
2019Q1,,S08000020,,S12000033,,Not Specified,,5,,0,0,,z,0,5,,z
2019Q2,,S08000020,,S12000033,,Not Specified,,5,,0,0,,z,0,5,,z
2019Q3,,S08000020,,S12000033,,Not Specified,,5,,0,0,,z,5,30,6,
2019Q4,,S08000020,,S12000033,,Not Specified,,5,,0,0,,z,0,10,,z
2020Q1,,S08000020,,S12000033,,Not Specified,,5,,0,0,,z,5,35,7,
2020Q2,,S08000020,,S12000033,,Not Specified,,5,,0,0,,z,0,16,,z
2020Q3,,S08000020,,S12000033,,Not Specified,,5,,0,0,,z,5,15,3,
2020Q4,,S08000020,,S12000033,,Not Specified,,5,,0,0,,z,5,168,33.6,
2021Q1,,S08000020,,S12000033,,Not Specified,,5,,0,0,,z,10,52,5.2,
2021Q2,,S08000020,,S12000033,,Not Specified,,5,,0,0,,z,5,6,1.2,
2021Q3,,S08000020,,S12000033,,Not Specified,,5,,0,0,,z,10,52,5.2,
2021Q4,,S08000020,,S12000033,,Not Specified,,5,,0,0,,z,15,102,6.8,
2022Q1,,S08000020,,S12000033,,Not Specified,,5,,0,0,,z,10,103,10.3,
2022Q2,,S08000020,,S12000033,,Not Specified,,5,,0,0,,z,10,245,24.5,
2022Q3,,S08000020,,S12000033,,Not Specified,,5,,0,0,,z,10,45,4.5,
2022Q4,p,S08000020,,S12000033,,Not Specified,,5,,0,0,,z,5,54,10.8,
2017Q4,,S08000020,,S12000034,,Not Specified,,1,,0,0,,z,0,5,,z
2018Q2,,S08000020,,S12000034,,Not Specified,,1,,0,0,,z,0,19,,z
2019Q3,,S08000020,,S12000034,,Not Specified,,1,,0,0,,z,0,5,,z
2020Q1,,S08000020,,S12000034,,Not Specified,,1,,0,0,,z,0,0,,z
2020Q2,,S08000020,,S12000034,,Not Specified,,1,,0,0,,z,0,0,,z
2020Q4,,S08000020,,S12000034,,Not Specified,,1,,0,0,,z,0,12,,z
2021Q1,,S08000020,,S12000034,,Not Specified,,1,,0,0,,z,0,5,,z
2021Q2,,S08000020,,S12000034,,Not Specified,,1,,0,0,,z,0,5,,z
2021Q3,,S08000020,,S12000034,,Not Specified,,1,,0,0,,z,0,15,,z
2021Q4,,S08000020,,S12000034,,Not Specified,,1,,0,0,,z,5,19,3.8,
2022Q1,,S08000020,,S12000034,,Not Specified,,1,,0,0,,z,0,26,,z
2022Q4,p,S08000020,,S12000034,,Not Specified,,1,,0,0,,z,0,9,,z
2017Q4,,S08000020,,S12000034,,Not Specified,,2,,0,0,,z,5,244,48.8,
2018Q1,,S08000020,,S12000034,,Not Specified,,2,,0,0,,z,5,42,8.4,
2018Q2,,S08000020,,S12000034,,Not Specified,,2,,0,0,,z,5,35,7,
2018Q3,,S08000020,,S12000034,,Not Specified,,2,,0,0,,z,5,68,13.6,
2018Q4,,S08000020,,S12000034,,Not Specified,,2,,0,0,,z,5,121,24.2,
2019Q1,,S08000020,,S12000034,,Not Specified,,2,,0,0,,z,0,73,,z
2019Q4,,S08000020,,S12000034,,Not Specified,,2,,0,0,,z,0,0,,z
2020Q1,,S08000020,,S12000034,,Not Specified,,2,,0,0,,z,0,21,,z
2020Q2,,S08000020,,S12000034,,Not Specified,,2,,0,0,,z,5,86,17.2,
2020Q3,,S08000020,,S12000034,,Not Specified,,2,,0,0,,z,5,7,1.4,
2020Q4,,S08000020,,S12000034,,Not Specified,,2,,0,0,,z,0,5,,z
2021Q1,,S08000020,,S12000034,,Not Specified,,2,,0,0,,z,5,50,10,
2021Q2,,S08000020,,S12000034,,Not Specified,,2,,0,0,,z,5,9,1.8,
2021Q3,,S08000020,,S12000034,,Not Specified,,2,,0,0,,z,0,12,,z
2021Q4,,S08000020,,S12000034,,Not Specified,,2,,0,0,,z,5,64,12.8,
2022Q1,,S08000020,,S12000034,,Not Specified,,2,,0,0,,z,0,13,,z
2022Q2,,S08000020,,S12000034,,Not Specified,,2,,0,0,,z,5,34,6.8,
2022Q3,,S08000020,,S12000034,,Not Specified,,2,,0,0,,z,5,42,8.4,
2022Q4,p,S08000020,,S12000034,,Not Specified,,2,,0,0,,z,0,5,,z
2017Q4,,S08000020,,S12000034,,Not Specified,,3,,0,0,,z,5,31,6.2,
2018Q1,,S08000020,,S12000034,,Not Specified,,3,,0,0,,z,5,56,11.2,
2018Q2,,S08000020,,S12000034,,Not Specified,,3,,0,0,,z,5,13,2.6,
2018Q3,,S08000020,,S12000034,,Not Specified,,3,,0,0,,z,5,87,17.4,
2018Q4,,S08000020,,S12000034,,Not Specified,,3,,0,0,,z,5,48,9.6,
2019Q1,,S08000020,,S12000034,,Not Specified,,3,,0,0,,z,5,6,1.2,
2019Q2,,S08000020,,S12000034,,Not Specified,,3,,0,0,,z,5,375,75,
2019Q4,,S08000020,,S12000034,,Not Specified,,3,,0,0,,z,5,84,16.8,
2020Q1,,S08000020,,S12000034,,Not Specified,,3,,0,0,,z,0,0,,z
2020Q2,,S08000020,,S12000034,,Not Specified,,3,,0,0,,z,5,6,1.2,
2020Q3,,S08000020,,S12000034,,Not Specified,,3,,0,0,,z,0,14,,z
2020Q4,,S08000020,,S12000034,,Not Specified,,3,,0,0,,z,0,0,,z
2021Q1,,S08000020,,S12000034,,Not Specified,,3,,0,0,,z,5,15,3,
2021Q2,,S08000020,,S12000034,,Not Specified,,3,,0,0,,z,0,0,,z
2021Q3,,S08000020,,S12000034,,Not Specified,,3,,0,0,,z,0,10,,z
2021Q4,,S08000020,,S12000034,,Not Specified,,3,,0,0,,z,0,9,,z
2022Q1,,S08000020,,S12000034,,Not Specified,,3,,0,0,,z,10,143,14.3,
2022Q2,,S08000020,,S12000034,,Not Specified,,3,,0,0,,z,5,59,11.8,
2022Q3,,S08000020,,S12000034,,Not Specified,,3,,0,0,,z,5,137,27.4,
2022Q4,p,S08000020,,S12000034,,Not Specified,,3,,0,0,,z,5,12,2.4,
2017Q4,,S08000020,,S12000034,,Not Specified,,4,,0,0,,z,10,243,24.3,
2018Q1,,S08000020,,S12000034,,Not Specified,,4,,0,0,,z,5,85,17,
2018Q2,,S08000020,,S12000034,,Not Specified,,4,,0,0,,z,13,680,52.3076923076923,
2018Q3,,S08000020,,S12000034,,Not Specified,,4,,0,0,,z,10,152,15.2,
2018Q4,,S08000020,,S12000034,,Not Specified,,4,,0,0,,z,5,31,6.2,
2019Q1,,S08000020,,S12000034,,Not Specified,,4,,0,0,,z,5,15,3,
2019Q2,,S08000020,,S12000034,,Not Specified,,4,,0,0,,z,5,40,8,
2019Q3,,S08000020,,S12000034,,Not Specified,,4,,0,0,,z,5,21,4.2,
2019Q4,,S08000020,,S12000034,,Not Specified,,4,,0,0,,z,5,18,3.6,
2020Q1,,S08000020,,S12000034,,Not Specified,,4,,0,0,,z,5,25,5,
2020Q2,,S08000020,,S12000034,,Not Specified,,4,,0,0,,z,0,5,,z
2020Q3,,S08000020,,S12000034,,Not Specified,,4,,0,0,,z,5,122,24.4,
2020Q4,,S08000020,,S12000034,,Not Specified,,4,,0,0,,z,5,41,8.2,
2021Q1,,S08000020,,S12000034,,Not Specified,,4,,0,0,,z,5,19,3.8,
2021Q2,,S08000020,,S12000034,,Not Specified,,4,,0,0,,z,10,78,7.8,
2021Q3,,S08000020,,S12000034,,Not Specified,,4,,0,0,,z,10,330,33,
2021Q4,,S08000020,,S12000034,,Not Specified,,4,,0,0,,z,12,203,16.9166666666667,
2022Q1,,S08000020,,S12000034,,Not Specified,,4,,0,0,,z,5,65,13,
2022Q2,,S08000020,,S12000034,,Not Specified,,4,,0,0,,z,10,89,8.9,
2022Q3,,S08000020,,S12000034,,Not Specified,,4,,0,0,,z,17,151,8.88235294117647,
2022Q4,p,S08000020,,S12000034,,Not Specified,,4,,0,0,,z,0,40,,z
2017Q4,,S08000020,,S12000034,,Not Specified,,5,,0,0,,z,10,106,10.6,
2018Q1,,S08000020,,S12000034,,Not Specified,,5,,0,0,,z,5,13,2.6,
2018Q2,,S08000020,,S12000034,,Not Specified,,5,,0,0,,z,0,23,,z
2018Q3,,S08000020,,S12000034,,Not Specified,,5,,0,0,,z,12,133,11.0833333333333,
2018Q4,,S08000020,,S12000034,,Not Specified,,5,,0,0,,z,5,19,3.8,
2019Q1,,S08000020,,S12000034,,Not Specified,,5,,0,0,,z,5,15,3,
2019Q2,,S08000020,,S12000034,,Not Specified,,5,,0,0,,z,0,0,,z
2019Q3,,S08000020,,S12000034,,Not Specified,,5,,0,0,,z,0,0,,z
2019Q4,,S08000020,,S12000034,,Not Specified,,5,,0,0,,z,5,20,4,
2020Q1,,S08000020,,S12000034,,Not Specified,,5,,0,0,,z,0,21,,z
2020Q2,,S08000020,,S12000034,,Not Specified,,5,,0,0,,z,5,45,9,
2020Q3,,S08000020,,S12000034,,Not Specified,,5,,0,0,,z,0,18,,z
2020Q4,,S08000020,,S12000034,,Not Specified,,5,,0,0,,z,0,13,,z
2021Q1,,S08000020,,S12000034,,Not Specified,,5,,0,0,,z,5,20,4,
2021Q2,,S08000020,,S12000034,,Not Specified,,5,,0,0,,z,5,190,38,
2021Q3,,S08000020,,S12000034,,Not Specified,,5,,0,0,,z,10,46,4.6,
2021Q4,,S08000020,,S12000034,,Not Specified,,5,,0,0,,z,5,25,5,
2022Q1,,S08000020,,S12000034,,Not Specified,,5,,0,0,,z,5,95,19,
2022Q2,,S08000020,,S12000034,,Not Specified,,5,,0,0,,z,11,500,45.4545454545455,
2022Q3,,S08000020,,S12000034,,Not Specified,,5,,0,0,,z,10,292,29.2,
2022Q4,p,S08000020,,S12000034,,Not Specified,,5,,0,0,,z,5,17,3.4,
2018Q1,,S08000020,,S12000020,,Not Specified,,1,,0,0,,z,0,504,,z
2021Q1,,S08000020,,S12000020,,Not Specified,,1,,0,0,,z,0,5,,z
2017Q4,,S08000020,,S12000020,,Not Specified,,2,,0,0,,z,0,10,,z
2018Q1,,S08000020,,S12000020,,Not Specified,,2,,0,0,,z,0,25,,z
2018Q3,,S08000020,,S12000020,,Not Specified,,2,,0,0,,z,5,31,6.2,
2018Q4,,S08000020,,S12000020,,Not Specified,,2,,0,0,,z,5,118,23.6,
2019Q1,,S08000020,,S12000020,,Not Specified,,2,,0,0,,z,5,12,2.4,
2019Q2,,S08000020,,S12000020,,Not Specified,,2,,0,0,,z,0,0,,z
2019Q3,,S08000020,,S12000020,,Not Specified,,2,,0,0,,z,0,9,,z
2019Q4,,S08000020,,S12000020,,Not Specified,,2,,0,0,,z,0,0,,z
2020Q1,,S08000020,,S12000020,,Not Specified,,2,,0,0,,z,5,149,29.8,
2020Q3,,S08000020,,S12000020,,Not Specified,,2,,0,0,,z,0,16,,z
2020Q4,,S08000020,,S12000020,,Not Specified,,2,,0,0,,z,5,17,3.4,
2021Q1,,S08000020,,S12000020,,Not Specified,,2,,0,0,,z,5,46,9.2,
2021Q2,,S08000020,,S12000020,,Not Specified,,2,,0,0,,z,0,51,,z
2021Q3,,S08000020,,S12000020,,Not Specified,,2,,0,0,,z,5,42,8.4,
2021Q4,,S08000020,,S12000020,,Not Specified,,2,,0,0,,z,0,9,,z
2022Q1,,S08000020,,S12000020,,Not Specified,,2,,0,0,,z,0,15,,z
2022Q2,,S08000020,,S12000020,,Not Specified,,2,,0,0,,z,0,7,,z
2022Q3,,S08000020,,S12000020,,Not Specified,,2,,0,0,,z,5,25,5,
2022Q4,p,S08000020,,S12000020,,Not Specified,,2,,0,0,,z,0,39,,z
2017Q4,,S08000020,,S12000020,,Not Specified,,3,,0,0,,z,5,20,4,
2018Q1,,S08000020,,S12000020,,Not Specified,,3,,0,0,,z,5,83,16.6,
2018Q2,,S08000020,,S12000020,,Not Specified,,3,,0,0,,z,0,21,,z
2018Q3,,S08000020,,S12000020,,Not Specified,,3,,0,0,,z,5,198,39.6,
2018Q4,,S08000020,,S12000020,,Not Specified,,3,,0,0,,z,5,165,33,
2019Q1,,S08000020,,S12000020,,Not Specified,,3,,0,0,,z,5,202,40.4,
2019Q2,,S08000020,,S12000020,,Not Specified,,3,,0,0,,z,0,65,,z
2019Q3,,S08000020,,S12000020,,Not Specified,,3,,0,0,,z,5,92,18.4,
2019Q4,,S08000020,,S12000020,,Not Specified,,3,,0,0,,z,0,0,,z
2020Q1,,S08000020,,S12000020,,Not Specified,,3,,0,0,,z,0,27,,z
2020Q3,,S08000020,,S12000020,,Not Specified,,3,,0,0,,z,0,15,,z
2020Q4,,S08000020,,S12000020,,Not Specified,,3,,0,0,,z,5,75,15,
2021Q2,,S08000020,,S12000020,,Not Specified,,3,,0,0,,z,0,5,,z
2021Q3,,S08000020,,S12000020,,Not Specified,,3,,0,0,,z,5,120,24,
2021Q4,,S08000020,,S12000020,,Not Specified,,3,,0,0,,z,5,14,2.8,
2022Q1,,S08000020,,S12000020,,Not Specified,,3,,0,0,,z,5,20,4,
2022Q2,,S08000020,,S12000020,,Not Specified,,3,,0,0,,z,5,8,1.6,
2022Q3,,S08000020,,S12000020,,Not Specified,,3,,0,0,,z,0,27,,z
2022Q4,p,S08000020,,S12000020,,Not Specified,,3,,0,0,,z,5,88,17.6,
2018Q1,,S08000020,,S12000020,,Not Specified,,4,,0,0,,z,5,27,5.4,
2018Q2,,S08000020,,S12000020,,Not Specified,,4,,0,0,,z,5,82,16.4,
2018Q3,,S08000020,,S12000020,,Not Specified,,4,,0,0,,z,5,60,12,
2018Q4,,S08000020,,S12000020,,Not Specified,,4,,0,0,,z,10,91,9.1,
2019Q1,,S08000020,,S12000020,,Not Specified,,4,,0,0,,z,10,58,5.8,
2019Q2,,S08000020,,S12000020,,Not Specified,,4,,0,0,,z,5,100,20,
2019Q3,,S08000020,,S12000020,,Not Specified,,4,,0,0,,z,5,49,9.8,
2019Q4,,S08000020,,S12000020,,Not Specified,,4,,0,0,,z,0,22,,z
2020Q1,,S08000020,,S12000020,,Not Specified,,4,,0,0,,z,0,35,,z
2020Q2,,S08000020,,S12000020,,Not Specified,,4,,0,0,,z,5,15,3,
2020Q3,,S08000020,,S12000020,,Not Specified,,4,,0,0,,z,0,0,,z
2020Q4,,S08000020,,S12000020,,Not Specified,,4,,0,0,,z,0,5,,z
2021Q1,,S08000020,,S12000020,,Not Specified,,4,,0,0,,z,0,20,,z
2021Q2,,S08000020,,S12000020,,Not Specified,,4,,0,0,,z,5,32,6.4,
2021Q3,,S08000020,,S12000020,,Not Specified,,4,,0,0,,z,5,219,43.8,
2021Q4,,S08000020,,S12000020,,Not Specified,,4,,0,0,,z,5,5,1,
2022Q1,,S08000020,,S12000020,,Not Specified,,4,,0,0,,z,10,456,45.6,
2022Q2,,S08000020,,S12000020,,Not Specified,,4,,0,0,,z,0,5,,z
2022Q3,,S08000020,,S12000020,,Not Specified,,4,,0,0,,z,5,22,4.4,
2022Q4,p,S08000020,,S12000020,,Not Specified,,4,,0,0,,z,5,227,45.4,
2017Q4,,S08000020,,S12000020,,Not Specified,,5,,0,0,,z,0,6,,z
2018Q1,,S08000020,,S12000020,,Not Specified,,5,,0,0,,z,0,59,,z
2018Q3,,S08000020,,S12000020,,Not Specified,,5,,0,0,,z,5,27,5.4,
2019Q1,,S08000020,,S12000020,,Not Specified,,5,,0,0,,z,5,21,4.2,
2019Q3,,S08000020,,S12000020,,Not Specified,,5,,0,0,,z,0,0,,z
2019Q4,,S08000020,,S12000020,,Not Specified,,5,,0,0,,z,0,5,,z
2022Q1,,S08000020,,S12000020,,Not Specified,,5,,0,0,,z,0,140,,z
2022Q2,,S08000020,,S12000020,,Not Specified,,5,,0,0,,z,0,5,,z
2022Q3,,S08000020,,S12000020,,Not Specified,,5,,0,0,,z,0,0,,z
2017Q4,,S08000020,,S08000020,d,Not Specified,,1,,0,0,,z,5,74,14.8,
2018Q1,,S08000020,,S08000020,d,Not Specified,,1,,0,0,,z,5,535,107,
2018Q2,,S08000020,,S08000020,d,Not Specified,,1,,0,0,,z,5,43,8.6,
2018Q3,,S08000020,,S08000020,d,Not Specified,,1,,0,0,,z,10,166,16.6,
2018Q4,,S08000020,,S08000020,d,Not Specified,,1,,0,0,,z,0,7,,z
2019Q1,,S08000020,,S08000020,d,Not Specified,,1,,0,0,,z,5,62,12.4,
2019Q3,,S08000020,,S08000020,d,Not Specified,,1,,0,0,,z,5,7,1.4,
2019Q4,,S08000020,,S08000020,d,Not Specified,,1,,0,0,,z,0,5,,z
2020Q1,,S08000020,,S08000020,d,Not Specified,,1,,0,0,,z,0,7,,z
2020Q2,,S08000020,,S08000020,d,Not Specified,,1,,0,0,,z,5,5,1,
2020Q3,,S08000020,,S08000020,d,Not Specified,,1,,0,0,,z,5,126,25.2,
2020Q4,,S08000020,,S08000020,d,Not Specified,,1,,0,0,,z,5,28,5.6,
2021Q1,,S08000020,,S08000020,d,Not Specified,,1,,0,0,,z,10,37,3.7,
2021Q2,,S08000020,,S08000020,d,Not Specified,,1,,0,0,,z,5,28,5.6,
2021Q3,,S08000020,,S08000020,d,Not Specified,,1,,0,0,,z,5,20,4,
2021Q4,,S08000020,,S08000020,d,Not Specified,,1,,0,0,,z,10,91,9.1,
2022Q1,,S08000020,,S08000020,d,Not Specified,,1,,0,0,,z,5,37,7.4,
2022Q2,,S08000020,,S08000020,d,Not Specified,,1,,0,0,,z,5,8,1.6,
2022Q3,,S08000020,,S08000020,d,Not Specified,,1,,0,0,,z,5,15,3,
2022Q4,p,S08000020,,S08000020,d,Not Specified,,1,,0,0,,z,5,16,3.2,
2017Q4,,S08000020,,S08000020,d,Not Specified,,2,,0,0,,z,17,378,22.2352941176471,
2018Q1,,S08000020,,S08000020,d,Not Specified,,2,,0,0,,z,15,86,5.73333333333333,
2018Q2,,S08000020,,S08000020,d,Not Specified,,2,,0,0,,z,22,257,11.6818181818182,
2018Q3,,S08000020,,S08000020,d,Not Specified,,2,,0,0,,z,18,314,17.4444444444444,
2018Q4,,S08000020,,S08000020,d,Not Specified,,2,,0,0,,z,15,315,21,
2019Q1,,S08000020,,S08000020,d,Not Specified,,2,,0,0,,z,11,124,11.2727272727273,
2019Q2,,S08000020,,S08000020,d,Not Specified,,2,,0,0,,z,0,0,,z
2019Q3,,S08000020,,S08000020,d,Not Specified,,2,,0,0,,z,5,81,16.2,
2019Q4,,S08000020,,S08000020,d,Not Specified,,2,,0,0,,z,5,6,1.2,
2020Q1,,S08000020,,S08000020,d,Not Specified,,2,,0,0,,z,10,180,18,
2020Q2,,S08000020,,S08000020,d,Not Specified,,2,,0,0,,z,10,129,12.9,
2020Q3,,S08000020,,S08000020,d,Not Specified,,2,,0,0,,z,10,63,6.3,
2020Q4,,S08000020,,S08000020,d,Not Specified,,2,,0,0,,z,10,32,3.2,
2021Q1,,S08000020,,S08000020,d,Not Specified,,2,,0,0,,z,13,149,11.4615384615385,
2021Q2,,S08000020,,S08000020,d,Not Specified,,2,,0,0,,z,12,117,9.75,
2021Q3,,S08000020,,S08000020,d,Not Specified,,2,,0,0,,z,12,176,14.6666666666667,
2021Q4,,S08000020,,S08000020,d,Not Specified,,2,,0,0,,z,17,250,14.7058823529412,
2022Q1,,S08000020,,S08000020,d,Not Specified,,2,,0,0,,z,16,258,16.125,
2022Q2,,S08000020,,S08000020,d,Not Specified,,2,,0,0,,z,11,218,19.8181818181818,
2022Q3,,S08000020,,S08000020,d,Not Specified,,2,,0,0,,z,14,169,12.0714285714286,
2022Q4,p,S08000020,,S08000020,d,Not Specified,,2,,0,0,,z,5,54,10.8,
2017Q4,,S08000020,,S08000020,d,Not Specified,,3,,0,0,,z,10,65,6.5,
2018Q1,,S08000020,,S08000020,d,Not Specified,,3,,0,0,,z,13,191,14.6923076923077,
2018Q2,,S08000020,,S08000020,d,Not Specified,,3,,0,0,,z,10,90,9,
2018Q3,,S08000020,,S08000020,d,Not Specified,,3,,0,0,,z,11,320,29.0909090909091,
2018Q4,,S08000020,,S08000020,d,Not Specified,,3,,0,0,,z,19,636,33.4736842105263,
2019Q1,,S08000020,,S08000020,d,Not Specified,,3,,0,0,,z,13,318,24.4615384615385,
2019Q2,,S08000020,,S08000020,d,Not Specified,,3,,0,0,,z,10,441,44.1,
2019Q3,,S08000020,,S08000020,d,Not Specified,,3,,0,0,,z,5,105,21,
2019Q4,,S08000020,,S08000020,d,Not Specified,,3,,0,0,,z,5,129,25.8,
2020Q1,,S08000020,,S08000020,d,Not Specified,,3,,0,0,,z,5,50,10,
2020Q2,,S08000020,,S08000020,d,Not Specified,,3,,0,0,,z,5,6,1.2,
2020Q3,,S08000020,,S08000020,d,Not Specified,,3,,0,0,,z,5,35,7,
2020Q4,,S08000020,,S08000020,d,Not Specified,,3,,0,0,,z,5,82,16.4,
2021Q1,,S08000020,,S08000020,d,Not Specified,,3,,0,0,,z,5,15,3,
2021Q2,,S08000020,,S08000020,d,Not Specified,,3,,0,0,,z,5,12,2.4,
2021Q3,,S08000020,,S08000020,d,Not Specified,,3,,0,0,,z,11,150,13.6363636363636,
2021Q4,,S08000020,,S08000020,d,Not Specified,,3,,0,0,,z,11,65,5.90909090909091,
2022Q1,,S08000020,,S08000020,d,Not Specified,,3,,0,0,,z,12,166,13.8333333333333,
2022Q2,,S08000020,,S08000020,d,Not Specified,,3,,0,0,,z,15,99,6.6,
2022Q3,,S08000020,,S08000020,d,Not Specified,,3,,0,0,,z,13,193,14.8461538461538,
2022Q4,p,S08000020,,S08000020,d,Not Specified,,3,,0,0,,z,12,146,12.1666666666667,
2017Q4,,S08000020,,S08000020,d,Not Specified,,4,,0,0,,z,12,259,21.5833333333333,
2018Q1,,S08000020,,S08000020,d,Not Specified,,4,,0,0,,z,16,130,8.125,
2018Q2,,S08000020,,S08000020,d,Not Specified,,4,,0,0,,z,20,1000,50,
2018Q3,,S08000020,,S08000020,d,Not Specified,,4,,0,0,,z,20,215,10.75,
2018Q4,,S08000020,,S08000020,d,Not Specified,,4,,0,0,,z,22,286,13,
2019Q1,,S08000020,,S08000020,d,Not Specified,,4,,0,0,,z,15,75,5,
2019Q2,,S08000020,,S08000020,d,Not Specified,,4,,0,0,,z,10,141,14.1,
2019Q3,,S08000020,,S08000020,d,Not Specified,,4,,0,0,,z,10,110,11,
2019Q4,,S08000020,,S08000020,d,Not Specified,,4,,0,0,,z,12,361,30.0833333333333,
2020Q1,,S08000020,,S08000020,d,Not Specified,,4,,0,0,,z,5,63,12.6,
2020Q2,,S08000020,,S08000020,d,Not Specified,,4,,0,0,,z,10,23,2.3,
2020Q3,,S08000020,,S08000020,d,Not Specified,,4,,0,0,,z,10,124,12.4,
2020Q4,,S08000020,,S08000020,d,Not Specified,,4,,0,0,,z,11,62,5.63636363636364,
2021Q1,,S08000020,,S08000020,d,Not Specified,,4,,0,0,,z,10,39,3.9,
2021Q2,,S08000020,,S08000020,d,Not Specified,,4,,0,0,,z,12,110,9.16666666666667,
2021Q3,,S08000020,,S08000020,d,Not Specified,,4,,0,0,,z,17,588,34.5882352941176,
2021Q4,,S08000020,,S08000020,d,Not Specified,,4,,0,0,,z,21,296,14.0952380952381,
2022Q1,,S08000020,,S08000020,d,Not Specified,,4,,0,0,,z,18,607,33.7222222222222,
2022Q2,,S08000020,,S08000020,d,Not Specified,,4,,0,0,,z,15,127,8.46666666666667,
2022Q3,,S08000020,,S08000020,d,Not Specified,,4,,0,0,,z,24,196,8.16666666666667,
2022Q4,p,S08000020,,S08000020,d,Not Specified,,4,,0,0,,z,10,267,26.7,
2017Q4,,S08000020,,S08000020,d,Not Specified,,5,,0,0,,z,14,164,11.7142857142857,
2018Q1,,S08000020,,S08000020,d,Not Specified,,5,,0,0,,z,5,84,16.8,
2018Q2,,S08000020,,S08000020,d,Not Specified,,5,,0,0,,z,10,628,62.8,
2018Q3,,S08000020,,S08000020,d,Not Specified,,5,,0,0,,z,20,346,17.3,
2018Q4,,S08000020,,S08000020,d,Not Specified,,5,,0,0,,z,12,142,11.8333333333333,
2019Q1,,S08000020,,S08000020,d,Not Specified,,5,,0,0,,z,5,39,7.8,
2019Q2,,S08000020,,S08000020,d,Not Specified,,5,,0,0,,z,0,5,,z
2019Q3,,S08000020,,S08000020,d,Not Specified,,5,,0,0,,z,5,30,6,
2019Q4,,S08000020,,S08000020,d,Not Specified,,5,,0,0,,z,5,36,7.2,
2020Q1,,S08000020,,S08000020,d,Not Specified,,5,,0,0,,z,5,56,11.2,
2020Q2,,S08000020,,S08000020,d,Not Specified,,5,,0,0,,z,5,61,12.2,
2020Q3,,S08000020,,S08000020,d,Not Specified,,5,,0,0,,z,5,33,6.6,
2020Q4,,S08000020,,S08000020,d,Not Specified,,5,,0,0,,z,10,181,18.1,
2021Q1,,S08000020,,S08000020,d,Not Specified,,5,,0,0,,z,14,72,5.14285714285714,
2021Q2,,S08000020,,S08000020,d,Not Specified,,5,,0,0,,z,10,196,19.6,
2021Q3,,S08000020,,S08000020,d,Not Specified,,5,,0,0,,z,20,98,4.9,
2021Q4,,S08000020,,S08000020,d,Not Specified,,5,,0,0,,z,17,127,7.47058823529412,
2022Q1,,S08000020,,S08000020,d,Not Specified,,5,,0,0,,z,16,338,21.125,
2022Q2,,S08000020,,S08000020,d,Not Specified,,5,,0,0,,z,21,747,35.5714285714286,
2022Q3,,S08000020,,S08000020,d,Not Specified,,5,,0,0,,z,18,340,18.8888888888889,
2022Q4,p,S08000020,,S08000020,d,Not Specified,,5,,0,0,,z,5,71,14.2,
2018Q1,,S08000031,,S12000045,,Not Specified,,1,,0,0,,z,0,11,,z
2018Q3,,S08000031,,S12000045,,Not Specified,,1,,0,0,,z,0,0,,z
2019Q2,,S08000031,,S12000045,,Not Specified,,1,,0,0,,z,0,10,,z
2019Q3,,S08000031,,S12000045,,Not Specified,,1,,0,0,,z,0,5,,z
2019Q4,,S08000031,,S12000045,,Not Specified,,1,,0,0,,z,0,38,,z
2020Q2,,S08000031,,S12000045,,Not Specified,,1,,0,0,,z,0,0,,z
2020Q3,,S08000031,,S12000045,,Not Specified,,1,,0,0,,z,5,10,2,
2020Q4,,S08000031,,S12000045,,Not Specified,,1,,0,0,,z,0,5,,z
2022Q3,,S08000031,,S12000045,,Not Specified,,1,,0,0,,z,0,37,,z
2017Q4,,S08000031,,S12000045,,Not Specified,,2,,0,0,,z,5,8,1.6,
2018Q1,,S08000031,,S12000045,,Not Specified,,2,,0,0,,z,5,8,1.6,
2018Q3,,S08000031,,S12000045,,Not Specified,,2,,0,0,,z,0,10,,z
2018Q4,,S08000031,,S12000045,,Not Specified,,2,,0,0,,z,0,5,,z
2019Q1,,S08000031,,S12000045,,Not Specified,,2,,0,0,,z,5,44,8.8,
2019Q2,,S08000031,,S12000045,,Not Specified,,2,,0,0,,z,0,8,,z
2019Q3,,S08000031,,S12000045,,Not Specified,,2,,0,0,,z,0,5,,z
2019Q4,,S08000031,,S12000045,,Not Specified,,2,,0,0,,z,5,11,2.2,
2020Q1,,S08000031,,S12000045,,Not Specified,,2,,0,0,,z,0,0,,z
2020Q2,,S08000031,,S12000045,,Not Specified,,2,,0,0,,z,0,42,,z
2020Q3,,S08000031,,S12000045,,Not Specified,,2,,0,0,,z,0,5,,z
2020Q4,,S08000031,,S12000045,,Not Specified,,2,,0,0,,z,0,0,,z
2021Q2,,S08000031,,S12000045,,Not Specified,,2,,0,0,,z,5,13,2.6,
2021Q3,,S08000031,,S12000045,,Not Specified,,2,,0,0,,z,0,6,,z
2021Q4,,S08000031,,S12000045,,Not Specified,,2,,0,0,,z,5,19,3.8,
2022Q1,,S08000031,,S12000045,,Not Specified,,2,,0,0,,z,5,128,25.6,
2022Q2,,S08000031,,S12000045,,Not Specified,,2,,0,0,,z,5,15,3,
2022Q3,,S08000031,,S12000045,,Not Specified,,2,,0,0,,z,0,10,,z
2022Q4,p,S08000031,,S12000045,,Not Specified,,2,,0,0,,z,5,13,2.6,
2017Q4,,S08000031,,S12000045,,Not Specified,,3,,0,0,,z,0,7,,z
2018Q1,,S08000031,,S12000045,,Not Specified,,3,,0,0,,z,5,86,17.2,
2018Q3,,S08000031,,S12000045,,Not Specified,,3,,0,0,,z,0,99,,z
2019Q3,,S08000031,,S12000045,,Not Specified,,3,,0,0,,z,0,0,,z
2019Q4,,S08000031,,S12000045,,Not Specified,,3,,0,0,,z,0,106,,z
2020Q1,,S08000031,,S12000045,,Not Specified,,3,,0,0,,z,0,0,,z
2020Q2,,S08000031,,S12000045,,Not Specified,,3,,0,0,,z,0,0,,z
2021Q4,,S08000031,,S12000045,,Not Specified,,3,,0,0,,z,0,5,,z
2022Q1,,S08000031,,S12000045,,Not Specified,,3,,0,0,,z,0,0,,z
2022Q2,,S08000031,,S12000045,,Not Specified,,3,,0,0,,z,0,0,,z
2022Q4,p,S08000031,,S12000045,,Not Specified,,3,,0,0,,z,5,8,1.6,
2017Q4,,S08000031,,S12000045,,Not Specified,,4,,0,0,,z,5,81,16.2,
2018Q1,,S08000031,,S12000045,,Not Specified,,4,,0,0,,z,5,79,15.8,
2018Q2,,S08000031,,S12000045,,Not Specified,,4,,0,0,,z,0,31,,z
2018Q3,,S08000031,,S12000045,,Not Specified,,4,,0,0,,z,0,84,,z
2018Q4,,S08000031,,S12000045,,Not Specified,,4,,0,0,,z,5,25,5,
2019Q1,,S08000031,,S12000045,,Not Specified,,4,,0,0,,z,5,52,10.4,
2019Q2,,S08000031,,S12000045,,Not Specified,,4,,0,0,,z,5,35,7,
2019Q3,,S08000031,,S12000045,,Not Specified,,4,,0,0,,z,0,349,,z
2019Q4,,S08000031,,S12000045,,Not Specified,,4,,0,0,,z,5,10,2,
2020Q1,,S08000031,,S12000045,,Not Specified,,4,,0,0,,z,5,13,2.6,
2020Q2,,S08000031,,S12000045,,Not Specified,,4,,0,0,,z,0,12,,z
2020Q3,,S08000031,,S12000045,,Not Specified,,4,,0,0,,z,5,15,3,
2020Q4,,S08000031,,S12000045,,Not Specified,,4,,0,0,,z,0,10,,z
2021Q1,,S08000031,,S12000045,,Not Specified,,4,,0,0,,z,0,10,,z
2021Q2,,S08000031,,S12000045,,Not Specified,,4,,0,0,,z,5,16,3.2,
2021Q3,,S08000031,,S12000045,,Not Specified,,4,,0,0,,z,0,38,,z
2021Q4,,S08000031,,S12000045,,Not Specified,,4,,0,0,,z,5,29,5.8,
2022Q1,,S08000031,,S12000045,,Not Specified,,4,,0,0,,z,0,5,,z
2022Q2,,S08000031,,S12000045,,Not Specified,,4,,0,0,,z,5,18,3.6,
2022Q3,,S08000031,,S12000045,,Not Specified,,4,,0,0,,z,0,5,,z
2022Q4,p,S08000031,,S12000045,,Not Specified,,4,,0,0,,z,5,61,12.2,
2017Q4,,S08000031,,S12000045,,Not Specified,,5,,0,0,,z,10,155,15.5,
2018Q1,,S08000031,,S12000045,,Not Specified,,5,,0,0,,z,10,96,9.6,
2018Q2,,S08000031,,S12000045,,Not Specified,,5,,0,0,,z,5,53,10.6,
2018Q3,,S08000031,,S12000045,,Not Specified,,5,,0,0,,z,11,79,7.18181818181818,
2018Q4,,S08000031,,S12000045,,Not Specified,,5,,0,0,,z,10,85,8.5,
2019Q1,,S08000031,,S12000045,,Not Specified,,5,,0,0,,z,10,102,10.2,
2019Q2,,S08000031,,S12000045,,Not Specified,,5,,0,0,,z,5,20,4,
2019Q3,,S08000031,,S12000045,,Not Specified,,5,,0,0,,z,10,156,15.6,
2019Q4,,S08000031,,S12000045,,Not Specified,,5,,0,0,,z,5,54,10.8,
2020Q1,,S08000031,,S12000045,,Not Specified,,5,,0,0,,z,5,50,10,
2020Q2,,S08000031,,S12000045,,Not Specified,,5,,0,0,,z,11,48,4.36363636363636,
2020Q3,,S08000031,,S12000045,,Not Specified,,5,,0,0,,z,5,62,12.4,
2020Q4,,S08000031,,S12000045,,Not Specified,,5,,0,0,,z,5,263,52.6,
2021Q2,,S08000031,,S12000045,,Not Specified,,5,,0,0,,z,5,19,3.8,
2021Q3,,S08000031,,S12000045,,Not Specified,,5,,0,0,,z,5,28,5.6,
2021Q4,,S08000031,,S12000045,,Not Specified,,5,,0,0,,z,5,21,4.2,
2022Q1,,S08000031,,S12000045,,Not Specified,,5,,0,0,,z,5,48,9.6,
2022Q2,,S08000031,,S12000045,,Not Specified,,5,,0,0,,z,0,63,,z
2022Q3,,S08000031,,S12000045,,Not Specified,,5,,0,0,,z,0,268,,z
2022Q4,p,S08000031,,S12000045,,Not Specified,,5,,0,0,,z,5,19,3.8,
2017Q4,,S08000031,,S12000011,,Not Specified,,1,,0,0,,z,5,142,28.4,
2018Q1,,S08000031,,S12000011,,Not Specified,,1,,0,0,,z,0,11,,z
2018Q2,,S08000031,,S12000011,,Not Specified,,1,,0,0,,z,5,66,13.2,
2018Q3,,S08000031,,S12000011,,Not Specified,,1,,0,0,,z,5,5,1,
2018Q4,,S08000031,,S12000011,,Not Specified,,1,,0,0,,z,0,50,,z
2019Q1,,S08000031,,S12000011,,Not Specified,,1,,0,0,,z,5,30,6,
2019Q3,,S08000031,,S12000011,,Not Specified,,1,,0,0,,z,0,0,,z
2020Q3,,S08000031,,S12000011,,Not Specified,,1,,0,0,,z,0,0,,z
2020Q4,,S08000031,,S12000011,,Not Specified,,1,,0,0,,z,5,60,12,
2021Q2,,S08000031,,S12000011,,Not Specified,,1,,0,0,,z,0,5,,z
2021Q3,,S08000031,,S12000011,,Not Specified,,1,,0,0,,z,5,15,3,
2022Q1,,S08000031,,S12000011,,Not Specified,,1,,0,0,,z,5,27,5.4,
2022Q3,,S08000031,,S12000011,,Not Specified,,1,,0,0,,z,0,20,,z
2022Q4,p,S08000031,,S12000011,,Not Specified,,1,,0,0,,z,0,10,,z
2017Q4,,S08000031,,S12000011,,Not Specified,,2,,0,0,,z,5,143,28.6,
2018Q1,,S08000031,,S12000011,,Not Specified,,2,,0,0,,z,5,15,3,
2018Q2,,S08000031,,S12000011,,Not Specified,,2,,0,0,,z,0,5,,z
2018Q3,,S08000031,,S12000011,,Not Specified,,2,,0,0,,z,5,49,9.8,
2018Q4,,S08000031,,S12000011,,Not Specified,,2,,0,0,,z,0,28,,z
2019Q1,,S08000031,,S12000011,,Not Specified,,2,,0,0,,z,5,108,21.6,
2019Q2,,S08000031,,S12000011,,Not Specified,,2,,0,0,,z,0,8,,z
2019Q4,,S08000031,,S12000011,,Not Specified,,2,,0,0,,z,5,10,2,
2020Q1,,S08000031,,S12000011,,Not Specified,,2,,0,0,,z,5,20,4,
2020Q2,,S08000031,,S12000011,,Not Specified,,2,,0,0,,z,0,0,,z
2020Q3,,S08000031,,S12000011,,Not Specified,,2,,0,0,,z,0,5,,z
2020Q4,,S08000031,,S12000011,,Not Specified,,2,,0,0,,z,5,86,17.2,
2021Q1,,S08000031,,S12000011,,Not Specified,,2,,0,0,,z,5,47,9.4,
2021Q2,,S08000031,,S12000011,,Not Specified,,2,,0,0,,z,0,7,,z
2021Q3,,S08000031,,S12000011,,Not Specified,,2,,0,0,,z,5,12,2.4,
2021Q4,,S08000031,,S12000011,,Not Specified,,2,,0,0,,z,0,24,,z
2022Q1,,S08000031,,S12000011,,Not Specified,,2,,0,0,,z,0,12,,z
2022Q2,,S08000031,,S12000011,,Not Specified,,2,,0,0,,z,5,23,4.6,
2022Q3,,S08000031,,S12000011,,Not Specified,,2,,0,0,,z,5,26,5.2,
2022Q4,p,S08000031,,S12000011,,Not Specified,,2,,0,0,,z,0,7,,z
2017Q4,,S08000031,,S12000011,,Not Specified,,3,,0,0,,z,0,22,,z
2018Q3,,S08000031,,S12000011,,Not Specified,,3,,0,0,,z,5,18,3.6,
2018Q4,,S08000031,,S12000011,,Not Specified,,3,,0,0,,z,5,5,1,
2019Q1,,S08000031,,S12000011,,Not Specified,,3,,0,0,,z,5,10,2,
2019Q2,,S08000031,,S12000011,,Not Specified,,3,,0,0,,z,5,57,11.4,
2019Q3,,S08000031,,S12000011,,Not Specified,,3,,0,0,,z,0,11,,z
2019Q4,,S08000031,,S12000011,,Not Specified,,3,,0,0,,z,0,42,,z
2020Q1,,S08000031,,S12000011,,Not Specified,,3,,0,0,,z,0,83,,z
2020Q2,,S08000031,,S12000011,,Not Specified,,3,,0,0,,z,0,20,,z
2020Q3,,S08000031,,S12000011,,Not Specified,,3,,0,0,,z,0,5,,z
2020Q4,,S08000031,,S12000011,,Not Specified,,3,,0,0,,z,0,14,,z
2021Q1,,S08000031,,S12000011,,Not Specified,,3,,0,0,,z,0,17,,z
2021Q2,,S08000031,,S12000011,,Not Specified,,3,,0,0,,z,0,7,,z
2022Q1,,S08000031,,S12000011,,Not Specified,,3,,0,0,,z,0,7,,z
2022Q2,,S08000031,,S12000011,,Not Specified,,3,,0,0,,z,0,27,,z
2022Q3,,S08000031,,S12000011,,Not Specified,,3,,0,0,,z,0,20,,z
2022Q4,p,S08000031,,S12000011,,Not Specified,,3,,0,0,,z,5,0,0,
2017Q4,,S08000031,,S12000011,,Not Specified,,4,,0,0,,z,5,73,14.6,
2018Q1,,S08000031,,S12000011,,Not Specified,,4,,0,0,,z,5,58,11.6,
2018Q2,,S08000031,,S12000011,,Not Specified,,4,,0,0,,z,5,94,18.8,
2018Q3,,S08000031,,S12000011,,Not Specified,,4,,0,0,,z,0,5,,z
2018Q4,,S08000031,,S12000011,,Not Specified,,4,,0,0,,z,0,24,,z
2019Q1,,S08000031,,S12000011,,Not Specified,,4,,0,0,,z,0,5,,z
2019Q2,,S08000031,,S12000011,,Not Specified,,4,,0,0,,z,0,945,,z
2019Q4,,S08000031,,S12000011,,Not Specified,,4,,0,0,,z,5,14,2.8,
2020Q1,,S08000031,,S12000011,,Not Specified,,4,,0,0,,z,12,54,4.5,
2020Q2,,S08000031,,S12000011,,Not Specified,,4,,0,0,,z,0,5,,z
2020Q3,,S08000031,,S12000011,,Not Specified,,4,,0,0,,z,0,31,,z
2020Q4,,S08000031,,S12000011,,Not Specified,,4,,0,0,,z,0,14,,z
2021Q1,,S08000031,,S12000011,,Not Specified,,4,,0,0,,z,5,12,2.4,
2021Q2,,S08000031,,S12000011,,Not Specified,,4,,0,0,,z,5,31,6.2,
2021Q3,,S08000031,,S12000011,,Not Specified,,4,,0,0,,z,0,5,,z
2021Q4,,S08000031,,S12000011,,Not Specified,,4,,0,0,,z,0,10,,z
2022Q1,,S08000031,,S12000011,,Not Specified,,4,,0,0,,z,5,33,6.6,
2022Q2,,S08000031,,S12000011,,Not Specified,,4,,0,0,,z,5,27,5.4,
2022Q4,p,S08000031,,S12000011,,Not Specified,,4,,0,0,,z,5,90,18,
2017Q4,,S08000031,,S12000011,,Not Specified,,5,,0,0,,z,5,73,14.6,
2018Q1,,S08000031,,S12000011,,Not Specified,,5,,0,0,,z,15,170,11.3333333333333,
2018Q2,,S08000031,,S12000011,,Not Specified,,5,,0,0,,z,13,91,7,
2018Q3,,S08000031,,S12000011,,Not Specified,,5,,0,0,,z,5,76,15.2,
2018Q4,,S08000031,,S12000011,,Not Specified,,5,,0,0,,z,10,159,15.9,
2019Q1,,S08000031,,S12000011,,Not Specified,,5,,0,0,,z,5,101,20.2,
2019Q2,,S08000031,,S12000011,,Not Specified,,5,,0,0,,z,5,38,7.6,
2019Q3,,S08000031,,S12000011,,Not Specified,,5,,0,0,,z,5,284,56.8,
2019Q4,,S08000031,,S12000011,,Not Specified,,5,,0,0,,z,10,20,2,
2020Q1,,S08000031,,S12000011,,Not Specified,,5,,0,0,,z,5,5,1,
2020Q2,,S08000031,,S12000011,,Not Specified,,5,,0,0,,z,5,194,38.8,
2020Q3,,S08000031,,S12000011,,Not Specified,,5,,0,0,,z,10,45,4.5,
2020Q4,,S08000031,,S12000011,,Not Specified,,5,,0,0,,z,0,0,,z
2021Q1,,S08000031,,S12000011,,Not Specified,,5,,0,0,,z,5,23,4.6,
2021Q2,,S08000031,,S12000011,,Not Specified,,5,,0,0,,z,5,15,3,
2021Q3,,S08000031,,S12000011,,Not Specified,,5,,0,0,,z,5,44,8.8,
2021Q4,,S08000031,,S12000011,,Not Specified,,5,,0,0,,z,5,10,2,
2022Q1,,S08000031,,S12000011,,Not Specified,,5,,0,0,,z,5,43,8.6,
2022Q2,,S08000031,,S12000011,,Not Specified,,5,,0,0,,z,5,58,11.6,
2022Q3,,S08000031,,S12000011,,Not Specified,,5,,0,0,,z,5,172,34.4,
2022Q4,p,S08000031,,S12000011,,Not Specified,,5,,0,0,,z,0,11,,z
2018Q3,,S08000031,,S12000011,,Not Specified,,,:,0,0,,z,0,0,,z
2017Q4,,S08000031,,S12000049,,Not Specified,,1,,0,0,,z,44,798,18.1363636363636,
2018Q1,,S08000031,,S12000049,,Not Specified,,1,,0,0,,z,73,3458,47.3698630136986,
2018Q2,,S08000031,,S12000049,,Not Specified,,1,,0,0,,z,59,1548,26.2372881355932,
2018Q3,,S08000031,,S12000049,,Not Specified,,1,,0,0,,z,45,447,9.93333333333333,
2018Q4,,S08000031,,S12000049,,Not Specified,,1,,0,0,,z,64,908,14.1875,
2019Q1,,S08000031,,S12000049,,Not Specified,,1,,0,0,,z,55,380,6.90909090909091,
2019Q2,,S08000031,,S12000049,,Not Specified,,1,,0,0,,z,49,883,18.0204081632653,
2019Q3,,S08000031,,S12000049,,Not Specified,,1,,0,0,,z,49,459,9.36734693877551,
2019Q4,,S08000031,,S12000049,,Not Specified,,1,,0,0,,z,56,590,10.5357142857143,
2020Q1,,S08000031,,S12000049,,Not Specified,,1,,0,0,,z,46,347,7.54347826086957,
2020Q2,,S08000031,,S12000049,,Not Specified,,1,,0,0,,z,36,308,8.55555555555556,
2020Q3,,S08000031,,S12000049,,Not Specified,,1,,0,0,,z,33,206,6.24242424242424,
2020Q4,,S08000031,,S12000049,,Not Specified,,1,,0,0,,z,31,1810,58.3870967741936,
2021Q1,,S08000031,,S12000049,,Not Specified,,1,,0,0,,z,32,166,5.1875,
2021Q2,,S08000031,,S12000049,,Not Specified,,1,,0,0,,z,32,345,10.78125,
2021Q3,,S08000031,,S12000049,,Not Specified,,1,,0,0,,z,46,413,8.97826086956522,
2021Q4,,S08000031,,S12000049,,Not Specified,,1,,0,0,,z,34,198,5.8235294117647,
2022Q1,,S08000031,,S12000049,,Not Specified,,1,,0,0,,z,39,397,10.1794871794872,
2022Q2,,S08000031,,S12000049,,Not Specified,,1,,0,0,,z,41,289,7.04878048780488,
2022Q3,,S08000031,,S12000049,,Not Specified,,1,,0,0,,z,42,354,8.42857142857143,
2022Q4,p,S08000031,,S12000049,,Not Specified,,1,,0,0,,z,55,647,11.7636363636364,
2017Q4,,S08000031,,S12000049,,Not Specified,,2,,0,0,,z,25,397,15.88,
2018Q1,,S08000031,,S12000049,,Not Specified,,2,,0,0,,z,19,348,18.3157894736842,
2018Q2,,S08000031,,S12000049,,Not Specified,,2,,0,0,,z,27,233,8.62962962962963,
2018Q3,,S08000031,,S12000049,,Not Specified,,2,,0,0,,z,15,174,11.6,
2018Q4,,S08000031,,S12000049,,Not Specified,,2,,0,0,,z,12,127,10.5833333333333,
2019Q1,,S08000031,,S12000049,,Not Specified,,2,,0,0,,z,16,269,16.8125,
2019Q2,,S08000031,,S12000049,,Not Specified,,2,,0,0,,z,21,141,6.71428571428571,
2019Q3,,S08000031,,S12000049,,Not Specified,,2,,0,0,,z,13,3070,236.153846153846,
2019Q4,,S08000031,,S12000049,,Not Specified,,2,,0,0,,z,15,145,9.66666666666667,
2020Q1,,S08000031,,S12000049,,Not Specified,,2,,0,0,,z,17,2754,162,
2020Q2,,S08000031,,S12000049,,Not Specified,,2,,0,0,,z,11,97,8.81818181818182,
2020Q3,,S08000031,,S12000049,,Not Specified,,2,,0,0,,z,13,118,9.07692307692308,
2020Q4,,S08000031,,S12000049,,Not Specified,,2,,0,0,,z,10,21,2.1,
2021Q1,,S08000031,,S12000049,,Not Specified,,2,,0,0,,z,10,55,5.5,
2021Q2,,S08000031,,S12000049,,Not Specified,,2,,0,0,,z,12,394,32.8333333333333,
2021Q3,,S08000031,,S12000049,,Not Specified,,2,,0,0,,z,13,258,19.8461538461538,
2021Q4,,S08000031,,S12000049,,Not Specified,,2,,0,0,,z,5,37,7.4,
2022Q1,,S08000031,,S12000049,,Not Specified,,2,,0,0,,z,11,83,7.54545454545455,
2022Q2,,S08000031,,S12000049,,Not Specified,,2,,0,0,,z,10,56,5.6,
2022Q3,,S08000031,,S12000049,,Not Specified,,2,,0,0,,z,11,98,8.90909090909091,
2022Q4,p,S08000031,,S12000049,,Not Specified,,2,,0,0,,z,16,218,13.625,
2017Q4,,S08000031,,S12000049,,Not Specified,,3,,0,0,,z,5,44,8.8,
2018Q1,,S08000031,,S12000049,,Not Specified,,3,,0,0,,z,17,200,11.7647058823529,
2018Q2,,S08000031,,S12000049,,Not Specified,,3,,0,0,,z,15,221,14.7333333333333,
2018Q3,,S08000031,,S12000049,,Not Specified,,3,,0,0,,z,11,83,7.54545454545455,
2018Q4,,S08000031,,S12000049,,Not Specified,,3,,0,0,,z,10,57,5.7,
2019Q1,,S08000031,,S12000049,,Not Specified,,3,,0,0,,z,10,152,15.2,
2019Q2,,S08000031,,S12000049,,Not Specified,,3,,0,0,,z,11,72,6.54545454545455,
2019Q3,,S08000031,,S12000049,,Not Specified,,3,,0,0,,z,10,75,7.5,
2019Q4,,S08000031,,S12000049,,Not Specified,,3,,0,0,,z,10,62,6.2,
2020Q1,,S08000031,,S12000049,,Not Specified,,3,,0,0,,z,11,134,12.1818181818182,
2020Q2,,S08000031,,S12000049,,Not Specified,,3,,0,0,,z,11,70,6.36363636363636,
2020Q3,,S08000031,,S12000049,,Not Specified,,3,,0,0,,z,5,9,1.8,
2020Q4,,S08000031,,S12000049,,Not Specified,,3,,0,0,,z,5,61,12.2,
2021Q1,,S08000031,,S12000049,,Not Specified,,3,,0,0,,z,5,47,9.4,
2021Q2,,S08000031,,S12000049,,Not Specified,,3,,0,0,,z,5,66,13.2,
2021Q3,,S08000031,,S12000049,,Not Specified,,3,,0,0,,z,10,52,5.2,
2021Q4,,S08000031,,S12000049,,Not Specified,,3,,0,0,,z,5,55,11,
2022Q1,,S08000031,,S12000049,,Not Specified,,3,,0,0,,z,10,118,11.8,
2022Q2,,S08000031,,S12000049,,Not Specified,,3,,0,0,,z,11,132,12,
2022Q3,,S08000031,,S12000049,,Not Specified,,3,,0,0,,z,5,18,3.6,
2022Q4,p,S08000031,,S12000049,,Not Specified,,3,,0,0,,z,10,36,3.6,
2017Q4,,S08000031,,S12000049,,Not Specified,,4,,0,0,,z,17,134,7.88235294117647,
2018Q1,,S08000031,,S12000049,,Not Specified,,4,,0,0,,z,10,83,8.3,
2018Q2,,S08000031,,S12000049,,Not Specified,,4,,0,0,,z,10,169,16.9,
2018Q3,,S08000031,,S12000049,,Not Specified,,4,,0,0,,z,10,101,10.1,
2018Q4,,S08000031,,S12000049,,Not Specified,,4,,0,0,,z,10,54,5.4,
2019Q1,,S08000031,,S12000049,,Not Specified,,4,,0,0,,z,10,37,3.7,
2019Q2,,S08000031,,S12000049,,Not Specified,,4,,0,0,,z,10,38,3.8,
2019Q3,,S08000031,,S12000049,,Not Specified,,4,,0,0,,z,10,108,10.8,
2019Q4,,S08000031,,S12000049,,Not Specified,,4,,0,0,,z,5,25,5,
2020Q1,,S08000031,,S12000049,,Not Specified,,4,,0,0,,z,10,55,5.5,
2020Q2,,S08000031,,S12000049,,Not Specified,,4,,0,0,,z,10,34,3.4,
2020Q3,,S08000031,,S12000049,,Not Specified,,4,,0,0,,z,5,46,9.2,
2020Q4,,S08000031,,S12000049,,Not Specified,,4,,0,0,,z,5,13,2.6,
2021Q1,,S08000031,,S12000049,,Not Specified,,4,,0,0,,z,0,0,,z
2021Q2,,S08000031,,S12000049,,Not Specified,,4,,0,0,,z,5,39,7.8,
2021Q3,,S08000031,,S12000049,,Not Specified,,4,,0,0,,z,5,30,6,
2021Q4,,S08000031,,S12000049,,Not Specified,,4,,0,0,,z,5,32,6.4,
2022Q1,,S08000031,,S12000049,,Not Specified,,4,,0,0,,z,10,44,4.4,
2022Q2,,S08000031,,S12000049,,Not Specified,,4,,0,0,,z,5,63,12.6,
2022Q3,,S08000031,,S12000049,,Not Specified,,4,,0,0,,z,5,26,5.2,
2022Q4,p,S08000031,,S12000049,,Not Specified,,4,,0,0,,z,10,61,6.1,
2017Q4,,S08000031,,S12000049,,Not Specified,,5,,0,0,,z,10,131,13.1,
2018Q1,,S08000031,,S12000049,,Not Specified,,5,,0,0,,z,11,90,8.18181818181818,
2018Q2,,S08000031,,S12000049,,Not Specified,,5,,0,0,,z,5,136,27.2,
2018Q3,,S08000031,,S12000049,,Not Specified,,5,,0,0,,z,10,63,6.3,
2018Q4,,S08000031,,S12000049,,Not Specified,,5,,0,0,,z,11,196,17.8181818181818,
2019Q1,,S08000031,,S12000049,,Not Specified,,5,,0,0,,z,14,256,18.2857142857143,
2019Q2,,S08000031,,S12000049,,Not Specified,,5,,0,0,,z,5,10,2,
2019Q3,,S08000031,,S12000049,,Not Specified,,5,,0,0,,z,5,8,1.6,
2019Q4,,S08000031,,S12000049,,Not Specified,,5,,0,0,,z,10,140,14,
2020Q1,,S08000031,,S12000049,,Not Specified,,5,,0,0,,z,5,30,6,
2020Q2,,S08000031,,S12000049,,Not Specified,,5,,0,0,,z,5,448,89.6,
2020Q3,,S08000031,,S12000049,,Not Specified,,5,,0,0,,z,5,5,1,
2020Q4,,S08000031,,S12000049,,Not Specified,,5,,0,0,,z,5,44,8.8,
2021Q1,,S08000031,,S12000049,,Not Specified,,5,,0,0,,z,0,11,,z
2021Q2,,S08000031,,S12000049,,Not Specified,,5,,0,0,,z,0,20,,z
2021Q3,,S08000031,,S12000049,,Not Specified,,5,,0,0,,z,5,11,2.2,
2021Q4,,S08000031,,S12000049,,Not Specified,,5,,0,0,,z,10,52,5.2,
2022Q1,,S08000031,,S12000049,,Not Specified,,5,,0,0,,z,5,27,5.4,
2022Q2,,S08000031,,S12000049,,Not Specified,,5,,0,0,,z,5,25,5,
2022Q3,,S08000031,,S12000049,,Not Specified,,5,,0,0,,z,5,71,14.2,
2022Q4,p,S08000031,,S12000049,,Not Specified,,5,,0,0,,z,5,32,6.4,
2017Q4,,S08000031,,S12000018,,Not Specified,,1,,0,0,,z,5,584,116.8,
2018Q1,,S08000031,,S12000018,,Not Specified,,1,,0,0,,z,12,210,17.5,
2018Q2,,S08000031,,S12000018,,Not Specified,,1,,0,0,,z,5,27,5.4,
2018Q3,,S08000031,,S12000018,,Not Specified,,1,,0,0,,z,10,103,10.3,
2018Q4,,S08000031,,S12000018,,Not Specified,,1,,0,0,,z,10,174,17.4,
2019Q1,,S08000031,,S12000018,,Not Specified,,1,,0,0,,z,5,192,38.4,
2019Q2,,S08000031,,S12000018,,Not Specified,,1,,0,0,,z,5,5,1,
2019Q3,,S08000031,,S12000018,,Not Specified,,1,,0,0,,z,0,9,,z
2019Q4,,S08000031,,S12000018,,Not Specified,,1,,0,0,,z,0,0,,z
2020Q1,,S08000031,,S12000018,,Not Specified,,1,,0,0,,z,0,0,,z
2020Q2,,S08000031,,S12000018,,Not Specified,,1,,0,0,,z,5,35,7,
2020Q3,,S08000031,,S12000018,,Not Specified,,1,,0,0,,z,0,31,,z
2020Q4,,S08000031,,S12000018,,Not Specified,,1,,0,0,,z,5,64,12.8,
2021Q1,,S08000031,,S12000018,,Not Specified,,1,,0,0,,z,5,12,2.4,
2021Q2,,S08000031,,S12000018,,Not Specified,,1,,0,0,,z,0,6,,z
2021Q3,,S08000031,,S12000018,,Not Specified,,1,,0,0,,z,5,40,8,
2021Q4,,S08000031,,S12000018,,Not Specified,,1,,0,0,,z,5,38,7.6,
2022Q1,,S08000031,,S12000018,,Not Specified,,1,,0,0,,z,5,24,4.8,
2022Q2,,S08000031,,S12000018,,Not Specified,,1,,0,0,,z,5,191,38.2,
2022Q3,,S08000031,,S12000018,,Not Specified,,1,,0,0,,z,0,15,,z
2022Q4,p,S08000031,,S12000018,,Not Specified,,1,,0,0,,z,5,111,22.2,
2017Q4,,S08000031,,S12000018,,Not Specified,,2,,0,0,,z,5,17,3.4,
2018Q2,,S08000031,,S12000018,,Not Specified,,2,,0,0,,z,5,15,3,
2018Q3,,S08000031,,S12000018,,Not Specified,,2,,0,0,,z,5,30,6,
2018Q4,,S08000031,,S12000018,,Not Specified,,2,,0,0,,z,0,5,,z
2019Q2,,S08000031,,S12000018,,Not Specified,,2,,0,0,,z,0,14,,z
2020Q1,,S08000031,,S12000018,,Not Specified,,2,,0,0,,z,0,0,,z
2020Q2,,S08000031,,S12000018,,Not Specified,,2,,0,0,,z,0,15,,z
2020Q4,,S08000031,,S12000018,,Not Specified,,2,,0,0,,z,0,5,,z
2022Q1,,S08000031,,S12000018,,Not Specified,,2,,0,0,,z,0,65,,z
2022Q2,,S08000031,,S12000018,,Not Specified,,2,,0,0,,z,0,15,,z
2022Q3,,S08000031,,S12000018,,Not Specified,,2,,0,0,,z,5,102,20.4,
2017Q4,,S08000031,,S12000018,,Not Specified,,3,,0,0,,z,0,6,,z
2018Q1,,S08000031,,S12000018,,Not Specified,,3,,0,0,,z,0,5,,z
2018Q2,,S08000031,,S12000018,,Not Specified,,3,,0,0,,z,5,19,3.8,
2018Q3,,S08000031,,S12000018,,Not Specified,,3,,0,0,,z,0,5,,z
2018Q4,,S08000031,,S12000018,,Not Specified,,3,,0,0,,z,5,52,10.4,
2019Q2,,S08000031,,S12000018,,Not Specified,,3,,0,0,,z,0,8,,z
2019Q3,,S08000031,,S12000018,,Not Specified,,3,,0,0,,z,0,5,,z
2019Q4,,S08000031,,S12000018,,Not Specified,,3,,0,0,,z,0,5,,z
2020Q1,,S08000031,,S12000018,,Not Specified,,3,,0,0,,z,0,9,,z
2020Q4,,S08000031,,S12000018,,Not Specified,,3,,0,0,,z,0,0,,z
2021Q1,,S08000031,,S12000018,,Not Specified,,3,,0,0,,z,0,112,,z
2021Q3,,S08000031,,S12000018,,Not Specified,,3,,0,0,,z,0,15,,z
2022Q1,,S08000031,,S12000018,,Not Specified,,3,,0,0,,z,0,11,,z
2022Q2,,S08000031,,S12000018,,Not Specified,,3,,0,0,,z,0,17,,z
2022Q3,,S08000031,,S12000018,,Not Specified,,3,,0,0,,z,0,5,,z
2022Q4,p,S08000031,,S12000018,,Not Specified,,3,,0,0,,z,0,15,,z
2017Q4,,S08000031,,S12000018,,Not Specified,,4,,0,0,,z,5,5,1,
2018Q2,,S08000031,,S12000018,,Not Specified,,4,,0,0,,z,0,32,,z
2018Q3,,S08000031,,S12000018,,Not Specified,,4,,0,0,,z,5,49,9.8,
2018Q4,,S08000031,,S12000018,,Not Specified,,4,,0,0,,z,0,36,,z
2019Q1,,S08000031,,S12000018,,Not Specified,,4,,0,0,,z,0,5,,z
2020Q3,,S08000031,,S12000018,,Not Specified,,4,,0,0,,z,0,20,,z
2021Q3,,S08000031,,S12000018,,Not Specified,,4,,0,0,,z,0,0,,z
2022Q3,,S08000031,,S12000018,,Not Specified,,4,,0,0,,z,0,20,,z
2022Q4,p,S08000031,,S12000018,,Not Specified,,4,,0,0,,z,5,16,3.2,
2017Q4,,S08000031,,S12000018,,Not Specified,,5,,0,0,,z,5,46,9.2,
2018Q1,,S08000031,,S12000018,,Not Specified,,5,,0,0,,z,5,36,7.2,
2018Q2,,S08000031,,S12000018,,Not Specified,,5,,0,0,,z,0,10,,z
2018Q3,,S08000031,,S12000018,,Not Specified,,5,,0,0,,z,5,45,9,
2018Q4,,S08000031,,S12000018,,Not Specified,,5,,0,0,,z,5,15,3,
2019Q1,,S08000031,,S12000018,,Not Specified,,5,,0,0,,z,5,15,3,
2019Q2,,S08000031,,S12000018,,Not Specified,,5,,0,0,,z,0,0,,z
2019Q3,,S08000031,,S12000018,,Not Specified,,5,,0,0,,z,0,12,,z
2019Q4,,S08000031,,S12000018,,Not Specified,,5,,0,0,,z,0,0,,z
2020Q2,,S08000031,,S12000018,,Not Specified,,5,,0,0,,z,0,8,,z
2020Q3,,S08000031,,S12000018,,Not Specified,,5,,0,0,,z,0,0,,z
2021Q1,,S08000031,,S12000018,,Not Specified,,5,,0,0,,z,0,35,,z
2021Q4,,S08000031,,S12000018,,Not Specified,,5,,0,0,,z,0,51,,z
2022Q2,,S08000031,,S12000018,,Not Specified,,5,,0,0,,z,0,5,,z
2022Q4,p,S08000031,,S12000018,,Not Specified,,5,,0,0,,z,0,37,,z
2017Q4,,S08000031,,S08000031,d,Not Specified,,1,,0,0,,z,86,1755,20.406976744186,
2018Q1,,S08000031,,S08000031,d,Not Specified,,1,,0,0,,z,125,3878,31.024,
2018Q2,,S08000031,,S08000031,d,Not Specified,,1,,0,0,,z,100,1830,18.3,
2018Q3,,S08000031,,S08000031,d,Not Specified,,1,,0,0,,z,88,747,8.48863636363636,
2018Q4,,S08000031,,S08000031,d,Not Specified,,1,,0,0,,z,89,1241,13.9438202247191,
2019Q1,,S08000031,,S08000031,d,Not Specified,,1,,0,0,,z,93,1200,12.9032258064516,
2019Q2,,S08000031,,S08000031,d,Not Specified,,1,,0,0,,z,72,1029,14.2916666666667,
2019Q3,,S08000031,,S08000031,d,Not Specified,,1,,0,0,,z,71,657,9.25352112676056,
2019Q4,,S08000031,,S08000031,d,Not Specified,,1,,0,0,,z,71,708,9.97183098591549,
2020Q1,,S08000031,,S08000031,d,Not Specified,,1,,0,0,,z,70,567,8.1,
2020Q2,,S08000031,,S08000031,d,Not Specified,,1,,0,0,,z,63,599,9.50793650793651,
2020Q3,,S08000031,,S08000031,d,Not Specified,,1,,0,0,,z,51,387,7.58823529411765,
2020Q4,,S08000031,,S08000031,d,Not Specified,,1,,0,0,,z,61,2190,35.9016393442623,
2021Q1,,S08000031,,S08000031,d,Not Specified,,1,,0,0,,z,50,368,7.36,
2021Q2,,S08000031,,S08000031,d,Not Specified,,1,,0,0,,z,55,648,11.7818181818182,
2021Q3,,S08000031,,S08000031,d,Not Specified,,1,,0,0,,z,79,706,8.93670886075949,
2021Q4,,S08000031,,S08000031,d,Not Specified,,1,,0,0,,z,47,394,8.38297872340426,
2022Q1,,S08000031,,S08000031,d,Not Specified,,1,,0,0,,z,82,902,11,
2022Q2,,S08000031,,S08000031,d,Not Specified,,1,,0,0,,z,79,780,9.87341772151899,
2022Q3,,S08000031,,S08000031,d,Not Specified,,1,,0,0,,z,69,768,11.1304347826087,
2022Q4,p,S08000031,,S08000031,d,Not Specified,,1,,0,0,,z,80,1036,12.95,
2017Q4,,S08000031,,S08000031,d,Not Specified,,2,,0,0,,z,66,728,11.030303030303,
2018Q1,,S08000031,,S08000031,d,Not Specified,,2,,0,0,,z,58,822,14.1724137931034,
2018Q2,,S08000031,,S08000031,d,Not Specified,,2,,0,0,,z,63,520,8.25396825396825,
2018Q3,,S08000031,,S08000031,d,Not Specified,,2,,0,0,,z,52,569,10.9423076923077,
2018Q4,,S08000031,,S08000031,d,Not Specified,,2,,0,0,,z,34,355,10.4411764705882,
2019Q1,,S08000031,,S08000031,d,Not Specified,,2,,0,0,,z,45,582,12.9333333333333,
2019Q2,,S08000031,,S08000031,d,Not Specified,,2,,0,0,,z,41,498,12.1463414634146,
2019Q3,,S08000031,,S08000031,d,Not Specified,,2,,0,0,,z,30,3205,106.833333333333,
2019Q4,,S08000031,,S08000031,d,Not Specified,,2,,0,0,,z,42,331,7.88095238095238,
2020Q1,,S08000031,,S08000031,d,Not Specified,,2,,0,0,,z,33,2973,90.0909090909091,
2020Q2,,S08000031,,S08000031,d,Not Specified,,2,,0,0,,z,24,272,11.3333333333333,
2020Q3,,S08000031,,S08000031,d,Not Specified,,2,,0,0,,z,29,283,9.75862068965517,
2020Q4,,S08000031,,S08000031,d,Not Specified,,2,,0,0,,z,32,378,11.8125,
2021Q1,,S08000031,,S08000031,d,Not Specified,,2,,0,0,,z,24,401,16.7083333333333,
2021Q2,,S08000031,,S08000031,d,Not Specified,,2,,0,0,,z,28,441,15.75,
2021Q3,,S08000031,,S08000031,d,Not Specified,,2,,0,0,,z,32,390,12.1875,
2021Q4,,S08000031,,S08000031,d,Not Specified,,2,,0,0,,z,19,145,7.63157894736842,
2022Q1,,S08000031,,S08000031,d,Not Specified,,2,,0,0,,z,43,591,13.7441860465116,
2022Q2,,S08000031,,S08000031,d,Not Specified,,2,,0,0,,z,31,181,5.83870967741935,
2022Q3,,S08000031,,S08000031,d,Not Specified,,2,,0,0,,z,24,320,13.3333333333333,
2022Q4,p,S08000031,,S08000031,d,Not Specified,,2,,0,0,,z,35,800,22.8571428571429,
2017Q4,,S08000031,,S08000031,d,Not Specified,,3,,0,0,,z,33,265,8.03030303030303,
2018Q1,,S08000031,,S08000031,d,Not Specified,,3,,0,0,,z,35,439,12.5428571428571,
2018Q2,,S08000031,,S08000031,d,Not Specified,,3,,0,0,,z,40,456,11.4,
2018Q3,,S08000031,,S08000031,d,Not Specified,,3,,0,0,,z,29,295,10.1724137931034,
2018Q4,,S08000031,,S08000031,d,Not Specified,,3,,0,0,,z,27,284,10.5185185185185,
2019Q1,,S08000031,,S08000031,d,Not Specified,,3,,0,0,,z,21,215,10.2380952380952,
2019Q2,,S08000031,,S08000031,d,Not Specified,,3,,0,0,,z,29,343,11.8275862068966,
2019Q3,,S08000031,,S08000031,d,Not Specified,,3,,0,0,,z,18,123,6.83333333333333,
2019Q4,,S08000031,,S08000031,d,Not Specified,,3,,0,0,,z,17,230,13.5294117647059,
2020Q1,,S08000031,,S08000031,d,Not Specified,,3,,0,0,,z,27,384,14.2222222222222,
2020Q2,,S08000031,,S08000031,d,Not Specified,,3,,0,0,,z,22,207,9.40909090909091,
2020Q3,,S08000031,,S08000031,d,Not Specified,,3,,0,0,,z,11,41,3.72727272727273,
2020Q4,,S08000031,,S08000031,d,Not Specified,,3,,0,0,,z,13,122,9.38461538461539,
2021Q1,,S08000031,,S08000031,d,Not Specified,,3,,0,0,,z,18,339,18.8333333333333,
2021Q2,,S08000031,,S08000031,d,Not Specified,,3,,0,0,,z,13,388,29.8461538461538,
2021Q3,,S08000031,,S08000031,d,Not Specified,,3,,0,0,,z,17,110,6.47058823529412,
2021Q4,,S08000031,,S08000031,d,Not Specified,,3,,0,0,,z,17,182,10.7058823529412,
2022Q1,,S08000031,,S08000031,d,Not Specified,,3,,0,0,,z,27,273,10.1111111111111,
2022Q2,,S08000031,,S08000031,d,Not Specified,,3,,0,0,,z,27,378,14,
2022Q3,,S08000031,,S08000031,d,Not Specified,,3,,0,0,,z,21,141,6.71428571428571,
2022Q4,p,S08000031,,S08000031,d,Not Specified,,3,,0,0,,z,25,114,4.56,
2017Q4,,S08000031,,S08000031,d,Not Specified,,4,,0,0,,z,40,406,10.15,
2018Q1,,S08000031,,S08000031,d,Not Specified,,4,,0,0,,z,33,340,10.3030303030303,
2018Q2,,S08000031,,S08000031,d,Not Specified,,4,,0,0,,z,27,405,15,
2018Q3,,S08000031,,S08000031,d,Not Specified,,4,,0,0,,z,23,282,12.2608695652174,
2018Q4,,S08000031,,S08000031,d,Not Specified,,4,,0,0,,z,19,205,10.7894736842105,
2019Q1,,S08000031,,S08000031,d,Not Specified,,4,,0,0,,z,24,235,9.79166666666667,
2019Q2,,S08000031,,S08000031,d,Not Specified,,4,,0,0,,z,21,1110,52.8571428571429,
2019Q3,,S08000031,,S08000031,d,Not Specified,,4,,0,0,,z,17,500,29.4117647058824,
2019Q4,,S08000031,,S08000031,d,Not Specified,,4,,0,0,,z,17,68,4,
2020Q1,,S08000031,,S08000031,d,Not Specified,,4,,0,0,,z,27,125,4.62962962962963,
2020Q2,,S08000031,,S08000031,d,Not Specified,,4,,0,0,,z,16,98,6.125,
2020Q3,,S08000031,,S08000031,d,Not Specified,,4,,0,0,,z,17,256,15.0588235294118,
2020Q4,,S08000031,,S08000031,d,Not Specified,,4,,0,0,,z,15,80,5.33333333333333,
2021Q1,,S08000031,,S08000031,d,Not Specified,,4,,0,0,,z,11,47,4.27272727272727,
2021Q2,,S08000031,,S08000031,d,Not Specified,,4,,0,0,,z,16,134,8.375,
2021Q3,,S08000031,,S08000031,d,Not Specified,,4,,0,0,,z,16,328,20.5,
2021Q4,,S08000031,,S08000031,d,Not Specified,,4,,0,0,,z,16,208,13,
2022Q1,,S08000031,,S08000031,d,Not Specified,,4,,0,0,,z,20,248,12.4,
2022Q2,,S08000031,,S08000031,d,Not Specified,,4,,0,0,,z,23,234,10.1739130434783,
2022Q3,,S08000031,,S08000031,d,Not Specified,,4,,0,0,,z,21,219,10.4285714285714,
2022Q4,p,S08000031,,S08000031,d,Not Specified,,4,,0,0,,z,28,376,13.4285714285714,
2017Q4,,S08000031,,S08000031,d,Not Specified,,5,,0,0,,z,35,453,12.9428571428571,
2018Q1,,S08000031,,S08000031,d,Not Specified,,5,,0,0,,z,47,453,9.63829787234043,
2018Q2,,S08000031,,S08000031,d,Not Specified,,5,,0,0,,z,38,377,9.92105263157895,
2018Q3,,S08000031,,S08000031,d,Not Specified,,5,,0,0,,z,41,387,9.4390243902439,
2018Q4,,S08000031,,S08000031,d,Not Specified,,5,,0,0,,z,42,544,12.952380952381,
2019Q1,,S08000031,,S08000031,d,Not Specified,,5,,0,0,,z,42,541,12.8809523809524,
2019Q2,,S08000031,,S08000031,d,Not Specified,,5,,0,0,,z,25,143,5.72,
2019Q3,,S08000031,,S08000031,d,Not Specified,,5,,0,0,,z,32,522,16.3125,
2019Q4,,S08000031,,S08000031,d,Not Specified,,5,,0,0,,z,27,225,8.33333333333333,
2020Q1,,S08000031,,S08000031,d,Not Specified,,5,,0,0,,z,23,139,6.04347826086957,
2020Q2,,S08000031,,S08000031,d,Not Specified,,5,,0,0,,z,35,985,28.1428571428571,
2020Q3,,S08000031,,S08000031,d,Not Specified,,5,,0,0,,z,23,132,5.73913043478261,
2020Q4,,S08000031,,S08000031,d,Not Specified,,5,,0,0,,z,17,384,22.5882352941176,
2021Q1,,S08000031,,S08000031,d,Not Specified,,5,,0,0,,z,18,388,21.5555555555556,
2021Q2,,S08000031,,S08000031,d,Not Specified,,5,,0,0,,z,15,91,6.06666666666667,
2021Q3,,S08000031,,S08000031,d,Not Specified,,5,,0,0,,z,18,155,8.61111111111111,
2021Q4,,S08000031,,S08000031,d,Not Specified,,5,,0,0,,z,24,213,8.875,
2022Q1,,S08000031,,S08000031,d,Not Specified,,5,,0,0,,z,31,266,8.58064516129032,
2022Q2,,S08000031,,S08000031,d,Not Specified,,5,,0,0,,z,19,219,11.5263157894737,
2022Q3,,S08000031,,S08000031,d,Not Specified,,5,,0,0,,z,23,589,25.6086956521739,
2022Q4,p,S08000031,,S08000031,d,Not Specified,,5,,0,0,,z,17,124,7.29411764705882,
2018Q3,,S08000031,,S08000031,d,Not Specified,,,:,0,0,,z,0,0,,z
2022Q3,,S08000031,,S08000031,d,Not Specified,,,:,0,0,,z,0,0,,z
2017Q4,,S08000031,,S12000038,,Not Specified,,1,,0,0,,z,15,105,7,
2018Q1,,S08000031,,S12000038,,Not Specified,,1,,0,0,,z,20,127,6.35,
2018Q2,,S08000031,,S12000038,,Not Specified,,1,,0,0,,z,20,130,6.5,
2018Q3,,S08000031,,S12000038,,Not Specified,,1,,0,0,,z,11,100,9.09090909090909,
2018Q4,,S08000031,,S12000038,,Not Specified,,1,,0,0,,z,5,67,13.4,
2019Q1,,S08000031,,S12000038,,Not Specified,,1,,0,0,,z,13,125,9.61538461538461,
2019Q2,,S08000031,,S12000038,,Not Specified,,1,,0,0,,z,11,43,3.90909090909091,
2019Q3,,S08000031,,S12000038,,Not Specified,,1,,0,0,,z,12,115,9.58333333333333,
2019Q4,,S08000031,,S12000038,,Not Specified,,1,,0,0,,z,5,31,6.2,
2020Q1,,S08000031,,S12000038,,Not Specified,,1,,0,0,,z,14,151,10.7857142857143,
2020Q2,,S08000031,,S12000038,,Not Specified,,1,,0,0,,z,10,129,12.9,
2020Q3,,S08000031,,S12000038,,Not Specified,,1,,0,0,,z,5,104,20.8,
2020Q4,,S08000031,,S12000038,,Not Specified,,1,,0,0,,z,16,239,14.9375,
2021Q1,,S08000031,,S12000038,,Not Specified,,1,,0,0,,z,10,139,13.9,
2021Q2,,S08000031,,S12000038,,Not Specified,,1,,0,0,,z,10,87,8.7,
2021Q3,,S08000031,,S12000038,,Not Specified,,1,,0,0,,z,13,124,9.53846153846154,
2021Q4,,S08000031,,S12000038,,Not Specified,,1,,0,0,,z,5,80,16,
2022Q1,,S08000031,,S12000038,,Not Specified,,1,,0,0,,z,28,335,11.9642857142857,
2022Q2,,S08000031,,S12000038,,Not Specified,,1,,0,0,,z,19,173,9.10526315789474,
2022Q3,,S08000031,,S12000038,,Not Specified,,1,,0,0,,z,12,276,23,
2022Q4,p,S08000031,,S12000038,,Not Specified,,1,,0,0,,z,10,133,13.3,
2017Q4,,S08000031,,S12000038,,Not Specified,,2,,0,0,,z,18,99,5.5,
2018Q1,,S08000031,,S12000038,,Not Specified,,2,,0,0,,z,21,312,14.8571428571429,
2018Q2,,S08000031,,S12000038,,Not Specified,,2,,0,0,,z,17,154,9.05882352941176,
2018Q3,,S08000031,,S12000038,,Not Specified,,2,,0,0,,z,21,243,11.5714285714286,
2018Q4,,S08000031,,S12000038,,Not Specified,,2,,0,0,,z,10,131,13.1,
2019Q1,,S08000031,,S12000038,,Not Specified,,2,,0,0,,z,14,93,6.64285714285714,
2019Q2,,S08000031,,S12000038,,Not Specified,,2,,0,0,,z,10,180,18,
2019Q3,,S08000031,,S12000038,,Not Specified,,2,,0,0,,z,10,60,6,
2019Q4,,S08000031,,S12000038,,Not Specified,,2,,0,0,,z,14,144,10.2857142857143,
2020Q1,,S08000031,,S12000038,,Not Specified,,2,,0,0,,z,5,64,12.8,
2020Q2,,S08000031,,S12000038,,Not Specified,,2,,0,0,,z,5,22,4.4,
2020Q3,,S08000031,,S12000038,,Not Specified,,2,,0,0,,z,10,101,10.1,
2020Q4,,S08000031,,S12000038,,Not Specified,,2,,0,0,,z,14,245,17.5,
2021Q1,,S08000031,,S12000038,,Not Specified,,2,,0,0,,z,11,272,24.7272727272727,
2021Q2,,S08000031,,S12000038,,Not Specified,,2,,0,0,,z,5,6,1.2,
2021Q3,,S08000031,,S12000038,,Not Specified,,2,,0,0,,z,10,89,8.9,
2021Q4,,S08000031,,S12000038,,Not Specified,,2,,0,0,,z,5,30,6,
2022Q1,,S08000031,,S12000038,,Not Specified,,2,,0,0,,z,22,214,9.72727272727273,
2022Q2,,S08000031,,S12000038,,Not Specified,,2,,0,0,,z,13,69,5.30769230769231,
2022Q3,,S08000031,,S12000038,,Not Specified,,2,,0,0,,z,5,80,16,
2022Q4,p,S08000031,,S12000038,,Not Specified,,2,,0,0,,z,10,313,31.3,
2017Q4,,S08000031,,S12000038,,Not Specified,,3,,0,0,,z,13,147,11.3076923076923,
2018Q1,,S08000031,,S12000038,,Not Specified,,3,,0,0,,z,5,40,8,
2018Q2,,S08000031,,S12000038,,Not Specified,,3,,0,0,,z,15,200,13.3333333333333,
2018Q3,,S08000031,,S12000038,,Not Specified,,3,,0,0,,z,10,78,7.8,
2018Q4,,S08000031,,S12000038,,Not Specified,,3,,0,0,,z,5,166,33.2,
2019Q1,,S08000031,,S12000038,,Not Specified,,3,,0,0,,z,5,30,6,
2019Q2,,S08000031,,S12000038,,Not Specified,,3,,0,0,,z,5,107,21.4,
2019Q3,,S08000031,,S12000038,,Not Specified,,3,,0,0,,z,5,32,6.4,
2019Q4,,S08000031,,S12000038,,Not Specified,,3,,0,0,,z,5,11,2.2,
2020Q1,,S08000031,,S12000038,,Not Specified,,3,,0,0,,z,5,100,20,
2020Q2,,S08000031,,S12000038,,Not Specified,,3,,0,0,,z,5,77,15.4,
2020Q3,,S08000031,,S12000038,,Not Specified,,3,,0,0,,z,5,27,5.4,
2020Q4,,S08000031,,S12000038,,Not Specified,,3,,0,0,,z,5,33,6.6,
2021Q1,,S08000031,,S12000038,,Not Specified,,3,,0,0,,z,5,122,24.4,
2021Q2,,S08000031,,S12000038,,Not Specified,,3,,0,0,,z,5,233,46.6,
2021Q3,,S08000031,,S12000038,,Not Specified,,3,,0,0,,z,5,43,8.6,
2021Q4,,S08000031,,S12000038,,Not Specified,,3,,0,0,,z,5,83,16.6,
2022Q1,,S08000031,,S12000038,,Not Specified,,3,,0,0,,z,13,130,10,
2022Q2,,S08000031,,S12000038,,Not Specified,,3,,0,0,,z,5,186,37.2,
2022Q3,,S08000031,,S12000038,,Not Specified,,3,,0,0,,z,11,84,7.63636363636364,
2022Q4,p,S08000031,,S12000038,,Not Specified,,3,,0,0,,z,5,49,9.8,
2017Q4,,S08000031,,S12000038,,Not Specified,,4,,0,0,,z,5,50,10,
2018Q1,,S08000031,,S12000038,,Not Specified,,4,,0,0,,z,10,69,6.9,
2018Q2,,S08000031,,S12000038,,Not Specified,,4,,0,0,,z,5,25,5,
2018Q3,,S08000031,,S12000038,,Not Specified,,4,,0,0,,z,10,45,4.5,
2018Q4,,S08000031,,S12000038,,Not Specified,,4,,0,0,,z,5,66,13.2,
2019Q1,,S08000031,,S12000038,,Not Specified,,4,,0,0,,z,5,107,21.4,
2019Q2,,S08000031,,S12000038,,Not Specified,,4,,0,0,,z,5,89,17.8,
2019Q3,,S08000031,,S12000038,,Not Specified,,4,,0,0,,z,5,15,3,
2019Q4,,S08000031,,S12000038,,Not Specified,,4,,0,0,,z,5,17,3.4,
2020Q1,,S08000031,,S12000038,,Not Specified,,4,,0,0,,z,0,0,,z
2020Q2,,S08000031,,S12000038,,Not Specified,,4,,0,0,,z,5,43,8.6,
2020Q3,,S08000031,,S12000038,,Not Specified,,4,,0,0,,z,5,81,16.2,
2020Q4,,S08000031,,S12000038,,Not Specified,,4,,0,0,,z,0,6,,z
2021Q1,,S08000031,,S12000038,,Not Specified,,4,,0,0,,z,5,21,4.2,
2021Q2,,S08000031,,S12000038,,Not Specified,,4,,0,0,,z,0,24,,z
2021Q3,,S08000031,,S12000038,,Not Specified,,4,,0,0,,z,5,256,51.2,
2021Q4,,S08000031,,S12000038,,Not Specified,,4,,0,0,,z,5,135,27,
2022Q1,,S08000031,,S12000038,,Not Specified,,4,,0,0,,z,5,163,32.6,
2022Q2,,S08000031,,S12000038,,Not Specified,,4,,0,0,,z,5,118,23.6,
2022Q3,,S08000031,,S12000038,,Not Specified,,4,,0,0,,z,5,90,18,
2022Q4,p,S08000031,,S12000038,,Not Specified,,4,,0,0,,z,5,90,18,
2017Q4,,S08000031,,S12000038,,Not Specified,,5,,0,0,,z,10,48,4.8,
2018Q1,,S08000031,,S12000038,,Not Specified,,5,,0,0,,z,5,60,12,
2018Q2,,S08000031,,S12000038,,Not Specified,,5,,0,0,,z,10,83,8.3,
2018Q3,,S08000031,,S12000038,,Not Specified,,5,,0,0,,z,11,121,11,
2018Q4,,S08000031,,S12000038,,Not Specified,,5,,0,0,,z,10,83,8.3,
2019Q1,,S08000031,,S12000038,,Not Specified,,5,,0,0,,z,10,68,6.8,
2019Q2,,S08000031,,S12000038,,Not Specified,,5,,0,0,,z,5,30,6,
2019Q3,,S08000031,,S12000038,,Not Specified,,5,,0,0,,z,5,55,11,
2019Q4,,S08000031,,S12000038,,Not Specified,,5,,0,0,,z,5,10,2,
2020Q1,,S08000031,,S12000038,,Not Specified,,5,,0,0,,z,5,55,11,
2020Q2,,S08000031,,S12000038,,Not Specified,,5,,0,0,,z,10,287,28.7,
2020Q3,,S08000031,,S12000038,,Not Specified,,5,,0,0,,z,5,19,3.8,
2020Q4,,S08000031,,S12000038,,Not Specified,,5,,0,0,,z,5,68,13.6,
2021Q1,,S08000031,,S12000038,,Not Specified,,5,,0,0,,z,10,71,7.1,
2021Q2,,S08000031,,S12000038,,Not Specified,,5,,0,0,,z,5,27,5.4,
2021Q3,,S08000031,,S12000038,,Not Specified,,5,,0,0,,z,5,8,1.6,
2021Q4,,S08000031,,S12000038,,Not Specified,,5,,0,0,,z,5,77,15.4,
2022Q1,,S08000031,,S12000038,,Not Specified,,5,,0,0,,z,16,148,9.25,
2022Q2,,S08000031,,S12000038,,Not Specified,,5,,0,0,,z,5,69,13.8,
2022Q3,,S08000031,,S12000038,,Not Specified,,5,,0,0,,z,5,45,9,
2022Q4,p,S08000031,,S12000038,,Not Specified,,5,,0,0,,z,5,25,5,
2017Q4,,S08000031,,S12000039,,Not Specified,,1,,0,0,,z,13,126,9.69230769230769,
2018Q1,,S08000031,,S12000039,,Not Specified,,1,,0,0,,z,17,61,3.58823529411765,
2018Q2,,S08000031,,S12000039,,Not Specified,,1,,0,0,,z,10,59,5.9,
2018Q3,,S08000031,,S12000039,,Not Specified,,1,,0,0,,z,17,89,5.23529411764706,
2018Q4,,S08000031,,S12000039,,Not Specified,,1,,0,0,,z,10,42,4.2,
2019Q1,,S08000031,,S12000039,,Not Specified,,1,,0,0,,z,16,473,29.5625,
2019Q2,,S08000031,,S12000039,,Not Specified,,1,,0,0,,z,5,88,17.6,
2019Q3,,S08000031,,S12000039,,Not Specified,,1,,0,0,,z,5,69,13.8,
2019Q4,,S08000031,,S12000039,,Not Specified,,1,,0,0,,z,5,46,9.2,
2020Q1,,S08000031,,S12000039,,Not Specified,,1,,0,0,,z,10,65,6.5,
2020Q2,,S08000031,,S12000039,,Not Specified,,1,,0,0,,z,12,128,10.6666666666667,
2020Q3,,S08000031,,S12000039,,Not Specified,,1,,0,0,,z,5,37,7.4,
2020Q4,,S08000031,,S12000039,,Not Specified,,1,,0,0,,z,5,15,3,
2021Q1,,S08000031,,S12000039,,Not Specified,,1,,0,0,,z,5,51,10.2,
2021Q2,,S08000031,,S12000039,,Not Specified,,1,,0,0,,z,11,207,18.8181818181818,
2021Q3,,S08000031,,S12000039,,Not Specified,,1,,0,0,,z,11,116,10.5454545454545,
2021Q4,,S08000031,,S12000039,,Not Specified,,1,,0,0,,z,0,78,,z
2022Q1,,S08000031,,S12000039,,Not Specified,,1,,0,0,,z,10,119,11.9,
2022Q2,,S08000031,,S12000039,,Not Specified,,1,,0,0,,z,15,127,8.46666666666667,
2022Q3,,S08000031,,S12000039,,Not Specified,,1,,0,0,,z,10,66,6.6,
2022Q4,p,S08000031,,S12000039,,Not Specified,,1,,0,0,,z,10,135,13.5,
2017Q4,,S08000031,,S12000039,,Not Specified,,2,,0,0,,z,10,64,6.4,
2018Q1,,S08000031,,S12000039,,Not Specified,,2,,0,0,,z,11,139,12.6363636363636,
2018Q2,,S08000031,,S12000039,,Not Specified,,2,,0,0,,z,14,113,8.07142857142857,
2018Q3,,S08000031,,S12000039,,Not Specified,,2,,0,0,,z,5,63,12.6,
2018Q4,,S08000031,,S12000039,,Not Specified,,2,,0,0,,z,10,58,5.8,
2019Q1,,S08000031,,S12000039,,Not Specified,,2,,0,0,,z,5,68,13.6,
2019Q2,,S08000031,,S12000039,,Not Specified,,2,,0,0,,z,5,147,29.4,
2019Q3,,S08000031,,S12000039,,Not Specified,,2,,0,0,,z,5,71,14.2,
2019Q4,,S08000031,,S12000039,,Not Specified,,2,,0,0,,z,5,21,4.2,
2020Q1,,S08000031,,S12000039,,Not Specified,,2,,0,0,,z,5,133,26.6,
2020Q2,,S08000031,,S12000039,,Not Specified,,2,,0,0,,z,0,97,,z
2020Q3,,S08000031,,S12000039,,Not Specified,,2,,0,0,,z,5,53,10.6,
2020Q4,,S08000031,,S12000039,,Not Specified,,2,,0,0,,z,5,22,4.4,
2021Q1,,S08000031,,S12000039,,Not Specified,,2,,0,0,,z,0,27,,z
2021Q2,,S08000031,,S12000039,,Not Specified,,2,,0,0,,z,5,21,4.2,
2021Q3,,S08000031,,S12000039,,Not Specified,,2,,0,0,,z,5,25,5,
2021Q4,,S08000031,,S12000039,,Not Specified,,2,,0,0,,z,5,35,7,
2022Q1,,S08000031,,S12000039,,Not Specified,,2,,0,0,,z,5,89,17.8,
2022Q2,,S08000031,,S12000039,,Not Specified,,2,,0,0,,z,0,5,,z
2022Q3,,S08000031,,S12000039,,Not Specified,,2,,0,0,,z,0,5,,z
2022Q4,p,S08000031,,S12000039,,Not Specified,,2,,0,0,,z,5,249,49.8,
2017Q4,,S08000031,,S12000039,,Not Specified,,3,,0,0,,z,5,39,7.8,
2018Q1,,S08000031,,S12000039,,Not Specified,,3,,0,0,,z,5,108,21.6,
2018Q2,,S08000031,,S12000039,,Not Specified,,3,,0,0,,z,5,16,3.2,
2018Q3,,S08000031,,S12000039,,Not Specified,,3,,0,0,,z,5,15,3,
2018Q4,,S08000031,,S12000039,,Not Specified,,3,,0,0,,z,5,5,1,
2019Q1,,S08000031,,S12000039,,Not Specified,,3,,0,0,,z,5,23,4.6,
2019Q2,,S08000031,,S12000039,,Not Specified,,3,,0,0,,z,5,99,19.8,
2019Q3,,S08000031,,S12000039,,Not Specified,,3,,0,0,,z,0,0,,z
2019Q4,,S08000031,,S12000039,,Not Specified,,3,,0,0,,z,0,5,,z
2020Q1,,S08000031,,S12000039,,Not Specified,,3,,0,0,,z,10,58,5.8,
2020Q2,,S08000031,,S12000039,,Not Specified,,3,,0,0,,z,5,36,7.2,
2020Q3,,S08000031,,S12000039,,Not Specified,,3,,0,0,,z,0,0,,z
2020Q4,,S08000031,,S12000039,,Not Specified,,3,,0,0,,z,5,15,3,
2021Q1,,S08000031,,S12000039,,Not Specified,,3,,0,0,,z,5,41,8.2,
2021Q2,,S08000031,,S12000039,,Not Specified,,3,,0,0,,z,0,82,,z
2021Q4,,S08000031,,S12000039,,Not Specified,,3,,0,0,,z,5,43,8.6,
2022Q1,,S08000031,,S12000039,,Not Specified,,3,,0,0,,z,0,5,,z
2022Q2,,S08000031,,S12000039,,Not Specified,,3,,0,0,,z,5,15,3,
2022Q3,,S08000031,,S12000039,,Not Specified,,3,,0,0,,z,5,15,3,
2022Q4,p,S08000031,,S12000039,,Not Specified,,3,,0,0,,z,5,5,1,
2017Q4,,S08000031,,S12000039,,Not Specified,,4,,0,0,,z,5,65,13,
2018Q1,,S08000031,,S12000039,,Not Specified,,4,,0,0,,z,5,51,10.2,
2018Q2,,S08000031,,S12000039,,Not Specified,,4,,0,0,,z,5,54,10.8,
2019Q1,,S08000031,,S12000039,,Not Specified,,4,,0,0,,z,0,30,,z
2019Q2,,S08000031,,S12000039,,Not Specified,,4,,0,0,,z,0,5,,z
2019Q3,,S08000031,,S12000039,,Not Specified,,4,,0,0,,z,5,28,5.6,
2019Q4,,S08000031,,S12000039,,Not Specified,,4,,0,0,,z,0,0,,z
2020Q2,,S08000031,,S12000039,,Not Specified,,4,,0,0,,z,0,5,,z
2020Q3,,S08000031,,S12000039,,Not Specified,,4,,0,0,,z,0,63,,z
2020Q4,,S08000031,,S12000039,,Not Specified,,4,,0,0,,z,5,37,7.4,
2021Q1,,S08000031,,S12000039,,Not Specified,,4,,0,0,,z,0,5,,z
2021Q2,,S08000031,,S12000039,,Not Specified,,4,,0,0,,z,0,24,,z
2021Q3,,S08000031,,S12000039,,Not Specified,,4,,0,0,,z,0,0,,z
2021Q4,,S08000031,,S12000039,,Not Specified,,4,,0,0,,z,0,0,,z
2022Q1,,S08000031,,S12000039,,Not Specified,,4,,0,0,,z,0,5,,z
2022Q2,,S08000031,,S12000039,,Not Specified,,4,,0,0,,z,0,8,,z
2022Q3,,S08000031,,S12000039,,Not Specified,,4,,0,0,,z,5,80,16,
2022Q4,p,S08000031,,S12000039,,Not Specified,,4,,0,0,,z,0,58,,z
2018Q2,,S08000031,,S12000039,,Not Specified,,5,,0,0,,z,0,5,,z
2018Q3,,S08000031,,S12000039,,Not Specified,,5,,0,0,,z,0,5,,z
2018Q4,,S08000031,,S12000039,,Not Specified,,5,,0,0,,z,0,6,,z
2019Q1,,S08000031,,S12000039,,Not Specified,,5,,0,0,,z,0,0,,z
2019Q2,,S08000031,,S12000039,,Not Specified,,5,,0,0,,z,0,46,,z
2019Q3,,S08000031,,S12000039,,Not Specified,,5,,0,0,,z,5,7,1.4,
2020Q3,,S08000031,,S12000039,,Not Specified,,5,,0,0,,z,0,0,,z
2020Q4,,S08000031,,S12000039,,Not Specified,,5,,0,0,,z,0,5,,z
2021Q1,,S08000031,,S12000039,,Not Specified,,5,,0,0,,z,5,248,49.6,
2021Q2,,S08000031,,S12000039,,Not Specified,,5,,0,0,,z,0,10,,z
2021Q3,,S08000031,,S12000039,,Not Specified,,5,,0,0,,z,5,64,12.8,
2021Q4,,S08000031,,S12000039,,Not Specified,,5,,0,0,,z,0,0,,z
2022Q3,,S08000031,,S12000039,,Not Specified,,5,,0,0,,z,0,33,,z
2022Q3,,S08000031,,S12000039,,Not Specified,,,:,0,0,,z,0,0,,z
2017Q4,,S08000022,,S12000035,,Not Specified,,1,,0,0,,z,5,10,2,
2018Q1,,S08000022,,S12000035,,Not Specified,,1,,0,0,,z,0,58,,z
2018Q2,,S08000022,,S12000035,,Not Specified,,1,,0,0,,z,5,80,16,
2018Q3,,S08000022,,S12000035,,Not Specified,,1,,0,0,,z,0,0,,z
2018Q4,,S08000022,,S12000035,,Not Specified,,1,,0,0,,z,5,27,5.4,
2019Q2,,S08000022,,S12000035,,Not Specified,,1,,0,0,,z,0,28,,z
2019Q3,,S08000022,,S12000035,,Not Specified,,1,,0,0,,z,5,13,2.6,
2019Q4,,S08000022,,S12000035,,Not Specified,,1,,0,0,,z,0,5,,z
2020Q1,,S08000022,,S12000035,,Not Specified,,1,,0,0,,z,0,15,,z
2020Q3,,S08000022,,S12000035,,Not Specified,,1,,0,0,,z,0,5,,z
2021Q1,,S08000022,,S12000035,,Not Specified,,1,,0,0,,z,0,5,,z
2021Q2,,S08000022,,S12000035,,Not Specified,,1,,0,0,,z,0,8,,z
2021Q3,,S08000022,,S12000035,,Not Specified,,1,,0,0,,z,5,20,4,
2022Q1,,S08000022,,S12000035,,Not Specified,,1,,0,0,,z,0,0,,z
2022Q2,,S08000022,,S12000035,,Not Specified,,1,,0,0,,z,0,9,,z
2022Q3,,S08000022,,S12000035,,Not Specified,,1,,0,0,,z,0,7,,z
2022Q4,p,S08000022,,S12000035,,Not Specified,,1,,0,0,,z,0,164,,z
2017Q4,,S08000022,,S12000035,,Not Specified,,2,,0,0,,z,0,43,,z
2018Q1,,S08000022,,S12000035,,Not Specified,,2,,0,0,,z,5,5,1,
2018Q2,,S08000022,,S12000035,,Not Specified,,2,,0,0,,z,5,55,11,
2018Q3,,S08000022,,S12000035,,Not Specified,,2,,0,0,,z,5,40,8,
2018Q4,,S08000022,,S12000035,,Not Specified,,2,,0,0,,z,5,41,8.2,
2019Q1,,S08000022,,S12000035,,Not Specified,,2,,0,0,,z,0,0,,z
2019Q2,,S08000022,,S12000035,,Not Specified,,2,,0,0,,z,5,31,6.2,
2019Q3,,S08000022,,S12000035,,Not Specified,,2,,0,0,,z,5,56,11.2,
2020Q1,,S08000022,,S12000035,,Not Specified,,2,,0,0,,z,5,65,13,
2020Q2,,S08000022,,S12000035,,Not Specified,,2,,0,0,,z,5,8,1.6,
2020Q3,,S08000022,,S12000035,,Not Specified,,2,,0,0,,z,5,24,4.8,
2020Q4,,S08000022,,S12000035,,Not Specified,,2,,0,0,,z,0,8,,z
2021Q1,,S08000022,,S12000035,,Not Specified,,2,,0,0,,z,0,13,,z
2021Q2,,S08000022,,S12000035,,Not Specified,,2,,0,0,,z,0,11,,z
2021Q3,,S08000022,,S12000035,,Not Specified,,2,,0,0,,z,0,6,,z
2021Q4,,S08000022,,S12000035,,Not Specified,,2,,0,0,,z,0,15,,z
2022Q1,,S08000022,,S12000035,,Not Specified,,2,,0,0,,z,0,24,,z
2022Q2,,S08000022,,S12000035,,Not Specified,,2,,0,0,,z,0,19,,z
2022Q3,,S08000022,,S12000035,,Not Specified,,2,,0,0,,z,5,71,14.2,
2022Q4,p,S08000022,,S12000035,,Not Specified,,2,,0,0,,z,5,12,2.4,
2017Q4,,S08000022,,S12000035,,Not Specified,,3,,0,0,,z,5,50,10,
2018Q1,,S08000022,,S12000035,,Not Specified,,3,,0,0,,z,10,55,5.5,
2018Q2,,S08000022,,S12000035,,Not Specified,,3,,0,0,,z,10,54,5.4,
2018Q3,,S08000022,,S12000035,,Not Specified,,3,,0,0,,z,5,34,6.8,
2018Q4,,S08000022,,S12000035,,Not Specified,,3,,0,0,,z,5,16,3.2,
2019Q1,,S08000022,,S12000035,,Not Specified,,3,,0,0,,z,5,33,6.6,
2019Q2,,S08000022,,S12000035,,Not Specified,,3,,0,0,,z,5,55,11,
2019Q3,,S08000022,,S12000035,,Not Specified,,3,,0,0,,z,5,198,39.6,
2019Q4,,S08000022,,S12000035,,Not Specified,,3,,0,0,,z,5,18,3.6,
2020Q1,,S08000022,,S12000035,,Not Specified,,3,,0,0,,z,5,36,7.2,
2020Q2,,S08000022,,S12000035,,Not Specified,,3,,0,0,,z,5,85,17,
2020Q3,,S08000022,,S12000035,,Not Specified,,3,,0,0,,z,5,30,6,
2020Q4,,S08000022,,S12000035,,Not Specified,,3,,0,0,,z,5,200,40,
2021Q1,,S08000022,,S12000035,,Not Specified,,3,,0,0,,z,10,43,4.3,
2021Q2,,S08000022,,S12000035,,Not Specified,,3,,0,0,,z,0,5,,z
2021Q3,,S08000022,,S12000035,,Not Specified,,3,,0,0,,z,10,40,4,
2021Q4,,S08000022,,S12000035,,Not Specified,,3,,0,0,,z,5,63,12.6,
2022Q1,,S08000022,,S12000035,,Not Specified,,3,,0,0,,z,10,86,8.6,
2022Q2,,S08000022,,S12000035,,Not Specified,,3,,0,0,,z,10,168,16.8,
2022Q3,,S08000022,,S12000035,,Not Specified,,3,,0,0,,z,10,44,4.4,
2022Q4,p,S08000022,,S12000035,,Not Specified,,3,,0,0,,z,15,146,9.73333333333333,
2017Q4,,S08000022,,S12000035,,Not Specified,,4,,0,0,,z,5,66,13.2,
2018Q1,,S08000022,,S12000035,,Not Specified,,4,,0,0,,z,10,61,6.1,
2018Q2,,S08000022,,S12000035,,Not Specified,,4,,0,0,,z,5,58,11.6,
2018Q3,,S08000022,,S12000035,,Not Specified,,4,,0,0,,z,5,22,4.4,
2018Q4,,S08000022,,S12000035,,Not Specified,,4,,0,0,,z,5,41,8.2,
2019Q1,,S08000022,,S12000035,,Not Specified,,4,,0,0,,z,5,35,7,
2019Q3,,S08000022,,S12000035,,Not Specified,,4,,0,0,,z,5,25,5,
2020Q1,,S08000022,,S12000035,,Not Specified,,4,,0,0,,z,0,11,,z
2020Q2,,S08000022,,S12000035,,Not Specified,,4,,0,0,,z,5,21,4.2,
2020Q3,,S08000022,,S12000035,,Not Specified,,4,,0,0,,z,5,9,1.8,
2020Q4,,S08000022,,S12000035,,Not Specified,,4,,0,0,,z,0,19,,z
2021Q1,,S08000022,,S12000035,,Not Specified,,4,,0,0,,z,0,8,,z
2021Q2,,S08000022,,S12000035,,Not Specified,,4,,0,0,,z,5,109,21.8,
2021Q3,,S08000022,,S12000035,,Not Specified,,4,,0,0,,z,0,8,,z
2021Q4,,S08000022,,S12000035,,Not Specified,,4,,0,0,,z,5,19,3.8,
2022Q1,,S08000022,,S12000035,,Not Specified,,4,,0,0,,z,5,63,12.6,
2022Q2,,S08000022,,S12000035,,Not Specified,,4,,0,0,,z,5,57,11.4,
2022Q3,,S08000022,,S12000035,,Not Specified,,4,,0,0,,z,0,15,,z
2022Q4,p,S08000022,,S12000035,,Not Specified,,4,,0,0,,z,5,74,14.8,
2017Q4,,S08000022,,S12000035,,Not Specified,,5,,0,0,,z,5,63,12.6,
2018Q1,,S08000022,,S12000035,,Not Specified,,5,,0,0,,z,5,11,2.2,
2018Q2,,S08000022,,S12000035,,Not Specified,,5,,0,0,,z,5,5,1,
2018Q3,,S08000022,,S12000035,,Not Specified,,5,,0,0,,z,5,10,2,
2019Q1,,S08000022,,S12000035,,Not Specified,,5,,0,0,,z,5,35,7,
2019Q2,,S08000022,,S12000035,,Not Specified,,5,,0,0,,z,0,5,,z
2019Q3,,S08000022,,S12000035,,Not Specified,,5,,0,0,,z,0,0,,z
2020Q1,,S08000022,,S12000035,,Not Specified,,5,,0,0,,z,0,0,,z
2020Q3,,S08000022,,S12000035,,Not Specified,,5,,0,0,,z,5,94,18.8,
2020Q4,,S08000022,,S12000035,,Not Specified,,5,,0,0,,z,0,128,,z
2021Q1,,S08000022,,S12000035,,Not Specified,,5,,0,0,,z,0,0,,z
2021Q3,,S08000022,,S12000035,,Not Specified,,5,,0,0,,z,5,18,3.6,
2022Q1,,S08000022,,S12000035,,Not Specified,,5,,0,0,,z,5,67,13.4,
2022Q2,,S08000022,,S12000035,,Not Specified,,5,,0,0,,z,0,14,,z
2022Q3,,S08000022,,S12000035,,Not Specified,,5,,0,0,,z,0,0,,z
2022Q4,p,S08000022,,S12000035,,Not Specified,,5,,0,0,,z,0,9,,z
2018Q1,,S08000022,,S12000035,,Not Specified,,,:,0,0,,z,0,0,,z
2017Q4,,S08000022,,S12000017,,Not Specified,,1,,0,0,,z,5,14,2.8,
2018Q1,,S08000022,,S12000017,,Not Specified,,1,,0,0,,z,10,35,3.5,
2018Q2,,S08000022,,S12000017,,Not Specified,,1,,0,0,,z,10,111,11.1,
2018Q3,,S08000022,,S12000017,,Not Specified,,1,,0,0,,z,10,120,12,
2018Q4,,S08000022,,S12000017,,Not Specified,,1,,0,0,,z,5,65,13,
2019Q1,,S08000022,,S12000017,,Not Specified,,1,,0,0,,z,5,0,0,
2019Q2,,S08000022,,S12000017,,Not Specified,,1,,0,0,,z,5,60,12,
2019Q3,,S08000022,,S12000017,,Not Specified,,1,,0,0,,z,0,49,,z
2019Q4,,S08000022,,S12000017,,Not Specified,,1,,0,0,,z,10,85,8.5,
2020Q1,,S08000022,,S12000017,,Not Specified,,1,,0,0,,z,5,111,22.2,
2020Q2,,S08000022,,S12000017,,Not Specified,,1,,0,0,,z,5,20,4,
2020Q3,,S08000022,,S12000017,,Not Specified,,1,,0,0,,z,5,10,2,
2020Q4,,S08000022,,S12000017,,Not Specified,,1,,0,0,,z,0,6,,z
2021Q1,,S08000022,,S12000017,,Not Specified,,1,,0,0,,z,5,35,7,
2021Q2,,S08000022,,S12000017,,Not Specified,,1,,0,0,,z,5,527,105.4,
2021Q3,,S08000022,,S12000017,,Not Specified,,1,,0,0,,z,5,15,3,
2021Q4,,S08000022,,S12000017,,Not Specified,,1,,0,0,,z,5,30,6,
2022Q1,,S08000022,,S12000017,,Not Specified,,1,,0,0,,z,10,565,56.5,
2022Q2,,S08000022,,S12000017,,Not Specified,,1,,0,0,,z,5,21,4.2,
2022Q3,,S08000022,,S12000017,,Not Specified,,1,,0,0,,z,5,239,47.8,
2022Q4,p,S08000022,,S12000017,,Not Specified,,1,,0,0,,z,5,59,11.8,
2017Q4,,S08000022,,S12000017,,Not Specified,,2,,0,0,,z,10,562,56.2,
2018Q1,,S08000022,,S12000017,,Not Specified,,2,,0,0,,z,5,10,2,
2018Q2,,S08000022,,S12000017,,Not Specified,,2,,0,0,,z,10,45,4.5,
2018Q3,,S08000022,,S12000017,,Not Specified,,2,,0,0,,z,5,35,7,
2018Q4,,S08000022,,S12000017,,Not Specified,,2,,0,0,,z,10,113,11.3,
2019Q1,,S08000022,,S12000017,,Not Specified,,2,,0,0,,z,5,65,13,
2019Q2,,S08000022,,S12000017,,Not Specified,,2,,0,0,,z,5,7,1.4,
2019Q3,,S08000022,,S12000017,,Not Specified,,2,,0,0,,z,5,65,13,
2019Q4,,S08000022,,S12000017,,Not Specified,,2,,0,0,,z,12,183,15.25,
2020Q1,,S08000022,,S12000017,,Not Specified,,2,,0,0,,z,5,388,77.6,
2020Q2,,S08000022,,S12000017,,Not Specified,,2,,0,0,,z,0,6,,z
2020Q3,,S08000022,,S12000017,,Not Specified,,2,,0,0,,z,5,25,5,
2020Q4,,S08000022,,S12000017,,Not Specified,,2,,0,0,,z,5,33,6.6,
2021Q1,,S08000022,,S12000017,,Not Specified,,2,,0,0,,z,5,133,26.6,
2021Q2,,S08000022,,S12000017,,Not Specified,,2,,0,0,,z,10,40,4,
2021Q3,,S08000022,,S12000017,,Not Specified,,2,,0,0,,z,5,41,8.2,
2021Q4,,S08000022,,S12000017,,Not Specified,,2,,0,0,,z,5,51,10.2,
2022Q1,,S08000022,,S12000017,,Not Specified,,2,,0,0,,z,10,175,17.5,
2022Q2,,S08000022,,S12000017,,Not Specified,,2,,0,0,,z,10,551,55.1,
2022Q3,,S08000022,,S12000017,,Not Specified,,2,,0,0,,z,15,260,17.3333333333333,
2022Q4,p,S08000022,,S12000017,,Not Specified,,2,,0,0,,z,15,158,10.5333333333333,
2017Q4,,S08000022,,S12000017,,Not Specified,,3,,0,0,,z,20,730,36.5,
2018Q1,,S08000022,,S12000017,,Not Specified,,3,,0,0,,z,10,280,28,
2018Q2,,S08000022,,S12000017,,Not Specified,,3,,0,0,,z,15,105,7,
2018Q3,,S08000022,,S12000017,,Not Specified,,3,,0,0,,z,10,55,5.5,
2018Q4,,S08000022,,S12000017,,Not Specified,,3,,0,0,,z,10,235,23.5,
2019Q1,,S08000022,,S12000017,,Not Specified,,3,,0,0,,z,10,40,4,
2019Q2,,S08000022,,S12000017,,Not Specified,,3,,0,0,,z,5,25,5,
2019Q3,,S08000022,,S12000017,,Not Specified,,3,,0,0,,z,10,310,31,
2019Q4,,S08000022,,S12000017,,Not Specified,,3,,0,0,,z,10,215,21.5,
2020Q1,,S08000022,,S12000017,,Not Specified,,3,,0,0,,z,5,65,13,
2020Q2,,S08000022,,S12000017,,Not Specified,,3,,0,0,,z,10,359,35.9,
2020Q3,,S08000022,,S12000017,,Not Specified,,3,,0,0,,z,10,720,72,
2020Q4,,S08000022,,S12000017,,Not Specified,,3,,0,0,,z,10,60,6,
2021Q1,,S08000022,,S12000017,,Not Specified,,3,,0,0,,z,10,127,12.7,
2021Q2,,S08000022,,S12000017,,Not Specified,,3,,0,0,,z,15,120,8,
2021Q3,,S08000022,,S12000017,,Not Specified,,3,,0,0,,z,10,203,20.3,
2021Q4,,S08000022,,S12000017,,Not Specified,,3,,0,0,,z,15,195,13,
2022Q1,,S08000022,,S12000017,,Not Specified,,3,,0,0,,z,10,86,8.6,
2022Q2,,S08000022,,S12000017,,Not Specified,,3,,0,0,,z,20,360,18,
2022Q3,,S08000022,,S12000017,,Not Specified,,3,,0,0,,z,15,220,14.6666666666667,
2022Q4,p,S08000022,,S12000017,,Not Specified,,3,,0,0,,z,12,134,11.1666666666667,
2017Q4,,S08000022,,S12000017,,Not Specified,,4,,0,0,,z,10,1006,100.6,
2018Q1,,S08000022,,S12000017,,Not Specified,,4,,0,0,,z,10,80,8,
2018Q2,,S08000022,,S12000017,,Not Specified,,4,,0,0,,z,5,715,143,
2018Q3,,S08000022,,S12000017,,Not Specified,,4,,0,0,,z,10,480,48,
2018Q4,,S08000022,,S12000017,,Not Specified,,4,,0,0,,z,10,830,83,
2019Q1,,S08000022,,S12000017,,Not Specified,,4,,0,0,,z,5,75,15,
2019Q2,,S08000022,,S12000017,,Not Specified,,4,,0,0,,z,10,43,4.3,
2019Q3,,S08000022,,S12000017,,Not Specified,,4,,0,0,,z,15,201,13.4,
2019Q4,,S08000022,,S12000017,,Not Specified,,4,,0,0,,z,10,264,26.4,
2020Q1,,S08000022,,S12000017,,Not Specified,,4,,0,0,,z,5,90,18,
2020Q2,,S08000022,,S12000017,,Not Specified,,4,,0,0,,z,10,36,3.6,
2020Q3,,S08000022,,S12000017,,Not Specified,,4,,0,0,,z,10,103,10.3,
2020Q4,,S08000022,,S12000017,,Not Specified,,4,,0,0,,z,10,60,6,
2021Q1,,S08000022,,S12000017,,Not Specified,,4,,0,0,,z,5,21,4.2,
2021Q2,,S08000022,,S12000017,,Not Specified,,4,,0,0,,z,10,200,20,
2021Q3,,S08000022,,S12000017,,Not Specified,,4,,0,0,,z,5,130,26,
2021Q4,,S08000022,,S12000017,,Not Specified,,4,,0,0,,z,10,115,11.5,
2022Q1,,S08000022,,S12000017,,Not Specified,,4,,0,0,,z,15,390,26,
2022Q2,,S08000022,,S12000017,,Not Specified,,4,,0,0,,z,15,188,12.5333333333333,
2022Q3,,S08000022,,S12000017,,Not Specified,,4,,0,0,,z,15,205,13.6666666666667,
2022Q4,p,S08000022,,S12000017,,Not Specified,,4,,0,0,,z,15,150,10,
2017Q4,,S08000022,,S12000017,,Not Specified,,5,,0,0,,z,0,0,,z
2018Q1,,S08000022,,S12000017,,Not Specified,,5,,0,0,,z,5,524,104.8,
2018Q2,,S08000022,,S12000017,,Not Specified,,5,,0,0,,z,5,45,9,
2018Q3,,S08000022,,S12000017,,Not Specified,,5,,0,0,,z,5,55,11,
2018Q4,,S08000022,,S12000017,,Not Specified,,5,,0,0,,z,0,10,,z
2019Q1,,S08000022,,S12000017,,Not Specified,,5,,0,0,,z,0,5,,z
2019Q3,,S08000022,,S12000017,,Not Specified,,5,,0,0,,z,5,60,12,
2019Q4,,S08000022,,S12000017,,Not Specified,,5,,0,0,,z,5,50,10,
2020Q1,,S08000022,,S12000017,,Not Specified,,5,,0,0,,z,0,5,,z
2020Q2,,S08000022,,S12000017,,Not Specified,,5,,0,0,,z,0,0,,z
2020Q4,,S08000022,,S12000017,,Not Specified,,5,,0,0,,z,0,21,,z
2021Q1,,S08000022,,S12000017,,Not Specified,,5,,0,0,,z,0,10,,z
2021Q3,,S08000022,,S12000017,,Not Specified,,5,,0,0,,z,5,37,7.4,
2021Q4,,S08000022,,S12000017,,Not Specified,,5,,0,0,,z,0,41,,z
2022Q1,,S08000022,,S12000017,,Not Specified,,5,,0,0,,z,5,15,3,
2022Q2,,S08000022,,S12000017,,Not Specified,,5,,0,0,,z,5,40,8,
2022Q3,,S08000022,,S12000017,,Not Specified,,5,,0,0,,z,5,20,4,
2022Q4,p,S08000022,,S12000017,,Not Specified,,5,,0,0,,z,5,20,4,
2017Q4,,S08000022,,S08000022,d,Not Specified,,1,,0,0,,z,10,24,2.4,
2018Q1,,S08000022,,S08000022,d,Not Specified,,1,,0,0,,z,12,93,7.75,
2018Q2,,S08000022,,S08000022,d,Not Specified,,1,,0,0,,z,17,191,11.2352941176471,
2018Q3,,S08000022,,S08000022,d,Not Specified,,1,,0,0,,z,13,121,9.30769230769231,
2018Q4,,S08000022,,S08000022,d,Not Specified,,1,,0,0,,z,10,92,9.2,
2019Q1,,S08000022,,S08000022,d,Not Specified,,1,,0,0,,z,5,0,0,
2019Q2,,S08000022,,S08000022,d,Not Specified,,1,,0,0,,z,5,88,17.6,
2019Q3,,S08000022,,S08000022,d,Not Specified,,1,,0,0,,z,5,62,12.4,
2019Q4,,S08000022,,S08000022,d,Not Specified,,1,,0,0,,z,10,92,9.2,
2020Q1,,S08000022,,S08000022,d,Not Specified,,1,,0,0,,z,5,126,25.2,
2020Q2,,S08000022,,S08000022,d,Not Specified,,1,,0,0,,z,5,20,4,
2020Q3,,S08000022,,S08000022,d,Not Specified,,1,,0,0,,z,5,15,3,
2020Q4,,S08000022,,S08000022,d,Not Specified,,1,,0,0,,z,0,6,,z
2021Q1,,S08000022,,S08000022,d,Not Specified,,1,,0,0,,z,10,37,3.7,
2021Q2,,S08000022,,S08000022,d,Not Specified,,1,,0,0,,z,5,535,107,
2021Q3,,S08000022,,S08000022,d,Not Specified,,1,,0,0,,z,10,33,3.3,
2021Q4,,S08000022,,S08000022,d,Not Specified,,1,,0,0,,z,5,30,6,
2022Q1,,S08000022,,S08000022,d,Not Specified,,1,,0,0,,z,10,566,56.6,
2022Q2,,S08000022,,S08000022,d,Not Specified,,1,,0,0,,z,5,30,6,
2022Q3,,S08000022,,S08000022,d,Not Specified,,1,,0,0,,z,5,246,49.2,
2022Q4,p,S08000022,,S08000022,d,Not Specified,,1,,0,0,,z,10,223,22.3,
2017Q4,,S08000022,,S08000022,d,Not Specified,,2,,0,0,,z,11,605,55,
2018Q1,,S08000022,,S08000022,d,Not Specified,,2,,0,0,,z,10,16,1.6,
2018Q2,,S08000022,,S08000022,d,Not Specified,,2,,0,0,,z,13,100,7.69230769230769,
2018Q3,,S08000022,,S08000022,d,Not Specified,,2,,0,0,,z,13,75,5.76923076923077,
2018Q4,,S08000022,,S08000022,d,Not Specified,,2,,0,0,,z,13,154,11.8461538461538,
2019Q1,,S08000022,,S08000022,d,Not Specified,,2,,0,0,,z,5,67,13.4,
2019Q2,,S08000022,,S08000022,d,Not Specified,,2,,0,0,,z,10,38,3.8,
2019Q3,,S08000022,,S08000022,d,Not Specified,,2,,0,0,,z,12,119,9.91666666666667,
2019Q4,,S08000022,,S08000022,d,Not Specified,,2,,0,0,,z,12,183,15.25,
2020Q1,,S08000022,,S08000022,d,Not Specified,,2,,0,0,,z,10,453,45.3,
2020Q2,,S08000022,,S08000022,d,Not Specified,,2,,0,0,,z,5,14,2.8,
2020Q3,,S08000022,,S08000022,d,Not Specified,,2,,0,0,,z,5,49,9.8,
2020Q4,,S08000022,,S08000022,d,Not Specified,,2,,0,0,,z,5,41,8.2,
2021Q1,,S08000022,,S08000022,d,Not Specified,,2,,0,0,,z,5,146,29.2,
2021Q2,,S08000022,,S08000022,d,Not Specified,,2,,0,0,,z,11,50,4.54545454545455,
2021Q3,,S08000022,,S08000022,d,Not Specified,,2,,0,0,,z,10,47,4.7,
2021Q4,,S08000022,,S08000022,d,Not Specified,,2,,0,0,,z,5,66,13.2,
2022Q1,,S08000022,,S08000022,d,Not Specified,,2,,0,0,,z,10,199,19.9,
2022Q2,,S08000022,,S08000022,d,Not Specified,,2,,0,0,,z,13,570,43.8461538461538,
2022Q3,,S08000022,,S08000022,d,Not Specified,,2,,0,0,,z,19,333,17.5263157894737,
2022Q4,p,S08000022,,S08000022,d,Not Specified,,2,,0,0,,z,19,170,8.94736842105263,
2017Q4,,S08000022,,S08000022,d,Not Specified,,3,,0,0,,z,22,778,35.3636363636364,
2018Q1,,S08000022,,S08000022,d,Not Specified,,3,,0,0,,z,21,333,15.8571428571429,
2018Q2,,S08000022,,S08000022,d,Not Specified,,3,,0,0,,z,22,159,7.22727272727273,
2018Q3,,S08000022,,S08000022,d,Not Specified,,3,,0,0,,z,15,89,5.93333333333333,
2018Q4,,S08000022,,S08000022,d,Not Specified,,3,,0,0,,z,14,249,17.7857142857143,
2019Q1,,S08000022,,S08000022,d,Not Specified,,3,,0,0,,z,15,75,5,
2019Q2,,S08000022,,S08000022,d,Not Specified,,3,,0,0,,z,11,81,7.36363636363636,
2019Q3,,S08000022,,S08000022,d,Not Specified,,3,,0,0,,z,19,507,26.6842105263158,
2019Q4,,S08000022,,S08000022,d,Not Specified,,3,,0,0,,z,18,233,12.9444444444444,
2020Q1,,S08000022,,S08000022,d,Not Specified,,3,,0,0,,z,10,102,10.2,
2020Q2,,S08000022,,S08000022,d,Not Specified,,3,,0,0,,z,16,444,27.75,
2020Q3,,S08000022,,S08000022,d,Not Specified,,3,,0,0,,z,16,750,46.875,
2020Q4,,S08000022,,S08000022,d,Not Specified,,3,,0,0,,z,15,261,17.4,
2021Q1,,S08000022,,S08000022,d,Not Specified,,3,,0,0,,z,19,170,8.94736842105263,
2021Q2,,S08000022,,S08000022,d,Not Specified,,3,,0,0,,z,17,125,7.35294117647059,
2021Q3,,S08000022,,S08000022,d,Not Specified,,3,,0,0,,z,20,243,12.15,
2021Q4,,S08000022,,S08000022,d,Not Specified,,3,,0,0,,z,20,257,12.85,
2022Q1,,S08000022,,S08000022,d,Not Specified,,3,,0,0,,z,19,172,9.05263157894737,
2022Q2,,S08000022,,S08000022,d,Not Specified,,3,,0,0,,z,29,526,18.1379310344828,
2022Q3,,S08000022,,S08000022,d,Not Specified,,3,,0,0,,z,26,263,10.1153846153846,
2022Q4,p,S08000022,,S08000022,d,Not Specified,,3,,0,0,,z,27,280,10.3703703703704,
2017Q4,,S08000022,,S08000022,d,Not Specified,,4,,0,0,,z,17,1072,63.0588235294118,
2018Q1,,S08000022,,S08000022,d,Not Specified,,4,,0,0,,z,17,142,8.35294117647059,
2018Q2,,S08000022,,S08000022,d,Not Specified,,4,,0,0,,z,11,772,70.1818181818182,
2018Q3,,S08000022,,S08000022,d,Not Specified,,4,,0,0,,z,18,504,28,
2018Q4,,S08000022,,S08000022,d,Not Specified,,4,,0,0,,z,15,873,58.2,
2019Q1,,S08000022,,S08000022,d,Not Specified,,4,,0,0,,z,13,109,8.38461538461539,
2019Q2,,S08000022,,S08000022,d,Not Specified,,4,,0,0,,z,10,43,4.3,
2019Q3,,S08000022,,S08000022,d,Not Specified,,4,,0,0,,z,21,226,10.7619047619048,
2019Q4,,S08000022,,S08000022,d,Not Specified,,4,,0,0,,z,10,264,26.4,
2020Q1,,S08000022,,S08000022,d,Not Specified,,4,,0,0,,z,10,100,10,
2020Q2,,S08000022,,S08000022,d,Not Specified,,4,,0,0,,z,12,57,4.75,
2020Q3,,S08000022,,S08000022,d,Not Specified,,4,,0,0,,z,12,112,9.33333333333333,
2020Q4,,S08000022,,S08000022,d,Not Specified,,4,,0,0,,z,10,79,7.9,
2021Q1,,S08000022,,S08000022,d,Not Specified,,4,,0,0,,z,5,29,5.8,
2021Q2,,S08000022,,S08000022,d,Not Specified,,4,,0,0,,z,12,308,25.6666666666667,
2021Q3,,S08000022,,S08000022,d,Not Specified,,4,,0,0,,z,10,137,13.7,
2021Q4,,S08000022,,S08000022,d,Not Specified,,4,,0,0,,z,13,136,10.4615384615385,
2022Q1,,S08000022,,S08000022,d,Not Specified,,4,,0,0,,z,21,452,21.5238095238095,
2022Q2,,S08000022,,S08000022,d,Not Specified,,4,,0,0,,z,23,245,10.6521739130435,
2022Q3,,S08000022,,S08000022,d,Not Specified,,4,,0,0,,z,19,222,11.6842105263158,
2022Q4,p,S08000022,,S08000022,d,Not Specified,,4,,0,0,,z,21,222,10.5714285714286,
2017Q4,,S08000022,,S08000022,d,Not Specified,,5,,0,0,,z,5,63,12.6,
2018Q1,,S08000022,,S08000022,d,Not Specified,,5,,0,0,,z,5,535,107,
2018Q2,,S08000022,,S08000022,d,Not Specified,,5,,0,0,,z,5,47,9.4,
2018Q3,,S08000022,,S08000022,d,Not Specified,,5,,0,0,,z,11,65,5.90909090909091,
2018Q4,,S08000022,,S08000022,d,Not Specified,,5,,0,0,,z,0,10,,z
2019Q1,,S08000022,,S08000022,d,Not Specified,,5,,0,0,,z,5,39,7.8,
2019Q2,,S08000022,,S08000022,d,Not Specified,,5,,0,0,,z,0,5,,z
2019Q3,,S08000022,,S08000022,d,Not Specified,,5,,0,0,,z,5,60,12,
2019Q4,,S08000022,,S08000022,d,Not Specified,,5,,0,0,,z,5,50,10,
2020Q1,,S08000022,,S08000022,d,Not Specified,,5,,0,0,,z,5,5,1,
2020Q2,,S08000022,,S08000022,d,Not Specified,,5,,0,0,,z,0,0,,z
2020Q3,,S08000022,,S08000022,d,Not Specified,,5,,0,0,,z,5,94,18.8,
2020Q4,,S08000022,,S08000022,d,Not Specified,,5,,0,0,,z,5,149,29.8,
2021Q1,,S08000022,,S08000022,d,Not Specified,,5,,0,0,,z,5,13,2.6,
2021Q3,,S08000022,,S08000022,d,Not Specified,,5,,0,0,,z,5,55,11,
2021Q4,,S08000022,,S08000022,d,Not Specified,,5,,0,0,,z,0,41,,z
2022Q1,,S08000022,,S08000022,d,Not Specified,,5,,0,0,,z,10,82,8.2,
2022Q2,,S08000022,,S08000022,d,Not Specified,,5,,0,0,,z,10,54,5.4,
2022Q3,,S08000022,,S08000022,d,Not Specified,,5,,0,0,,z,5,20,4,
2022Q4,p,S08000022,,S08000022,d,Not Specified,,5,,0,0,,z,5,29,5.8,
2018Q1,,S08000022,,S08000022,d,Not Specified,,,:,0,0,,z,0,0,,z
2017Q4,,S08000032,,S08000032,d,Not Specified,,1,,0,0,,z,90,756,8.4,
2018Q1,,S08000032,,S08000032,d,Not Specified,,1,,0,0,,z,106,707,6.66981132075472,
2018Q2,,S08000032,,S08000032,d,Not Specified,,1,,0,0,,z,81,734,9.06172839506173,
2018Q3,,S08000032,,S08000032,d,Not Specified,,1,,0,0,,z,97,608,6.2680412371134,
2018Q4,,S08000032,,S08000032,d,Not Specified,,1,,0,0,,z,72,1102,15.3055555555556,
2019Q1,,S08000032,,S08000032,d,Not Specified,,1,,0,0,,z,94,1076,11.4468085106383,
2019Q2,,S08000032,,S08000032,d,Not Specified,,1,,0,0,,z,76,692,9.10526315789474,
2019Q3,,S08000032,,S08000032,d,Not Specified,,1,,0,0,,z,91,631,6.93406593406593,
2019Q4,,S08000032,,S08000032,d,Not Specified,,1,,0,0,,z,89,1056,11.8651685393258,
2020Q1,,S08000032,,S08000032,d,Not Specified,,1,,0,0,,z,74,642,8.67567567567568,
2020Q2,,S08000032,,S08000032,d,Not Specified,,1,,0,0,,z,39,318,8.15384615384615,
2020Q3,,S08000032,,S08000032,d,Not Specified,,1,,0,0,,z,42,431,10.2619047619048,
2020Q4,,S08000032,,S08000032,d,Not Specified,,1,,0,0,,z,43,2351,54.6744186046512,
2021Q1,,S08000032,,S08000032,d,Not Specified,,1,,0,0,,z,20,260,13,
2021Q2,,S08000032,,S08000032,d,Not Specified,,1,,0,0,,z,31,252,8.12903225806452,
2021Q3,,S08000032,,S08000032,d,Not Specified,,1,,0,0,,z,28,267,9.53571428571429,
2021Q4,,S08000032,,S08000032,d,Not Specified,,1,,0,0,,z,22,372,16.9090909090909,
2022Q1,,S08000032,,S08000032,d,Not Specified,,1,,0,0,,z,24,290,12.0833333333333,
2022Q2,,S08000032,,S08000032,d,Not Specified,,1,,0,0,,z,24,285,11.875,
2022Q3,,S08000032,,S08000032,d,Not Specified,,1,,0,0,,z,17,272,16,
2022Q4,p,S08000032,,S08000032,d,Not Specified,,1,,0,0,,z,21,196,9.33333333333333,
2017Q4,,S08000032,,S08000032,d,Not Specified,,2,,0,0,,z,69,1322,19.1594202898551,
2018Q1,,S08000032,,S08000032,d,Not Specified,,2,,0,0,,z,78,1100,14.1025641025641,
2018Q2,,S08000032,,S08000032,d,Not Specified,,2,,0,0,,z,77,958,12.4415584415584,
2018Q3,,S08000032,,S08000032,d,Not Specified,,2,,0,0,,z,62,675,10.8870967741935,
2018Q4,,S08000032,,S08000032,d,Not Specified,,2,,0,0,,z,61,686,11.2459016393443,
2019Q1,,S08000032,,S08000032,d,Not Specified,,2,,0,0,,z,64,460,7.1875,
2019Q2,,S08000032,,S08000032,d,Not Specified,,2,,0,0,,z,70,703,10.0428571428571,
2019Q3,,S08000032,,S08000032,d,Not Specified,,2,,0,0,,z,72,500,6.94444444444444,
2019Q4,,S08000032,,S08000032,d,Not Specified,,2,,0,0,,z,75,1194,15.92,
2020Q1,,S08000032,,S08000032,d,Not Specified,,2,,0,0,,z,72,590,8.19444444444444,
2020Q2,,S08000032,,S08000032,d,Not Specified,,2,,0,0,,z,44,461,10.4772727272727,
2020Q3,,S08000032,,S08000032,d,Not Specified,,2,,0,0,,z,52,326,6.26923076923077,
2020Q4,,S08000032,,S08000032,d,Not Specified,,2,,0,0,,z,24,194,8.08333333333333,
2021Q1,,S08000032,,S08000032,d,Not Specified,,2,,0,0,,z,14,71,5.07142857142857,
2021Q2,,S08000032,,S08000032,d,Not Specified,,2,,0,0,,z,21,139,6.61904761904762,
2021Q3,,S08000032,,S08000032,d,Not Specified,,2,,0,0,,z,25,346,13.84,
2021Q4,,S08000032,,S08000032,d,Not Specified,,2,,0,0,,z,29,557,19.2068965517241,
2022Q1,,S08000032,,S08000032,d,Not Specified,,2,,0,0,,z,14,105,7.5,
2022Q2,,S08000032,,S08000032,d,Not Specified,,2,,0,0,,z,10,218,21.8,
2022Q3,,S08000032,,S08000032,d,Not Specified,,2,,0,0,,z,33,806,24.4242424242424,
2022Q4,p,S08000032,,S08000032,d,Not Specified,,2,,0,0,,z,19,197,10.3684210526316,
2017Q4,,S08000032,,S08000032,d,Not Specified,,3,,0,0,,z,40,466,11.65,
2018Q1,,S08000032,,S08000032,d,Not Specified,,3,,0,0,,z,33,309,9.36363636363636,
2018Q2,,S08000032,,S08000032,d,Not Specified,,3,,0,0,,z,38,527,13.8684210526316,
2018Q3,,S08000032,,S08000032,d,Not Specified,,3,,0,0,,z,35,203,5.8,
2018Q4,,S08000032,,S08000032,d,Not Specified,,3,,0,0,,z,44,785,17.8409090909091,
2019Q1,,S08000032,,S08000032,d,Not Specified,,3,,0,0,,z,36,282,7.83333333333333,
2019Q2,,S08000032,,S08000032,d,Not Specified,,3,,0,0,,z,41,314,7.65853658536585,
2019Q3,,S08000032,,S08000032,d,Not Specified,,3,,0,0,,z,49,710,14.4897959183673,
2019Q4,,S08000032,,S08000032,d,Not Specified,,3,,0,0,,z,41,644,15.7073170731707,
2020Q1,,S08000032,,S08000032,d,Not Specified,,3,,0,0,,z,40,395,9.875,
2020Q2,,S08000032,,S08000032,d,Not Specified,,3,,0,0,,z,35,405,11.5714285714286,
2020Q3,,S08000032,,S08000032,d,Not Specified,,3,,0,0,,z,20,230,11.5,
2020Q4,,S08000032,,S08000032,d,Not Specified,,3,,0,0,,z,21,288,13.7142857142857,
2021Q1,,S08000032,,S08000032,d,Not Specified,,3,,0,0,,z,18,212,11.7777777777778,
2021Q2,,S08000032,,S08000032,d,Not Specified,,3,,0,0,,z,21,234,11.1428571428571,
2021Q3,,S08000032,,S08000032,d,Not Specified,,3,,0,0,,z,17,179,10.5294117647059,
2021Q4,,S08000032,,S08000032,d,Not Specified,,3,,0,0,,z,16,204,12.75,
2022Q1,,S08000032,,S08000032,d,Not Specified,,3,,0,0,,z,15,133,8.86666666666667,
2022Q2,,S08000032,,S08000032,d,Not Specified,,3,,0,0,,z,5,57,11.4,
2022Q3,,S08000032,,S08000032,d,Not Specified,,3,,0,0,,z,10,208,20.8,
2022Q4,p,S08000032,,S08000032,d,Not Specified,,3,,0,0,,z,14,251,17.9285714285714,
2017Q4,,S08000032,,S08000032,d,Not Specified,,4,,0,0,,z,28,210,7.5,
2018Q1,,S08000032,,S08000032,d,Not Specified,,4,,0,0,,z,33,545,16.5151515151515,
2018Q2,,S08000032,,S08000032,d,Not Specified,,4,,0,0,,z,24,254,10.5833333333333,
2018Q3,,S08000032,,S08000032,d,Not Specified,,4,,0,0,,z,29,2452,84.551724137931,
2018Q4,,S08000032,,S08000032,d,Not Specified,,4,,0,0,,z,34,296,8.70588235294118,
2019Q1,,S08000032,,S08000032,d,Not Specified,,4,,0,0,,z,20,292,14.6,
2019Q2,,S08000032,,S08000032,d,Not Specified,,4,,0,0,,z,21,160,7.61904761904762,
2019Q3,,S08000032,,S08000032,d,Not Specified,,4,,0,0,,z,40,482,12.05,
2019Q4,,S08000032,,S08000032,d,Not Specified,,4,,0,0,,z,20,339,16.95,
2020Q1,,S08000032,,S08000032,d,Not Specified,,4,,0,0,,z,29,460,15.8620689655172,
2020Q2,,S08000032,,S08000032,d,Not Specified,,4,,0,0,,z,24,273,11.375,
2020Q3,,S08000032,,S08000032,d,Not Specified,,4,,0,0,,z,19,125,6.57894736842105,
2020Q4,,S08000032,,S08000032,d,Not Specified,,4,,0,0,,z,10,67,6.7,
2021Q1,,S08000032,,S08000032,d,Not Specified,,4,,0,0,,z,10,100,10,
2021Q2,,S08000032,,S08000032,d,Not Specified,,4,,0,0,,z,16,100,6.25,
2021Q3,,S08000032,,S08000032,d,Not Specified,,4,,0,0,,z,12,162,13.5,
2021Q4,,S08000032,,S08000032,d,Not Specified,,4,,0,0,,z,20,112,5.6,
2022Q1,,S08000032,,S08000032,d,Not Specified,,4,,0,0,,z,5,19,3.8,
2022Q2,,S08000032,,S08000032,d,Not Specified,,4,,0,0,,z,5,27,5.4,
2022Q3,,S08000032,,S08000032,d,Not Specified,,4,,0,0,,z,11,137,12.4545454545455,
2022Q4,p,S08000032,,S08000032,d,Not Specified,,4,,0,0,,z,5,78,15.6,
2017Q4,,S08000032,,S08000032,d,Not Specified,,5,,0,0,,z,17,120,7.05882352941176,
2018Q1,,S08000032,,S08000032,d,Not Specified,,5,,0,0,,z,15,138,9.2,
2018Q2,,S08000032,,S08000032,d,Not Specified,,5,,0,0,,z,20,209,10.45,
2018Q3,,S08000032,,S08000032,d,Not Specified,,5,,0,0,,z,19,148,7.78947368421053,
2018Q4,,S08000032,,S08000032,d,Not Specified,,5,,0,0,,z,18,322,17.8888888888889,
2019Q1,,S08000032,,S08000032,d,Not Specified,,5,,0,0,,z,19,196,10.3157894736842,
2019Q2,,S08000032,,S08000032,d,Not Specified,,5,,0,0,,z,19,726,38.2105263157895,
2019Q3,,S08000032,,S08000032,d,Not Specified,,5,,0,0,,z,21,140,6.66666666666667,
2019Q4,,S08000032,,S08000032,d,Not Specified,,5,,0,0,,z,24,163,6.79166666666667,
2020Q1,,S08000032,,S08000032,d,Not Specified,,5,,0,0,,z,21,206,9.80952380952381,
2020Q2,,S08000032,,S08000032,d,Not Specified,,5,,0,0,,z,10,137,13.7,
2020Q3,,S08000032,,S08000032,d,Not Specified,,5,,0,0,,z,10,91,9.1,
2020Q4,,S08000032,,S08000032,d,Not Specified,,5,,0,0,,z,10,83,8.3,
2021Q1,,S08000032,,S08000032,d,Not Specified,,5,,0,0,,z,5,29,5.8,
2021Q2,,S08000032,,S08000032,d,Not Specified,,5,,0,0,,z,5,24,4.8,
2021Q3,,S08000032,,S08000032,d,Not Specified,,5,,0,0,,z,13,115,8.84615384615385,
2021Q4,,S08000032,,S08000032,d,Not Specified,,5,,0,0,,z,5,178,35.6,
2022Q1,,S08000032,,S08000032,d,Not Specified,,5,,0,0,,z,5,15,3,
2022Q2,,S08000032,,S08000032,d,Not Specified,,5,,0,0,,z,5,54,10.8,
2022Q3,,S08000032,,S08000032,d,Not Specified,,5,,0,0,,z,5,188,37.6,
2022Q4,p,S08000032,,S08000032,d,Not Specified,,5,,0,0,,z,10,180,18,
2017Q4,,S08000032,,S12000050,,Not Specified,,1,,0,0,,z,74,504,6.81081081081081,
2018Q1,,S08000032,,S12000050,,Not Specified,,1,,0,0,,z,94,603,6.41489361702128,
2018Q2,,S08000032,,S12000050,,Not Specified,,1,,0,0,,z,66,534,8.09090909090909,
2018Q3,,S08000032,,S12000050,,Not Specified,,1,,0,0,,z,78,450,5.76923076923077,
2018Q4,,S08000032,,S12000050,,Not Specified,,1,,0,0,,z,60,959,15.9833333333333,
2019Q1,,S08000032,,S12000050,,Not Specified,,1,,0,0,,z,69,570,8.26086956521739,
2019Q2,,S08000032,,S12000050,,Not Specified,,1,,0,0,,z,52,465,8.94230769230769,
2019Q3,,S08000032,,S12000050,,Not Specified,,1,,0,0,,z,79,490,6.2025316455696196,
2019Q4,,S08000032,,S12000050,,Not Specified,,1,,0,0,,z,65,749,11.5230769230769,
2020Q1,,S08000032,,S12000050,,Not Specified,,1,,0,0,,z,50,382,7.64,
2020Q2,,S08000032,,S12000050,,Not Specified,,1,,0,0,,z,26,190,7.30769230769231,
2020Q3,,S08000032,,S12000050,,Not Specified,,1,,0,0,,z,30,340,11.3333333333333,
2020Q4,,S08000032,,S12000050,,Not Specified,,1,,0,0,,z,30,2193,73.1,
2021Q1,,S08000032,,S12000050,,Not Specified,,1,,0,0,,z,10,123,12.3,
2021Q2,,S08000032,,S12000050,,Not Specified,,1,,0,0,,z,25,226,9.04,
2021Q3,,S08000032,,S12000050,,Not Specified,,1,,0,0,,z,20,211,10.55,
2021Q4,,S08000032,,S12000050,,Not Specified,,1,,0,0,,z,15,131,8.73333333333333,
2022Q1,,S08000032,,S12000050,,Not Specified,,1,,0,0,,z,15,170,11.3333333333333,
2022Q2,,S08000032,,S12000050,,Not Specified,,1,,0,0,,z,13,116,8.92307692307692,
2022Q3,,S08000032,,S12000050,,Not Specified,,1,,0,0,,z,15,248,16.5333333333333,
2022Q4,p,S08000032,,S12000050,,Not Specified,,1,,0,0,,z,15,119,7.93333333333333,
2017Q4,,S08000032,,S12000050,,Not Specified,,2,,0,0,,z,53,865,16.3207547169811,
2018Q1,,S08000032,,S12000050,,Not Specified,,2,,0,0,,z,56,869,15.5178571428571,
2018Q2,,S08000032,,S12000050,,Not Specified,,2,,0,0,,z,60,808,13.4666666666667,
2018Q3,,S08000032,,S12000050,,Not Specified,,2,,0,0,,z,47,468,9.95744680851064,
2018Q4,,S08000032,,S12000050,,Not Specified,,2,,0,0,,z,48,627,13.0625,
2019Q1,,S08000032,,S12000050,,Not Specified,,2,,0,0,,z,42,365,8.69047619047619,
2019Q2,,S08000032,,S12000050,,Not Specified,,2,,0,0,,z,46,352,7.65217391304348,
2019Q3,,S08000032,,S12000050,,Not Specified,,2,,0,0,,z,44,297,6.75,
2019Q4,,S08000032,,S12000050,,Not Specified,,2,,0,0,,z,44,232,5.27272727272727,
2020Q1,,S08000032,,S12000050,,Not Specified,,2,,0,0,,z,59,474,8.03389830508475,
2020Q2,,S08000032,,S12000050,,Not Specified,,2,,0,0,,z,24,236,9.83333333333333,
2020Q3,,S08000032,,S12000050,,Not Specified,,2,,0,0,,z,30,203,6.76666666666667,
2020Q4,,S08000032,,S12000050,,Not Specified,,2,,0,0,,z,20,147,7.35,
2021Q1,,S08000032,,S12000050,,Not Specified,,2,,0,0,,z,15,61,4.06666666666667,
2021Q2,,S08000032,,S12000050,,Not Specified,,2,,0,0,,z,15,68,4.53333333333333,
2021Q3,,S08000032,,S12000050,,Not Specified,,2,,0,0,,z,12,94,7.83333333333333,
2021Q4,,S08000032,,S12000050,,Not Specified,,2,,0,0,,z,16,215,13.4375,
2022Q1,,S08000032,,S12000050,,Not Specified,,2,,0,0,,z,10,80,8,
2022Q2,,S08000032,,S12000050,,Not Specified,,2,,0,0,,z,5,67,13.4,
2022Q3,,S08000032,,S12000050,,Not Specified,,2,,0,0,,z,25,288,11.52,
2022Q4,p,S08000032,,S12000050,,Not Specified,,2,,0,0,,z,5,42,8.4,
2017Q4,,S08000032,,S12000050,,Not Specified,,3,,0,0,,z,28,244,8.71428571428571,
2018Q1,,S08000032,,S12000050,,Not Specified,,3,,0,0,,z,25,230,9.2,
2018Q2,,S08000032,,S12000050,,Not Specified,,3,,0,0,,z,24,371,15.4583333333333,
2018Q3,,S08000032,,S12000050,,Not Specified,,3,,0,0,,z,20,90,4.5,
2018Q4,,S08000032,,S12000050,,Not Specified,,3,,0,0,,z,25,544,21.76,
2019Q1,,S08000032,,S12000050,,Not Specified,,3,,0,0,,z,22,213,9.68181818181818,
2019Q2,,S08000032,,S12000050,,Not Specified,,3,,0,0,,z,27,190,7.03703703703704,
2019Q3,,S08000032,,S12000050,,Not Specified,,3,,0,0,,z,31,394,12.7096774193548,
2019Q4,,S08000032,,S12000050,,Not Specified,,3,,0,0,,z,20,434,21.7,
2020Q1,,S08000032,,S12000050,,Not Specified,,3,,0,0,,z,23,239,10.3913043478261,
2020Q2,,S08000032,,S12000050,,Not Specified,,3,,0,0,,z,12,87,7.25,
2020Q3,,S08000032,,S12000050,,Not Specified,,3,,0,0,,z,10,100,10,
2020Q4,,S08000032,,S12000050,,Not Specified,,3,,0,0,,z,5,99,19.8,
2021Q1,,S08000032,,S12000050,,Not Specified,,3,,0,0,,z,10,127,12.7,
2021Q2,,S08000032,,S12000050,,Not Specified,,3,,0,0,,z,10,162,16.2,
2021Q3,,S08000032,,S12000050,,Not Specified,,3,,0,0,,z,5,55,11,
2021Q4,,S08000032,,S12000050,,Not Specified,,3,,0,0,,z,5,21,4.2,
2022Q1,,S08000032,,S12000050,,Not Specified,,3,,0,0,,z,10,95,9.5,
2022Q2,,S08000032,,S12000050,,Not Specified,,3,,0,0,,z,0,5,,z
2022Q3,,S08000032,,S12000050,,Not Specified,,3,,0,0,,z,5,92,18.4,
2022Q4,p,S08000032,,S12000050,,Not Specified,,3,,0,0,,z,5,12,2.4,
2017Q4,,S08000032,,S12000050,,Not Specified,,4,,0,0,,z,17,100,5.88235294117647,
2018Q1,,S08000032,,S12000050,,Not Specified,,4,,0,0,,z,21,173,8.23809523809524,
2018Q2,,S08000032,,S12000050,,Not Specified,,4,,0,0,,z,15,118,7.86666666666667,
2018Q3,,S08000032,,S12000050,,Not Specified,,4,,0,0,,z,20,107,5.35,
2018Q4,,S08000032,,S12000050,,Not Specified,,4,,0,0,,z,20,200,10,
2019Q1,,S08000032,,S12000050,,Not Specified,,4,,0,0,,z,10,209,20.9,
2019Q2,,S08000032,,S12000050,,Not Specified,,4,,0,0,,z,15,108,7.2,
2019Q3,,S08000032,,S12000050,,Not Specified,,4,,0,0,,z,24,339,14.125,
2019Q4,,S08000032,,S12000050,,Not Specified,,4,,0,0,,z,15,259,17.2666666666667,
2020Q1,,S08000032,,S12000050,,Not Specified,,4,,0,0,,z,17,256,15.0588235294118,
2020Q2,,S08000032,,S12000050,,Not Specified,,4,,0,0,,z,10,68,6.8,
2020Q3,,S08000032,,S12000050,,Not Specified,,4,,0,0,,z,5,50,10,
2020Q4,,S08000032,,S12000050,,Not Specified,,4,,0,0,,z,5,18,3.6,
2021Q1,,S08000032,,S12000050,,Not Specified,,4,,0,0,,z,5,60,12,
2021Q2,,S08000032,,S12000050,,Not Specified,,4,,0,0,,z,10,67,6.7,
2021Q3,,S08000032,,S12000050,,Not Specified,,4,,0,0,,z,5,44,8.8,
2021Q4,,S08000032,,S12000050,,Not Specified,,4,,0,0,,z,5,42,8.4,
2022Q1,,S08000032,,S12000050,,Not Specified,,4,,0,0,,z,5,13,2.6,
2022Q2,,S08000032,,S12000050,,Not Specified,,4,,0,0,,z,0,5,,z
2022Q3,,S08000032,,S12000050,,Not Specified,,4,,0,0,,z,5,18,3.6,
2022Q4,p,S08000032,,S12000050,,Not Specified,,4,,0,0,,z,5,65,13,
2017Q4,,S08000032,,S12000050,,Not Specified,,5,,0,0,,z,10,79,7.9,
2018Q1,,S08000032,,S12000050,,Not Specified,,5,,0,0,,z,5,61,12.2,
2018Q2,,S08000032,,S12000050,,Not Specified,,5,,0,0,,z,10,93,9.3,
2018Q3,,S08000032,,S12000050,,Not Specified,,5,,0,0,,z,5,71,14.2,
2018Q4,,S08000032,,S12000050,,Not Specified,,5,,0,0,,z,10,141,14.1,
2019Q1,,S08000032,,S12000050,,Not Specified,,5,,0,0,,z,15,120,8,
2019Q2,,S08000032,,S12000050,,Not Specified,,5,,0,0,,z,10,673,67.3,
2019Q3,,S08000032,,S12000050,,Not Specified,,5,,0,0,,z,10,43,4.3,
2019Q4,,S08000032,,S12000050,,Not Specified,,5,,0,0,,z,13,90,6.92307692307692,
2020Q1,,S08000032,,S12000050,,Not Specified,,5,,0,0,,z,15,159,10.6,
2020Q2,,S08000032,,S12000050,,Not Specified,,5,,0,0,,z,5,130,26,
2020Q3,,S08000032,,S12000050,,Not Specified,,5,,0,0,,z,5,18,3.6,
2020Q4,,S08000032,,S12000050,,Not Specified,,5,,0,0,,z,0,23,,z
2021Q1,,S08000032,,S12000050,,Not Specified,,5,,0,0,,z,0,10,,z
2021Q2,,S08000032,,S12000050,,Not Specified,,5,,0,0,,z,5,8,1.6,
2021Q3,,S08000032,,S12000050,,Not Specified,,5,,0,0,,z,5,52,10.4,
2021Q4,,S08000032,,S12000050,,Not Specified,,5,,0,0,,z,5,57,11.4,
2022Q1,,S08000032,,S12000050,,Not Specified,,5,,0,0,,z,5,5,1,
2022Q2,,S08000032,,S12000050,,Not Specified,,5,,0,0,,z,0,22,,z
2022Q3,,S08000032,,S12000050,,Not Specified,,5,,0,0,,z,5,169,33.8,
2022Q4,p,S08000032,,S12000050,,Not Specified,,5,,0,0,,z,5,120,24,
2017Q4,,S08000032,,S12000029,,Not Specified,,1,,0,0,,z,16,252,15.75,
2018Q1,,S08000032,,S12000029,,Not Specified,,1,,0,0,,z,12,104,8.66666666666667,
2018Q2,,S08000032,,S12000029,,Not Specified,,1,,0,0,,z,15,200,13.3333333333333,
2018Q3,,S08000032,,S12000029,,Not Specified,,1,,0,0,,z,19,158,8.31578947368421,
2018Q4,,S08000032,,S12000029,,Not Specified,,1,,0,0,,z,12,143,11.9166666666667,
2019Q1,,S08000032,,S12000029,,Not Specified,,1,,0,0,,z,25,506,20.24,
2019Q2,,S08000032,,S12000029,,Not Specified,,1,,0,0,,z,24,229,9.54166666666667,
2019Q3,,S08000032,,S12000029,,Not Specified,,1,,0,0,,z,12,140,11.6666666666667,
2019Q4,,S08000032,,S12000029,,Not Specified,,1,,0,0,,z,24,307,12.7916666666667,
2020Q1,,S08000032,,S12000029,,Not Specified,,1,,0,0,,z,24,260,10.8333333333333,
2020Q2,,S08000032,,S12000029,,Not Specified,,1,,0,0,,z,13,128,9.84615384615385,
2020Q3,,S08000032,,S12000029,,Not Specified,,1,,0,0,,z,12,93,7.75,
2020Q4,,S08000032,,S12000029,,Not Specified,,1,,0,0,,z,13,158,12.1538461538462,
2021Q1,,S08000032,,S12000029,,Not Specified,,1,,0,0,,z,10,137,13.7,
2021Q2,,S08000032,,S12000029,,Not Specified,,1,,0,0,,z,5,26,5.2,
2021Q3,,S08000032,,S12000029,,Not Specified,,1,,0,0,,z,5,56,11.2,
2021Q4,,S08000032,,S12000029,,Not Specified,,1,,0,0,,z,10,240,24,
2022Q1,,S08000032,,S12000029,,Not Specified,,1,,0,0,,z,10,120,12,
2022Q2,,S08000032,,S12000029,,Not Specified,,1,,0,0,,z,11,169,15.3636363636364,
2022Q3,,S08000032,,S12000029,,Not Specified,,1,,0,0,,z,5,24,4.8,
2022Q4,p,S08000032,,S12000029,,Not Specified,,1,,0,0,,z,5,77,15.4,
2017Q4,,S08000032,,S12000029,,Not Specified,,2,,0,0,,z,16,455,28.4375,
2018Q1,,S08000032,,S12000029,,Not Specified,,2,,0,0,,z,22,231,10.5,
2018Q2,,S08000032,,S12000029,,Not Specified,,2,,0,0,,z,17,150,8.82352941176471,
2018Q3,,S08000032,,S12000029,,Not Specified,,2,,0,0,,z,15,207,13.8,
2018Q4,,S08000032,,S12000029,,Not Specified,,2,,0,0,,z,13,59,4.53846153846154,
2019Q1,,S08000032,,S12000029,,Not Specified,,2,,0,0,,z,22,95,4.31818181818182,
2019Q2,,S08000032,,S12000029,,Not Specified,,2,,0,0,,z,24,351,14.625,
2019Q3,,S08000032,,S12000029,,Not Specified,,2,,0,0,,z,28,203,7.25,
2019Q4,,S08000032,,S12000029,,Not Specified,,2,,0,0,,z,31,962,31.0322580645161,
2020Q1,,S08000032,,S12000029,,Not Specified,,2,,0,0,,z,13,116,8.92307692307692,
2020Q2,,S08000032,,S12000029,,Not Specified,,2,,0,0,,z,20,225,11.25,
2020Q3,,S08000032,,S12000029,,Not Specified,,2,,0,0,,z,22,123,5.59090909090909,
2020Q4,,S08000032,,S12000029,,Not Specified,,2,,0,0,,z,5,47,9.4,
2021Q1,,S08000032,,S12000029,,Not Specified,,2,,0,0,,z,0,10,,z
2021Q2,,S08000032,,S12000029,,Not Specified,,2,,0,0,,z,5,71,14.2,
2021Q3,,S08000032,,S12000029,,Not Specified,,2,,0,0,,z,13,250,19.2307692307692,
2021Q4,,S08000032,,S12000029,,Not Specified,,2,,0,0,,z,13,342,26.3076923076923,
2022Q1,,S08000032,,S12000029,,Not Specified,,2,,0,0,,z,5,25,5,
2022Q2,,S08000032,,S12000029,,Not Specified,,2,,0,0,,z,5,151,30.2,
2022Q3,,S08000032,,S12000029,,Not Specified,,2,,0,0,,z,10,518,51.8,
2022Q4,p,S08000032,,S12000029,,Not Specified,,2,,0,0,,z,15,155,10.3333333333333,
2017Q4,,S08000032,,S12000029,,Not Specified,,3,,0,0,,z,12,222,18.5,
2018Q1,,S08000032,,S12000029,,Not Specified,,3,,0,0,,z,5,79,15.8,
2018Q2,,S08000032,,S12000029,,Not Specified,,3,,0,0,,z,14,156,11.1428571428571,
2018Q3,,S08000032,,S12000029,,Not Specified,,3,,0,0,,z,15,113,7.53333333333333,
2018Q4,,S08000032,,S12000029,,Not Specified,,3,,0,0,,z,19,241,12.6842105263158,
2019Q1,,S08000032,,S12000029,,Not Specified,,3,,0,0,,z,14,69,4.92857142857143,
2019Q2,,S08000032,,S12000029,,Not Specified,,3,,0,0,,z,14,124,8.85714285714286,
2019Q3,,S08000032,,S12000029,,Not Specified,,3,,0,0,,z,18,316,17.5555555555556,
2019Q4,,S08000032,,S12000029,,Not Specified,,3,,0,0,,z,21,210,10,
2020Q1,,S08000032,,S12000029,,Not Specified,,3,,0,0,,z,17,156,9.17647058823529,
2020Q2,,S08000032,,S12000029,,Not Specified,,3,,0,0,,z,23,318,13.8260869565217,
2020Q3,,S08000032,,S12000029,,Not Specified,,3,,0,0,,z,10,130,13,
2020Q4,,S08000032,,S12000029,,Not Specified,,3,,0,0,,z,15,189,12.6,
2021Q1,,S08000032,,S12000029,,Not Specified,,3,,0,0,,z,5,85,17,
2021Q2,,S08000032,,S12000029,,Not Specified,,3,,0,0,,z,10,72,7.2,
2021Q3,,S08000032,,S12000029,,Not Specified,,3,,0,0,,z,10,124,12.4,
2021Q4,,S08000032,,S12000029,,Not Specified,,3,,0,0,,z,10,183,18.3,
2022Q1,,S08000032,,S12000029,,Not Specified,,3,,0,0,,z,5,38,7.6,
2022Q2,,S08000032,,S12000029,,Not Specified,,3,,0,0,,z,5,50,10,
2022Q3,,S08000032,,S12000029,,Not Specified,,3,,0,0,,z,5,116,23.2,
2022Q4,p,S08000032,,S12000029,,Not Specified,,3,,0,0,,z,10,239,23.9,
2017Q4,,S08000032,,S12000029,,Not Specified,,4,,0,0,,z,11,110,10,
2018Q1,,S08000032,,S12000029,,Not Specified,,4,,0,0,,z,12,372,31,
2018Q2,,S08000032,,S12000029,,Not Specified,,4,,0,0,,z,10,136,13.6,
2018Q3,,S08000032,,S12000029,,Not Specified,,4,,0,0,,z,10,2345,234.5,
2018Q4,,S08000032,,S12000029,,Not Specified,,4,,0,0,,z,14,96,6.85714285714286,
2019Q1,,S08000032,,S12000029,,Not Specified,,4,,0,0,,z,10,83,8.3,
2019Q2,,S08000032,,S12000029,,Not Specified,,4,,0,0,,z,10,52,5.2,
2019Q3,,S08000032,,S12000029,,Not Specified,,4,,0,0,,z,16,143,8.9375,
2019Q4,,S08000032,,S12000029,,Not Specified,,4,,0,0,,z,5,80,16,
2020Q1,,S08000032,,S12000029,,Not Specified,,4,,0,0,,z,12,204,17,
2020Q2,,S08000032,,S12000029,,Not Specified,,4,,0,0,,z,15,205,13.6666666666667,
2020Q3,,S08000032,,S12000029,,Not Specified,,4,,0,0,,z,15,75,5,
2020Q4,,S08000032,,S12000029,,Not Specified,,4,,0,0,,z,5,49,9.8,
2021Q1,,S08000032,,S12000029,,Not Specified,,4,,0,0,,z,5,40,8,
2021Q2,,S08000032,,S12000029,,Not Specified,,4,,0,0,,z,5,33,6.6,
2021Q3,,S08000032,,S12000029,,Not Specified,,4,,0,0,,z,5,118,23.6,
2021Q4,,S08000032,,S12000029,,Not Specified,,4,,0,0,,z,15,70,4.66666666666667,
2022Q1,,S08000032,,S12000029,,Not Specified,,4,,0,0,,z,0,6,,z
2022Q2,,S08000032,,S12000029,,Not Specified,,4,,0,0,,z,5,25,5,
2022Q3,,S08000032,,S12000029,,Not Specified,,4,,0,0,,z,10,119,11.9,
2022Q4,p,S08000032,,S12000029,,Not Specified,,4,,0,0,,z,5,10,2,
2017Q4,,S08000032,,S12000029,,Not Specified,,5,,0,0,,z,5,41,8.2,
2018Q1,,S08000032,,S12000029,,Not Specified,,5,,0,0,,z,10,77,7.7,
2018Q2,,S08000032,,S12000029,,Not Specified,,5,,0,0,,z,10,116,11.6,
2018Q3,,S08000032,,S12000029,,Not Specified,,5,,0,0,,z,15,77,5.13333333333333,
2018Q4,,S08000032,,S12000029,,Not Specified,,5,,0,0,,z,10,181,18.1,
2019Q1,,S08000032,,S12000029,,Not Specified,,5,,0,0,,z,5,75,15,
2019Q2,,S08000032,,S12000029,,Not Specified,,5,,0,0,,z,10,53,5.3,
2019Q3,,S08000032,,S12000029,,Not Specified,,5,,0,0,,z,10,97,9.7,
2019Q4,,S08000032,,S12000029,,Not Specified,,5,,0,0,,z,11,73,6.63636363636364,
2020Q1,,S08000032,,S12000029,,Not Specified,,5,,0,0,,z,5,47,9.4,
2020Q2,,S08000032,,S12000029,,Not Specified,,5,,0,0,,z,0,5,,z
2020Q3,,S08000032,,S12000029,,Not Specified,,5,,0,0,,z,5,73,14.6,
2020Q4,,S08000032,,S12000029,,Not Specified,,5,,0,0,,z,5,60,12,
2021Q1,,S08000032,,S12000029,,Not Specified,,5,,0,0,,z,5,19,3.8,
2021Q2,,S08000032,,S12000029,,Not Specified,,5,,0,0,,z,0,16,,z
2021Q3,,S08000032,,S12000029,,Not Specified,,5,,0,0,,z,10,63,6.3,
2021Q4,,S08000032,,S12000029,,Not Specified,,5,,0,0,,z,5,121,24.2,
2022Q1,,S08000032,,S12000029,,Not Specified,,5,,0,0,,z,5,10,2,
2022Q2,,S08000032,,S12000029,,Not Specified,,5,,0,0,,z,0,32,,z
2022Q3,,S08000032,,S12000029,,Not Specified,,5,,0,0,,z,0,19,,z
2022Q4,p,S08000032,,S12000029,,Not Specified,,5,,0,0,,z,5,60,12,
2018Q2,,S08000024,,S12000010,,Not Specified,,1,,0,0,,z,0,77,,z
2018Q3,,S08000024,,S12000010,,Not Specified,,1,,0,0,,z,0,132,,z
2018Q4,,S08000024,,S12000010,,Not Specified,,1,,0,0,,z,0,0,,z
2019Q1,,S08000024,,S12000010,,Not Specified,,1,,0,0,,z,0,136,,z
2019Q4,,S08000024,,S12000010,,Not Specified,,1,,0,0,,z,0,5,,z
2020Q1,,S08000024,,S12000010,,Not Specified,,1,,0,0,,z,0,15,,z
2020Q3,,S08000024,,S12000010,,Not Specified,,1,,0,0,,z,0,0,,z
2021Q1,,S08000024,,S12000010,,Not Specified,,1,,0,0,,z,0,12,,z
2021Q2,,S08000024,,S12000010,,Not Specified,,1,,0,0,,z,0,15,,z
2021Q3,,S08000024,,S12000010,,Not Specified,,1,,0,0,,z,5,24,4.8,
2021Q4,,S08000024,,S12000010,,Not Specified,,1,,0,0,,z,15,155,10.3333333333333,
2022Q1,,S08000024,,S12000010,,Not Specified,,1,,0,0,,z,15,320,21.3333333333333,
2022Q2,,S08000024,,S12000010,,Not Specified,,1,,0,0,,z,10,180,18,
2022Q3,,S08000024,,S12000010,,Not Specified,,1,,0,0,,z,13,160,12.3076923076923,
2022Q4,p,S08000024,,S12000010,,Not Specified,,1,,0,0,,z,5,69,13.8,
2017Q4,,S08000024,,S12000010,,Not Specified,,2,,0,0,,z,0,126,,z
2018Q1,,S08000024,,S12000010,,Not Specified,,2,,0,0,,z,10,913,91.3,
2018Q2,,S08000024,,S12000010,,Not Specified,,2,,0,0,,z,10,409,40.9,
2018Q3,,S08000024,,S12000010,,Not Specified,,2,,0,0,,z,5,830,166,
2018Q4,,S08000024,,S12000010,,Not Specified,,2,,0,0,,z,0,9,,z
2019Q1,,S08000024,,S12000010,,Not Specified,,2,,0,0,,z,5,600,120,
2019Q2,,S08000024,,S12000010,,Not Specified,,2,,0,0,,z,5,2244,448.8,
2019Q3,,S08000024,,S12000010,,Not Specified,,2,,0,0,,z,5,550,110,
2019Q4,,S08000024,,S12000010,,Not Specified,,2,,0,0,,z,5,249,49.8,
2020Q1,,S08000024,,S12000010,,Not Specified,,2,,0,0,,z,5,130,26,
2020Q2,,S08000024,,S12000010,,Not Specified,,2,,0,0,,z,5,133,26.6,
2020Q3,,S08000024,,S12000010,,Not Specified,,2,,0,0,,z,5,45,9,
2020Q4,,S08000024,,S12000010,,Not Specified,,2,,0,0,,z,10,919,91.9,
2021Q1,,S08000024,,S12000010,,Not Specified,,2,,0,0,,z,5,72,14.4,
2021Q2,,S08000024,,S12000010,,Not Specified,,2,,0,0,,z,10,396,39.6,
2021Q3,,S08000024,,S12000010,,Not Specified,,2,,0,0,,z,18,437,24.2777777777778,
2021Q4,,S08000024,,S12000010,,Not Specified,,2,,0,0,,z,34,485,14.2647058823529,
2022Q1,,S08000024,,S12000010,,Not Specified,,2,,0,0,,z,49,1089,22.2244897959184,
2022Q2,,S08000024,,S12000010,,Not Specified,,2,,0,0,,z,37,455,12.2972972972973,
2022Q3,,S08000024,,S12000010,,Not Specified,,2,,0,0,,z,43,715,16.6279069767442,
2022Q4,p,S08000024,,S12000010,,Not Specified,,2,,0,0,,z,17,185,10.8823529411765,
2017Q4,,S08000024,,S12000010,,Not Specified,,3,,0,0,,z,5,301,60.2,
2018Q1,,S08000024,,S12000010,,Not Specified,,3,,0,0,,z,0,98,,z
2018Q2,,S08000024,,S12000010,,Not Specified,,3,,0,0,,z,0,58,,z
2018Q3,,S08000024,,S12000010,,Not Specified,,3,,0,0,,z,5,108,21.6,
2018Q4,,S08000024,,S12000010,,Not Specified,,3,,0,0,,z,5,535,107,
2019Q1,,S08000024,,S12000010,,Not Specified,,3,,0,0,,z,5,98,19.6,
2019Q2,,S08000024,,S12000010,,Not Specified,,3,,0,0,,z,5,12,2.4,
2019Q3,,S08000024,,S12000010,,Not Specified,,3,,0,0,,z,5,183,36.6,
2019Q4,,S08000024,,S12000010,,Not Specified,,3,,0,0,,z,5,60,12,
2020Q1,,S08000024,,S12000010,,Not Specified,,3,,0,0,,z,0,23,,z
2020Q2,,S08000024,,S12000010,,Not Specified,,3,,0,0,,z,5,85,17,
2020Q3,,S08000024,,S12000010,,Not Specified,,3,,0,0,,z,5,84,16.8,
2020Q4,,S08000024,,S12000010,,Not Specified,,3,,0,0,,z,5,139,27.8,
2021Q1,,S08000024,,S12000010,,Not Specified,,3,,0,0,,z,5,105,21,
2021Q2,,S08000024,,S12000010,,Not Specified,,3,,0,0,,z,10,192,19.2,
2021Q3,,S08000024,,S12000010,,Not Specified,,3,,0,0,,z,10,195,19.5,
2021Q4,,S08000024,,S12000010,,Not Specified,,3,,0,0,,z,30,415,13.8333333333333,
2022Q1,,S08000024,,S12000010,,Not Specified,,3,,0,0,,z,36,1456,40.4444444444444,
2022Q2,,S08000024,,S12000010,,Not Specified,,3,,0,0,,z,41,656,16,
2022Q3,,S08000024,,S12000010,,Not Specified,,3,,0,0,,z,25,460,18.4,
2022Q4,p,S08000024,,S12000010,,Not Specified,,3,,0,0,,z,21,638,30.3809523809524,
2017Q4,,S08000024,,S12000010,,Not Specified,,4,,0,0,,z,0,188,,z
2018Q1,,S08000024,,S12000010,,Not Specified,,4,,0,0,,z,0,0,,z
2018Q2,,S08000024,,S12000010,,Not Specified,,4,,0,0,,z,5,0,0,
2018Q3,,S08000024,,S12000010,,Not Specified,,4,,0,0,,z,0,51,,z
2018Q4,,S08000024,,S12000010,,Not Specified,,4,,0,0,,z,0,5,,z
2019Q1,,S08000024,,S12000010,,Not Specified,,4,,0,0,,z,5,150,30,
2019Q2,,S08000024,,S12000010,,Not Specified,,4,,0,0,,z,0,10,,z
2019Q3,,S08000024,,S12000010,,Not Specified,,4,,0,0,,z,0,0,,z
2019Q4,,S08000024,,S12000010,,Not Specified,,4,,0,0,,z,5,87,17.4,
2020Q1,,S08000024,,S12000010,,Not Specified,,4,,0,0,,z,0,12,,z
2020Q2,,S08000024,,S12000010,,Not Specified,,4,,0,0,,z,5,70,14,
2020Q3,,S08000024,,S12000010,,Not Specified,,4,,0,0,,z,0,82,,z
2020Q4,,S08000024,,S12000010,,Not Specified,,4,,0,0,,z,0,20,,z
2021Q2,,S08000024,,S12000010,,Not Specified,,4,,0,0,,z,5,98,19.6,
2021Q3,,S08000024,,S12000010,,Not Specified,,4,,0,0,,z,5,45,9,
2021Q4,,S08000024,,S12000010,,Not Specified,,4,,0,0,,z,39,914,23.4358974358974,
2022Q1,,S08000024,,S12000010,,Not Specified,,4,,0,0,,z,22,164,7.45454545454545,
2022Q2,,S08000024,,S12000010,,Not Specified,,4,,0,0,,z,32,859,26.84375,
2022Q3,,S08000024,,S12000010,,Not Specified,,4,,0,0,,z,25,240,9.6,
2022Q4,p,S08000024,,S12000010,,Not Specified,,4,,0,0,,z,10,91,9.1,
2017Q4,,S08000024,,S12000010,,Not Specified,,5,,0,0,,z,0,175,,z
2018Q1,,S08000024,,S12000010,,Not Specified,,5,,0,0,,z,0,52,,z
2018Q2,,S08000024,,S12000010,,Not Specified,,5,,0,0,,z,0,100,,z
2018Q3,,S08000024,,S12000010,,Not Specified,,5,,0,0,,z,0,0,,z
2018Q4,,S08000024,,S12000010,,Not Specified,,5,,0,0,,z,0,509,,z
2019Q1,,S08000024,,S12000010,,Not Specified,,5,,0,0,,z,0,658,,z
2019Q2,,S08000024,,S12000010,,Not Specified,,5,,0,0,,z,5,1553,310.6,
2019Q3,,S08000024,,S12000010,,Not Specified,,5,,0,0,,z,0,8,,z
2019Q4,,S08000024,,S12000010,,Not Specified,,5,,0,0,,z,5,30,6,
2020Q1,,S08000024,,S12000010,,Not Specified,,5,,0,0,,z,0,0,,z
2020Q2,,S08000024,,S12000010,,Not Specified,,5,,0,0,,z,0,19,,z
2020Q3,,S08000024,,S12000010,,Not Specified,,5,,0,0,,z,0,27,,z
2021Q1,,S08000024,,S12000010,,Not Specified,,5,,0,0,,z,0,81,,z
2021Q2,,S08000024,,S12000010,,Not Specified,,5,,0,0,,z,10,401,40.1,
2021Q3,,S08000024,,S12000010,,Not Specified,,5,,0,0,,z,10,148,14.8,
2021Q4,,S08000024,,S12000010,,Not Specified,,5,,0,0,,z,20,452,22.6,
2022Q1,,S08000024,,S12000010,,Not Specified,,5,,0,0,,z,18,345,19.1666666666667,
2022Q2,,S08000024,,S12000010,,Not Specified,,5,,0,0,,z,19,240,12.6315789473684,
2022Q3,,S08000024,,S12000010,,Not Specified,,5,,0,0,,z,15,310,20.6666666666667,
2022Q4,p,S08000024,,S12000010,,Not Specified,,5,,0,0,,z,13,250,19.2307692307692,
2017Q4,,S08000024,,S12000036,,Not Specified,,1,,0,0,,z,5,30,6,
2018Q1,,S08000024,,S12000036,,Not Specified,,1,,0,0,,z,5,73,14.6,
2018Q2,,S08000024,,S12000036,,Not Specified,,1,,0,0,,z,0,7,,z
2018Q3,,S08000024,,S12000036,,Not Specified,,1,,0,0,,z,5,154,30.8,
2018Q4,,S08000024,,S12000036,,Not Specified,,1,,0,0,,z,10,335,33.5,
2019Q1,,S08000024,,S12000036,,Not Specified,,1,,0,0,,z,0,17,,z
2019Q2,,S08000024,,S12000036,,Not Specified,,1,,0,0,,z,10,184,18.4,
2019Q3,,S08000024,,S12000036,,Not Specified,,1,,0,0,,z,5,234,46.8,
2019Q4,,S08000024,,S12000036,,Not Specified,,1,,0,0,,z,5,244,48.8,
2020Q1,,S08000024,,S12000036,,Not Specified,,1,,0,0,,z,5,504,100.8,
2020Q2,,S08000024,,S12000036,,Not Specified,,1,,0,0,,z,5,155,31,
2020Q3,,S08000024,,S12000036,,Not Specified,,1,,0,0,,z,5,238,47.6,
2020Q4,,S08000024,,S12000036,,Not Specified,,1,,0,0,,z,5,207,41.4,
2021Q1,,S08000024,,S12000036,,Not Specified,,1,,0,0,,z,5,62,12.4,
2021Q2,,S08000024,,S12000036,,Not Specified,,1,,0,0,,z,10,187,18.7,
2021Q3,,S08000024,,S12000036,,Not Specified,,1,,0,0,,z,32,210,6.5625,
2021Q4,,S08000024,,S12000036,,Not Specified,,1,,0,0,,z,64,550,8.59375,
2022Q1,,S08000024,,S12000036,,Not Specified,,1,,0,0,,z,81,595,7.34567901234568,
2022Q2,,S08000024,,S12000036,,Not Specified,,1,,0,0,,z,81,1095,13.5185185185185,
2022Q3,,S08000024,,S12000036,,Not Specified,,1,,0,0,,z,83,568,6.8433734939759,
2022Q4,p,S08000024,,S12000036,,Not Specified,,1,,0,0,,z,30,605,20.1666666666667,
2017Q4,,S08000024,,S12000036,,Not Specified,,2,,0,0,,z,10,186,18.6,
2018Q1,,S08000024,,S12000036,,Not Specified,,2,,0,0,,z,10,222,22.2,
2018Q2,,S08000024,,S12000036,,Not Specified,,2,,0,0,,z,5,40,8,
2018Q3,,S08000024,,S12000036,,Not Specified,,2,,0,0,,z,11,1187,107.909090909091,
2018Q4,,S08000024,,S12000036,,Not Specified,,2,,0,0,,z,10,480,48,
2019Q1,,S08000024,,S12000036,,Not Specified,,2,,0,0,,z,10,202,20.2,
2019Q2,,S08000024,,S12000036,,Not Specified,,2,,0,0,,z,10,105,10.5,
2019Q3,,S08000024,,S12000036,,Not Specified,,2,,0,0,,z,11,129,11.7272727272727,
2019Q4,,S08000024,,S12000036,,Not Specified,,2,,0,0,,z,5,33,6.6,
2020Q1,,S08000024,,S12000036,,Not Specified,,2,,0,0,,z,0,7,,z
2020Q2,,S08000024,,S12000036,,Not Specified,,2,,0,0,,z,5,5,1,
2020Q3,,S08000024,,S12000036,,Not Specified,,2,,0,0,,z,5,132,26.4,
2020Q4,,S08000024,,S12000036,,Not Specified,,2,,0,0,,z,5,30,6,
2021Q1,,S08000024,,S12000036,,Not Specified,,2,,0,0,,z,5,70,14,
2021Q2,,S08000024,,S12000036,,Not Specified,,2,,0,0,,z,5,41,8.2,
2021Q3,,S08000024,,S12000036,,Not Specified,,2,,0,0,,z,32,247,7.71875,
2021Q4,,S08000024,,S12000036,,Not Specified,,2,,0,0,,z,88,619,7.03409090909091,
2022Q1,,S08000024,,S12000036,,Not Specified,,2,,0,0,,z,68,840,12.3529411764706,
2022Q2,,S08000024,,S12000036,,Not Specified,,2,,0,0,,z,82,1070,13.0487804878049,
2022Q3,,S08000024,,S12000036,,Not Specified,,2,,0,0,,z,59,475,8.05084745762712,
2022Q4,p,S08000024,,S12000036,,Not Specified,,2,,0,0,,z,45,910,20.2222222222222,
2017Q4,,S08000024,,S12000036,,Not Specified,,3,,0,0,,z,0,5,,z
2018Q1,,S08000024,,S12000036,,Not Specified,,3,,0,0,,z,0,121,,z
2018Q2,,S08000024,,S12000036,,Not Specified,,3,,0,0,,z,10,161,16.1,
2018Q3,,S08000024,,S12000036,,Not Specified,,3,,0,0,,z,10,129,12.9,
2018Q4,,S08000024,,S12000036,,Not Specified,,3,,0,0,,z,5,62,12.4,
2019Q1,,S08000024,,S12000036,,Not Specified,,3,,0,0,,z,5,161,32.2,
2019Q2,,S08000024,,S12000036,,Not Specified,,3,,0,0,,z,5,12,2.4,
2019Q3,,S08000024,,S12000036,,Not Specified,,3,,0,0,,z,10,161,16.1,
2019Q4,,S08000024,,S12000036,,Not Specified,,3,,0,0,,z,5,39,7.8,
2020Q2,,S08000024,,S12000036,,Not Specified,,3,,0,0,,z,5,44,8.8,
2020Q3,,S08000024,,S12000036,,Not Specified,,3,,0,0,,z,0,10,,z
2020Q4,,S08000024,,S12000036,,Not Specified,,3,,0,0,,z,0,21,,z
2021Q1,,S08000024,,S12000036,,Not Specified,,3,,0,0,,z,5,30,6,
2021Q2,,S08000024,,S12000036,,Not Specified,,3,,0,0,,z,0,19,,z
2021Q3,,S08000024,,S12000036,,Not Specified,,3,,0,0,,z,25,220,8.8,
2021Q4,,S08000024,,S12000036,,Not Specified,,3,,0,0,,z,51,240,4.70588235294118,
2022Q1,,S08000024,,S12000036,,Not Specified,,3,,0,0,,z,54,405,7.5,
2022Q2,,S08000024,,S12000036,,Not Specified,,3,,0,0,,z,42,505,12.0238095238095,
2022Q3,,S08000024,,S12000036,,Not Specified,,3,,0,0,,z,42,335,7.97619047619048,
2022Q4,p,S08000024,,S12000036,,Not Specified,,3,,0,0,,z,29,440,15.1724137931034,
2017Q4,,S08000024,,S12000036,,Not Specified,,4,,0,0,,z,5,115,23,
2018Q1,,S08000024,,S12000036,,Not Specified,,4,,0,0,,z,5,30,6,
2018Q2,,S08000024,,S12000036,,Not Specified,,4,,0,0,,z,5,243,48.6,
2018Q3,,S08000024,,S12000036,,Not Specified,,4,,0,0,,z,12,148,12.3333333333333,
2018Q4,,S08000024,,S12000036,,Not Specified,,4,,0,0,,z,5,8,1.6,
2019Q1,,S08000024,,S12000036,,Not Specified,,4,,0,0,,z,10,100,10,
2019Q2,,S08000024,,S12000036,,Not Specified,,4,,0,0,,z,5,52,10.4,
2019Q3,,S08000024,,S12000036,,Not Specified,,4,,0,0,,z,10,54,5.4,
2019Q4,,S08000024,,S12000036,,Not Specified,,4,,0,0,,z,5,295,59,
2020Q1,,S08000024,,S12000036,,Not Specified,,4,,0,0,,z,10,765,76.5,
2020Q2,,S08000024,,S12000036,,Not Specified,,4,,0,0,,z,0,40,,z
2020Q3,,S08000024,,S12000036,,Not Specified,,4,,0,0,,z,5,107,21.4,
2020Q4,,S08000024,,S12000036,,Not Specified,,4,,0,0,,z,10,230,23,
2021Q1,,S08000024,,S12000036,,Not Specified,,4,,0,0,,z,5,125,25,
2021Q2,,S08000024,,S12000036,,Not Specified,,4,,0,0,,z,5,447,89.4,
2021Q3,,S08000024,,S12000036,,Not Specified,,4,,0,0,,z,21,170,8.0952380952381,
2021Q4,,S08000024,,S12000036,,Not Specified,,4,,0,0,,z,62,435,7.01612903225806,
2022Q1,,S08000024,,S12000036,,Not Specified,,4,,0,0,,z,62,973,15.6935483870968,
2022Q2,,S08000024,,S12000036,,Not Specified,,4,,0,0,,z,86,825,9.59302325581395,
2022Q3,,S08000024,,S12000036,,Not Specified,,4,,0,0,,z,50,667,13.34,
2022Q4,p,S08000024,,S12000036,,Not Specified,,4,,0,0,,z,29,635,21.8965517241379,
2017Q4,,S08000024,,S12000036,,Not Specified,,5,,0,0,,z,12,795,66.25,
2018Q1,,S08000024,,S12000036,,Not Specified,,5,,0,0,,z,13,285,21.9230769230769,
2018Q2,,S08000024,,S12000036,,Not Specified,,5,,0,0,,z,22,427,19.4090909090909,
2018Q3,,S08000024,,S12000036,,Not Specified,,5,,0,0,,z,10,190,19,
2018Q4,,S08000024,,S12000036,,Not Specified,,5,,0,0,,z,14,90,6.42857142857143,
2019Q1,,S08000024,,S12000036,,Not Specified,,5,,0,0,,z,10,52,5.2,
2019Q2,,S08000024,,S12000036,,Not Specified,,5,,0,0,,z,11,35,3.18181818181818,
2019Q3,,S08000024,,S12000036,,Not Specified,,5,,0,0,,z,16,623,38.9375,
2019Q4,,S08000024,,S12000036,,Not Specified,,5,,0,0,,z,15,505,33.6666666666667,
2020Q1,,S08000024,,S12000036,,Not Specified,,5,,0,0,,z,14,669,47.7857142857143,
2020Q2,,S08000024,,S12000036,,Not Specified,,5,,0,0,,z,15,478,31.8666666666667,
2020Q3,,S08000024,,S12000036,,Not Specified,,5,,0,0,,z,13,76,5.84615384615385,
2020Q4,,S08000024,,S12000036,,Not Specified,,5,,0,0,,z,10,365,36.5,
2021Q1,,S08000024,,S12000036,,Not Specified,,5,,0,0,,z,14,251,17.9285714285714,
2021Q2,,S08000024,,S12000036,,Not Specified,,5,,0,0,,z,10,87,8.7,
2021Q3,,S08000024,,S12000036,,Not Specified,,5,,0,0,,z,66,575,8.71212121212121,
2021Q4,,S08000024,,S12000036,,Not Specified,,5,,0,0,,z,147,1040,7.07482993197279,
2022Q1,,S08000024,,S12000036,,Not Specified,,5,,0,0,,z,136,1465,10.7720588235294,
2022Q2,,S08000024,,S12000036,,Not Specified,,5,,0,0,,z,148,1664,11.2432432432432,
2022Q3,,S08000024,,S12000036,,Not Specified,,5,,0,0,,z,126,1920,15.2380952380952,
2022Q4,p,S08000024,,S12000036,,Not Specified,,5,,0,0,,z,91,2264,24.8791208791209,
2022Q3,,S08000024,,S12000036,,Not Specified,,,:,0,0,,z,0,0,,z
2017Q4,,S08000024,,S12000019,,Not Specified,,1,,0,0,,z,0,120,,z
2019Q1,,S08000024,,S12000019,,Not Specified,,1,,0,0,,z,0,7,,z
2019Q3,,S08000024,,S12000019,,Not Specified,,1,,0,0,,z,0,11,,z
2019Q4,,S08000024,,S12000019,,Not Specified,,1,,0,0,,z,0,25,,z
2020Q1,,S08000024,,S12000019,,Not Specified,,1,,0,0,,z,0,0,,z
2020Q3,,S08000024,,S12000019,,Not Specified,,1,,0,0,,z,0,211,,z
2021Q1,,S08000024,,S12000019,,Not Specified,,1,,0,0,,z,0,7,,z
2021Q2,,S08000024,,S12000019,,Not Specified,,1,,0,0,,z,0,5,,z
2021Q3,,S08000024,,S12000019,,Not Specified,,1,,0,0,,z,5,5,1,
2021Q4,,S08000024,,S12000019,,Not Specified,,1,,0,0,,z,10,97,9.7,
2022Q1,,S08000024,,S12000019,,Not Specified,,1,,0,0,,z,17,95,5.58823529411765,
2022Q2,,S08000024,,S12000019,,Not Specified,,1,,0,0,,z,18,210,11.6666666666667,
2022Q3,,S08000024,,S12000019,,Not Specified,,1,,0,0,,z,11,76,6.90909090909091,
2022Q4,p,S08000024,,S12000019,,Not Specified,,1,,0,0,,z,5,52,10.4,
2017Q4,,S08000024,,S12000019,,Not Specified,,2,,0,0,,z,5,28,5.6,
2018Q1,,S08000024,,S12000019,,Not Specified,,2,,0,0,,z,5,51,10.2,
2018Q2,,S08000024,,S12000019,,Not Specified,,2,,0,0,,z,0,18,,z
2018Q3,,S08000024,,S12000019,,Not Specified,,2,,0,0,,z,0,0,,z
2019Q1,,S08000024,,S12000019,,Not Specified,,2,,0,0,,z,5,185,37,
2019Q2,,S08000024,,S12000019,,Not Specified,,2,,0,0,,z,5,85,17,
2019Q3,,S08000024,,S12000019,,Not Specified,,2,,0,0,,z,0,5,,z
2019Q4,,S08000024,,S12000019,,Not Specified,,2,,0,0,,z,5,56,11.2,
2020Q1,,S08000024,,S12000019,,Not Specified,,2,,0,0,,z,5,132,26.4,
2020Q2,,S08000024,,S12000019,,Not Specified,,2,,0,0,,z,5,103,20.6,
2020Q3,,S08000024,,S12000019,,Not Specified,,2,,0,0,,z,5,44,8.8,
2020Q4,,S08000024,,S12000019,,Not Specified,,2,,0,0,,z,5,90,18,
2021Q1,,S08000024,,S12000019,,Not Specified,,2,,0,0,,z,5,16,3.2,
2021Q2,,S08000024,,S12000019,,Not Specified,,2,,0,0,,z,0,8,,z
2021Q3,,S08000024,,S12000019,,Not Specified,,2,,0,0,,z,15,192,12.8,
2021Q4,,S08000024,,S12000019,,Not Specified,,2,,0,0,,z,45,263,5.84444444444444,
2022Q1,,S08000024,,S12000019,,Not Specified,,2,,0,0,,z,36,305,8.47222222222222,
2022Q2,,S08000024,,S12000019,,Not Specified,,2,,0,0,,z,36,400,11.1111111111111,
2022Q3,,S08000024,,S12000019,,Not Specified,,2,,0,0,,z,42,235,5.5952380952381,
2022Q4,p,S08000024,,S12000019,,Not Specified,,2,,0,0,,z,15,627,41.8,
2017Q4,,S08000024,,S12000019,,Not Specified,,3,,0,0,,z,5,65,13,
2018Q1,,S08000024,,S12000019,,Not Specified,,3,,0,0,,z,5,9,1.8,
2018Q2,,S08000024,,S12000019,,Not Specified,,3,,0,0,,z,5,63,12.6,
2018Q3,,S08000024,,S12000019,,Not Specified,,3,,0,0,,z,0,0,,z
2019Q1,,S08000024,,S12000019,,Not Specified,,3,,0,0,,z,0,6,,z
2019Q2,,S08000024,,S12000019,,Not Specified,,3,,0,0,,z,0,129,,z
2019Q3,,S08000024,,S12000019,,Not Specified,,3,,0,0,,z,5,14,2.8,
2019Q4,,S08000024,,S12000019,,Not Specified,,3,,0,0,,z,5,8,1.6,
2020Q1,,S08000024,,S12000019,,Not Specified,,3,,0,0,,z,0,150,,z
2020Q2,,S08000024,,S12000019,,Not Specified,,3,,0,0,,z,0,0,,z
2020Q3,,S08000024,,S12000019,,Not Specified,,3,,0,0,,z,0,5,,z
2020Q4,,S08000024,,S12000019,,Not Specified,,3,,0,0,,z,0,55,,z
2021Q1,,S08000024,,S12000019,,Not Specified,,3,,0,0,,z,5,67,13.4,
2021Q2,,S08000024,,S12000019,,Not Specified,,3,,0,0,,z,0,7,,z
2021Q3,,S08000024,,S12000019,,Not Specified,,3,,0,0,,z,10,33,3.3,
2021Q4,,S08000024,,S12000019,,Not Specified,,3,,0,0,,z,30,285,9.5,
2022Q1,,S08000024,,S12000019,,Not Specified,,3,,0,0,,z,20,355,17.75,
2022Q2,,S08000024,,S12000019,,Not Specified,,3,,0,0,,z,31,184,5.93548387096774,
2022Q3,,S08000024,,S12000019,,Not Specified,,3,,0,0,,z,30,205,6.83333333333333,
2022Q4,p,S08000024,,S12000019,,Not Specified,,3,,0,0,,z,10,120,12,
2017Q4,,S08000024,,S12000019,,Not Specified,,4,,0,0,,z,0,19,,z
2018Q3,,S08000024,,S12000019,,Not Specified,,4,,0,0,,z,0,0,,z
2018Q4,,S08000024,,S12000019,,Not Specified,,4,,0,0,,z,0,5,,z
2019Q1,,S08000024,,S12000019,,Not Specified,,4,,0,0,,z,0,122,,z
2019Q2,,S08000024,,S12000019,,Not Specified,,4,,0,0,,z,0,5,,z
2019Q3,,S08000024,,S12000019,,Not Specified,,4,,0,0,,z,0,15,,z
2019Q4,,S08000024,,S12000019,,Not Specified,,4,,0,0,,z,0,0,,z
2020Q1,,S08000024,,S12000019,,Not Specified,,4,,0,0,,z,0,12,,z
2020Q3,,S08000024,,S12000019,,Not Specified,,4,,0,0,,z,0,209,,z
2020Q4,,S08000024,,S12000019,,Not Specified,,4,,0,0,,z,0,0,,z
2021Q3,,S08000024,,S12000019,,Not Specified,,4,,0,0,,z,0,10,,z
2021Q4,,S08000024,,S12000019,,Not Specified,,4,,0,0,,z,20,80,4,
2022Q1,,S08000024,,S12000019,,Not Specified,,4,,0,0,,z,15,85,5.66666666666667,
2022Q2,,S08000024,,S12000019,,Not Specified,,4,,0,0,,z,20,126,6.3,
2022Q3,,S08000024,,S12000019,,Not Specified,,4,,0,0,,z,28,158,5.64285714285714,
2022Q4,p,S08000024,,S12000019,,Not Specified,,4,,0,0,,z,11,138,12.5454545454545,
2018Q2,,S08000024,,S12000019,,Not Specified,,5,,0,0,,z,5,118,23.6,
2018Q3,,S08000024,,S12000019,,Not Specified,,5,,0,0,,z,0,0,,z
2018Q4,,S08000024,,S12000019,,Not Specified,,5,,0,0,,z,0,5,,z
2019Q1,,S08000024,,S12000019,,Not Specified,,5,,0,0,,z,0,37,,z
2019Q3,,S08000024,,S12000019,,Not Specified,,5,,0,0,,z,0,59,,z
2020Q1,,S08000024,,S12000019,,Not Specified,,5,,0,0,,z,0,0,,z
2020Q2,,S08000024,,S12000019,,Not Specified,,5,,0,0,,z,0,61,,z
2020Q3,,S08000024,,S12000019,,Not Specified,,5,,0,0,,z,0,355,,z
2020Q4,,S08000024,,S12000019,,Not Specified,,5,,0,0,,z,0,30,,z
2021Q2,,S08000024,,S12000019,,Not Specified,,5,,0,0,,z,0,0,,z
2021Q3,,S08000024,,S12000019,,Not Specified,,5,,0,0,,z,0,5,,z
2021Q4,,S08000024,,S12000019,,Not Specified,,5,,0,0,,z,15,43,2.86666666666667,
2022Q1,,S08000024,,S12000019,,Not Specified,,5,,0,0,,z,15,80,5.33333333333333,
2022Q2,,S08000024,,S12000019,,Not Specified,,5,,0,0,,z,15,120,8,
2022Q3,,S08000024,,S12000019,,Not Specified,,5,,0,0,,z,15,280,18.6666666666667,
2022Q4,p,S08000024,,S12000019,,Not Specified,,5,,0,0,,z,5,86,17.2,
2017Q4,,S08000024,,S08000024,d,Not Specified,,1,,0,0,,z,14,469,33.5,
2018Q1,,S08000024,,S08000024,d,Not Specified,,1,,0,0,,z,13,252,19.3846153846154,
2018Q2,,S08000024,,S08000024,d,Not Specified,,1,,0,0,,z,10,216,21.6,
2018Q3,,S08000024,,S08000024,d,Not Specified,,1,,0,0,,z,10,308,30.8,
2018Q4,,S08000024,,S08000024,d,Not Specified,,1,,0,0,,z,14,344,24.5714285714286,
2019Q1,,S08000024,,S08000024,d,Not Specified,,1,,0,0,,z,5,297,59.4,
2019Q2,,S08000024,,S08000024,d,Not Specified,,1,,0,0,,z,16,295,18.4375,
2019Q3,,S08000024,,S08000024,d,Not Specified,,1,,0,0,,z,11,324,29.4545454545455,
2019Q4,,S08000024,,S08000024,d,Not Specified,,1,,0,0,,z,14,301,21.5,
2020Q1,,S08000024,,S08000024,d,Not Specified,,1,,0,0,,z,10,524,52.4,
2020Q2,,S08000024,,S08000024,d,Not Specified,,1,,0,0,,z,5,188,37.6,
2020Q3,,S08000024,,S08000024,d,Not Specified,,1,,0,0,,z,17,494,29.0588235294118,
2020Q4,,S08000024,,S08000024,d,Not Specified,,1,,0,0,,z,14,356,25.4285714285714,
2021Q1,,S08000024,,S08000024,d,Not Specified,,1,,0,0,,z,10,107,10.7,
2021Q2,,S08000024,,S08000024,d,Not Specified,,1,,0,0,,z,14,254,18.1428571428571,
2021Q3,,S08000024,,S08000024,d,Not Specified,,1,,0,0,,z,50,388,7.76,
2021Q4,,S08000024,,S08000024,d,Not Specified,,1,,0,0,,z,97,876,9.03092783505155,
2022Q1,,S08000024,,S08000024,d,Not Specified,,1,,0,0,,z,124,1083,8.73387096774194,
2022Q2,,S08000024,,S08000024,d,Not Specified,,1,,0,0,,z,117,1772,15.1452991452991,
2022Q3,,S08000024,,S08000024,d,Not Specified,,1,,0,0,,z,122,1001,8.20491803278689,
2022Q4,p,S08000024,,S08000024,d,Not Specified,,1,,0,0,,z,46,754,16.3913043478261,
2017Q4,,S08000024,,S08000024,d,Not Specified,,2,,0,0,,z,34,841,24.7352941176471,
2018Q1,,S08000024,,S08000024,d,Not Specified,,2,,0,0,,z,36,1463,40.6388888888889,
2018Q2,,S08000024,,S08000024,d,Not Specified,,2,,0,0,,z,23,711,30.9130434782609,
2018Q3,,S08000024,,S08000024,d,Not Specified,,2,,0,0,,z,22,2041,92.7727272727273,
2018Q4,,S08000024,,S08000024,d,Not Specified,,2,,0,0,,z,16,573,35.8125,
2019Q1,,S08000024,,S08000024,d,Not Specified,,2,,0,0,,z,24,1008,42,
2019Q2,,S08000024,,S08000024,d,Not Specified,,2,,0,0,,z,26,2496,96,
2019Q3,,S08000024,,S08000024,d,Not Specified,,2,,0,0,,z,23,710,30.8695652173913,
2019Q4,,S08000024,,S08000024,d,Not Specified,,2,,0,0,,z,21,349,16.6190476190476,
2020Q1,,S08000024,,S08000024,d,Not Specified,,2,,0,0,,z,16,379,23.6875,
2020Q2,,S08000024,,S08000024,d,Not Specified,,2,,0,0,,z,20,342,17.1,
2020Q3,,S08000024,,S08000024,d,Not Specified,,2,,0,0,,z,23,246,10.695652173913,
2020Q4,,S08000024,,S08000024,d,Not Specified,,2,,0,0,,z,25,1132,45.28,
2021Q1,,S08000024,,S08000024,d,Not Specified,,2,,0,0,,z,21,424,20.1904761904762,
2021Q2,,S08000024,,S08000024,d,Not Specified,,2,,0,0,,z,20,454,22.7,
2021Q3,,S08000024,,S08000024,d,Not Specified,,2,,0,0,,z,73,938,12.8493150684932,
2021Q4,,S08000024,,S08000024,d,Not Specified,,2,,0,0,,z,187,1528,8.17112299465241,
2022Q1,,S08000024,,S08000024,d,Not Specified,,2,,0,0,,z,171,2383,13.9356725146199,
2022Q2,,S08000024,,S08000024,d,Not Specified,,2,,0,0,,z,185,2135,11.5405405405405,
2022Q3,,S08000024,,S08000024,d,Not Specified,,2,,0,0,,z,159,1521,9.56603773584906,
2022Q4,p,S08000024,,S08000024,d,Not Specified,,2,,0,0,,z,83,1757,21.1686746987952,
2017Q4,,S08000024,,S08000024,d,Not Specified,,3,,0,0,,z,14,452,32.2857142857143,
2018Q1,,S08000024,,S08000024,d,Not Specified,,3,,0,0,,z,17,519,30.5294117647059,
2018Q2,,S08000024,,S08000024,d,Not Specified,,3,,0,0,,z,17,317,18.6470588235294,
2018Q3,,S08000024,,S08000024,d,Not Specified,,3,,0,0,,z,19,302,15.8947368421053,
2018Q4,,S08000024,,S08000024,d,Not Specified,,3,,0,0,,z,13,870,66.9230769230769,
2019Q1,,S08000024,,S08000024,d,Not Specified,,3,,0,0,,z,12,359,29.9166666666667,
2019Q2,,S08000024,,S08000024,d,Not Specified,,3,,0,0,,z,10,685,68.5,
2019Q3,,S08000024,,S08000024,d,Not Specified,,3,,0,0,,z,21,446,21.2380952380952,
2019Q4,,S08000024,,S08000024,d,Not Specified,,3,,0,0,,z,13,110,8.46153846153846,
2020Q1,,S08000024,,S08000024,d,Not Specified,,3,,0,0,,z,10,308,30.8,
2020Q2,,S08000024,,S08000024,d,Not Specified,,3,,0,0,,z,11,139,12.6363636363636,
2020Q3,,S08000024,,S08000024,d,Not Specified,,3,,0,0,,z,14,236,16.8571428571429,
2020Q4,,S08000024,,S08000024,d,Not Specified,,3,,0,0,,z,12,254,21.1666666666667,
2021Q1,,S08000024,,S08000024,d,Not Specified,,3,,0,0,,z,15,281,18.7333333333333,
2021Q2,,S08000024,,S08000024,d,Not Specified,,3,,0,0,,z,18,268,14.8888888888889,
2021Q3,,S08000024,,S08000024,d,Not Specified,,3,,0,0,,z,46,478,10.3913043478261,
2021Q4,,S08000024,,S08000024,d,Not Specified,,3,,0,0,,z,119,996,8.36974789915966,
2022Q1,,S08000024,,S08000024,d,Not Specified,,3,,0,0,,z,122,2271,18.6147540983607,
2022Q2,,S08000024,,S08000024,d,Not Specified,,3,,0,0,,z,130,1524,11.7230769230769,
2022Q3,,S08000024,,S08000024,d,Not Specified,,3,,0,0,,z,116,1197,10.3189655172414,
2022Q4,p,S08000024,,S08000024,d,Not Specified,,3,,0,0,,z,65,1318,20.2769230769231,
2017Q4,,S08000024,,S08000024,d,Not Specified,,4,,0,0,,z,17,759,44.6470588235294,
2018Q1,,S08000024,,S08000024,d,Not Specified,,4,,0,0,,z,10,69,6.9,
2018Q2,,S08000024,,S08000024,d,Not Specified,,4,,0,0,,z,13,269,20.6923076923077,
2018Q3,,S08000024,,S08000024,d,Not Specified,,4,,0,0,,z,17,223,13.1176470588235,
2018Q4,,S08000024,,S08000024,d,Not Specified,,4,,0,0,,z,11,17,1.54545454545455,
2019Q1,,S08000024,,S08000024,d,Not Specified,,4,,0,0,,z,17,372,21.8823529411765,
2019Q2,,S08000024,,S08000024,d,Not Specified,,4,,0,0,,z,10,267,26.7,
2019Q3,,S08000024,,S08000024,d,Not Specified,,4,,0,0,,z,12,74,6.16666666666667,
2019Q4,,S08000024,,S08000024,d,Not Specified,,4,,0,0,,z,17,388,22.8235294117647,
2020Q1,,S08000024,,S08000024,d,Not Specified,,4,,0,0,,z,11,789,71.7272727272727,
2020Q2,,S08000024,,S08000024,d,Not Specified,,4,,0,0,,z,5,111,22.2,
2020Q3,,S08000024,,S08000024,d,Not Specified,,4,,0,0,,z,10,423,42.3,
2020Q4,,S08000024,,S08000024,d,Not Specified,,4,,0,0,,z,13,304,23.3846153846154,
2021Q1,,S08000024,,S08000024,d,Not Specified,,4,,0,0,,z,5,126,25.2,
2021Q2,,S08000024,,S08000024,d,Not Specified,,4,,0,0,,z,13,552,42.4615384615385,
2021Q3,,S08000024,,S08000024,d,Not Specified,,4,,0,0,,z,37,266,7.18918918918919,
2021Q4,,S08000024,,S08000024,d,Not Specified,,4,,0,0,,z,132,1448,10.969696969697,
2022Q1,,S08000024,,S08000024,d,Not Specified,,4,,0,0,,z,106,1293,12.1981132075472,
2022Q2,,S08000024,,S08000024,d,Not Specified,,4,,0,0,,z,150,1881,12.54,
2022Q3,,S08000024,,S08000024,d,Not Specified,,4,,0,0,,z,118,1215,10.2966101694915,
2022Q4,p,S08000024,,S08000024,d,Not Specified,,4,,0,0,,z,54,869,16.0925925925926,
2017Q4,,S08000024,,S08000024,d,Not Specified,,5,,0,0,,z,19,1127,59.3157894736842,
2018Q1,,S08000024,,S08000024,d,Not Specified,,5,,0,0,,z,18,416,23.1111111111111,
2018Q2,,S08000024,,S08000024,d,Not Specified,,5,,0,0,,z,30,669,22.3,
2018Q3,,S08000024,,S08000024,d,Not Specified,,5,,0,0,,z,13,212,16.3076923076923,
2018Q4,,S08000024,,S08000024,d,Not Specified,,5,,0,0,,z,16,603,37.6875,
2019Q1,,S08000024,,S08000024,d,Not Specified,,5,,0,0,,z,14,778,55.5714285714286,
2019Q2,,S08000024,,S08000024,d,Not Specified,,5,,0,0,,z,14,1588,113.428571428571,
2019Q3,,S08000024,,S08000024,d,Not Specified,,5,,0,0,,z,18,690,38.3333333333333,
2019Q4,,S08000024,,S08000024,d,Not Specified,,5,,0,0,,z,21,535,25.4761904761905,
2020Q1,,S08000024,,S08000024,d,Not Specified,,5,,0,0,,z,24,774,32.25,
2020Q2,,S08000024,,S08000024,d,Not Specified,,5,,0,0,,z,18,558,31,
2020Q3,,S08000024,,S08000024,d,Not Specified,,5,,0,0,,z,21,504,24,
2020Q4,,S08000024,,S08000024,d,Not Specified,,5,,0,0,,z,16,411,25.6875,
2021Q1,,S08000024,,S08000024,d,Not Specified,,5,,0,0,,z,19,383,20.1578947368421,
2021Q2,,S08000024,,S08000024,d,Not Specified,,5,,0,0,,z,20,499,24.95,
2021Q3,,S08000024,,S08000024,d,Not Specified,,5,,0,0,,z,78,733,9.3974358974359,
2021Q4,,S08000024,,S08000024,d,Not Specified,,5,,0,0,,z,190,1550,8.1578947368421,
2022Q1,,S08000024,,S08000024,d,Not Specified,,5,,0,0,,z,177,1916,10.8248587570621,
2022Q2,,S08000024,,S08000024,d,Not Specified,,5,,0,0,,z,190,2038,10.7263157894737,
2022Q3,,S08000024,,S08000024,d,Not Specified,,5,,0,0,,z,164,2533,15.4451219512195,
2022Q4,p,S08000024,,S08000024,d,Not Specified,,5,,0,0,,z,110,2605,23.6818181818182,
2017Q4,,S08000024,,S08000024,d,Not Specified,,,:,0,0,,z,0,0,,z
2022Q3,,S08000024,,S08000024,d,Not Specified,,,:,0,0,,z,0,0,,z
2017Q4,,S08000024,,S12000040,,Not Specified,,1,,0,0,,z,10,319,31.9,
2018Q1,,S08000024,,S12000040,,Not Specified,,1,,0,0,,z,5,179,35.8,
2018Q2,,S08000024,,S12000040,,Not Specified,,1,,0,0,,z,5,132,26.4,
2018Q3,,S08000024,,S12000040,,Not Specified,,1,,0,0,,z,0,22,,z
2018Q4,,S08000024,,S12000040,,Not Specified,,1,,0,0,,z,5,9,1.8,
2019Q1,,S08000024,,S12000040,,Not Specified,,1,,0,0,,z,5,137,27.4,
2019Q2,,S08000024,,S12000040,,Not Specified,,1,,0,0,,z,10,111,11.1,
2019Q3,,S08000024,,S12000040,,Not Specified,,1,,0,0,,z,5,79,15.8,
2019Q4,,S08000024,,S12000040,,Not Specified,,1,,0,0,,z,5,27,5.4,
2020Q1,,S08000024,,S12000040,,Not Specified,,1,,0,0,,z,0,5,,z
2020Q2,,S08000024,,S12000040,,Not Specified,,1,,0,0,,z,0,33,,z
2020Q3,,S08000024,,S12000040,,Not Specified,,1,,0,0,,z,10,45,4.5,
2020Q4,,S08000024,,S12000040,,Not Specified,,1,,0,0,,z,10,149,14.9,
2021Q1,,S08000024,,S12000040,,Not Specified,,1,,0,0,,z,0,26,,z
2021Q2,,S08000024,,S12000040,,Not Specified,,1,,0,0,,z,5,50,10,
2021Q3,,S08000024,,S12000040,,Not Specified,,1,,0,0,,z,10,150,15,
2021Q4,,S08000024,,S12000040,,Not Specified,,1,,0,0,,z,10,75,7.5,
2022Q1,,S08000024,,S12000040,,Not Specified,,1,,0,0,,z,11,75,6.81818181818182,
2022Q2,,S08000024,,S12000040,,Not Specified,,1,,0,0,,z,10,285,28.5,
2022Q3,,S08000024,,S12000040,,Not Specified,,1,,0,0,,z,15,200,13.3333333333333,
2022Q4,p,S08000024,,S12000040,,Not Specified,,1,,0,0,,z,5,30,6,
2017Q4,,S08000024,,S12000040,,Not Specified,,2,,0,0,,z,18,501,27.8333333333333,
2018Q1,,S08000024,,S12000040,,Not Specified,,2,,0,0,,z,16,277,17.3125,
2018Q2,,S08000024,,S12000040,,Not Specified,,2,,0,0,,z,10,242,24.2,
2018Q3,,S08000024,,S12000040,,Not Specified,,2,,0,0,,z,5,25,5,
2018Q4,,S08000024,,S12000040,,Not Specified,,2,,0,0,,z,5,84,16.8,
2019Q1,,S08000024,,S12000040,,Not Specified,,2,,0,0,,z,5,21,4.2,
2019Q2,,S08000024,,S12000040,,Not Specified,,2,,0,0,,z,5,60,12,
2019Q3,,S08000024,,S12000040,,Not Specified,,2,,0,0,,z,5,25,5,
2019Q4,,S08000024,,S12000040,,Not Specified,,2,,0,0,,z,5,11,2.2,
2020Q1,,S08000024,,S12000040,,Not Specified,,2,,0,0,,z,5,110,22,
2020Q2,,S08000024,,S12000040,,Not Specified,,2,,0,0,,z,5,100,20,
2020Q3,,S08000024,,S12000040,,Not Specified,,2,,0,0,,z,10,25,2.5,
2020Q4,,S08000024,,S12000040,,Not Specified,,2,,0,0,,z,5,97,19.4,
2021Q1,,S08000024,,S12000040,,Not Specified,,2,,0,0,,z,5,268,53.6,
2021Q2,,S08000024,,S12000040,,Not Specified,,2,,0,0,,z,5,9,1.8,
2021Q3,,S08000024,,S12000040,,Not Specified,,2,,0,0,,z,10,62,6.2,
2021Q4,,S08000024,,S12000040,,Not Specified,,2,,0,0,,z,20,160,8,
2022Q1,,S08000024,,S12000040,,Not Specified,,2,,0,0,,z,18,147,8.16666666666667,
2022Q2,,S08000024,,S12000040,,Not Specified,,2,,0,0,,z,30,209,6.96666666666667,
2022Q3,,S08000024,,S12000040,,Not Specified,,2,,0,0,,z,15,95,6.33333333333333,
2022Q4,p,S08000024,,S12000040,,Not Specified,,2,,0,0,,z,10,35,3.5,
2017Q4,,S08000024,,S12000040,,Not Specified,,3,,0,0,,z,5,80,16,
2018Q1,,S08000024,,S12000040,,Not Specified,,3,,0,0,,z,10,291,29.1,
2018Q2,,S08000024,,S12000040,,Not Specified,,3,,0,0,,z,5,35,7,
2018Q3,,S08000024,,S12000040,,Not Specified,,3,,0,0,,z,5,65,13,
2018Q4,,S08000024,,S12000040,,Not Specified,,3,,0,0,,z,5,273,54.6,
2019Q1,,S08000024,,S12000040,,Not Specified,,3,,0,0,,z,0,94,,z
2019Q2,,S08000024,,S12000040,,Not Specified,,3,,0,0,,z,5,532,106.4,
2019Q3,,S08000024,,S12000040,,Not Specified,,3,,0,0,,z,5,88,17.6,
2019Q4,,S08000024,,S12000040,,Not Specified,,3,,0,0,,z,0,5,,z
2020Q1,,S08000024,,S12000040,,Not Specified,,3,,0,0,,z,5,135,27,
2020Q2,,S08000024,,S12000040,,Not Specified,,3,,0,0,,z,5,10,2,
2020Q3,,S08000024,,S12000040,,Not Specified,,3,,0,0,,z,5,141,28.2,
2020Q4,,S08000024,,S12000040,,Not Specified,,3,,0,0,,z,5,40,8,
2021Q1,,S08000024,,S12000040,,Not Specified,,3,,0,0,,z,0,79,,z
2021Q2,,S08000024,,S12000040,,Not Specified,,3,,0,0,,z,5,50,10,
2021Q3,,S08000024,,S12000040,,Not Specified,,3,,0,0,,z,0,30,,z
2021Q4,,S08000024,,S12000040,,Not Specified,,3,,0,0,,z,10,55,5.5,
2022Q1,,S08000024,,S12000040,,Not Specified,,3,,0,0,,z,12,55,4.58333333333333,
2022Q2,,S08000024,,S12000040,,Not Specified,,3,,0,0,,z,16,180,11.25,
2022Q3,,S08000024,,S12000040,,Not Specified,,3,,0,0,,z,19,195,10.2631578947368,
2022Q4,p,S08000024,,S12000040,,Not Specified,,3,,0,0,,z,5,116,23.2,
2017Q4,,S08000024,,S12000040,,Not Specified,,4,,0,0,,z,5,437,87.4,
2018Q1,,S08000024,,S12000040,,Not Specified,,4,,0,0,,z,5,37,7.4,
2018Q2,,S08000024,,S12000040,,Not Specified,,4,,0,0,,z,5,25,5,
2018Q3,,S08000024,,S12000040,,Not Specified,,4,,0,0,,z,0,25,,z
2018Q4,,S08000024,,S12000040,,Not Specified,,4,,0,0,,z,0,0,,z
2019Q1,,S08000024,,S12000040,,Not Specified,,4,,0,0,,z,0,0,,z
2019Q2,,S08000024,,S12000040,,Not Specified,,4,,0,0,,z,5,202,40.4,
2019Q3,,S08000024,,S12000040,,Not Specified,,4,,0,0,,z,0,5,,z
2019Q4,,S08000024,,S12000040,,Not Specified,,4,,0,0,,z,5,5,1,
2020Q2,,S08000024,,S12000040,,Not Specified,,4,,0,0,,z,0,5,,z
2020Q3,,S08000024,,S12000040,,Not Specified,,4,,0,0,,z,0,25,,z
2020Q4,,S08000024,,S12000040,,Not Specified,,4,,0,0,,z,5,52,10.4,
2021Q1,,S08000024,,S12000040,,Not Specified,,4,,0,0,,z,0,5,,z
2021Q2,,S08000024,,S12000040,,Not Specified,,4,,0,0,,z,5,7,1.4,
2021Q3,,S08000024,,S12000040,,Not Specified,,4,,0,0,,z,5,45,9,
2021Q4,,S08000024,,S12000040,,Not Specified,,4,,0,0,,z,10,20,2,
2022Q1,,S08000024,,S12000040,,Not Specified,,4,,0,0,,z,5,75,15,
2022Q2,,S08000024,,S12000040,,Not Specified,,4,,0,0,,z,10,70,7,
2022Q3,,S08000024,,S12000040,,Not Specified,,4,,0,0,,z,15,150,10,
2022Q4,p,S08000024,,S12000040,,Not Specified,,4,,0,0,,z,5,5,1,
2017Q4,,S08000024,,S12000040,,Not Specified,,5,,0,0,,z,5,157,31.4,
2018Q1,,S08000024,,S12000040,,Not Specified,,5,,0,0,,z,5,79,15.8,
2018Q2,,S08000024,,S12000040,,Not Specified,,5,,0,0,,z,5,24,4.8,
2018Q3,,S08000024,,S12000040,,Not Specified,,5,,0,0,,z,5,20,4,
2019Q1,,S08000024,,S12000040,,Not Specified,,5,,0,0,,z,0,31,,z
2019Q2,,S08000024,,S12000040,,Not Specified,,5,,0,0,,z,0,0,,z
2019Q4,,S08000024,,S12000040,,Not Specified,,5,,0,0,,z,0,0,,z
2020Q1,,S08000024,,S12000040,,Not Specified,,5,,0,0,,z,10,102,10.2,
2020Q3,,S08000024,,S12000040,,Not Specified,,5,,0,0,,z,5,46,9.2,
2020Q4,,S08000024,,S12000040,,Not Specified,,5,,0,0,,z,5,13,2.6,
2021Q1,,S08000024,,S12000040,,Not Specified,,5,,0,0,,z,5,51,10.2,
2021Q2,,S08000024,,S12000040,,Not Specified,,5,,0,0,,z,5,10,2,
2021Q3,,S08000024,,S12000040,,Not Specified,,5,,0,0,,z,0,5,,z
2021Q4,,S08000024,,S12000040,,Not Specified,,5,,0,0,,z,10,15,1.5,
2022Q1,,S08000024,,S12000040,,Not Specified,,5,,0,0,,z,10,25,2.5,
2022Q2,,S08000024,,S12000040,,Not Specified,,5,,0,0,,z,5,15,3,
2022Q3,,S08000024,,S12000040,,Not Specified,,5,,0,0,,z,10,20,2,
2022Q4,p,S08000024,,S12000040,,Not Specified,,5,,0,0,,z,0,5,,z
2017Q4,,S08000024,,S12000040,,Not Specified,,,:,0,0,,z,0,0,,z
2017Q4,,S08000025,,S08000025,d,Not Specified,,2,,0,0,,z,0,10,,z
2018Q1,,S08000025,,S08000025,d,Not Specified,,2,,0,0,,z,0,5,,z
2018Q2,,S08000025,,S08000025,d,Not Specified,,2,,0,0,,z,0,0,,z
2018Q4,,S08000025,,S08000025,d,Not Specified,,2,,0,0,,z,0,7,,z
2019Q1,,S08000025,,S08000025,d,Not Specified,,2,,0,0,,z,5,15,3,
2019Q2,,S08000025,,S08000025,d,Not Specified,,2,,0,0,,z,5,21,4.2,
2019Q3,,S08000025,,S08000025,d,Not Specified,,2,,0,0,,z,5,20,4,
2019Q4,,S08000025,,S08000025,d,Not Specified,,2,,0,0,,z,5,58,11.6,
2020Q1,,S08000025,,S08000025,d,Not Specified,,2,,0,0,,z,0,0,,z
2020Q2,,S08000025,,S08000025,d,Not Specified,,2,,0,0,,z,0,21,,z
2020Q3,,S08000025,,S08000025,d,Not Specified,,2,,0,0,,z,0,19,,z
2020Q4,,S08000025,,S08000025,d,Not Specified,,2,,0,0,,z,5,75,15,
2021Q1,,S08000025,,S08000025,d,Not Specified,,2,,0,0,,z,5,20,4,
2021Q2,,S08000025,,S08000025,d,Not Specified,,2,,0,0,,z,0,0,,z
2021Q4,,S08000025,,S08000025,d,Not Specified,,2,,0,0,,z,0,7,,z
2022Q2,,S08000025,,S08000025,d,Not Specified,,2,,0,0,,z,0,5,,z
2022Q3,,S08000025,,S08000025,d,Not Specified,,2,,0,0,,z,0,0,,z
2022Q4,p,S08000025,,S08000025,d,Not Specified,,2,,0,0,,z,0,6,,z
2017Q4,,S08000025,,S08000025,d,Not Specified,,3,,0,0,,z,0,70,,z
2018Q2,,S08000025,,S08000025,d,Not Specified,,3,,0,0,,z,0,10,,z
2018Q3,,S08000025,,S08000025,d,Not Specified,,3,,0,0,,z,0,0,,z
2018Q4,,S08000025,,S08000025,d,Not Specified,,3,,0,0,,z,0,17,,z
2019Q1,,S08000025,,S08000025,d,Not Specified,,3,,0,0,,z,0,0,,z
2019Q2,,S08000025,,S08000025,d,Not Specified,,3,,0,0,,z,5,53,10.6,
2019Q3,,S08000025,,S08000025,d,Not Specified,,3,,0,0,,z,5,157,31.4,
2019Q4,,S08000025,,S08000025,d,Not Specified,,3,,0,0,,z,5,0,0,
2020Q1,,S08000025,,S08000025,d,Not Specified,,3,,0,0,,z,5,90,18,
2021Q1,,S08000025,,S08000025,d,Not Specified,,3,,0,0,,z,0,5,,z
2021Q2,,S08000025,,S08000025,d,Not Specified,,3,,0,0,,z,0,7,,z
2021Q4,,S08000025,,S08000025,d,Not Specified,,3,,0,0,,z,0,5,,z
2022Q1,,S08000025,,S08000025,d,Not Specified,,3,,0,0,,z,0,5,,z
2022Q2,,S08000025,,S08000025,d,Not Specified,,3,,0,0,,z,0,47,,z
2022Q4,p,S08000025,,S08000025,d,Not Specified,,3,,0,0,,z,0,41,,z
2017Q4,,S08000025,,S08000025,d,Not Specified,,4,,0,0,,z,10,260,26,
2018Q1,,S08000025,,S08000025,d,Not Specified,,4,,0,0,,z,10,32,3.2,
2018Q2,,S08000025,,S08000025,d,Not Specified,,4,,0,0,,z,5,137,27.4,
2018Q3,,S08000025,,S08000025,d,Not Specified,,4,,0,0,,z,5,48,9.6,
2018Q4,,S08000025,,S08000025,d,Not Specified,,4,,0,0,,z,5,23,4.6,
2019Q1,,S08000025,,S08000025,d,Not Specified,,4,,0,0,,z,10,14,1.4,
2019Q2,,S08000025,,S08000025,d,Not Specified,,4,,0,0,,z,13,98,7.53846153846154,
2019Q3,,S08000025,,S08000025,d,Not Specified,,4,,0,0,,z,12,53,4.41666666666667,
2019Q4,,S08000025,,S08000025,d,Not Specified,,4,,0,0,,z,5,14,2.8,
2020Q1,,S08000025,,S08000025,d,Not Specified,,4,,0,0,,z,5,33,6.6,
2020Q2,,S08000025,,S08000025,d,Not Specified,,4,,0,0,,z,5,21,4.2,
2020Q3,,S08000025,,S08000025,d,Not Specified,,4,,0,0,,z,5,102,20.4,
2020Q4,,S08000025,,S08000025,d,Not Specified,,4,,0,0,,z,0,0,,z
2021Q1,,S08000025,,S08000025,d,Not Specified,,4,,0,0,,z,5,7,1.4,
2021Q2,,S08000025,,S08000025,d,Not Specified,,4,,0,0,,z,5,17,3.4,
2021Q3,,S08000025,,S08000025,d,Not Specified,,4,,0,0,,z,0,216,,z
2021Q4,,S08000025,,S08000025,d,Not Specified,,4,,0,0,,z,5,5,1,
2022Q1,,S08000025,,S08000025,d,Not Specified,,4,,0,0,,z,5,9,1.8,
2022Q2,,S08000025,,S08000025,d,Not Specified,,4,,0,0,,z,5,50,10,
2022Q3,,S08000025,,S08000025,d,Not Specified,,4,,0,0,,z,5,7,1.4,
2022Q4,p,S08000025,,S08000025,d,Not Specified,,4,,0,0,,z,5,96,19.2,
2017Q4,,S08000025,,S08000025,d,Not Specified,,5,,0,0,,z,0,0,,z
2017Q4,,S08000025,,S12000023,,Not Specified,,2,,0,0,,z,0,10,,z
2018Q1,,S08000025,,S12000023,,Not Specified,,2,,0,0,,z,0,5,,z
2018Q2,,S08000025,,S12000023,,Not Specified,,2,,0,0,,z,0,0,,z
2018Q4,,S08000025,,S12000023,,Not Specified,,2,,0,0,,z,0,7,,z
2019Q1,,S08000025,,S12000023,,Not Specified,,2,,0,0,,z,5,15,3,
2019Q2,,S08000025,,S12000023,,Not Specified,,2,,0,0,,z,5,21,4.2,
2019Q3,,S08000025,,S12000023,,Not Specified,,2,,0,0,,z,5,20,4,
2019Q4,,S08000025,,S12000023,,Not Specified,,2,,0,0,,z,5,58,11.6,
2020Q1,,S08000025,,S12000023,,Not Specified,,2,,0,0,,z,0,0,,z
2020Q2,,S08000025,,S12000023,,Not Specified,,2,,0,0,,z,0,21,,z
2020Q3,,S08000025,,S12000023,,Not Specified,,2,,0,0,,z,0,19,,z
2020Q4,,S08000025,,S12000023,,Not Specified,,2,,0,0,,z,5,75,15,
2021Q1,,S08000025,,S12000023,,Not Specified,,2,,0,0,,z,5,20,4,
2021Q2,,S08000025,,S12000023,,Not Specified,,2,,0,0,,z,0,0,,z
2021Q4,,S08000025,,S12000023,,Not Specified,,2,,0,0,,z,0,7,,z
2022Q2,,S08000025,,S12000023,,Not Specified,,2,,0,0,,z,0,5,,z
2022Q3,,S08000025,,S12000023,,Not Specified,,2,,0,0,,z,0,0,,z
2022Q4,p,S08000025,,S12000023,,Not Specified,,2,,0,0,,z,0,6,,z
2017Q4,,S08000025,,S12000023,,Not Specified,,3,,0,0,,z,0,70,,z
2018Q2,,S08000025,,S12000023,,Not Specified,,3,,0,0,,z,0,10,,z
2018Q3,,S08000025,,S12000023,,Not Specified,,3,,0,0,,z,0,0,,z
2018Q4,,S08000025,,S12000023,,Not Specified,,3,,0,0,,z,0,17,,z
2019Q1,,S08000025,,S12000023,,Not Specified,,3,,0,0,,z,0,0,,z
2019Q2,,S08000025,,S12000023,,Not Specified,,3,,0,0,,z,5,53,10.6,
2019Q3,,S08000025,,S12000023,,Not Specified,,3,,0,0,,z,5,157,31.4,
2019Q4,,S08000025,,S12000023,,Not Specified,,3,,0,0,,z,5,0,0,
2020Q1,,S08000025,,S12000023,,Not Specified,,3,,0,0,,z,5,90,18,
2021Q1,,S08000025,,S12000023,,Not Specified,,3,,0,0,,z,0,5,,z
2021Q2,,S08000025,,S12000023,,Not Specified,,3,,0,0,,z,0,7,,z
2021Q4,,S08000025,,S12000023,,Not Specified,,3,,0,0,,z,0,5,,z
2022Q1,,S08000025,,S12000023,,Not Specified,,3,,0,0,,z,0,5,,z
2022Q2,,S08000025,,S12000023,,Not Specified,,3,,0,0,,z,0,47,,z
2022Q4,p,S08000025,,S12000023,,Not Specified,,3,,0,0,,z,0,41,,z
2017Q4,,S08000025,,S12000023,,Not Specified,,4,,0,0,,z,10,260,26,
2018Q1,,S08000025,,S12000023,,Not Specified,,4,,0,0,,z,10,32,3.2,
2018Q2,,S08000025,,S12000023,,Not Specified,,4,,0,0,,z,5,137,27.4,
2018Q3,,S08000025,,S12000023,,Not Specified,,4,,0,0,,z,5,48,9.6,
2018Q4,,S08000025,,S12000023,,Not Specified,,4,,0,0,,z,5,23,4.6,
2019Q1,,S08000025,,S12000023,,Not Specified,,4,,0,0,,z,10,14,1.4,
2019Q2,,S08000025,,S12000023,,Not Specified,,4,,0,0,,z,13,98,7.53846153846154,
2019Q3,,S08000025,,S12000023,,Not Specified,,4,,0,0,,z,12,53,4.41666666666667,
2019Q4,,S08000025,,S12000023,,Not Specified,,4,,0,0,,z,5,14,2.8,
2020Q1,,S08000025,,S12000023,,Not Specified,,4,,0,0,,z,5,33,6.6,
2020Q2,,S08000025,,S12000023,,Not Specified,,4,,0,0,,z,5,21,4.2,
2020Q3,,S08000025,,S12000023,,Not Specified,,4,,0,0,,z,5,102,20.4,
2020Q4,,S08000025,,S12000023,,Not Specified,,4,,0,0,,z,0,0,,z
2021Q1,,S08000025,,S12000023,,Not Specified,,4,,0,0,,z,5,7,1.4,
2021Q2,,S08000025,,S12000023,,Not Specified,,4,,0,0,,z,5,17,3.4,
2021Q3,,S08000025,,S12000023,,Not Specified,,4,,0,0,,z,0,216,,z
2021Q4,,S08000025,,S12000023,,Not Specified,,4,,0,0,,z,5,5,1,
2022Q1,,S08000025,,S12000023,,Not Specified,,4,,0,0,,z,5,9,1.8,
2022Q2,,S08000025,,S12000023,,Not Specified,,4,,0,0,,z,5,50,10,
2022Q3,,S08000025,,S12000023,,Not Specified,,4,,0,0,,z,5,7,1.4,
2022Q4,p,S08000025,,S12000023,,Not Specified,,4,,0,0,,z,5,96,19.2,
2017Q4,,S08000025,,S12000023,,Not Specified,,5,,0,0,,z,0,0,,z
2017Q4,,S08000026,,S08000026,d,Not Specified,,3,,0,0,,z,0,7,,z
2018Q1,,S08000026,,S08000026,d,Not Specified,,3,,0,0,,z,0,22,,z
2018Q2,,S08000026,,S08000026,d,Not Specified,,3,,0,0,,z,0,5,,z
2018Q3,,S08000026,,S08000026,d,Not Specified,,3,,0,0,,z,0,15,,z
2019Q1,,S08000026,,S08000026,d,Not Specified,,3,,0,0,,z,0,5,,z
2019Q2,,S08000026,,S08000026,d,Not Specified,,3,,0,0,,z,0,12,,z
2019Q4,,S08000026,,S08000026,d,Not Specified,,3,,0,0,,z,0,6,,z
2020Q1,,S08000026,,S08000026,d,Not Specified,,3,,0,0,,z,0,5,,z
2020Q4,,S08000026,,S08000026,d,Not Specified,,3,,0,0,,z,5,40,8,
2021Q2,,S08000026,,S08000026,d,Not Specified,,3,,0,0,,z,0,0,,z
2021Q3,,S08000026,,S08000026,d,Not Specified,,3,,0,0,,z,0,22,,z
2021Q4,,S08000026,,S08000026,d,Not Specified,,3,,0,0,,z,0,6,,z
2022Q2,,S08000026,,S08000026,d,Not Specified,,3,,0,0,,z,0,25,,z
2022Q3,,S08000026,,S08000026,d,Not Specified,,3,,0,0,,z,0,12,,z
2022Q4,p,S08000026,,S08000026,d,Not Specified,,3,,0,0,,z,0,6,,z
2017Q4,,S08000026,,S08000026,d,Not Specified,,4,,0,0,,z,0,10,,z
2018Q1,,S08000026,,S08000026,d,Not Specified,,4,,0,0,,z,0,72,,z
2018Q2,,S08000026,,S08000026,d,Not Specified,,4,,0,0,,z,0,6,,z
2018Q3,,S08000026,,S08000026,d,Not Specified,,4,,0,0,,z,0,5,,z
2018Q4,,S08000026,,S08000026,d,Not Specified,,4,,0,0,,z,0,0,,z
2019Q1,,S08000026,,S08000026,d,Not Specified,,4,,0,0,,z,0,11,,z
2019Q2,,S08000026,,S08000026,d,Not Specified,,4,,0,0,,z,0,0,,z
2019Q4,,S08000026,,S08000026,d,Not Specified,,4,,0,0,,z,0,15,,z
2020Q3,,S08000026,,S08000026,d,Not Specified,,4,,0,0,,z,0,0,,z
2021Q1,,S08000026,,S08000026,d,Not Specified,,4,,0,0,,z,0,0,,z
2021Q2,,S08000026,,S08000026,d,Not Specified,,4,,0,0,,z,0,0,,z
2022Q2,,S08000026,,S08000026,d,Not Specified,,4,,0,0,,z,5,34,6.8,
2022Q3,,S08000026,,S08000026,d,Not Specified,,4,,0,0,,z,5,8,1.6,
2022Q4,p,S08000026,,S08000026,d,Not Specified,,4,,0,0,,z,0,19,,z
2017Q4,,S08000026,,S12000027,,Not Specified,,3,,0,0,,z,0,7,,z
2018Q1,,S08000026,,S12000027,,Not Specified,,3,,0,0,,z,0,22,,z
2018Q2,,S08000026,,S12000027,,Not Specified,,3,,0,0,,z,0,5,,z
2018Q3,,S08000026,,S12000027,,Not Specified,,3,,0,0,,z,0,15,,z
2019Q1,,S08000026,,S12000027,,Not Specified,,3,,0,0,,z,0,5,,z
2019Q2,,S08000026,,S12000027,,Not Specified,,3,,0,0,,z,0,12,,z
2019Q4,,S08000026,,S12000027,,Not Specified,,3,,0,0,,z,0,6,,z
2020Q1,,S08000026,,S12000027,,Not Specified,,3,,0,0,,z,0,5,,z
2020Q4,,S08000026,,S12000027,,Not Specified,,3,,0,0,,z,5,40,8,
2021Q2,,S08000026,,S12000027,,Not Specified,,3,,0,0,,z,0,0,,z
2021Q3,,S08000026,,S12000027,,Not Specified,,3,,0,0,,z,0,22,,z
2021Q4,,S08000026,,S12000027,,Not Specified,,3,,0,0,,z,0,6,,z
2022Q2,,S08000026,,S12000027,,Not Specified,,3,,0,0,,z,0,25,,z
2022Q3,,S08000026,,S12000027,,Not Specified,,3,,0,0,,z,0,12,,z
2022Q4,p,S08000026,,S12000027,,Not Specified,,3,,0,0,,z,0,6,,z
2017Q4,,S08000026,,S12000027,,Not Specified,,4,,0,0,,z,0,10,,z
2018Q1,,S08000026,,S12000027,,Not Specified,,4,,0,0,,z,0,72,,z
2018Q2,,S08000026,,S12000027,,Not Specified,,4,,0,0,,z,0,6,,z
2018Q3,,S08000026,,S12000027,,Not Specified,,4,,0,0,,z,0,5,,z
2018Q4,,S08000026,,S12000027,,Not Specified,,4,,0,0,,z,0,0,,z
2019Q1,,S08000026,,S12000027,,Not Specified,,4,,0,0,,z,0,11,,z
2019Q2,,S08000026,,S12000027,,Not Specified,,4,,0,0,,z,0,0,,z
2019Q4,,S08000026,,S12000027,,Not Specified,,4,,0,0,,z,0,15,,z
2020Q3,,S08000026,,S12000027,,Not Specified,,4,,0,0,,z,0,0,,z
2021Q1,,S08000026,,S12000027,,Not Specified,,4,,0,0,,z,0,0,,z
2021Q2,,S08000026,,S12000027,,Not Specified,,4,,0,0,,z,0,0,,z
2022Q2,,S08000026,,S12000027,,Not Specified,,4,,0,0,,z,5,34,6.8,
2022Q3,,S08000026,,S12000027,,Not Specified,,4,,0,0,,z,5,8,1.6,
2022Q4,p,S08000026,,S12000027,,Not Specified,,4,,0,0,,z,0,19,,z
2018Q3,,S08000030,,S12000041,,Not Specified,,1,,0,0,,z,5,10,2,
2018Q4,,S08000030,,S12000041,,Not Specified,,1,,0,0,,z,0,235,,z
2019Q2,,S08000030,,S12000041,,Not Specified,,1,,0,0,,z,0,5,,z
2019Q3,,S08000030,,S12000041,,Not Specified,,1,,0,0,,z,0,0,,z
2019Q4,,S08000030,,S12000041,,Not Specified,,1,,0,0,,z,0,14,,z
2020Q2,,S08000030,,S12000041,,Not Specified,,1,,0,0,,z,0,82,,z
2020Q3,,S08000030,,S12000041,,Not Specified,,1,,0,0,,z,0,5,,z
2021Q2,,S08000030,,S12000041,,Not Specified,,1,,0,0,,z,5,25,5,
2022Q1,,S08000030,,S12000041,,Not Specified,,1,,0,0,,z,0,8,,z
2022Q2,,S08000030,,S12000041,,Not Specified,,1,,0,0,,z,0,5,,z
2022Q3,,S08000030,,S12000041,,Not Specified,,1,,0,0,,z,0,40,,z
2022Q4,p,S08000030,,S12000041,,Not Specified,,1,,0,0,,z,0,10,,z
2017Q4,,S08000030,,S12000041,,Not Specified,,2,,0,0,,z,0,613,,z
2018Q1,,S08000030,,S12000041,,Not Specified,,2,,0,0,,z,0,17,,z
2018Q2,,S08000030,,S12000041,,Not Specified,,2,,0,0,,z,0,0,,z
2018Q3,,S08000030,,S12000041,,Not Specified,,2,,0,0,,z,0,0,,z
2018Q4,,S08000030,,S12000041,,Not Specified,,2,,0,0,,z,0,28,,z
2019Q1,,S08000030,,S12000041,,Not Specified,,2,,0,0,,z,5,10,2,
2019Q2,,S08000030,,S12000041,,Not Specified,,2,,0,0,,z,0,20,,z
2019Q3,,S08000030,,S12000041,,Not Specified,,2,,0,0,,z,5,65,13,
2019Q4,,S08000030,,S12000041,,Not Specified,,2,,0,0,,z,5,14,2.8,
2020Q1,,S08000030,,S12000041,,Not Specified,,2,,0,0,,z,5,15,3,
2020Q2,,S08000030,,S12000041,,Not Specified,,2,,0,0,,z,0,0,,z
2020Q3,,S08000030,,S12000041,,Not Specified,,2,,0,0,,z,5,17,3.4,
2020Q4,,S08000030,,S12000041,,Not Specified,,2,,0,0,,z,5,549,109.8,
2021Q2,,S08000030,,S12000041,,Not Specified,,2,,0,0,,z,10,156,15.6,
2021Q3,,S08000030,,S12000041,,Not Specified,,2,,0,0,,z,5,13,2.6,
2021Q4,,S08000030,,S12000041,,Not Specified,,2,,0,0,,z,5,16,3.2,
2022Q1,,S08000030,,S12000041,,Not Specified,,2,,0,0,,z,0,21,,z
2022Q2,,S08000030,,S12000041,,Not Specified,,2,,0,0,,z,5,15,3,
2022Q3,,S08000030,,S12000041,,Not Specified,,2,,0,0,,z,5,80,16,
2022Q4,p,S08000030,,S12000041,,Not Specified,,2,,0,0,,z,5,87,17.4,
2017Q4,,S08000030,,S12000041,,Not Specified,,3,,0,0,,z,5,57,11.4,
2018Q1,,S08000030,,S12000041,,Not Specified,,3,,0,0,,z,0,5,,z
2018Q2,,S08000030,,S12000041,,Not Specified,,3,,0,0,,z,0,8,,z
2018Q3,,S08000030,,S12000041,,Not Specified,,3,,0,0,,z,5,9,1.8,
2018Q4,,S08000030,,S12000041,,Not Specified,,3,,0,0,,z,5,0,0,
2019Q1,,S08000030,,S12000041,,Not Specified,,3,,0,0,,z,5,32,6.4,
2019Q2,,S08000030,,S12000041,,Not Specified,,3,,0,0,,z,5,96,19.2,
2019Q3,,S08000030,,S12000041,,Not Specified,,3,,0,0,,z,5,66,13.2,
2019Q4,,S08000030,,S12000041,,Not Specified,,3,,0,0,,z,5,102,20.4,
2020Q1,,S08000030,,S12000041,,Not Specified,,3,,0,0,,z,5,23,4.6,
2020Q2,,S08000030,,S12000041,,Not Specified,,3,,0,0,,z,10,70,7,
2020Q3,,S08000030,,S12000041,,Not Specified,,3,,0,0,,z,0,16,,z
2020Q4,,S08000030,,S12000041,,Not Specified,,3,,0,0,,z,5,55,11,
2021Q1,,S08000030,,S12000041,,Not Specified,,3,,0,0,,z,0,28,,z
2021Q2,,S08000030,,S12000041,,Not Specified,,3,,0,0,,z,5,15,3,
2021Q3,,S08000030,,S12000041,,Not Specified,,3,,0,0,,z,5,9,1.8,
2021Q4,,S08000030,,S12000041,,Not Specified,,3,,0,0,,z,5,81,16.2,
2022Q1,,S08000030,,S12000041,,Not Specified,,3,,0,0,,z,5,15,3,
2022Q2,,S08000030,,S12000041,,Not Specified,,3,,0,0,,z,0,10,,z
2022Q3,,S08000030,,S12000041,,Not Specified,,3,,0,0,,z,10,174,17.4,
2022Q4,p,S08000030,,S12000041,,Not Specified,,3,,0,0,,z,0,60,,z
2017Q4,,S08000030,,S12000041,,Not Specified,,4,,0,0,,z,5,105,21,
2018Q1,,S08000030,,S12000041,,Not Specified,,4,,0,0,,z,0,12,,z
2018Q2,,S08000030,,S12000041,,Not Specified,,4,,0,0,,z,5,37,7.4,
2018Q3,,S08000030,,S12000041,,Not Specified,,4,,0,0,,z,5,65,13,
2018Q4,,S08000030,,S12000041,,Not Specified,,4,,0,0,,z,5,5,1,
2019Q1,,S08000030,,S12000041,,Not Specified,,4,,0,0,,z,0,5,,z
2019Q2,,S08000030,,S12000041,,Not Specified,,4,,0,0,,z,0,18,,z
2019Q3,,S08000030,,S12000041,,Not Specified,,4,,0,0,,z,5,156,31.2,
2019Q4,,S08000030,,S12000041,,Not Specified,,4,,0,0,,z,5,5,1,
2020Q1,,S08000030,,S12000041,,Not Specified,,4,,0,0,,z,0,8,,z
2020Q2,,S08000030,,S12000041,,Not Specified,,4,,0,0,,z,0,15,,z
2020Q3,,S08000030,,S12000041,,Not Specified,,4,,0,0,,z,0,0,,z
2020Q4,,S08000030,,S12000041,,Not Specified,,4,,0,0,,z,0,0,,z
2021Q1,,S08000030,,S12000041,,Not Specified,,4,,0,0,,z,5,12,2.4,
2021Q2,,S08000030,,S12000041,,Not Specified,,4,,0,0,,z,5,29,5.8,
2021Q3,,S08000030,,S12000041,,Not Specified,,4,,0,0,,z,5,15,3,
2021Q4,,S08000030,,S12000041,,Not Specified,,4,,0,0,,z,5,184,36.8,
2022Q1,,S08000030,,S12000041,,Not Specified,,4,,0,0,,z,5,7,1.4,
2022Q2,,S08000030,,S12000041,,Not Specified,,4,,0,0,,z,10,49,4.9,
2022Q3,,S08000030,,S12000041,,Not Specified,,4,,0,0,,z,0,0,,z
2022Q4,p,S08000030,,S12000041,,Not Specified,,4,,0,0,,z,0,6,,z
2017Q4,,S08000030,,S12000041,,Not Specified,,5,,0,0,,z,0,32,,z
2018Q1,,S08000030,,S12000041,,Not Specified,,5,,0,0,,z,0,0,,z
2018Q2,,S08000030,,S12000041,,Not Specified,,5,,0,0,,z,0,9,,z
2018Q4,,S08000030,,S12000041,,Not Specified,,5,,0,0,,z,5,15,3,
2019Q2,,S08000030,,S12000041,,Not Specified,,5,,0,0,,z,0,5,,z
2019Q3,,S08000030,,S12000041,,Not Specified,,5,,0,0,,z,0,10,,z
2021Q2,,S08000030,,S12000041,,Not Specified,,5,,0,0,,z,0,5,,z
2021Q4,,S08000030,,S12000041,,Not Specified,,5,,0,0,,z,0,7,,z
2022Q2,,S08000030,,S12000041,,Not Specified,,5,,0,0,,z,5,10,2,
2022Q3,,S08000030,,S12000041,,Not Specified,,5,,0,0,,z,0,10,,z
2022Q4,p,S08000030,,S12000041,,Not Specified,,5,,0,0,,z,0,60,,z
2017Q4,,S08000030,,S12000042,,Not Specified,,1,,0,0,,z,15,140,9.33333333333333,
2018Q1,,S08000030,,S12000042,,Not Specified,,1,,0,0,,z,15,879,58.6,
2018Q2,,S08000030,,S12000042,,Not Specified,,1,,0,0,,z,10,195,19.5,
2018Q3,,S08000030,,S12000042,,Not Specified,,1,,0,0,,z,5,60,12,
2018Q4,,S08000030,,S12000042,,Not Specified,,1,,0,0,,z,5,25,5,
2019Q1,,S08000030,,S12000042,,Not Specified,,1,,0,0,,z,5,30,6,
2019Q2,,S08000030,,S12000042,,Not Specified,,1,,0,0,,z,5,35,7,
2019Q3,,S08000030,,S12000042,,Not Specified,,1,,0,0,,z,5,44,8.8,
2019Q4,,S08000030,,S12000042,,Not Specified,,1,,0,0,,z,5,13,2.6,
2020Q1,,S08000030,,S12000042,,Not Specified,,1,,0,0,,z,5,155,31,
2020Q2,,S08000030,,S12000042,,Not Specified,,1,,0,0,,z,5,52,10.4,
2020Q3,,S08000030,,S12000042,,Not Specified,,1,,0,0,,z,5,10,2,
2020Q4,,S08000030,,S12000042,,Not Specified,,1,,0,0,,z,5,20,4,
2021Q1,,S08000030,,S12000042,,Not Specified,,1,,0,0,,z,5,135,27,
2021Q2,,S08000030,,S12000042,,Not Specified,,1,,0,0,,z,5,26,5.2,
2021Q3,,S08000030,,S12000042,,Not Specified,,1,,0,0,,z,10,66,6.6,
2021Q4,,S08000030,,S12000042,,Not Specified,,1,,0,0,,z,10,50,5,
2022Q1,,S08000030,,S12000042,,Not Specified,,1,,0,0,,z,5,15,3,
2022Q2,,S08000030,,S12000042,,Not Specified,,1,,0,0,,z,12,510,42.5,
2022Q3,,S08000030,,S12000042,,Not Specified,,1,,0,0,,z,5,10,2,
2022Q4,p,S08000030,,S12000042,,Not Specified,,1,,0,0,,z,5,23,4.6,
2017Q4,,S08000030,,S12000042,,Not Specified,,2,,0,0,,z,5,157,31.4,
2018Q1,,S08000030,,S12000042,,Not Specified,,2,,0,0,,z,0,15,,z
2018Q2,,S08000030,,S12000042,,Not Specified,,2,,0,0,,z,0,28,,z
2018Q3,,S08000030,,S12000042,,Not Specified,,2,,0,0,,z,5,94,18.8,
2018Q4,,S08000030,,S12000042,,Not Specified,,2,,0,0,,z,0,10,,z
2019Q2,,S08000030,,S12000042,,Not Specified,,2,,0,0,,z,5,0,0,
2019Q4,,S08000030,,S12000042,,Not Specified,,2,,0,0,,z,5,172,34.4,
2020Q1,,S08000030,,S12000042,,Not Specified,,2,,0,0,,z,0,5,,z
2020Q2,,S08000030,,S12000042,,Not Specified,,2,,0,0,,z,0,5,,z
2020Q4,,S08000030,,S12000042,,Not Specified,,2,,0,0,,z,5,9,1.8,
2021Q1,,S08000030,,S12000042,,Not Specified,,2,,0,0,,z,5,20,4,
2021Q2,,S08000030,,S12000042,,Not Specified,,2,,0,0,,z,0,0,,z
2021Q3,,S08000030,,S12000042,,Not Specified,,2,,0,0,,z,5,44,8.8,
2021Q4,,S08000030,,S12000042,,Not Specified,,2,,0,0,,z,5,75,15,
2022Q1,,S08000030,,S12000042,,Not Specified,,2,,0,0,,z,0,43,,z
2022Q2,,S08000030,,S12000042,,Not Specified,,2,,0,0,,z,5,6,1.2,
2022Q3,,S08000030,,S12000042,,Not Specified,,2,,0,0,,z,5,145,29,
2022Q4,p,S08000030,,S12000042,,Not Specified,,2,,0,0,,z,5,14,2.8,
2017Q4,,S08000030,,S12000042,,Not Specified,,3,,0,0,,z,5,132,26.4,
2018Q2,,S08000030,,S12000042,,Not Specified,,3,,0,0,,z,0,248,,z
2018Q3,,S08000030,,S12000042,,Not Specified,,3,,0,0,,z,0,17,,z
2018Q4,,S08000030,,S12000042,,Not Specified,,3,,0,0,,z,5,15,3,
2019Q1,,S08000030,,S12000042,,Not Specified,,3,,0,0,,z,5,5,1,
2019Q2,,S08000030,,S12000042,,Not Specified,,3,,0,0,,z,5,60,12,
2020Q1,,S08000030,,S12000042,,Not Specified,,3,,0,0,,z,5,14,2.8,
2020Q2,,S08000030,,S12000042,,Not Specified,,3,,0,0,,z,0,0,,z
2020Q3,,S08000030,,S12000042,,Not Specified,,3,,0,0,,z,0,8,,z
2020Q4,,S08000030,,S12000042,,Not Specified,,3,,0,0,,z,0,35,,z
2021Q3,,S08000030,,S12000042,,Not Specified,,3,,0,0,,z,0,0,,z
2022Q1,,S08000030,,S12000042,,Not Specified,,3,,0,0,,z,0,0,,z
2022Q2,,S08000030,,S12000042,,Not Specified,,3,,0,0,,z,0,5,,z
2022Q3,,S08000030,,S12000042,,Not Specified,,3,,0,0,,z,0,0,,z
2022Q4,p,S08000030,,S12000042,,Not Specified,,3,,0,0,,z,0,0,,z
2017Q4,,S08000030,,S12000042,,Not Specified,,4,,0,0,,z,5,25,5,
2018Q1,,S08000030,,S12000042,,Not Specified,,4,,0,0,,z,0,7,,z
2018Q2,,S08000030,,S12000042,,Not Specified,,4,,0,0,,z,0,0,,z
2018Q4,,S08000030,,S12000042,,Not Specified,,4,,0,0,,z,5,15,3,
2019Q1,,S08000030,,S12000042,,Not Specified,,4,,0,0,,z,5,5,1,
2019Q2,,S08000030,,S12000042,,Not Specified,,4,,0,0,,z,0,9,,z
2019Q3,,S08000030,,S12000042,,Not Specified,,4,,0,0,,z,0,39,,z
2019Q4,,S08000030,,S12000042,,Not Specified,,4,,0,0,,z,0,0,,z
2020Q1,,S08000030,,S12000042,,Not Specified,,4,,0,0,,z,0,24,,z
2020Q2,,S08000030,,S12000042,,Not Specified,,4,,0,0,,z,0,5,,z
2020Q4,,S08000030,,S12000042,,Not Specified,,4,,0,0,,z,5,30,6,
2021Q1,,S08000030,,S12000042,,Not Specified,,4,,0,0,,z,0,8,,z
2021Q2,,S08000030,,S12000042,,Not Specified,,4,,0,0,,z,5,11,2.2,
2021Q3,,S08000030,,S12000042,,Not Specified,,4,,0,0,,z,0,0,,z
2021Q4,,S08000030,,S12000042,,Not Specified,,4,,0,0,,z,0,9,,z
2022Q1,,S08000030,,S12000042,,Not Specified,,4,,0,0,,z,0,10,,z
2022Q2,,S08000030,,S12000042,,Not Specified,,4,,0,0,,z,0,22,,z
2022Q3,,S08000030,,S12000042,,Not Specified,,4,,0,0,,z,5,6,1.2,
2022Q4,p,S08000030,,S12000042,,Not Specified,,4,,0,0,,z,5,217,43.4,
2017Q4,,S08000030,,S12000042,,Not Specified,,5,,0,0,,z,0,8,,z
2018Q1,,S08000030,,S12000042,,Not Specified,,5,,0,0,,z,0,68,,z
2018Q2,,S08000030,,S12000042,,Not Specified,,5,,0,0,,z,0,5,,z
2018Q3,,S08000030,,S12000042,,Not Specified,,5,,0,0,,z,5,20,4,
2018Q4,,S08000030,,S12000042,,Not Specified,,5,,0,0,,z,5,47,9.4,
2019Q1,,S08000030,,S12000042,,Not Specified,,5,,0,0,,z,0,70,,z
2019Q2,,S08000030,,S12000042,,Not Specified,,5,,0,0,,z,5,55,11,
2019Q3,,S08000030,,S12000042,,Not Specified,,5,,0,0,,z,5,21,4.2,
2019Q4,,S08000030,,S12000042,,Not Specified,,5,,0,0,,z,0,5,,z
2020Q2,,S08000030,,S12000042,,Not Specified,,5,,0,0,,z,0,0,,z
2021Q2,,S08000030,,S12000042,,Not Specified,,5,,0,0,,z,0,5,,z
2021Q3,,S08000030,,S12000042,,Not Specified,,5,,0,0,,z,0,16,,z
2021Q4,,S08000030,,S12000042,,Not Specified,,5,,0,0,,z,0,15,,z
2022Q1,,S08000030,,S12000042,,Not Specified,,5,,0,0,,z,5,65,13,
2022Q2,,S08000030,,S12000042,,Not Specified,,5,,0,0,,z,0,0,,z
2022Q3,,S08000030,,S12000042,,Not Specified,,5,,0,0,,z,5,98,19.6,
2022Q4,p,S08000030,,S12000042,,Not Specified,,5,,0,0,,z,5,42,8.4,
2017Q4,,S08000030,,S08000030,d,Not Specified,,1,,0,0,,z,14,144,10.2857142857143,
2018Q1,,S08000030,,S08000030,d,Not Specified,,1,,0,0,,z,15,879,58.6,
2018Q2,,S08000030,,S08000030,d,Not Specified,,1,,0,0,,z,13,214,16.4615384615385,
2018Q3,,S08000030,,S08000030,d,Not Specified,,1,,0,0,,z,10,70,7,
2018Q4,,S08000030,,S08000030,d,Not Specified,,1,,0,0,,z,10,264,26.4,
2019Q1,,S08000030,,S08000030,d,Not Specified,,1,,0,0,,z,5,30,6,
2019Q2,,S08000030,,S08000030,d,Not Specified,,1,,0,0,,z,10,41,4.1,
2019Q3,,S08000030,,S08000030,d,Not Specified,,1,,0,0,,z,10,48,4.8,
2019Q4,,S08000030,,S08000030,d,Not Specified,,1,,0,0,,z,5,47,9.4,
2020Q1,,S08000030,,S08000030,d,Not Specified,,1,,0,0,,z,5,155,31,
2020Q2,,S08000030,,S08000030,d,Not Specified,,1,,0,0,,z,10,152,15.2,
2020Q3,,S08000030,,S08000030,d,Not Specified,,1,,0,0,,z,5,14,2.8,
2020Q4,,S08000030,,S08000030,d,Not Specified,,1,,0,0,,z,10,24,2.4,
2021Q1,,S08000030,,S08000030,d,Not Specified,,1,,0,0,,z,5,137,27.4,
2021Q2,,S08000030,,S08000030,d,Not Specified,,1,,0,0,,z,10,57,5.7,
2021Q3,,S08000030,,S08000030,d,Not Specified,,1,,0,0,,z,10,66,6.6,
2021Q4,,S08000030,,S08000030,d,Not Specified,,1,,0,0,,z,11,53,4.81818181818182,
2022Q1,,S08000030,,S08000030,d,Not Specified,,1,,0,0,,z,5,22,4.4,
2022Q2,,S08000030,,S08000030,d,Not Specified,,1,,0,0,,z,15,531,35.4,
2022Q3,,S08000030,,S08000030,d,Not Specified,,1,,0,0,,z,10,72,7.2,
2022Q4,p,S08000030,,S08000030,d,Not Specified,,1,,0,0,,z,5,34,6.8,
2017Q4,,S08000030,,S08000030,d,Not Specified,,2,,0,0,,z,10,794,79.4,
2018Q1,,S08000030,,S08000030,d,Not Specified,,2,,0,0,,z,5,79,15.8,
2018Q2,,S08000030,,S08000030,d,Not Specified,,2,,0,0,,z,0,28,,z
2018Q3,,S08000030,,S08000030,d,Not Specified,,2,,0,0,,z,5,94,18.8,
2018Q4,,S08000030,,S08000030,d,Not Specified,,2,,0,0,,z,5,56,11.2,
2019Q1,,S08000030,,S08000030,d,Not Specified,,2,,0,0,,z,5,19,3.8,
2019Q2,,S08000030,,S08000030,d,Not Specified,,2,,0,0,,z,5,74,14.8,
2019Q3,,S08000030,,S08000030,d,Not Specified,,2,,0,0,,z,5,76,15.2,
2019Q4,,S08000030,,S08000030,d,Not Specified,,2,,0,0,,z,10,219,21.9,
2020Q1,,S08000030,,S08000030,d,Not Specified,,2,,0,0,,z,10,70,7,
2020Q2,,S08000030,,S08000030,d,Not Specified,,2,,0,0,,z,5,9,1.8,
2020Q3,,S08000030,,S08000030,d,Not Specified,,2,,0,0,,z,5,24,4.8,
2020Q4,,S08000030,,S08000030,d,Not Specified,,2,,0,0,,z,10,601,60.1,
2021Q1,,S08000030,,S08000030,d,Not Specified,,2,,0,0,,z,5,20,4,
2021Q2,,S08000030,,S08000030,d,Not Specified,,2,,0,0,,z,12,169,14.0833333333333,
2021Q3,,S08000030,,S08000030,d,Not Specified,,2,,0,0,,z,10,57,5.7,
2021Q4,,S08000030,,S08000030,d,Not Specified,,2,,0,0,,z,11,174,15.8181818181818,
2022Q1,,S08000030,,S08000030,d,Not Specified,,2,,0,0,,z,5,64,12.8,
2022Q2,,S08000030,,S08000030,d,Not Specified,,2,,0,0,,z,14,108,7.71428571428571,
2022Q3,,S08000030,,S08000030,d,Not Specified,,2,,0,0,,z,10,261,26.1,
2022Q4,p,S08000030,,S08000030,d,Not Specified,,2,,0,0,,z,10,101,10.1,
2017Q4,,S08000030,,S08000030,d,Not Specified,,3,,0,0,,z,13,401,30.8461538461538,
2018Q1,,S08000030,,S08000030,d,Not Specified,,3,,0,0,,z,5,21,4.2,
2018Q2,,S08000030,,S08000030,d,Not Specified,,3,,0,0,,z,5,307,61.4,
2018Q3,,S08000030,,S08000030,d,Not Specified,,3,,0,0,,z,5,95,19,
2018Q4,,S08000030,,S08000030,d,Not Specified,,3,,0,0,,z,10,44,4.4,
2019Q1,,S08000030,,S08000030,d,Not Specified,,3,,0,0,,z,10,49,4.9,
2019Q2,,S08000030,,S08000030,d,Not Specified,,3,,0,0,,z,10,158,15.8,
2019Q3,,S08000030,,S08000030,d,Not Specified,,3,,0,0,,z,13,382,29.3846153846154,
2019Q4,,S08000030,,S08000030,d,Not Specified,,3,,0,0,,z,13,147,11.3076923076923,
2020Q1,,S08000030,,S08000030,d,Not Specified,,3,,0,0,,z,13,70,5.38461538461539,
2020Q2,,S08000030,,S08000030,d,Not Specified,,3,,0,0,,z,13,82,6.30769230769231,
2020Q3,,S08000030,,S08000030,d,Not Specified,,3,,0,0,,z,5,91,18.2,
2020Q4,,S08000030,,S08000030,d,Not Specified,,3,,0,0,,z,5,93,18.6,
2021Q1,,S08000030,,S08000030,d,Not Specified,,3,,0,0,,z,5,55,11,
2021Q2,,S08000030,,S08000030,d,Not Specified,,3,,0,0,,z,5,21,4.2,
2021Q3,,S08000030,,S08000030,d,Not Specified,,3,,0,0,,z,5,76,15.2,
2021Q4,,S08000030,,S08000030,d,Not Specified,,3,,0,0,,z,11,159,14.4545454545455,
2022Q1,,S08000030,,S08000030,d,Not Specified,,3,,0,0,,z,10,89,8.9,
2022Q2,,S08000030,,S08000030,d,Not Specified,,3,,0,0,,z,11,282,25.6363636363636,
2022Q3,,S08000030,,S08000030,d,Not Specified,,3,,0,0,,z,15,209,13.9333333333333,
2022Q4,p,S08000030,,S08000030,d,Not Specified,,3,,0,0,,z,5,119,23.8,
2017Q4,,S08000030,,S08000030,d,Not Specified,,4,,0,0,,z,10,131,13.1,
2018Q1,,S08000030,,S08000030,d,Not Specified,,4,,0,0,,z,5,20,4,
2018Q2,,S08000030,,S08000030,d,Not Specified,,4,,0,0,,z,5,45,9,
2018Q3,,S08000030,,S08000030,d,Not Specified,,4,,0,0,,z,5,66,13.2,
2018Q4,,S08000030,,S08000030,d,Not Specified,,4,,0,0,,z,15,173,11.5333333333333,
2019Q1,,S08000030,,S08000030,d,Not Specified,,4,,0,0,,z,10,18,1.8,
2019Q2,,S08000030,,S08000030,d,Not Specified,,4,,0,0,,z,10,56,5.6,
2019Q3,,S08000030,,S08000030,d,Not Specified,,4,,0,0,,z,10,253,25.3,
2019Q4,,S08000030,,S08000030,d,Not Specified,,4,,0,0,,z,10,103,10.3,
2020Q1,,S08000030,,S08000030,d,Not Specified,,4,,0,0,,z,5,51,10.2,
2020Q2,,S08000030,,S08000030,d,Not Specified,,4,,0,0,,z,10,51,5.1,
2020Q3,,S08000030,,S08000030,d,Not Specified,,4,,0,0,,z,10,121,12.1,
2020Q4,,S08000030,,S08000030,d,Not Specified,,4,,0,0,,z,11,77,7,
2021Q1,,S08000030,,S08000030,d,Not Specified,,4,,0,0,,z,5,140,28,
2021Q2,,S08000030,,S08000030,d,Not Specified,,4,,0,0,,z,14,178,12.7142857142857,
2021Q3,,S08000030,,S08000030,d,Not Specified,,4,,0,0,,z,10,35,3.5,
2021Q4,,S08000030,,S08000030,d,Not Specified,,4,,0,0,,z,10,207,20.7,
2022Q1,,S08000030,,S08000030,d,Not Specified,,4,,0,0,,z,12,89,7.41666666666667,
2022Q2,,S08000030,,S08000030,d,Not Specified,,4,,0,0,,z,17,122,7.1764705882353,
2022Q3,,S08000030,,S08000030,d,Not Specified,,4,,0,0,,z,16,99,6.1875,
2022Q4,p,S08000030,,S08000030,d,Not Specified,,4,,0,0,,z,13,259,19.9230769230769,
2017Q4,,S08000030,,S08000030,d,Not Specified,,5,,0,0,,z,10,64,6.4,
2018Q1,,S08000030,,S08000030,d,Not Specified,,5,,0,0,,z,5,82,16.4,
2018Q2,,S08000030,,S08000030,d,Not Specified,,5,,0,0,,z,5,17,3.4,
2018Q3,,S08000030,,S08000030,d,Not Specified,,5,,0,0,,z,5,26,5.2,
2018Q4,,S08000030,,S08000030,d,Not Specified,,5,,0,0,,z,10,65,6.5,
2019Q1,,S08000030,,S08000030,d,Not Specified,,5,,0,0,,z,5,74,14.8,
2019Q2,,S08000030,,S08000030,d,Not Specified,,5,,0,0,,z,5,65,13,
2019Q3,,S08000030,,S08000030,d,Not Specified,,5,,0,0,,z,5,35,7,
2019Q4,,S08000030,,S08000030,d,Not Specified,,5,,0,0,,z,5,25,5,
2020Q1,,S08000030,,S08000030,d,Not Specified,,5,,0,0,,z,0,57,,z
2020Q2,,S08000030,,S08000030,d,Not Specified,,5,,0,0,,z,5,17,3.4,
2021Q1,,S08000030,,S08000030,d,Not Specified,,5,,0,0,,z,0,19,,z
2021Q2,,S08000030,,S08000030,d,Not Specified,,5,,0,0,,z,5,16,3.2,
2021Q3,,S08000030,,S08000030,d,Not Specified,,5,,0,0,,z,5,66,13.2,
2021Q4,,S08000030,,S08000030,d,Not Specified,,5,,0,0,,z,5,70,14,
2022Q1,,S08000030,,S08000030,d,Not Specified,,5,,0,0,,z,5,77,15.4,
2022Q2,,S08000030,,S08000030,d,Not Specified,,5,,0,0,,z,10,61,6.1,
2022Q3,,S08000030,,S08000030,d,Not Specified,,5,,0,0,,z,12,242,20.1666666666667,
2022Q4,p,S08000030,,S08000030,d,Not Specified,,5,,0,0,,z,12,328,27.3333333333333,
2017Q4,,S08000030,,S12000048,,Not Specified,,1,,0,0,,z,0,5,,z
2018Q1,,S08000030,,S12000048,,Not Specified,,1,,0,0,,z,0,0,,z
2018Q2,,S08000030,,S12000048,,Not Specified,,1,,0,0,,z,0,19,,z
2018Q3,,S08000030,,S12000048,,Not Specified,,1,,0,0,,z,0,0,,z
2018Q4,,S08000030,,S12000048,,Not Specified,,1,,0,0,,z,0,0,,z
2019Q3,,S08000030,,S12000048,,Not Specified,,1,,0,0,,z,0,5,,z
2019Q4,,S08000030,,S12000048,,Not Specified,,1,,0,0,,z,0,20,,z
2020Q1,,S08000030,,S12000048,,Not Specified,,1,,0,0,,z,0,0,,z
2020Q2,,S08000030,,S12000048,,Not Specified,,1,,0,0,,z,0,18,,z
2020Q4,,S08000030,,S12000048,,Not Specified,,1,,0,0,,z,0,0,,z
2021Q1,,S08000030,,S12000048,,Not Specified,,1,,0,0,,z,0,0,,z
2021Q2,,S08000030,,S12000048,,Not Specified,,1,,0,0,,z,0,5,,z
2021Q4,,S08000030,,S12000048,,Not Specified,,1,,0,0,,z,0,0,,z
2022Q2,,S08000030,,S12000048,,Not Specified,,1,,0,0,,z,0,16,,z
2022Q3,,S08000030,,S12000048,,Not Specified,,1,,0,0,,z,0,20,,z
2022Q4,p,S08000030,,S12000048,,Not Specified,,1,,0,0,,z,0,5,,z
2017Q4,,S08000030,,S12000048,,Not Specified,,2,,0,0,,z,0,24,,z
2018Q1,,S08000030,,S12000048,,Not Specified,,2,,0,0,,z,5,47,9.4,
2018Q2,,S08000030,,S12000048,,Not Specified,,2,,0,0,,z,0,0,,z
2018Q3,,S08000030,,S12000048,,Not Specified,,2,,0,0,,z,0,0,,z
2018Q4,,S08000030,,S12000048,,Not Specified,,2,,0,0,,z,0,18,,z
2019Q1,,S08000030,,S12000048,,Not Specified,,2,,0,0,,z,0,10,,z
2019Q2,,S08000030,,S12000048,,Not Specified,,2,,0,0,,z,0,54,,z
2019Q3,,S08000030,,S12000048,,Not Specified,,2,,0,0,,z,0,11,,z
2019Q4,,S08000030,,S12000048,,Not Specified,,2,,0,0,,z,0,33,,z
2020Q1,,S08000030,,S12000048,,Not Specified,,2,,0,0,,z,5,51,10.2,
2020Q2,,S08000030,,S12000048,,Not Specified,,2,,0,0,,z,0,0,,z
2020Q3,,S08000030,,S12000048,,Not Specified,,2,,0,0,,z,0,7,,z
2020Q4,,S08000030,,S12000048,,Not Specified,,2,,0,0,,z,0,43,,z
2021Q1,,S08000030,,S12000048,,Not Specified,,2,,0,0,,z,0,0,,z
2021Q2,,S08000030,,S12000048,,Not Specified,,2,,0,0,,z,0,10,,z
2021Q4,,S08000030,,S12000048,,Not Specified,,2,,0,0,,z,5,81,16.2,
2022Q2,,S08000030,,S12000048,,Not Specified,,2,,0,0,,z,0,87,,z
2022Q3,,S08000030,,S12000048,,Not Specified,,2,,0,0,,z,5,36,7.2,
2017Q4,,S08000030,,S12000048,,Not Specified,,3,,0,0,,z,5,212,42.4,
2018Q1,,S08000030,,S12000048,,Not Specified,,3,,0,0,,z,0,20,,z
2018Q2,,S08000030,,S12000048,,Not Specified,,3,,0,0,,z,0,51,,z
2018Q3,,S08000030,,S12000048,,Not Specified,,3,,0,0,,z,0,69,,z
2018Q4,,S08000030,,S12000048,,Not Specified,,3,,0,0,,z,5,28,5.6,
2019Q1,,S08000030,,S12000048,,Not Specified,,3,,0,0,,z,0,15,,z
2019Q2,,S08000030,,S12000048,,Not Specified,,3,,0,0,,z,0,0,,z
2019Q3,,S08000030,,S12000048,,Not Specified,,3,,0,0,,z,5,316,63.2,
2019Q4,,S08000030,,S12000048,,Not Specified,,3,,0,0,,z,5,45,9,
2020Q1,,S08000030,,S12000048,,Not Specified,,3,,0,0,,z,5,33,6.6,
2020Q2,,S08000030,,S12000048,,Not Specified,,3,,0,0,,z,5,10,2,
2020Q3,,S08000030,,S12000048,,Not Specified,,3,,0,0,,z,5,67,13.4,
2020Q4,,S08000030,,S12000048,,Not Specified,,3,,0,0,,z,0,5,,z
2021Q1,,S08000030,,S12000048,,Not Specified,,3,,0,0,,z,5,27,5.4,
2021Q2,,S08000030,,S12000048,,Not Specified,,3,,0,0,,z,0,6,,z
2021Q3,,S08000030,,S12000048,,Not Specified,,3,,0,0,,z,0,67,,z
2021Q4,,S08000030,,S12000048,,Not Specified,,3,,0,0,,z,5,78,15.6,
2022Q1,,S08000030,,S12000048,,Not Specified,,3,,0,0,,z,5,74,14.8,
2022Q2,,S08000030,,S12000048,,Not Specified,,3,,0,0,,z,10,269,26.9,
2022Q3,,S08000030,,S12000048,,Not Specified,,3,,0,0,,z,5,35,7,
2022Q4,p,S08000030,,S12000048,,Not Specified,,3,,0,0,,z,5,60,12,
2017Q4,,S08000030,,S12000048,,Not Specified,,4,,0,0,,z,0,5,,z
2018Q1,,S08000030,,S12000048,,Not Specified,,4,,0,0,,z,0,0,,z
2018Q2,,S08000030,,S12000048,,Not Specified,,4,,0,0,,z,5,5,1,
2018Q3,,S08000030,,S12000048,,Not Specified,,4,,0,0,,z,0,0,,z
2018Q4,,S08000030,,S12000048,,Not Specified,,4,,0,0,,z,5,152,30.4,
2019Q1,,S08000030,,S12000048,,Not Specified,,4,,0,0,,z,5,10,2,
2019Q2,,S08000030,,S12000048,,Not Specified,,4,,0,0,,z,5,29,5.8,
2019Q3,,S08000030,,S12000048,,Not Specified,,4,,0,0,,z,5,58,11.6,
2019Q4,,S08000030,,S12000048,,Not Specified,,4,,0,0,,z,5,98,19.6,
2020Q1,,S08000030,,S12000048,,Not Specified,,4,,0,0,,z,5,19,3.8,
2020Q2,,S08000030,,S12000048,,Not Specified,,4,,0,0,,z,5,31,6.2,
2020Q3,,S08000030,,S12000048,,Not Specified,,4,,0,0,,z,5,120,24,
2020Q4,,S08000030,,S12000048,,Not Specified,,4,,0,0,,z,5,48,9.6,
2021Q1,,S08000030,,S12000048,,Not Specified,,4,,0,0,,z,0,120,,z
2021Q2,,S08000030,,S12000048,,Not Specified,,4,,0,0,,z,5,138,27.6,
2021Q3,,S08000030,,S12000048,,Not Specified,,4,,0,0,,z,5,20,4,
2021Q4,,S08000030,,S12000048,,Not Specified,,4,,0,0,,z,5,14,2.8,
2022Q1,,S08000030,,S12000048,,Not Specified,,4,,0,0,,z,5,72,14.4,
2022Q2,,S08000030,,S12000048,,Not Specified,,4,,0,0,,z,10,51,5.1,
2022Q3,,S08000030,,S12000048,,Not Specified,,4,,0,0,,z,11,90,8.18181818181818,
2022Q4,p,S08000030,,S12000048,,Not Specified,,4,,0,0,,z,10,36,3.6,
2017Q4,,S08000030,,S12000048,,Not Specified,,5,,0,0,,z,5,24,4.8,
2018Q1,,S08000030,,S12000048,,Not Specified,,5,,0,0,,z,0,10,,z
2018Q2,,S08000030,,S12000048,,Not Specified,,5,,0,0,,z,0,0,,z
2018Q3,,S08000030,,S12000048,,Not Specified,,5,,0,0,,z,0,5,,z
2018Q4,,S08000030,,S12000048,,Not Specified,,5,,0,0,,z,5,5,1,
2019Q1,,S08000030,,S12000048,,Not Specified,,5,,0,0,,z,0,0,,z
2019Q2,,S08000030,,S12000048,,Not Specified,,5,,0,0,,z,0,5,,z
2019Q3,,S08000030,,S12000048,,Not Specified,,5,,0,0,,z,0,5,,z
2019Q4,,S08000030,,S12000048,,Not Specified,,5,,0,0,,z,0,20,,z
2020Q1,,S08000030,,S12000048,,Not Specified,,5,,0,0,,z,0,57,,z
2020Q2,,S08000030,,S12000048,,Not Specified,,5,,0,0,,z,0,15,,z
2021Q1,,S08000030,,S12000048,,Not Specified,,5,,0,0,,z,0,19,,z
2021Q2,,S08000030,,S12000048,,Not Specified,,5,,0,0,,z,5,7,1.4,
2021Q3,,S08000030,,S12000048,,Not Specified,,5,,0,0,,z,5,50,10,
2021Q4,,S08000030,,S12000048,,Not Specified,,5,,0,0,,z,5,48,9.6,
2022Q1,,S08000030,,S12000048,,Not Specified,,5,,0,0,,z,0,12,,z
2022Q2,,S08000030,,S12000048,,Not Specified,,5,,0,0,,z,5,49,9.8,
2022Q3,,S08000030,,S12000048,,Not Specified,,5,,0,0,,z,5,134,26.8,
2022Q4,p,S08000030,,S12000048,,Not Specified,,5,,0,0,,z,10,226,22.6,
2017Q4,,S08000028,,S08000028,d,Not Specified,,2,,0,0,,z,0,0,,z
2018Q3,,S08000028,,S08000028,d,Not Specified,,2,,0,0,,z,0,0,,z
2019Q1,,S08000028,,S08000028,d,Not Specified,,2,,0,0,,z,5,18,3.6,
2019Q2,,S08000028,,S08000028,d,Not Specified,,2,,0,0,,z,5,5,1,
2019Q3,,S08000028,,S08000028,d,Not Specified,,2,,0,0,,z,0,89,,z
2019Q4,,S08000028,,S08000028,d,Not Specified,,2,,0,0,,z,0,27,,z
2020Q1,,S08000028,,S08000028,d,Not Specified,,2,,0,0,,z,0,18,,z
2020Q2,,S08000028,,S08000028,d,Not Specified,,2,,0,0,,z,0,6,,z
2020Q3,,S08000028,,S08000028,d,Not Specified,,2,,0,0,,z,0,0,,z
2020Q4,,S08000028,,S08000028,d,Not Specified,,2,,0,0,,z,0,0,,z
2021Q2,,S08000028,,S08000028,d,Not Specified,,2,,0,0,,z,5,11,2.2,
2021Q3,,S08000028,,S08000028,d,Not Specified,,2,,0,0,,z,0,17,,z
2022Q1,,S08000028,,S08000028,d,Not Specified,,2,,0,0,,z,0,5,,z
2022Q2,,S08000028,,S08000028,d,Not Specified,,2,,0,0,,z,0,39,,z
2022Q3,,S08000028,,S08000028,d,Not Specified,,2,,0,0,,z,0,10,,z
2022Q4,p,S08000028,,S08000028,d,Not Specified,,2,,0,0,,z,5,24,4.8,
2017Q4,,S08000028,,S08000028,d,Not Specified,,3,,0,0,,z,5,47,9.4,
2018Q1,,S08000028,,S08000028,d,Not Specified,,3,,0,0,,z,5,25,5,
2018Q2,,S08000028,,S08000028,d,Not Specified,,3,,0,0,,z,5,33,6.6,
2018Q3,,S08000028,,S08000028,d,Not Specified,,3,,0,0,,z,5,15,3,
2018Q4,,S08000028,,S08000028,d,Not Specified,,3,,0,0,,z,5,34,6.8,
2019Q1,,S08000028,,S08000028,d,Not Specified,,3,,0,0,,z,5,32,6.4,
2019Q2,,S08000028,,S08000028,d,Not Specified,,3,,0,0,,z,5,10,2,
2019Q3,,S08000028,,S08000028,d,Not Specified,,3,,0,0,,z,5,68,13.6,
2019Q4,,S08000028,,S08000028,d,Not Specified,,3,,0,0,,z,5,39,7.8,
2020Q1,,S08000028,,S08000028,d,Not Specified,,3,,0,0,,z,0,10,,z
2020Q2,,S08000028,,S08000028,d,Not Specified,,3,,0,0,,z,5,67,13.4,
2020Q3,,S08000028,,S08000028,d,Not Specified,,3,,0,0,,z,5,23,4.6,
2020Q4,,S08000028,,S08000028,d,Not Specified,,3,,0,0,,z,17,182,10.7058823529412,
2021Q1,,S08000028,,S08000028,d,Not Specified,,3,,0,0,,z,11,79,7.18181818181818,
2021Q2,,S08000028,,S08000028,d,Not Specified,,3,,0,0,,z,10,98,9.8,
2021Q3,,S08000028,,S08000028,d,Not Specified,,3,,0,0,,z,12,32,2.66666666666667,
2021Q4,,S08000028,,S08000028,d,Not Specified,,3,,0,0,,z,10,44,4.4,
2022Q1,,S08000028,,S08000028,d,Not Specified,,3,,0,0,,z,13,186,14.3076923076923,
2022Q2,,S08000028,,S08000028,d,Not Specified,,3,,0,0,,z,10,63,6.3,
2022Q3,,S08000028,,S08000028,d,Not Specified,,3,,0,0,,z,5,35,7,
2022Q4,p,S08000028,,S08000028,d,Not Specified,,3,,0,0,,z,5,30,6,
2017Q4,,S08000028,,S12000013,,Not Specified,,2,,0,0,,z,0,0,,z
2018Q3,,S08000028,,S12000013,,Not Specified,,2,,0,0,,z,0,0,,z
2019Q1,,S08000028,,S12000013,,Not Specified,,2,,0,0,,z,5,18,3.6,
2019Q2,,S08000028,,S12000013,,Not Specified,,2,,0,0,,z,5,5,1,
2019Q3,,S08000028,,S12000013,,Not Specified,,2,,0,0,,z,0,89,,z
2019Q4,,S08000028,,S12000013,,Not Specified,,2,,0,0,,z,0,27,,z
2020Q1,,S08000028,,S12000013,,Not Specified,,2,,0,0,,z,0,18,,z
2020Q2,,S08000028,,S12000013,,Not Specified,,2,,0,0,,z,0,6,,z
2020Q3,,S08000028,,S12000013,,Not Specified,,2,,0,0,,z,0,0,,z
2020Q4,,S08000028,,S12000013,,Not Specified,,2,,0,0,,z,0,0,,z
2021Q2,,S08000028,,S12000013,,Not Specified,,2,,0,0,,z,5,11,2.2,
2021Q3,,S08000028,,S12000013,,Not Specified,,2,,0,0,,z,0,17,,z
2022Q1,,S08000028,,S12000013,,Not Specified,,2,,0,0,,z,0,5,,z
2022Q2,,S08000028,,S12000013,,Not Specified,,2,,0,0,,z,0,39,,z
2022Q3,,S08000028,,S12000013,,Not Specified,,2,,0,0,,z,0,10,,z
2022Q4,p,S08000028,,S12000013,,Not Specified,,2,,0,0,,z,5,24,4.8,
2017Q4,,S08000028,,S12000013,,Not Specified,,3,,0,0,,z,5,47,9.4,
2018Q1,,S08000028,,S12000013,,Not Specified,,3,,0,0,,z,5,25,5,
2018Q2,,S08000028,,S12000013,,Not Specified,,3,,0,0,,z,5,33,6.6,
2018Q3,,S08000028,,S12000013,,Not Specified,,3,,0,0,,z,5,15,3,
2018Q4,,S08000028,,S12000013,,Not Specified,,3,,0,0,,z,5,34,6.8,
2019Q1,,S08000028,,S12000013,,Not Specified,,3,,0,0,,z,5,32,6.4,
2019Q2,,S08000028,,S12000013,,Not Specified,,3,,0,0,,z,5,10,2,
2019Q3,,S08000028,,S12000013,,Not Specified,,3,,0,0,,z,5,68,13.6,
2019Q4,,S08000028,,S12000013,,Not Specified,,3,,0,0,,z,5,39,7.8,
2020Q1,,S08000028,,S12000013,,Not Specified,,3,,0,0,,z,0,10,,z
2020Q2,,S08000028,,S12000013,,Not Specified,,3,,0,0,,z,5,67,13.4,
2020Q3,,S08000028,,S12000013,,Not Specified,,3,,0,0,,z,5,23,4.6,
2020Q4,,S08000028,,S12000013,,Not Specified,,3,,0,0,,z,17,182,10.7058823529412,
2021Q1,,S08000028,,S12000013,,Not Specified,,3,,0,0,,z,11,79,7.18181818181818,
2021Q2,,S08000028,,S12000013,,Not Specified,,3,,0,0,,z,10,98,9.8,
2021Q3,,S08000028,,S12000013,,Not Specified,,3,,0,0,,z,12,32,2.66666666666667,
2021Q4,,S08000028,,S12000013,,Not Specified,,3,,0,0,,z,10,44,4.4,
2022Q1,,S08000028,,S12000013,,Not Specified,,3,,0,0,,z,13,186,14.3076923076923,
2022Q2,,S08000028,,S12000013,,Not Specified,,3,,0,0,,z,10,63,6.3,
2022Q3,,S08000028,,S12000013,,Not Specified,,3,,0,0,,z,5,35,7,
2022Q4,p,S08000028,,S12000013,,Not Specified,,3,,0,0,,z,5,30,6,
2018Q1,,RA2701,,RA2701,,Not Specified,,,:,0,0,,z,0,0,,z
2018Q3,,RA2701,,RA2701,,Not Specified,,,:,0,0,,z,0,5,,z
2021Q3,,RA2701,,RA2701,,Not Specified,,,:,0,0,,z,0,0,,z
2022Q2,,RA2703,,RA2703,,Not Specified,,1,,0,0,,z,0,0,,z
2018Q1,,RA2703,,RA2703,,Not Specified,,,:,0,0,,z,0,43,,z
2018Q2,,RA2703,,RA2703,,Not Specified,,,:,0,0,,z,0,0,,z
2018Q3,,RA2703,,RA2703,,Not Specified,,,:,0,0,,z,5,19,3.8,
2018Q4,,RA2703,,RA2703,,Not Specified,,,:,0,0,,z,0,11,,z
2019Q1,,RA2703,,RA2703,,Not Specified,,,:,0,0,,z,0,6,,z
2019Q2,,RA2703,,RA2703,,Not Specified,,,:,0,0,,z,0,5,,z
2019Q3,,RA2703,,RA2703,,Not Specified,,,:,0,0,,z,0,0,,z
2021Q3,,RA2703,,RA2703,,Not Specified,,,:,0,0,,z,0,5,,z
2021Q4,,RA2703,,RA2703,,Not Specified,,,:,0,0,,z,0,5,,z
2022Q2,,RA2703,,RA2703,,Not Specified,,,:,0,0,,z,0,22,,z
2022Q3,,RA2703,,RA2703,,Not Specified,,,:,0,0,,z,5,60,12,
2022Q4,p,RA2703,,RA2703,,Not Specified,,,:,0,0,,z,0,0,,z
2018Q4,,RA2702,,RA2702,,Not Specified,,3,,0,0,,z,0,0,,z
2017Q4,,RA2702,,RA2702,,Not Specified,,,:,0,0,,z,0,30,,z
2018Q1,,RA2702,,RA2702,,Not Specified,,,:,0,0,,z,5,24,4.8,
2018Q2,,RA2702,,RA2702,,Not Specified,,,:,0,0,,z,5,14,2.8,
2018Q3,,RA2702,,RA2702,,Not Specified,,,:,0,0,,z,5,54,10.8,
2018Q4,,RA2702,,RA2702,,Not Specified,,,:,0,0,,z,5,187,37.4,
2019Q1,,RA2702,,RA2702,,Not Specified,,,:,0,0,,z,5,41,8.2,
2019Q2,,RA2702,,RA2702,,Not Specified,,,:,0,0,,z,0,5,,z
2019Q3,,RA2702,,RA2702,,Not Specified,,,:,0,0,,z,5,20,4,
2019Q4,,RA2702,,RA2702,,Not Specified,,,:,0,0,,z,5,130,26,
2020Q1,,RA2702,,RA2702,,Not Specified,,,:,0,0,,z,5,146,29.2,
2020Q3,,RA2702,,RA2702,,Not Specified,,,:,0,0,,z,5,10,2,
2020Q4,,RA2702,,RA2702,,Not Specified,,,:,0,0,,z,0,15,,z
2021Q1,,RA2702,,RA2702,,Not Specified,,,:,0,0,,z,5,5,1,
2021Q2,,RA2702,,RA2702,,Not Specified,,,:,0,0,,z,5,19,3.8,
2021Q3,,RA2702,,RA2702,,Not Specified,,,:,0,0,,z,5,5,1,
2021Q4,,RA2702,,RA2702,,Not Specified,,,:,0,0,,z,5,26,5.2,
2022Q1,,RA2702,,RA2702,,Not Specified,,,:,0,0,,z,10,59,5.9,
2022Q2,,RA2702,,RA2702,,Not Specified,,,:,0,0,,z,13,140,10.7692307692308,
2022Q3,,RA2702,,RA2702,,Not Specified,,,:,0,0,,z,16,99,6.1875,
2022Q4,p,RA2702,,RA2702,,Not Specified,,,:,0,0,,z,5,10,2,
2017Q4,,S92000003,d,S92000003,d,Not Specified,,1,,0,0,,z,266,3879,14.5827067669173,
2018Q1,,S92000003,d,S92000003,d,Not Specified,,1,,0,0,,z,330,6972,21.1272727272727,
2018Q2,,S92000003,d,S92000003,d,Not Specified,,1,,0,0,,z,291,4009,13.7766323024055,
2018Q3,,S92000003,d,S92000003,d,Not Specified,,1,,0,0,,z,281,2827,10.0604982206406,
2018Q4,,S92000003,d,S92000003,d,Not Specified,,1,,0,0,,z,257,4006,15.5875486381323,
2019Q1,,S92000003,d,S92000003,d,Not Specified,,1,,0,0,,z,292,3754,12.8561643835616,
2019Q2,,S92000003,d,S92000003,d,Not Specified,,1,,0,0,,z,278,3165,11.3848920863309,
2019Q3,,S92000003,d,S92000003,d,Not Specified,,1,,0,0,,z,287,3173,11.0557491289199,
2019Q4,,S92000003,d,S92000003,d,Not Specified,,1,,0,0,,z,289,2931,10.1418685121107,
2020Q1,,S92000003,d,S92000003,d,Not Specified,,1,,0,0,,z,262,3232,12.3358778625954,
2020Q2,,S92000003,d,S92000003,d,Not Specified,,1,,0,0,,z,243,3218,13.2427983539095,
2020Q3,,S92000003,d,S92000003,d,Not Specified,,1,,0,0,,z,241,2776,11.5186721991701,
2020Q4,,S92000003,d,S92000003,d,Not Specified,,1,,0,0,,z,226,7044,31.1681415929204,
2021Q1,,S92000003,d,S92000003,d,Not Specified,,1,,0,0,,z,199,2325,11.6834170854271,
2021Q2,,S92000003,d,S92000003,d,Not Specified,,1,,0,0,,z,226,3222,14.2566371681416,
2021Q3,,S92000003,d,S92000003,d,Not Specified,,1,,0,0,,z,275,2219,8.06909090909091,
2021Q4,,S92000003,d,S92000003,d,Not Specified,,1,,0,0,,z,283,2638,9.32155477031802,
2022Q1,,S92000003,d,S92000003,d,Not Specified,,1,,0,0,,z,357,3864,10.8235294117647,
2022Q2,,S92000003,d,S92000003,d,Not Specified,,1,,0,0,,z,363,5011,13.8044077134986,
2022Q3,,S92000003,d,S92000003,d,Not Specified,,1,,0,0,,z,356,4192,11.7752808988764,
2022Q4,p,S92000003,d,S92000003,d,Not Specified,,1,,0,0,,z,260,3367,12.95,
2017Q4,,S92000003,d,S92000003,d,Not Specified,,2,,0,0,,z,288,5205,18.0729166666667,
2018Q1,,S92000003,d,S92000003,d,Not Specified,,2,,0,0,,z,268,4081,15.2276119402985,
2018Q2,,S92000003,d,S92000003,d,Not Specified,,2,,0,0,,z,284,3378,11.8943661971831,
2018Q3,,S92000003,d,S92000003,d,Not Specified,,2,,0,0,,z,232,5163,22.2543103448276,
2018Q4,,S92000003,d,S92000003,d,Not Specified,,2,,0,0,,z,216,3047,14.1064814814815,
2019Q1,,S92000003,d,S92000003,d,Not Specified,,2,,0,0,,z,241,3075,12.7593360995851,
2019Q2,,S92000003,d,S92000003,d,Not Specified,,2,,0,0,,z,256,4471,17.46484375,
2019Q3,,S92000003,d,S92000003,d,Not Specified,,2,,0,0,,z,278,5958,21.431654676259,
2019Q4,,S92000003,d,S92000003,d,Not Specified,,2,,0,0,,z,264,3503,13.2689393939394,
2020Q1,,S92000003,d,S92000003,d,Not Specified,,2,,0,0,,z,244,6173,25.2991803278689,
2020Q2,,S92000003,d,S92000003,d,Not Specified,,2,,0,0,,z,228,2669,11.7061403508772,
2020Q3,,S92000003,d,S92000003,d,Not Specified,,2,,0,0,,z,238,2908,12.218487394958,
2020Q4,,S92000003,d,S92000003,d,Not Specified,,2,,0,0,,z,219,4469,20.4063926940639,
2021Q1,,S92000003,d,S92000003,d,Not Specified,,2,,0,0,,z,210,2895,13.7857142857143,
2021Q2,,S92000003,d,S92000003,d,Not Specified,,2,,0,0,,z,222,3162,14.2432432432432,
2021Q3,,S92000003,d,S92000003,d,Not Specified,,2,,0,0,,z,273,3791,13.8864468864469,
2021Q4,,S92000003,d,S92000003,d,Not Specified,,2,,0,0,,z,410,4128,10.0682926829268,
2022Q1,,S92000003,d,S92000003,d,Not Specified,,2,,0,0,,z,388,5451,14.0489690721649,
2022Q2,,S92000003,d,S92000003,d,Not Specified,,2,,0,0,,z,394,5387,13.6725888324873,
2022Q3,,S92000003,d,S92000003,d,Not Specified,,2,,0,0,,z,382,5120,13.4031413612565,
2022Q4,p,S92000003,d,S92000003,d,Not Specified,,2,,0,0,,z,311,5535,17.7974276527331,
2017Q4,,S92000003,d,S92000003,d,Not Specified,,3,,0,0,,z,210,3192,15.2,
2018Q1,,S92000003,d,S92000003,d,Not Specified,,3,,0,0,,z,184,2588,14.0652173913043,
2018Q2,,S92000003,d,S92000003,d,Not Specified,,3,,0,0,,z,244,2439,9.99590163934426,
2018Q3,,S92000003,d,S92000003,d,Not Specified,,3,,0,0,,z,201,1848,9.19402985074627,
2018Q4,,S92000003,d,S92000003,d,Not Specified,,3,,0,0,,z,209,3788,18.1244019138756,
2019Q1,,S92000003,d,S92000003,d,Not Specified,,3,,0,0,,z,185,2427,13.1189189189189,
2019Q2,,S92000003,d,S92000003,d,Not Specified,,3,,0,0,,z,226,3272,14.4778761061947,
2019Q3,,S92000003,d,S92000003,d,Not Specified,,3,,0,0,,z,253,3691,14.5889328063241,
2019Q4,,S92000003,d,S92000003,d,Not Specified,,3,,0,0,,z,224,3114,13.9017857142857,
2020Q1,,S92000003,d,S92000003,d,Not Specified,,3,,0,0,,z,207,3022,14.5990338164251,
2020Q2,,S92000003,d,S92000003,d,Not Specified,,3,,0,0,,z,194,2476,12.7628865979381,
2020Q3,,S92000003,d,S92000003,d,Not Specified,,3,,0,0,,z,179,2570,14.3575418994413,
2020Q4,,S92000003,d,S92000003,d,Not Specified,,3,,0,0,,z,191,2930,15.3403141361257,
2021Q1,,S92000003,d,S92000003,d,Not Specified,,3,,0,0,,z,194,2537,13.0773195876289,
2021Q2,,S92000003,d,S92000003,d,Not Specified,,3,,0,0,,z,172,2804,16.3023255813953,
2021Q3,,S92000003,d,S92000003,d,Not Specified,,3,,0,0,,z,225,1965,8.73333333333333,
2021Q4,,S92000003,d,S92000003,d,Not Specified,,3,,0,0,,z,313,3424,10.9392971246006,
2022Q1,,S92000003,d,S92000003,d,Not Specified,,3,,0,0,,z,305,4399,14.4229508196721,
2022Q2,,S92000003,d,S92000003,d,Not Specified,,3,,0,0,,z,336,4344,12.9285714285714,
2022Q3,,S92000003,d,S92000003,d,Not Specified,,3,,0,0,,z,330,4143,12.5545454545455,
2022Q4,p,S92000003,d,S92000003,d,Not Specified,,3,,0,0,,z,272,3702,13.6102941176471,
2017Q4,,S92000003,d,S92000003,d,Not Specified,,4,,0,0,,z,172,3381,19.656976744186,
2018Q1,,S92000003,d,S92000003,d,Not Specified,,4,,0,0,,z,163,2389,14.6564417177914,
2018Q2,,S92000003,d,S92000003,d,Not Specified,,4,,0,0,,z,148,3317,22.4121621621622,
2018Q3,,S92000003,d,S92000003,d,Not Specified,,4,,0,0,,z,160,4430,27.6875,
2018Q4,,S92000003,d,S92000003,d,Not Specified,,4,,0,0,,z,191,2925,15.3141361256544,
2019Q1,,S92000003,d,S92000003,d,Not Specified,,4,,0,0,,z,143,1966,13.7482517482517,
2019Q2,,S92000003,d,S92000003,d,Not Specified,,4,,0,0,,z,166,2585,15.5722891566265,
2019Q3,,S92000003,d,S92000003,d,Not Specified,,4,,0,0,,z,198,2444,12.3434343434343,
2019Q4,,S92000003,d,S92000003,d,Not Specified,,4,,0,0,,z,165,2506,15.1878787878788,
2020Q1,,S92000003,d,S92000003,d,Not Specified,,4,,0,0,,z,158,2749,17.3987341772152,
2020Q2,,S92000003,d,S92000003,d,Not Specified,,4,,0,0,,z,159,2175,13.6792452830189,
2020Q3,,S92000003,d,S92000003,d,Not Specified,,4,,0,0,,z,152,2363,15.5460526315789,
2020Q4,,S92000003,d,S92000003,d,Not Specified,,4,,0,0,,z,140,1788,12.7714285714286,
2021Q1,,S92000003,d,S92000003,d,Not Specified,,4,,0,0,,z,119,1275,10.7142857142857,
2021Q2,,S92000003,d,S92000003,d,Not Specified,,4,,0,0,,z,170,2721,16.0058823529412,
2021Q3,,S92000003,d,S92000003,d,Not Specified,,4,,0,0,,z,174,3071,17.6494252873563,
2021Q4,,S92000003,d,S92000003,d,Not Specified,,4,,0,0,,z,308,3407,11.0616883116883,
2022Q1,,S92000003,d,S92000003,d,Not Specified,,4,,0,0,,z,293,5820,19.8634812286689,
2022Q2,,S92000003,d,S92000003,d,Not Specified,,4,,0,0,,z,325,3740,11.5076923076923,
2022Q3,,S92000003,d,S92000003,d,Not Specified,,4,,0,0,,z,306,2850,9.31372549019608,
2022Q4,p,S92000003,d,S92000003,d,Not Specified,,4,,0,0,,z,229,3382,14.7685589519651,
2017Q4,,S92000003,d,S92000003,d,Not Specified,,5,,0,0,,z,126,2448,19.4285714285714,
2018Q1,,S92000003,d,S92000003,d,Not Specified,,5,,0,0,,z,128,2162,16.890625,
2018Q2,,S92000003,d,S92000003,d,Not Specified,,5,,0,0,,z,132,2797,21.1893939393939,
2018Q3,,S92000003,d,S92000003,d,Not Specified,,5,,0,0,,z,145,1677,11.5655172413793,
2018Q4,,S92000003,d,S92000003,d,Not Specified,,5,,0,0,,z,128,2077,16.2265625,
2019Q1,,S92000003,d,S92000003,d,Not Specified,,5,,0,0,,z,116,2078,17.9137931034483,
2019Q2,,S92000003,d,S92000003,d,Not Specified,,5,,0,0,,z,109,2950,27.0642201834862,
2019Q3,,S92000003,d,S92000003,d,Not Specified,,5,,0,0,,z,133,2241,16.8496240601504,
2019Q4,,S92000003,d,S92000003,d,Not Specified,,5,,0,0,,z,144,1742,12.0972222222222,
2020Q1,,S92000003,d,S92000003,d,Not Specified,,5,,0,0,,z,121,1729,14.2892561983471,
2020Q2,,S92000003,d,S92000003,d,Not Specified,,5,,0,0,,z,142,2677,18.8521126760563,
2020Q3,,S92000003,d,S92000003,d,Not Specified,,5,,0,0,,z,121,1896,15.6694214876033,
2020Q4,,S92000003,d,S92000003,d,Not Specified,,5,,0,0,,z,97,1667,17.1855670103093,
2021Q1,,S92000003,d,S92000003,d,Not Specified,,5,,0,0,,z,122,1758,14.4098360655738,
2021Q2,,S92000003,d,S92000003,d,Not Specified,,5,,0,0,,z,107,1516,14.1682242990654,
2021Q3,,S92000003,d,S92000003,d,Not Specified,,5,,0,0,,z,189,1799,9.51851851851852,
2021Q4,,S92000003,d,S92000003,d,Not Specified,,5,,0,0,,z,299,2763,9.24080267558528,
2022Q1,,S92000003,d,S92000003,d,Not Specified,,5,,0,0,,z,319,3653,11.4514106583072,
2022Q2,,S92000003,d,S92000003,d,Not Specified,,5,,0,0,,z,325,4192,12.8984615384615,
2022Q3,,S92000003,d,S92000003,d,Not Specified,,5,,0,0,,z,297,4845,16.3131313131313,
2022Q4,p,S92000003,d,S92000003,d,Not Specified,,5,,0,0,,z,225,4148,18.4355555555556,
2017Q4,,S92000003,d,S92000003,d,Not Specified,,,:,0,0,,z,5,39,7.8,
2018Q1,,S92000003,d,S92000003,d,Not Specified,,,:,0,0,,z,10,68,6.8,
2018Q2,,S92000003,d,S92000003,d,Not Specified,,,:,0,0,,z,5,18,3.6,
2018Q3,,S92000003,d,S92000003,d,Not Specified,,,:,0,0,,z,12,101,8.41666666666667,
2018Q4,,S92000003,d,S92000003,d,Not Specified,,,:,0,0,,z,10,205,20.5,
2019Q1,,S92000003,d,S92000003,d,Not Specified,,,:,0,0,,z,10,54,5.4,
2019Q2,,S92000003,d,S92000003,d,Not Specified,,,:,0,0,,z,5,53,10.6,
2019Q3,,S92000003,d,S92000003,d,Not Specified,,,:,0,0,,z,12,25,2.08333333333333,
2019Q4,,S92000003,d,S92000003,d,Not Specified,,,:,0,0,,z,5,132,26.4,
2020Q1,,S92000003,d,S92000003,d,Not Specified,,,:,0,0,,z,5,146,29.2,
2020Q2,,S92000003,d,S92000003,d,Not Specified,,,:,0,0,,z,0,18,,z
2020Q3,,S92000003,d,S92000003,d,Not Specified,,,:,0,0,,z,5,12,2.4,
2020Q4,,S92000003,d,S92000003,d,Not Specified,,,:,0,0,,z,5,18,3.6,
2021Q1,,S92000003,d,S92000003,d,Not Specified,,,:,0,0,,z,5,11,2.2,
2021Q2,,S92000003,d,S92000003,d,Not Specified,,,:,0,0,,z,5,19,3.8,
2021Q3,,S92000003,d,S92000003,d,Not Specified,,,:,0,0,,z,5,12,2.4,
2021Q4,,S92000003,d,S92000003,d,Not Specified,,,:,0,0,,z,14,64,4.57142857142857,
2022Q1,,S92000003,d,S92000003,d,Not Specified,,,:,0,0,,z,15,123,8.2,
2022Q2,,S92000003,d,S92000003,d,Not Specified,,,:,0,0,,z,19,176,9.26315789473684,
2022Q3,,S92000003,d,S92000003,d,Not Specified,,,:,0,0,,z,28,182,6.5,
2022Q4,p,S92000003,d,S92000003,d,Not Specified,,,:,0,0,,z,10,23,2.3,
2018Q3,,RA2704,,RA2704,,Not Specified,,1,,0,0,,z,0,0,,z
2018Q2,,RA2704,,RA2704,,Not Specified,,2,,0,0,,z,0,0,,z
2019Q3,,RA2704,,RA2704,,Not Specified,,2,,0,0,,z,0,0,,z
2020Q2,,RA2704,,RA2704,,Not Specified,,3,,0,0,,z,0,0,,z
2022Q1,,RA2704,,RA2704,,Not Specified,,4,,0,0,,z,0,0,,z
2021Q1,,RA2704,,RA2704,,Not Specified,,5,,0,0,,z,0,0,,z
2017Q4,,RA2704,,RA2704,,Not Specified,,,:,0,0,,z,5,9,1.8,
2018Q2,,RA2704,,RA2704,,Not Specified,,,:,0,0,,z,0,5,,z
2018Q3,,RA2704,,RA2704,,Not Specified,,,:,0,0,,z,5,23,4.6,
2018Q4,,RA2704,,RA2704,,Not Specified,,,:,0,0,,z,5,7,1.4,
2019Q1,,RA2704,,RA2704,,Not Specified,,,:,0,0,,z,0,7,,z
2019Q2,,RA2704,,RA2704,,Not Specified,,,:,0,0,,z,5,42,8.4,
2019Q3,,RA2704,,RA2704,,Not Specified,,,:,0,0,,z,5,5,1,
2019Q4,,RA2704,,RA2704,,Not Specified,,,:,0,0,,z,0,5,,z
2020Q2,,RA2704,,RA2704,,Not Specified,,,:,0,0,,z,0,18,,z
2020Q3,,RA2704,,RA2704,,Not Specified,,,:,0,0,,z,0,0,,z
2020Q4,,RA2704,,RA2704,,Not Specified,,,:,0,0,,z,0,5,,z
2021Q1,,RA2704,,RA2704,,Not Specified,,,:,0,0,,z,0,10,,z
2021Q3,,RA2704,,RA2704,,Not Specified,,,:,0,0,,z,0,0,,z
2021Q4,,RA2704,,RA2704,,Not Specified,,,:,0,0,,z,5,35,7,
2022Q1,,RA2704,,RA2704,,Not Specified,,,:,0,0,,z,5,64,12.8,
2022Q2,,RA2704,,RA2704,,Not Specified,,,:,0,0,,z,5,14,2.8,
2022Q3,,RA2704,,RA2704,,Not Specified,,,:,0,0,,z,5,25,5,
2022Q4,p,RA2704,,RA2704,,Not Specified,,,:,0,0,,z,5,14,2.8,
2019Q3,,S08000017,,S12000006,,All Day cases,,,:,0,0,,z,0,0,,z
2019Q3,,S08000017,,S08000017,d,All Day cases,,,:,0,0,,z,0,0,,z
2017Q4,,S08000015,,S12000008,,All Inpatients,d,,:,0,0,,z,0,0,,z
2018Q3,,S08000015,,S12000008,,All Inpatients,d,,:,0,0,,z,0,0,,z
2018Q4,,S08000015,,S12000008,,All Inpatients,d,,:,0,0,,z,0,0,,z
2019Q1,,S08000015,,S12000008,,All Inpatients,d,,:,0,0,,z,0,0,,z
2019Q2,,S08000015,,S12000008,,All Inpatients,d,,:,0,0,,z,0,0,,z
2019Q3,,S08000015,,S12000008,,All Inpatients,d,,:,0,0,,z,0,0,,z
2020Q2,,S08000015,,S12000008,,All Inpatients,d,,:,0,0,,z,0,0,,z
2021Q1,,S08000015,,S12000008,,All Inpatients,d,,:,0,0,,z,0,0,,z
2022Q1,,S08000015,,S12000008,,All Inpatients,d,,:,0,0,,z,0,0,,z
2022Q2,,S08000015,,S12000008,,All Inpatients,d,,:,0,0,,z,0,0,,z
2017Q4,,S08000015,,S08000015,d,All Inpatients,d,,:,0,0,,z,0,0,,z
2018Q1,,S08000015,,S08000015,d,All Inpatients,d,,:,0,0,,z,0,0,,z
2018Q3,,S08000015,,S08000015,d,All Inpatients,d,,:,0,0,,z,0,0,,z
2018Q4,,S08000015,,S08000015,d,All Inpatients,d,,:,0,0,,z,0,0,,z
2019Q1,,S08000015,,S08000015,d,All Inpatients,d,,:,0,0,,z,0,0,,z
2019Q2,,S08000015,,S08000015,d,All Inpatients,d,,:,0,0,,z,0,0,,z
2019Q3,,S08000015,,S08000015,d,All Inpatients,d,,:,0,0,,z,0,0,,z
2020Q2,,S08000015,,S08000015,d,All Inpatients,d,,:,0,0,,z,0,0,,z
2020Q4,,S08000015,,S08000015,d,All Inpatients,d,,:,0,0,,z,0,0,,z
2021Q1,,S08000015,,S08000015,d,All Inpatients,d,,:,0,0,,z,0,0,,z
2021Q2,,S08000015,,S08000015,d,All Inpatients,d,,:,0,0,,z,0,0,,z
2022Q1,,S08000015,,S08000015,d,All Inpatients,d,,:,0,0,,z,0,0,,z
2022Q2,,S08000015,,S08000015,d,All Inpatients,d,,:,0,0,,z,0,0,,z
2022Q3,,S08000015,,S08000015,d,All Inpatients,d,,:,0,0,,z,0,0,,z
2017Q4,,S08000015,,S12000021,,All Inpatients,d,,:,0,0,,z,0,0,,z
2018Q1,,S08000015,,S12000021,,All Inpatients,d,,:,0,0,,z,0,0,,z
2018Q3,,S08000015,,S12000021,,All Inpatients,d,,:,0,0,,z,0,0,,z
2019Q3,,S08000015,,S12000021,,All Inpatients,d,,:,0,0,,z,0,0,,z
2020Q4,,S08000015,,S12000021,,All Inpatients,d,,:,0,0,,z,0,0,,z
2021Q1,,S08000015,,S12000021,,All Inpatients,d,,:,0,0,,z,0,0,,z
2022Q3,,S08000015,,S12000021,,All Inpatients,d,,:,0,0,,z,0,0,,z
2018Q3,,S08000015,,S12000028,,All Inpatients,d,,:,0,0,,z,0,0,,z
2019Q1,,S08000015,,S12000028,,All Inpatients,d,,:,0,0,,z,0,0,,z
2019Q2,,S08000015,,S12000028,,All Inpatients,d,,:,0,0,,z,0,0,,z
2021Q2,,S08000015,,S12000028,,All Inpatients,d,,:,0,0,,z,0,0,,z
2018Q2,,S08000016,,S08000016,d,All Inpatients,d,,:,0,0,,z,0,0,,z
2018Q3,,S08000016,,S08000016,d,All Inpatients,d,,:,0,0,,z,0,0,,z
2019Q2,,S08000016,,S08000016,d,All Inpatients,d,,:,0,0,,z,0,0,,z
2019Q3,,S08000016,,S08000016,d,All Inpatients,d,,:,0,0,,z,0,0,,z
2019Q4,,S08000016,,S08000016,d,All Inpatients,d,,:,0,0,,z,0,0,,z
2020Q1,,S08000016,,S08000016,d,All Inpatients,d,,:,0,0,,z,0,0,,z
2020Q2,,S08000016,,S08000016,d,All Inpatients,d,,:,0,0,,z,0,0,,z
2020Q3,,S08000016,,S08000016,d,All Inpatients,d,,:,0,0,,z,0,0,,z
2020Q4,,S08000016,,S08000016,d,All Inpatients,d,,:,0,0,,z,0,0,,z
2021Q1,,S08000016,,S08000016,d,All Inpatients,d,,:,0,0,,z,0,0,,z
2021Q2,,S08000016,,S08000016,d,All Inpatients,d,,:,0,0,,z,0,0,,z
2021Q4,,S08000016,,S08000016,d,All Inpatients,d,,:,0,0,,z,0,0,,z
2022Q2,,S08000016,,S08000016,d,All Inpatients,d,,:,0,0,,z,0,0,,z
2022Q4,p,S08000016,,S08000016,d,All Inpatients,d,,:,0,0,,z,0,0,,z
2018Q2,,S08000016,,S12000026,,All Inpatients,d,,:,0,0,,z,0,0,,z
2018Q3,,S08000016,,S12000026,,All Inpatients,d,,:,0,0,,z,0,0,,z
2019Q2,,S08000016,,S12000026,,All Inpatients,d,,:,0,0,,z,0,0,,z
2019Q3,,S08000016,,S12000026,,All Inpatients,d,,:,0,0,,z,0,0,,z
2019Q4,,S08000016,,S12000026,,All Inpatients,d,,:,0,0,,z,0,0,,z
2020Q1,,S08000016,,S12000026,,All Inpatients,d,,:,0,0,,z,0,0,,z
2020Q2,,S08000016,,S12000026,,All Inpatients,d,,:,0,0,,z,0,0,,z
2020Q3,,S08000016,,S12000026,,All Inpatients,d,,:,0,0,,z,0,0,,z
2020Q4,,S08000016,,S12000026,,All Inpatients,d,,:,0,0,,z,0,0,,z
2021Q1,,S08000016,,S12000026,,All Inpatients,d,,:,0,0,,z,0,0,,z
2021Q2,,S08000016,,S12000026,,All Inpatients,d,,:,0,0,,z,0,0,,z
2021Q4,,S08000016,,S12000026,,All Inpatients,d,,:,0,0,,z,0,0,,z
2022Q2,,S08000016,,S12000026,,All Inpatients,d,,:,0,0,,z,0,0,,z
2022Q4,p,S08000016,,S12000026,,All Inpatients,d,,:,0,0,,z,0,0,,z
2017Q4,,S08000017,,S12000006,,All Inpatients,d,,:,0,0,,z,0,0,,z
2018Q4,,S08000017,,S12000006,,All Inpatients,d,,:,0,0,,z,0,0,,z
2019Q2,,S08000017,,S12000006,,All Inpatients,d,,:,0,0,,z,0,0,,z
2019Q4,,S08000017,,S12000006,,All Inpatients,d,,:,0,0,,z,0,0,,z
2020Q1,,S08000017,,S12000006,,All Inpatients,d,,:,0,0,,z,0,0,,z
2020Q2,,S08000017,,S12000006,,All Inpatients,d,,:,0,0,,z,0,0,,z
2021Q4,,S08000017,,S12000006,,All Inpatients,d,,:,0,0,,z,0,0,,z
2022Q1,,S08000017,,S12000006,,All Inpatients,d,,:,0,0,,z,0,0,,z
2017Q4,,S08000017,,S08000017,d,All Inpatients,d,,:,0,0,,z,0,0,,z
2018Q4,,S08000017,,S08000017,d,All Inpatients,d,,:,0,0,,z,0,0,,z
2019Q2,,S08000017,,S08000017,d,All Inpatients,d,,:,0,0,,z,0,0,,z
2019Q4,,S08000017,,S08000017,d,All Inpatients,d,,:,0,0,,z,0,0,,z
2020Q1,,S08000017,,S08000017,d,All Inpatients,d,,:,0,0,,z,0,0,,z
2020Q2,,S08000017,,S08000017,d,All Inpatients,d,,:,0,0,,z,0,0,,z
2021Q4,,S08000017,,S08000017,d,All Inpatients,d,,:,0,0,,z,0,0,,z
2022Q1,,S08000017,,S08000017,d,All Inpatients,d,,:,0,0,,z,0,0,,z
2018Q2,,S08000029,,S12000047,,All Inpatients,d,,:,0,0,,z,0,0,,z
2018Q3,,S08000029,,S12000047,,All Inpatients,d,,:,0,0,,z,0,0,,z
2019Q1,,S08000029,,S12000047,,All Inpatients,d,,:,0,0,,z,0,0,,z
2019Q2,,S08000029,,S12000047,,All Inpatients,d,,:,0,0,,z,0,0,,z
2019Q3,,S08000029,,S12000047,,All Inpatients,d,,:,0,0,,z,0,0,,z
2019Q4,,S08000029,,S12000047,,All Inpatients,d,,:,0,0,,z,0,0,,z
2020Q1,,S08000029,,S12000047,,All Inpatients,d,,:,0,0,,z,0,0,,z
2020Q2,,S08000029,,S12000047,,All Inpatients,d,,:,0,0,,z,0,0,,z
2020Q3,,S08000029,,S12000047,,All Inpatients,d,,:,0,0,,z,0,0,,z
2020Q4,,S08000029,,S12000047,,All Inpatients,d,,:,0,0,,z,0,0,,z
2018Q2,,S08000029,,S08000029,d,All Inpatients,d,,:,0,0,,z,0,0,,z
2018Q3,,S08000029,,S08000029,d,All Inpatients,d,,:,0,0,,z,0,0,,z
2019Q1,,S08000029,,S08000029,d,All Inpatients,d,,:,0,0,,z,0,0,,z
2019Q2,,S08000029,,S08000029,d,All Inpatients,d,,:,0,0,,z,0,0,,z
2019Q3,,S08000029,,S08000029,d,All Inpatients,d,,:,0,0,,z,0,0,,z
2019Q4,,S08000029,,S08000029,d,All Inpatients,d,,:,0,0,,z,0,0,,z
2020Q1,,S08000029,,S08000029,d,All Inpatients,d,,:,0,0,,z,0,0,,z
2020Q2,,S08000029,,S08000029,d,All Inpatients,d,,:,0,0,,z,0,0,,z
2020Q3,,S08000029,,S08000029,d,All Inpatients,d,,:,0,0,,z,0,0,,z
2020Q4,,S08000029,,S08000029,d,All Inpatients,d,,:,0,0,,z,0,0,,z
2020Q3,,S08000019,,S12000005,,All Inpatients,d,,:,0,0,,z,0,0,,z
2020Q4,,S08000019,,S12000005,,All Inpatients,d,,:,0,0,,z,0,0,,z
2021Q2,,S08000019,,S12000005,,All Inpatients,d,,:,0,0,,z,0,0,,z
2021Q3,,S08000019,,S12000005,,All Inpatients,d,,:,0,0,,z,0,0,,z
2021Q4,,S08000019,,S12000005,,All Inpatients,d,,:,0,0,,z,0,0,,z
2022Q1,,S08000019,,S12000005,,All Inpatients,d,,:,0,0,,z,0,0,,z
2022Q3,,S08000019,,S12000005,,All Inpatients,d,,:,0,0,,z,0,0,,z
2018Q2,,S08000019,,S12000014,,All Inpatients,d,,:,0,0,,z,0,0,,z
2018Q4,,S08000019,,S12000014,,All Inpatients,d,,:,0,0,,z,0,0,,z
2020Q2,,S08000019,,S12000014,,All Inpatients,d,,:,0,0,,z,0,0,,z
2020Q3,,S08000019,,S12000014,,All Inpatients,d,,:,0,0,,z,0,0,,z
2021Q2,,S08000019,,S12000014,,All Inpatients,d,,:,0,0,,z,0,0,,z
2021Q3,,S08000019,,S12000014,,All Inpatients,d,,:,0,0,,z,0,0,,z
2022Q4,p,S08000019,,S12000014,,All Inpatients,d,,:,0,0,,z,0,0,,z
2018Q2,,S08000019,,S08000019,d,All Inpatients,d,,:,0,0,,z,0,0,,z
2018Q4,,S08000019,,S08000019,d,All Inpatients,d,,:,0,0,,z,0,0,,z
2019Q2,,S08000019,,S08000019,d,All Inpatients,d,,:,0,0,,z,0,0,,z
2020Q2,,S08000019,,S08000019,d,All Inpatients,d,,:,0,0,,z,0,0,,z
2020Q3,,S08000019,,S08000019,d,All Inpatients,d,,:,0,0,,z,0,0,,z
2020Q4,,S08000019,,S08000019,d,All Inpatients,d,,:,0,0,,z,0,0,,z
2021Q1,,S08000019,,S08000019,d,All Inpatients,d,,:,0,0,,z,0,0,,z
2021Q2,,S08000019,,S08000019,d,All Inpatients,d,,:,0,0,,z,0,0,,z
2021Q3,,S08000019,,S08000019,d,All Inpatients,d,,:,0,0,,z,0,0,,z
2021Q4,,S08000019,,S08000019,d,All Inpatients,d,,:,0,0,,z,0,0,,z
2022Q1,,S08000019,,S08000019,d,All Inpatients,d,,:,0,0,,z,0,0,,z
2022Q3,,S08000019,,S08000019,d,All Inpatients,d,,:,0,0,,z,0,0,,z
2022Q4,p,S08000019,,S08000019,d,All Inpatients,d,,:,0,0,,z,0,0,,z
2018Q2,,S08000019,,S12000030,,All Inpatients,d,,:,0,0,,z,0,0,,z
2019Q2,,S08000019,,S12000030,,All Inpatients,d,,:,0,0,,z,0,0,,z
2020Q3,,S08000019,,S12000030,,All Inpatients,d,,:,0,0,,z,0,0,,z
2020Q4,,S08000019,,S12000030,,All Inpatients,d,,:,0,0,,z,0,0,,z
2021Q1,,S08000019,,S12000030,,All Inpatients,d,,:,0,0,,z,0,0,,z
2021Q2,,S08000019,,S12000030,,All Inpatients,d,,:,0,0,,z,0,0,,z
2021Q3,,S08000019,,S12000030,,All Inpatients,d,,:,0,0,,z,0,0,,z
2021Q4,,S08000019,,S12000030,,All Inpatients,d,,:,0,0,,z,0,0,,z
2022Q3,,S08000019,,S12000030,,All Inpatients,d,,:,0,0,,z,0,0,,z
2022Q4,p,S08000019,,S12000030,,All Inpatients,d,,:,0,0,,z,0,0,,z
2018Q1,,S08000020,,S12000033,,All Inpatients,d,,:,0,0,,z,0,0,,z
2018Q4,,S08000020,,S12000033,,All Inpatients,d,,:,0,0,,z,0,0,,z
2019Q3,,S08000020,,S12000034,,All Inpatients,d,,:,0,0,,z,0,0,,z
2020Q1,,S08000020,,S12000034,,All Inpatients,d,,:,0,0,,z,0,0,,z
2022Q4,p,S08000020,,S12000034,,All Inpatients,d,,:,0,0,,z,0,0,,z
2018Q1,,S08000020,,S12000020,,All Inpatients,d,,:,0,0,,z,0,0,,z
2021Q3,,S08000020,,S12000020,,All Inpatients,d,,:,0,0,,z,0,0,,z
2018Q1,,S08000020,,S08000020,d,All Inpatients,d,,:,0,0,,z,0,0,,z
2018Q4,,S08000020,,S08000020,d,All Inpatients,d,,:,0,0,,z,0,0,,z
2019Q3,,S08000020,,S08000020,d,All Inpatients,d,,:,0,0,,z,0,0,,z
2020Q1,,S08000020,,S08000020,d,All Inpatients,d,,:,0,0,,z,0,0,,z
2021Q3,,S08000020,,S08000020,d,All Inpatients,d,,:,0,0,,z,0,0,,z
2017Q4,,S08000031,,S12000045,,All Inpatients,d,,:,0,0,,z,0,0,,z
2018Q3,,S08000031,,S12000045,,All Inpatients,d,,:,0,0,,z,0,0,,z
2019Q3,,S08000031,,S12000045,,All Inpatients,d,,:,0,0,,z,0,0,,z
2019Q4,,S08000031,,S12000045,,All Inpatients,d,,:,0,0,,z,0,0,,z
2022Q1,,S08000031,,S12000045,,All Inpatients,d,,:,0,0,,z,0,0,,z
2022Q4,p,S08000031,,S12000045,,All Inpatients,d,,:,0,0,,z,0,0,,z
2018Q3,,S08000031,,S12000011,,All Inpatients,d,,:,0,0,,z,0,0,,z
2017Q4,,S08000031,,S12000049,,All Inpatients,d,,:,0,0,,z,0,0,,z
2018Q1,,S08000031,,S12000049,,All Inpatients,d,,:,0,0,,z,0,0,,z
2018Q2,,S08000031,,S12000049,,All Inpatients,d,,:,0,0,,z,0,0,,z
2018Q3,,S08000031,,S12000049,,All Inpatients,d,,:,0,0,,z,0,0,,z
2018Q4,,S08000031,,S12000049,,All Inpatients,d,,:,0,0,,z,0,0,,z
2019Q1,,S08000031,,S12000049,,All Inpatients,d,,:,0,0,,z,0,0,,z
2019Q2,,S08000031,,S12000049,,All Inpatients,d,,:,0,0,,z,0,0,,z
2019Q3,,S08000031,,S12000049,,All Inpatients,d,,:,0,0,,z,0,0,,z
2019Q4,,S08000031,,S12000049,,All Inpatients,d,,:,0,0,,z,0,0,,z
2020Q1,,S08000031,,S12000049,,All Inpatients,d,,:,0,0,,z,0,0,,z
2020Q2,,S08000031,,S12000049,,All Inpatients,d,,:,0,0,,z,0,0,,z
2020Q3,,S08000031,,S12000049,,All Inpatients,d,,:,0,0,,z,0,0,,z
2020Q4,,S08000031,,S12000049,,All Inpatients,d,,:,0,0,,z,0,0,,z
2021Q2,,S08000031,,S12000049,,All Inpatients,d,,:,0,0,,z,0,0,,z
2021Q3,,S08000031,,S12000049,,All Inpatients,d,,:,0,0,,z,0,0,,z
2021Q4,,S08000031,,S12000049,,All Inpatients,d,,:,0,0,,z,0,0,,z
2022Q1,,S08000031,,S12000049,,All Inpatients,d,,:,0,0,,z,0,0,,z
2018Q2,,S08000031,,S12000018,,All Inpatients,d,,:,0,0,,z,0,0,,z
2017Q4,,S08000031,,S08000031,d,All Inpatients,d,,:,0,0,,z,0,0,,z
2018Q1,,S08000031,,S08000031,d,All Inpatients,d,,:,0,0,,z,0,0,,z
2018Q2,,S08000031,,S08000031,d,All Inpatients,d,,:,0,0,,z,0,0,,z
2018Q3,,S08000031,,S08000031,d,All Inpatients,d,,:,0,0,,z,0,0,,z
2018Q4,,S08000031,,S08000031,d,All Inpatients,d,,:,0,0,,z,0,0,,z
2019Q1,,S08000031,,S08000031,d,All Inpatients,d,,:,0,0,,z,0,0,,z
2019Q2,,S08000031,,S08000031,d,All Inpatients,d,,:,0,0,,z,0,0,,z
2019Q3,,S08000031,,S08000031,d,All Inpatients,d,,:,0,0,,z,0,0,,z
2019Q4,,S08000031,,S08000031,d,All Inpatients,d,,:,0,0,,z,0,0,,z
2020Q1,,S08000031,,S08000031,d,All Inpatients,d,,:,0,0,,z,0,0,,z
2020Q2,,S08000031,,S08000031,d,All Inpatients,d,,:,0,0,,z,0,0,,z
2020Q3,,S08000031,,S08000031,d,All Inpatients,d,,:,0,0,,z,0,0,,z
2020Q4,,S08000031,,S08000031,d,All Inpatients,d,,:,0,0,,z,0,0,,z
2021Q2,,S08000031,,S08000031,d,All Inpatients,d,,:,0,0,,z,0,0,,z
2021Q3,,S08000031,,S08000031,d,All Inpatients,d,,:,0,0,,z,0,0,,z
2021Q4,,S08000031,,S08000031,d,All Inpatients,d,,:,0,0,,z,0,0,,z
2022Q1,,S08000031,,S08000031,d,All Inpatients,d,,:,0,0,,z,0,0,,z
2022Q2,,S08000031,,S08000031,d,All Inpatients,d,,:,0,0,,z,0,0,,z
2018Q2,,S08000031,,S12000038,,All Inpatients,d,,:,0,0,,z,0,0,,z
2018Q4,,S08000031,,S12000038,,All Inpatients,d,,:,0,0,,z,0,0,,z
2019Q3,,S08000031,,S12000038,,All Inpatients,d,,:,0,0,,z,0,0,,z
2019Q4,,S08000031,,S12000038,,All Inpatients,d,,:,0,0,,z,0,0,,z
2022Q3,,S08000031,,S12000038,,All Inpatients,d,,:,0,0,,z,0,0,,z
2018Q1,,S08000031,,S12000039,,All Inpatients,d,,:,0,0,,z,0,0,,z
2018Q2,,S08000031,,S12000039,,All Inpatients,d,,:,0,0,,z,0,0,,z
2018Q3,,S08000031,,S12000039,,All Inpatients,d,,:,0,0,,z,0,0,,z
2019Q2,,S08000031,,S12000039,,All Inpatients,d,,:,0,0,,z,0,0,,z
2020Q1,,S08000031,,S12000039,,All Inpatients,d,,:,0,0,,z,0,0,,z
2021Q3,,S08000031,,S12000039,,All Inpatients,d,,:,0,0,,z,0,0,,z
2022Q2,,S08000031,,S12000039,,All Inpatients,d,,:,0,0,,z,0,0,,z
2022Q3,,S08000031,,S12000039,,All Inpatients,d,,:,0,0,,z,0,0,,z
2018Q1,,S08000022,,S12000035,,All Inpatients,d,,:,0,0,,z,0,0,,z
2018Q4,,S08000022,,S12000035,,All Inpatients,d,,:,0,0,,z,0,0,,z
2019Q1,,S08000022,,S12000035,,All Inpatients,d,,:,0,0,,z,0,0,,z
2019Q2,,S08000022,,S12000035,,All Inpatients,d,,:,0,0,,z,0,0,,z
2019Q4,,S08000022,,S12000035,,All Inpatients,d,,:,0,0,,z,0,0,,z
2020Q4,,S08000022,,S12000035,,All Inpatients,d,,:,0,0,,z,0,0,,z
2021Q1,,S08000022,,S12000035,,All Inpatients,d,,:,0,0,,z,0,0,,z
2021Q2,,S08000022,,S12000035,,All Inpatients,d,,:,0,0,,z,0,0,,z
2017Q4,,S08000022,,S12000017,,All Inpatients,d,,:,0,0,,z,0,0,,z
2018Q1,,S08000022,,S12000017,,All Inpatients,d,,:,0,0,,z,0,0,,z
2019Q2,,S08000022,,S12000017,,All Inpatients,d,,:,0,0,,z,0,0,,z
2019Q3,,S08000022,,S12000017,,All Inpatients,d,,:,0,0,,z,0,0,,z
2019Q4,,S08000022,,S12000017,,All Inpatients,d,,:,0,0,,z,0,0,,z
2020Q1,,S08000022,,S12000017,,All Inpatients,d,,:,0,0,,z,0,0,,z
2020Q2,,S08000022,,S12000017,,All Inpatients,d,,:,0,0,,z,0,0,,z
2020Q3,,S08000022,,S12000017,,All Inpatients,d,,:,0,0,,z,0,0,,z
2020Q4,,S08000022,,S12000017,,All Inpatients,d,,:,0,0,,z,0,0,,z
2021Q1,,S08000022,,S12000017,,All Inpatients,d,,:,0,0,,z,0,0,,z
2021Q2,,S08000022,,S12000017,,All Inpatients,d,,:,0,0,,z,0,0,,z
2021Q3,,S08000022,,S12000017,,All Inpatients,d,,:,0,0,,z,0,0,,z
2021Q4,,S08000022,,S12000017,,All Inpatients,d,,:,0,0,,z,0,0,,z
2022Q2,,S08000022,,S12000017,,All Inpatients,d,,:,0,0,,z,0,0,,z
2022Q3,,S08000022,,S12000017,,All Inpatients,d,,:,0,0,,z,0,0,,z
2022Q4,p,S08000022,,S12000017,,All Inpatients,d,,:,0,0,,z,0,0,,z
2017Q4,,S08000022,,S08000022,d,All Inpatients,d,,:,0,0,,z,0,0,,z
2018Q1,,S08000022,,S08000022,d,All Inpatients,d,,:,0,0,,z,0,0,,z
2018Q4,,S08000022,,S08000022,d,All Inpatients,d,,:,0,0,,z,0,0,,z
2019Q1,,S08000022,,S08000022,d,All Inpatients,d,,:,0,0,,z,0,0,,z
2019Q2,,S08000022,,S08000022,d,All Inpatients,d,,:,0,0,,z,0,0,,z
2019Q3,,S08000022,,S08000022,d,All Inpatients,d,,:,0,0,,z,0,0,,z
2019Q4,,S08000022,,S08000022,d,All Inpatients,d,,:,0,0,,z,0,0,,z
2020Q1,,S08000022,,S08000022,d,All Inpatients,d,,:,0,0,,z,0,0,,z
2020Q2,,S08000022,,S08000022,d,All Inpatients,d,,:,0,0,,z,0,0,,z
2020Q3,,S08000022,,S08000022,d,All Inpatients,d,,:,0,0,,z,0,0,,z
2020Q4,,S08000022,,S08000022,d,All Inpatients,d,,:,0,0,,z,0,0,,z
2021Q1,,S08000022,,S08000022,d,All Inpatients,d,,:,0,0,,z,0,0,,z
2021Q2,,S08000022,,S08000022,d,All Inpatients,d,,:,0,0,,z,0,0,,z
2021Q3,,S08000022,,S08000022,d,All Inpatients,d,,:,0,0,,z,0,0,,z
2021Q4,,S08000022,,S08000022,d,All Inpatients,d,,:,0,0,,z,0,0,,z
2022Q2,,S08000022,,S08000022,d,All Inpatients,d,,:,0,0,,z,0,0,,z
2022Q3,,S08000022,,S08000022,d,All Inpatients,d,,:,0,0,,z,0,0,,z
2022Q4,p,S08000022,,S08000022,d,All Inpatients,d,,:,0,0,,z,0,0,,z
2018Q3,,S08000032,,S08000032,d,All Inpatients,d,,:,0,0,,z,0,0,,z
2019Q2,,S08000032,,S08000032,d,All Inpatients,d,,:,0,0,,z,0,0,,z
2019Q3,,S08000032,,S08000032,d,All Inpatients,d,,:,0,0,,z,0,0,,z
2019Q4,,S08000032,,S08000032,d,All Inpatients,d,,:,0,0,,z,0,0,,z
2020Q1,,S08000032,,S08000032,d,All Inpatients,d,,:,0,0,,z,0,0,,z
2020Q3,,S08000032,,S08000032,d,All Inpatients,d,,:,0,0,,z,0,0,,z
2021Q1,,S08000032,,S08000032,d,All Inpatients,d,,:,0,0,,z,0,0,,z
2021Q3,,S08000032,,S08000032,d,All Inpatients,d,,:,0,0,,z,0,0,,z
2021Q4,,S08000032,,S08000032,d,All Inpatients,d,,:,0,0,,z,0,0,,z
2022Q3,,S08000032,,S08000032,d,All Inpatients,d,,:,0,0,,z,0,0,,z
2018Q3,,S08000032,,S12000050,,All Inpatients,d,,:,0,0,,z,0,0,,z
2019Q2,,S08000032,,S12000050,,All Inpatients,d,,:,0,0,,z,0,0,,z
2019Q4,,S08000032,,S12000050,,All Inpatients,d,,:,0,0,,z,0,0,,z
2020Q1,,S08000032,,S12000050,,All Inpatients,d,,:,0,0,,z,0,0,,z
2020Q3,,S08000032,,S12000050,,All Inpatients,d,,:,0,0,,z,0,0,,z
2021Q3,,S08000032,,S12000050,,All Inpatients,d,,:,0,0,,z,0,0,,z
2022Q3,,S08000032,,S12000050,,All Inpatients,d,,:,0,0,,z,0,0,,z
2018Q3,,S08000032,,S12000029,,All Inpatients,d,,:,0,0,,z,0,0,,z
2019Q2,,S08000032,,S12000029,,All Inpatients,d,,:,0,0,,z,0,0,,z
2019Q3,,S08000032,,S12000029,,All Inpatients,d,,:,0,0,,z,0,0,,z
2019Q4,,S08000032,,S12000029,,All Inpatients,d,,:,0,0,,z,0,0,,z
2020Q3,,S08000032,,S12000029,,All Inpatients,d,,:,0,0,,z,0,0,,z
2021Q1,,S08000032,,S12000029,,All Inpatients,d,,:,0,0,,z,0,0,,z
2021Q4,,S08000032,,S12000029,,All Inpatients,d,,:,0,0,,z,0,0,,z
2018Q3,,S08000024,,S12000010,,All Inpatients,d,,:,0,0,,z,0,0,,z
2018Q4,,S08000024,,S12000010,,All Inpatients,d,,:,0,0,,z,0,0,,z
2019Q1,,S08000024,,S12000010,,All Inpatients,d,,:,0,0,,z,0,0,,z
2019Q2,,S08000024,,S12000010,,All Inpatients,d,,:,0,0,,z,0,0,,z
2019Q3,,S08000024,,S12000010,,All Inpatients,d,,:,0,0,,z,0,0,,z
2020Q1,,S08000024,,S12000010,,All Inpatients,d,,:,0,0,,z,0,0,,z
2020Q3,,S08000024,,S12000010,,All Inpatients,d,,:,0,0,,z,0,0,,z
2020Q4,,S08000024,,S12000010,,All Inpatients,d,,:,0,0,,z,0,0,,z
2021Q1,,S08000024,,S12000010,,All Inpatients,d,,:,0,0,,z,0,0,,z
2018Q1,,S08000024,,S12000036,,All Inpatients,d,,:,0,0,,z,0,0,,z
2018Q2,,S08000024,,S12000036,,All Inpatients,d,,:,0,0,,z,0,0,,z
2018Q4,,S08000024,,S12000036,,All Inpatients,d,,:,0,0,,z,0,0,,z
2019Q1,,S08000024,,S12000036,,All Inpatients,d,,:,0,0,,z,0,0,,z
2019Q2,,S08000024,,S12000036,,All Inpatients,d,,:,0,0,,z,0,0,,z
2019Q3,,S08000024,,S12000036,,All Inpatients,d,,:,0,0,,z,0,0,,z
2019Q4,,S08000024,,S12000036,,All Inpatients,d,,:,0,0,,z,0,0,,z
2020Q1,,S08000024,,S12000036,,All Inpatients,d,,:,0,0,,z,0,0,,z
2020Q2,,S08000024,,S12000036,,All Inpatients,d,,:,0,0,,z,0,0,,z
2020Q3,,S08000024,,S12000036,,All Inpatients,d,,:,0,0,,z,0,0,,z
2020Q4,,S08000024,,S12000036,,All Inpatients,d,,:,0,0,,z,0,0,,z
2021Q1,,S08000024,,S12000036,,All Inpatients,d,,:,0,0,,z,0,0,,z
2021Q2,,S08000024,,S12000036,,All Inpatients,d,,:,0,0,,z,0,0,,z
2021Q3,,S08000024,,S12000036,,All Inpatients,d,,:,0,0,,z,0,0,,z
2021Q4,,S08000024,,S12000036,,All Inpatients,d,,:,0,0,,z,0,0,,z
2022Q1,,S08000024,,S12000036,,All Inpatients,d,,:,0,0,,z,0,0,,z
2022Q2,,S08000024,,S12000036,,All Inpatients,d,,:,0,0,,z,0,0,,z
2022Q3,,S08000024,,S12000036,,All Inpatients,d,,:,0,0,,z,0,0,,z
2018Q2,,S08000024,,S12000019,,All Inpatients,d,,:,0,0,,z,0,0,,z
2019Q2,,S08000024,,S12000019,,All Inpatients,d,,:,0,0,,z,0,0,,z
2022Q2,,S08000024,,S12000019,,All Inpatients,d,,:,0,0,,z,0,0,,z
2017Q4,,S08000024,,S08000024,d,All Inpatients,d,,:,0,0,,z,0,0,,z
2018Q1,,S08000024,,S08000024,d,All Inpatients,d,,:,0,0,,z,0,0,,z
2018Q2,,S08000024,,S08000024,d,All Inpatients,d,,:,0,0,,z,0,0,,z
2018Q3,,S08000024,,S08000024,d,All Inpatients,d,,:,0,0,,z,0,0,,z
2018Q4,,S08000024,,S08000024,d,All Inpatients,d,,:,0,0,,z,0,0,,z
2019Q1,,S08000024,,S08000024,d,All Inpatients,d,,:,0,0,,z,0,0,,z
2019Q2,,S08000024,,S08000024,d,All Inpatients,d,,:,0,0,,z,0,0,,z
2019Q3,,S08000024,,S08000024,d,All Inpatients,d,,:,0,0,,z,0,0,,z
2019Q4,,S08000024,,S08000024,d,All Inpatients,d,,:,0,0,,z,0,0,,z
2020Q1,,S08000024,,S08000024,d,All Inpatients,d,,:,0,0,,z,0,0,,z
2020Q2,,S08000024,,S08000024,d,All Inpatients,d,,:,0,0,,z,0,0,,z
2020Q3,,S08000024,,S08000024,d,All Inpatients,d,,:,0,0,,z,0,0,,z
2020Q4,,S08000024,,S08000024,d,All Inpatients,d,,:,0,0,,z,0,0,,z
2021Q1,,S08000024,,S08000024,d,All Inpatients,d,,:,0,0,,z,0,0,,z
2021Q2,,S08000024,,S08000024,d,All Inpatients,d,,:,0,0,,z,0,0,,z
2021Q3,,S08000024,,S08000024,d,All Inpatients,d,,:,0,0,,z,0,0,,z
2021Q4,,S08000024,,S08000024,d,All Inpatients,d,,:,0,0,,z,0,0,,z
2022Q1,,S08000024,,S08000024,d,All Inpatients,d,,:,0,0,,z,0,0,,z
2022Q2,,S08000024,,S08000024,d,All Inpatients,d,,:,0,0,,z,0,0,,z
2017Q4,,S08000024,,S12000040,,All Inpatients,d,,:,0,0,,z,0,0,,z
2018Q1,,S08000024,,S12000040,,All Inpatients,d,,:,0,0,,z,0,0,,z
2018Q4,,S08000024,,S12000040,,All Inpatients,d,,:,0,0,,z,0,0,,z
2019Q1,,S08000024,,S12000040,,All Inpatients,d,,:,0,0,,z,0,0,,z
2020Q3,,S08000024,,S12000040,,All Inpatients,d,,:,0,0,,z,0,0,,z
2020Q4,,S08000024,,S12000040,,All Inpatients,d,,:,0,0,,z,0,0,,z
2021Q3,,S08000024,,S12000040,,All Inpatients,d,,:,0,0,,z,0,0,,z
2021Q4,,S08000024,,S12000040,,All Inpatients,d,,:,0,0,,z,0,0,,z
2022Q1,,S08000024,,S12000040,,All Inpatients,d,,:,0,0,,z,0,0,,z
2018Q1,,S08000025,,S08000025,d,All Inpatients,d,1,,0,0,,z,0,0,,z
2022Q2,,S08000025,,S08000025,d,All Inpatients,d,1,,0,0,,z,0,0,,z
2017Q4,,S08000025,,S08000025,d,All Inpatients,d,5,,0,0,,z,0,0,,z
2017Q4,,S08000025,,S08000025,d,All Inpatients,d,,:,0,0,,z,0,0,,z
2020Q1,,S08000025,,S08000025,d,All Inpatients,d,,:,0,0,,z,0,0,,z
2018Q1,,S08000025,,S12000023,,All Inpatients,d,1,,0,0,,z,0,0,,z
2022Q2,,S08000025,,S12000023,,All Inpatients,d,1,,0,0,,z,0,0,,z
2017Q4,,S08000025,,S12000023,,All Inpatients,d,5,,0,0,,z,0,0,,z
2017Q4,,S08000025,,S12000023,,All Inpatients,d,,:,0,0,,z,0,0,,z
2020Q1,,S08000025,,S12000023,,All Inpatients,d,,:,0,0,,z,0,0,,z
2018Q1,,S08000026,,S08000026,d,All Inpatients,d,1,,0,0,,z,0,0,,z
2021Q1,,S08000026,,S08000026,d,All Inpatients,d,,:,0,0,,z,0,0,,z
2021Q4,,S08000026,,S08000026,d,All Inpatients,d,,:,0,0,,z,0,0,,z
2018Q1,,S08000026,,S12000027,,All Inpatients,d,1,,0,0,,z,0,0,,z
2021Q1,,S08000026,,S12000027,,All Inpatients,d,,:,0,0,,z,0,0,,z
2021Q4,,S08000026,,S12000027,,All Inpatients,d,,:,0,0,,z,0,0,,z
2020Q4,,S08000030,,S12000041,,All Inpatients,d,,:,0,0,,z,0,0,,z
2021Q3,,S08000030,,S12000041,,All Inpatients,d,,:,0,0,,z,0,0,,z
2022Q3,,S08000030,,S12000041,,All Inpatients,d,,:,0,0,,z,0,0,,z
2018Q3,,S08000030,,S12000042,,All Inpatients,d,,:,0,0,,z,0,0,,z
2019Q4,,S08000030,,S12000042,,All Inpatients,d,,:,0,0,,z,0,0,,z
2020Q1,,S08000030,,S12000042,,All Inpatients,d,,:,0,0,,z,0,0,,z
2021Q1,,S08000030,,S12000042,,All Inpatients,d,,:,0,0,,z,0,0,,z
2021Q2,,S08000030,,S12000042,,All Inpatients,d,,:,0,0,,z,0,0,,z
2017Q4,,S08000030,,S08000030,d,All Inpatients,d,,:,0,0,,z,0,0,,z
2018Q3,,S08000030,,S08000030,d,All Inpatients,d,,:,0,0,,z,0,0,,z
2019Q4,,S08000030,,S08000030,d,All Inpatients,d,,:,0,0,,z,0,0,,z
2020Q1,,S08000030,,S08000030,d,All Inpatients,d,,:,0,0,,z,0,0,,z
2020Q3,,S08000030,,S08000030,d,All Inpatients,d,,:,0,0,,z,0,0,,z
2020Q4,,S08000030,,S08000030,d,All Inpatients,d,,:,0,0,,z,0,0,,z
2021Q1,,S08000030,,S08000030,d,All Inpatients,d,,:,0,0,,z,0,0,,z
2021Q2,,S08000030,,S08000030,d,All Inpatients,d,,:,0,0,,z,0,0,,z
2021Q3,,S08000030,,S08000030,d,All Inpatients,d,,:,0,0,,z,0,0,,z
2022Q1,,S08000030,,S08000030,d,All Inpatients,d,,:,0,0,,z,0,0,,z
2022Q3,,S08000030,,S08000030,d,All Inpatients,d,,:,0,0,,z,0,0,,z
2017Q4,,S08000030,,S12000048,,All Inpatients,d,,:,0,0,,z,0,0,,z
2018Q3,,S08000030,,S12000048,,All Inpatients,d,,:,0,0,,z,0,0,,z
2020Q3,,S08000030,,S12000048,,All Inpatients,d,,:,0,0,,z,0,0,,z
2021Q1,,S08000030,,S12000048,,All Inpatients,d,,:,0,0,,z,0,0,,z
2021Q2,,S08000030,,S12000048,,All Inpatients,d,,:,0,0,,z,0,0,,z
2022Q1,,S08000030,,S12000048,,All Inpatients,d,,:,0,0,,z,0,0,,z
2018Q2,,S08000028,,S08000028,d,All Inpatients,d,1,,0,0,,z,0,0,,z
2022Q3,,S08000028,,S08000028,d,All Inpatients,d,1,,0,0,,z,0,0,,z
2022Q4,p,S08000028,,S08000028,d,All Inpatients,d,1,,0,0,,z,0,0,,z
2020Q1,,S08000028,,S08000028,d,All Inpatients,d,4,,0,0,,z,0,0,,z
2021Q3,,S08000028,,S08000028,d,All Inpatients,d,4,,0,0,,z,0,0,,z
2019Q2,,S08000028,,S08000028,d,All Inpatients,d,5,,0,0,,z,0,0,,z
2020Q4,,S08000028,,S08000028,d,All Inpatients,d,5,,0,0,,z,0,0,,z
2022Q3,,S08000028,,S08000028,d,All Inpatients,d,5,,0,0,,z,0,0,,z
2018Q4,,S08000028,,S08000028,d,All Inpatients,d,,:,0,0,,z,0,0,,z
2019Q2,,S08000028,,S08000028,d,All Inpatients,d,,:,0,0,,z,0,0,,z
2019Q3,,S08000028,,S08000028,d,All Inpatients,d,,:,0,0,,z,0,0,,z
2022Q3,,S08000028,,S08000028,d,All Inpatients,d,,:,0,0,,z,0,0,,z
2022Q4,p,S08000028,,S08000028,d,All Inpatients,d,,:,0,0,,z,0,0,,z
2018Q2,,S08000028,,S12000013,,All Inpatients,d,1,,0,0,,z,0,0,,z
2022Q3,,S08000028,,S12000013,,All Inpatients,d,1,,0,0,,z,0,0,,z
2022Q4,p,S08000028,,S12000013,,All Inpatients,d,1,,0,0,,z,0,0,,z
2020Q1,,S08000028,,S12000013,,All Inpatients,d,4,,0,0,,z,0,0,,z
2021Q3,,S08000028,,S12000013,,All Inpatients,d,4,,0,0,,z,0,0,,z
2019Q2,,S08000028,,S12000013,,All Inpatients,d,5,,0,0,,z,0,0,,z
2020Q4,,S08000028,,S12000013,,All Inpatients,d,5,,0,0,,z,0,0,,z
2022Q3,,S08000028,,S12000013,,All Inpatients,d,5,,0,0,,z,0,0,,z
2018Q4,,S08000028,,S12000013,,All Inpatients,d,,:,0,0,,z,0,0,,z
2019Q2,,S08000028,,S12000013,,All Inpatients,d,,:,0,0,,z,0,0,,z
2019Q3,,S08000028,,S12000013,,All Inpatients,d,,:,0,0,,z,0,0,,z
2022Q3,,S08000028,,S12000013,,All Inpatients,d,,:,0,0,,z,0,0,,z
2022Q4,p,S08000028,,S12000013,,All Inpatients,d,,:,0,0,,z,0,0,,z
2017Q4,,RA2701,,RA2701,,All Inpatients,d,1,,0,0,,z,0,0,,z
2018Q2,,RA2701,,RA2701,,All Inpatients,d,1,,0,0,,z,0,0,,z
2018Q3,,RA2701,,RA2701,,All Inpatients,d,1,,0,0,,z,0,0,,z
2019Q1,,RA2701,,RA2701,,All Inpatients,d,1,,0,0,,z,0,0,,z
2019Q3,,RA2701,,RA2701,,All Inpatients,d,1,,0,0,,z,0,0,,z
2021Q1,,RA2701,,RA2701,,All Inpatients,d,1,,0,0,,z,0,0,,z
2022Q4,p,RA2701,,RA2701,,All Inpatients,d,1,,0,0,,z,0,0,,z
2017Q4,,RA2701,,RA2701,,All Inpatients,d,2,,0,0,,z,0,0,,z
2020Q2,,RA2701,,RA2701,,All Inpatients,d,2,,0,0,,z,0,0,,z
2020Q3,,RA2701,,RA2701,,All Inpatients,d,2,,0,0,,z,0,0,,z
2020Q4,,RA2701,,RA2701,,All Inpatients,d,2,,0,0,,z,0,0,,z
2022Q1,,RA2701,,RA2701,,All Inpatients,d,2,,0,0,,z,0,0,,z
2018Q2,,RA2701,,RA2701,,All Inpatients,d,3,,0,0,,z,0,0,,z
2018Q3,,RA2701,,RA2701,,All Inpatients,d,3,,0,0,,z,0,0,,z
2019Q3,,RA2701,,RA2701,,All Inpatients,d,3,,0,0,,z,0,0,,z
2020Q3,,RA2701,,RA2701,,All Inpatients,d,3,,0,0,,z,0,0,,z
2019Q4,,RA2701,,RA2701,,All Inpatients,d,4,,0,0,,z,0,0,,z
2020Q4,,RA2701,,RA2701,,All Inpatients,d,4,,0,0,,z,0,0,,z
2021Q2,,RA2701,,RA2701,,All Inpatients,d,4,,0,0,,z,0,0,,z
2017Q4,,RA2703,,RA2703,,All Inpatients,d,1,,0,0,,z,0,0,,z
2018Q1,,RA2703,,RA2703,,All Inpatients,d,1,,0,0,,z,0,0,,z
2018Q4,,RA2703,,RA2703,,All Inpatients,d,1,,0,0,,z,0,0,,z
2019Q2,,RA2703,,RA2703,,All Inpatients,d,1,,0,0,,z,0,0,,z
2019Q4,,RA2703,,RA2703,,All Inpatients,d,1,,0,0,,z,0,0,,z
2022Q2,,RA2703,,RA2703,,All Inpatients,d,1,,0,0,,z,0,0,,z
2022Q4,p,RA2703,,RA2703,,All Inpatients,d,1,,0,0,,z,0,0,,z
2018Q1,,RA2703,,RA2703,,All Inpatients,d,2,,0,0,,z,0,0,,z
2018Q2,,RA2703,,RA2703,,All Inpatients,d,2,,0,0,,z,0,0,,z
2018Q3,,RA2703,,RA2703,,All Inpatients,d,2,,0,0,,z,0,0,,z
2019Q2,,RA2703,,RA2703,,All Inpatients,d,2,,0,0,,z,0,0,,z
2019Q3,,RA2703,,RA2703,,All Inpatients,d,2,,0,0,,z,0,0,,z
2021Q1,,RA2703,,RA2703,,All Inpatients,d,2,,0,0,,z,0,0,,z
2021Q3,,RA2703,,RA2703,,All Inpatients,d,2,,0,0,,z,0,0,,z
2022Q2,,RA2703,,RA2703,,All Inpatients,d,2,,0,0,,z,0,0,,z
2022Q3,,RA2703,,RA2703,,All Inpatients,d,2,,0,0,,z,0,0,,z
2022Q4,p,RA2703,,RA2703,,All Inpatients,d,2,,0,0,,z,0,0,,z
2017Q4,,RA2703,,RA2703,,All Inpatients,d,3,,0,0,,z,0,0,,z
2019Q3,,RA2703,,RA2703,,All Inpatients,d,3,,0,0,,z,0,0,,z
2022Q3,,RA2703,,RA2703,,All Inpatients,d,3,,0,0,,z,0,0,,z
2022Q4,p,RA2703,,RA2703,,All Inpatients,d,3,,0,0,,z,0,0,,z
2017Q4,,RA2703,,RA2703,,All Inpatients,d,4,,0,0,,z,0,0,,z
2018Q4,,RA2703,,RA2703,,All Inpatients,d,4,,0,0,,z,0,0,,z
2019Q1,,RA2703,,RA2703,,All Inpatients,d,4,,0,0,,z,0,0,,z
2020Q1,,RA2703,,RA2703,,All Inpatients,d,4,,0,0,,z,0,0,,z
2020Q2,,RA2703,,RA2703,,All Inpatients,d,4,,0,0,,z,0,0,,z
2021Q3,,RA2703,,RA2703,,All Inpatients,d,4,,0,0,,z,0,0,,z
2022Q1,,RA2703,,RA2703,,All Inpatients,d,4,,0,0,,z,0,0,,z
2022Q2,,RA2703,,RA2703,,All Inpatients,d,4,,0,0,,z,0,0,,z
2022Q3,,RA2703,,RA2703,,All Inpatients,d,4,,0,0,,z,0,0,,z
2017Q4,,RA2703,,RA2703,,All Inpatients,d,5,,0,0,,z,0,0,,z
2018Q1,,RA2703,,RA2703,,All Inpatients,d,5,,0,0,,z,0,0,,z
2018Q3,,RA2703,,RA2703,,All Inpatients,d,5,,0,0,,z,0,0,,z
2019Q2,,RA2703,,RA2703,,All Inpatients,d,5,,0,0,,z,0,0,,z
2019Q3,,RA2703,,RA2703,,All Inpatients,d,5,,0,0,,z,0,0,,z
2021Q1,,RA2703,,RA2703,,All Inpatients,d,5,,0,0,,z,0,0,,z
2022Q1,,RA2703,,RA2703,,All Inpatients,d,5,,0,0,,z,0,0,,z
2022Q4,p,RA2703,,RA2703,,All Inpatients,d,5,,0,0,,z,0,0,,z
2018Q1,,RA2702,,RA2702,,All Inpatients,d,1,,0,0,,z,0,0,,z
2019Q1,,RA2702,,RA2702,,All Inpatients,d,1,,0,0,,z,0,0,,z
2019Q2,,RA2702,,RA2702,,All Inpatients,d,1,,0,0,,z,0,0,,z
2019Q3,,RA2702,,RA2702,,All Inpatients,d,1,,0,0,,z,0,0,,z
2019Q4,,RA2702,,RA2702,,All Inpatients,d,1,,0,0,,z,0,0,,z
2020Q2,,RA2702,,RA2702,,All Inpatients,d,1,,0,0,,z,0,0,,z
2020Q4,,RA2702,,RA2702,,All Inpatients,d,1,,0,0,,z,0,0,,z
2021Q1,,RA2702,,RA2702,,All Inpatients,d,1,,0,0,,z,0,0,,z
2021Q2,,RA2702,,RA2702,,All Inpatients,d,1,,0,0,,z,0,0,,z
2021Q3,,RA2702,,RA2702,,All Inpatients,d,1,,0,0,,z,0,0,,z
2022Q1,,RA2702,,RA2702,,All Inpatients,d,1,,0,0,,z,0,0,,z
2022Q2,,RA2702,,RA2702,,All Inpatients,d,1,,0,0,,z,0,0,,z
2022Q3,,RA2702,,RA2702,,All Inpatients,d,1,,0,0,,z,0,0,,z
2018Q1,,RA2702,,RA2702,,All Inpatients,d,2,,0,0,,z,0,0,,z
2018Q2,,RA2702,,RA2702,,All Inpatients,d,2,,0,0,,z,0,0,,z
2019Q1,,RA2702,,RA2702,,All Inpatients,d,2,,0,0,,z,0,0,,z
2019Q2,,RA2702,,RA2702,,All Inpatients,d,2,,0,0,,z,0,0,,z
2019Q3,,RA2702,,RA2702,,All Inpatients,d,2,,0,0,,z,0,0,,z
2019Q4,,RA2702,,RA2702,,All Inpatients,d,2,,0,0,,z,0,0,,z
2020Q2,,RA2702,,RA2702,,All Inpatients,d,2,,0,0,,z,0,0,,z
2020Q3,,RA2702,,RA2702,,All Inpatients,d,2,,0,0,,z,0,0,,z
2020Q4,,RA2702,,RA2702,,All Inpatients,d,2,,0,0,,z,0,0,,z
2021Q2,,RA2702,,RA2702,,All Inpatients,d,2,,0,0,,z,0,0,,z
2022Q4,p,RA2702,,RA2702,,All Inpatients,d,2,,0,0,,z,0,0,,z
2017Q4,,RA2702,,RA2702,,All Inpatients,d,3,,0,0,,z,0,0,,z
2018Q1,,RA2702,,RA2702,,All Inpatients,d,3,,0,0,,z,0,0,,z
2018Q3,,RA2702,,RA2702,,All Inpatients,d,3,,0,0,,z,0,0,,z
2018Q4,,RA2702,,RA2702,,All Inpatients,d,3,,0,0,,z,0,0,,z
2019Q1,,RA2702,,RA2702,,All Inpatients,d,3,,0,0,,z,0,0,,z
2019Q3,,RA2702,,RA2702,,All Inpatients,d,3,,0,0,,z,0,0,,z
2020Q1,,RA2702,,RA2702,,All Inpatients,d,3,,0,0,,z,0,0,,z
2020Q3,,RA2702,,RA2702,,All Inpatients,d,3,,0,0,,z,0,0,,z
2021Q4,,RA2702,,RA2702,,All Inpatients,d,3,,0,0,,z,0,0,,z
2022Q1,,RA2702,,RA2702,,All Inpatients,d,3,,0,0,,z,0,0,,z
2022Q2,,RA2702,,RA2702,,All Inpatients,d,3,,0,0,,z,0,0,,z
2022Q3,,RA2702,,RA2702,,All Inpatients,d,3,,0,0,,z,0,0,,z
2022Q4,p,RA2702,,RA2702,,All Inpatients,d,3,,0,0,,z,0,0,,z
2018Q1,,RA2702,,RA2702,,All Inpatients,d,4,,0,0,,z,0,0,,z
2018Q2,,RA2702,,RA2702,,All Inpatients,d,4,,0,0,,z,0,0,,z
2019Q1,,RA2702,,RA2702,,All Inpatients,d,4,,0,0,,z,0,0,,z
2019Q2,,RA2702,,RA2702,,All Inpatients,d,4,,0,0,,z,0,0,,z
2019Q3,,RA2702,,RA2702,,All Inpatients,d,4,,0,0,,z,0,0,,z
2019Q4,,RA2702,,RA2702,,All Inpatients,d,4,,0,0,,z,0,0,,z
2020Q1,,RA2702,,RA2702,,All Inpatients,d,4,,0,0,,z,0,0,,z
2020Q3,,RA2702,,RA2702,,All Inpatients,d,4,,0,0,,z,0,0,,z
2020Q4,,RA2702,,RA2702,,All Inpatients,d,4,,0,0,,z,0,0,,z
2021Q2,,RA2702,,RA2702,,All Inpatients,d,4,,0,0,,z,0,0,,z
2021Q4,,RA2702,,RA2702,,All Inpatients,d,4,,0,0,,z,0,0,,z
2022Q1,,RA2702,,RA2702,,All Inpatients,d,4,,0,0,,z,0,0,,z
2022Q2,,RA2702,,RA2702,,All Inpatients,d,4,,0,0,,z,0,0,,z
2022Q4,p,RA2702,,RA2702,,All Inpatients,d,4,,0,0,,z,0,0,,z
2017Q4,,RA2702,,RA2702,,All Inpatients,d,5,,0,0,,z,0,0,,z
2018Q3,,RA2702,,RA2702,,All Inpatients,d,5,,0,0,,z,0,0,,z
2018Q4,,RA2702,,RA2702,,All Inpatients,d,5,,0,0,,z,0,0,,z
2019Q2,,RA2702,,RA2702,,All Inpatients,d,5,,0,0,,z,0,0,,z
2020Q1,,RA2702,,RA2702,,All Inpatients,d,5,,0,0,,z,0,0,,z
2021Q1,,RA2702,,RA2702,,All Inpatients,d,5,,0,0,,z,0,0,,z
2021Q2,,RA2702,,RA2702,,All Inpatients,d,5,,0,0,,z,0,0,,z
2021Q3,,RA2702,,RA2702,,All Inpatients,d,5,,0,0,,z,0,0,,z
2021Q4,,RA2702,,RA2702,,All Inpatients,d,5,,0,0,,z,0,0,,z
2022Q1,,RA2702,,RA2702,,All Inpatients,d,5,,0,0,,z,0,0,,z
2017Q4,,RA2704,,RA2704,,All Inpatients,d,1,,0,0,,z,0,0,,z
2018Q1,,RA2704,,RA2704,,All Inpatients,d,1,,0,0,,z,0,0,,z
2018Q2,,RA2704,,RA2704,,All Inpatients,d,1,,0,0,,z,0,0,,z
2018Q3,,RA2704,,RA2704,,All Inpatients,d,1,,0,0,,z,0,0,,z
2018Q4,,RA2704,,RA2704,,All Inpatients,d,1,,0,0,,z,0,0,,z
2019Q1,,RA2704,,RA2704,,All Inpatients,d,1,,0,0,,z,0,0,,z
2019Q2,,RA2704,,RA2704,,All Inpatients,d,1,,0,0,,z,0,0,,z
2019Q3,,RA2704,,RA2704,,All Inpatients,d,1,,0,0,,z,0,0,,z
2019Q4,,RA2704,,RA2704,,All Inpatients,d,1,,0,0,,z,0,0,,z
2020Q1,,RA2704,,RA2704,,All Inpatients,d,1,,0,0,,z,0,0,,z
2020Q2,,RA2704,,RA2704,,All Inpatients,d,1,,0,0,,z,0,0,,z
2020Q3,,RA2704,,RA2704,,All Inpatients,d,1,,0,0,,z,0,0,,z
2020Q4,,RA2704,,RA2704,,All Inpatients,d,1,,0,0,,z,0,0,,z
2021Q1,,RA2704,,RA2704,,All Inpatients,d,1,,0,0,,z,0,0,,z
2021Q2,,RA2704,,RA2704,,All Inpatients,d,1,,0,0,,z,0,0,,z
2021Q3,,RA2704,,RA2704,,All Inpatients,d,1,,0,0,,z,0,0,,z
2021Q4,,RA2704,,RA2704,,All Inpatients,d,1,,0,0,,z,0,0,,z
2022Q1,,RA2704,,RA2704,,All Inpatients,d,1,,0,0,,z,0,0,,z
2022Q2,,RA2704,,RA2704,,All Inpatients,d,1,,0,0,,z,0,0,,z
2022Q3,,RA2704,,RA2704,,All Inpatients,d,1,,0,0,,z,0,0,,z
2022Q4,p,RA2704,,RA2704,,All Inpatients,d,1,,0,0,,z,0,0,,z
2017Q4,,RA2704,,RA2704,,All Inpatients,d,2,,0,0,,z,0,0,,z
2018Q1,,RA2704,,RA2704,,All Inpatients,d,2,,0,0,,z,0,0,,z
2018Q2,,RA2704,,RA2704,,All Inpatients,d,2,,0,0,,z,0,0,,z
2018Q3,,RA2704,,RA2704,,All Inpatients,d,2,,0,0,,z,0,0,,z
2018Q4,,RA2704,,RA2704,,All Inpatients,d,2,,0,0,,z,0,0,,z
2019Q2,,RA2704,,RA2704,,All Inpatients,d,2,,0,0,,z,0,0,,z
2019Q3,,RA2704,,RA2704,,All Inpatients,d,2,,0,0,,z,0,0,,z
2019Q4,,RA2704,,RA2704,,All Inpatients,d,2,,0,0,,z,0,0,,z
2020Q1,,RA2704,,RA2704,,All Inpatients,d,2,,0,0,,z,0,0,,z
2020Q2,,RA2704,,RA2704,,All Inpatients,d,2,,0,0,,z,0,0,,z
2020Q3,,RA2704,,RA2704,,All Inpatients,d,2,,0,0,,z,0,0,,z
2020Q4,,RA2704,,RA2704,,All Inpatients,d,2,,0,0,,z,0,0,,z
2021Q1,,RA2704,,RA2704,,All Inpatients,d,2,,0,0,,z,0,0,,z
2021Q3,,RA2704,,RA2704,,All Inpatients,d,2,,0,0,,z,0,0,,z
2021Q4,,RA2704,,RA2704,,All Inpatients,d,2,,0,0,,z,0,0,,z
2022Q1,,RA2704,,RA2704,,All Inpatients,d,2,,0,0,,z,0,0,,z
2022Q2,,RA2704,,RA2704,,All Inpatients,d,2,,0,0,,z,0,0,,z
2022Q3,,RA2704,,RA2704,,All Inpatients,d,2,,0,0,,z,0,0,,z
2022Q4,p,RA2704,,RA2704,,All Inpatients,d,2,,0,0,,z,0,0,,z
2017Q4,,RA2704,,RA2704,,All Inpatients,d,3,,0,0,,z,0,0,,z
2018Q1,,RA2704,,RA2704,,All Inpatients,d,3,,0,0,,z,0,0,,z
2018Q2,,RA2704,,RA2704,,All Inpatients,d,3,,0,0,,z,0,0,,z
2018Q4,,RA2704,,RA2704,,All Inpatients,d,3,,0,0,,z,0,0,,z
2019Q1,,RA2704,,RA2704,,All Inpatients,d,3,,0,0,,z,0,0,,z
2019Q2,,RA2704,,RA2704,,All Inpatients,d,3,,0,0,,z,0,0,,z
2019Q3,,RA2704,,RA2704,,All Inpatients,d,3,,0,0,,z,0,0,,z
2019Q4,,RA2704,,RA2704,,All Inpatients,d,3,,0,0,,z,0,0,,z
2020Q1,,RA2704,,RA2704,,All Inpatients,d,3,,0,0,,z,0,0,,z
2020Q2,,RA2704,,RA2704,,All Inpatients,d,3,,0,0,,z,0,0,,z
2020Q3,,RA2704,,RA2704,,All Inpatients,d,3,,0,0,,z,0,0,,z
2020Q4,,RA2704,,RA2704,,All Inpatients,d,3,,0,0,,z,0,0,,z
2021Q1,,RA2704,,RA2704,,All Inpatients,d,3,,0,0,,z,0,0,,z
2021Q2,,RA2704,,RA2704,,All Inpatients,d,3,,0,0,,z,0,0,,z
2021Q3,,RA2704,,RA2704,,All Inpatients,d,3,,0,0,,z,0,0,,z
2021Q4,,RA2704,,RA2704,,All Inpatients,d,3,,0,0,,z,0,0,,z
2022Q1,,RA2704,,RA2704,,All Inpatients,d,3,,0,0,,z,0,0,,z
2022Q2,,RA2704,,RA2704,,All Inpatients,d,3,,0,0,,z,0,0,,z
2022Q3,,RA2704,,RA2704,,All Inpatients,d,3,,0,0,,z,0,0,,z
2017Q4,,RA2704,,RA2704,,All Inpatients,d,4,,0,0,,z,0,0,,z
2018Q1,,RA2704,,RA2704,,All Inpatients,d,4,,0,0,,z,0,0,,z
2018Q2,,RA2704,,RA2704,,All Inpatients,d,4,,0,0,,z,0,0,,z
2018Q3,,RA2704,,RA2704,,All Inpatients,d,4,,0,0,,z,0,0,,z
2018Q4,,RA2704,,RA2704,,All Inpatients,d,4,,0,0,,z,0,0,,z
2019Q2,,RA2704,,RA2704,,All Inpatients,d,4,,0,0,,z,0,0,,z
2019Q3,,RA2704,,RA2704,,All Inpatients,d,4,,0,0,,z,0,0,,z
2020Q1,,RA2704,,RA2704,,All Inpatients,d,4,,0,0,,z,0,0,,z
2020Q3,,RA2704,,RA2704,,All Inpatients,d,4,,0,0,,z,0,0,,z
2020Q4,,RA2704,,RA2704,,All Inpatients,d,4,,0,0,,z,0,0,,z
2021Q1,,RA2704,,RA2704,,All Inpatients,d,4,,0,0,,z,0,0,,z
2021Q3,,RA2704,,RA2704,,All Inpatients,d,4,,0,0,,z,0,0,,z
2021Q4,,RA2704,,RA2704,,All Inpatients,d,4,,0,0,,z,0,0,,z
2022Q1,,RA2704,,RA2704,,All Inpatients,d,4,,0,0,,z,0,0,,z
2022Q2,,RA2704,,RA2704,,All Inpatients,d,4,,0,0,,z,0,0,,z
2022Q3,,RA2704,,RA2704,,All Inpatients,d,4,,0,0,,z,0,0,,z
2022Q4,p,RA2704,,RA2704,,All Inpatients,d,4,,0,0,,z,0,0,,z
2017Q4,,RA2704,,RA2704,,All Inpatients,d,5,,0,0,,z,0,0,,z
2018Q2,,RA2704,,RA2704,,All Inpatients,d,5,,0,0,,z,0,0,,z
2018Q4,,RA2704,,RA2704,,All Inpatients,d,5,,0,0,,z,0,0,,z
2019Q1,,RA2704,,RA2704,,All Inpatients,d,5,,0,0,,z,0,0,,z
2019Q3,,RA2704,,RA2704,,All Inpatients,d,5,,0,0,,z,0,0,,z
2020Q1,,RA2704,,RA2704,,All Inpatients,d,5,,0,0,,z,0,0,,z
2020Q2,,RA2704,,RA2704,,All Inpatients,d,5,,0,0,,z,0,0,,z
2020Q4,,RA2704,,RA2704,,All Inpatients,d,5,,0,0,,z,0,0,,z
2021Q1,,RA2704,,RA2704,,All Inpatients,d,5,,0,0,,z,0,0,,z
2021Q2,,RA2704,,RA2704,,All Inpatients,d,5,,0,0,,z,0,0,,z
2021Q4,,RA2704,,RA2704,,All Inpatients,d,5,,0,0,,z,0,0,,z
2022Q3,,RA2704,,RA2704,,All Inpatients,d,5,,0,0,,z,0,0,,z
2022Q4,p,RA2704,,RA2704,,All Inpatients,d,5,,0,0,,z,0,0,,z
2017Q4,,S08000015,,S12000008,,All Inpatients and Day cases,d,,:,0,0,,z,0,0,,z
2018Q3,,S08000015,,S12000008,,All Inpatients and Day cases,d,,:,0,0,,z,0,0,,z
2018Q4,,S08000015,,S12000008,,All Inpatients and Day cases,d,,:,0,0,,z,0,0,,z
2019Q1,,S08000015,,S12000008,,All Inpatients and Day cases,d,,:,0,0,,z,0,0,,z
2019Q2,,S08000015,,S12000008,,All Inpatients and Day cases,d,,:,0,0,,z,0,0,,z
2019Q3,,S08000015,,S12000008,,All Inpatients and Day cases,d,,:,0,0,,z,0,0,,z
2020Q2,,S08000015,,S12000008,,All Inpatients and Day cases,d,,:,0,0,,z,0,0,,z
2021Q1,,S08000015,,S12000008,,All Inpatients and Day cases,d,,:,0,0,,z,0,0,,z
2022Q1,,S08000015,,S12000008,,All Inpatients and Day cases,d,,:,0,0,,z,0,0,,z
2022Q2,,S08000015,,S12000008,,All Inpatients and Day cases,d,,:,0,0,,z,0,0,,z
2017Q4,,S08000015,,S08000015,d,All Inpatients and Day cases,d,,:,0,0,,z,0,0,,z
2018Q1,,S08000015,,S08000015,d,All Inpatients and Day cases,d,,:,0,0,,z,0,0,,z
2018Q3,,S08000015,,S08000015,d,All Inpatients and Day cases,d,,:,0,0,,z,0,0,,z
2018Q4,,S08000015,,S08000015,d,All Inpatients and Day cases,d,,:,0,0,,z,0,0,,z
2019Q1,,S08000015,,S08000015,d,All Inpatients and Day cases,d,,:,0,0,,z,0,0,,z
2019Q2,,S08000015,,S08000015,d,All Inpatients and Day cases,d,,:,0,0,,z,0,0,,z
2019Q3,,S08000015,,S08000015,d,All Inpatients and Day cases,d,,:,0,0,,z,0,0,,z
2020Q2,,S08000015,,S08000015,d,All Inpatients and Day cases,d,,:,0,0,,z,0,0,,z
2020Q4,,S08000015,,S08000015,d,All Inpatients and Day cases,d,,:,0,0,,z,0,0,,z
2021Q1,,S08000015,,S08000015,d,All Inpatients and Day cases,d,,:,0,0,,z,0,0,,z
2021Q2,,S08000015,,S08000015,d,All Inpatients and Day cases,d,,:,0,0,,z,0,0,,z
2022Q1,,S08000015,,S08000015,d,All Inpatients and Day cases,d,,:,0,0,,z,0,0,,z
2022Q2,,S08000015,,S08000015,d,All Inpatients and Day cases,d,,:,0,0,,z,0,0,,z
2022Q3,,S08000015,,S08000015,d,All Inpatients and Day cases,d,,:,0,0,,z,0,0,,z
2017Q4,,S08000015,,S12000021,,All Inpatients and Day cases,d,,:,0,0,,z,0,0,,z
2018Q1,,S08000015,,S12000021,,All Inpatients and Day cases,d,,:,0,0,,z,0,0,,z
2018Q3,,S08000015,,S12000021,,All Inpatients and Day cases,d,,:,0,0,,z,0,0,,z
2019Q3,,S08000015,,S12000021,,All Inpatients and Day cases,d,,:,0,0,,z,0,0,,z
2020Q4,,S08000015,,S12000021,,All Inpatients and Day cases,d,,:,0,0,,z,0,0,,z
2021Q1,,S08000015,,S12000021,,All Inpatients and Day cases,d,,:,0,0,,z,0,0,,z
2022Q3,,S08000015,,S12000021,,All Inpatients and Day cases,d,,:,0,0,,z,0,0,,z
2018Q3,,S08000015,,S12000028,,All Inpatients and Day cases,d,,:,0,0,,z,0,0,,z
2019Q1,,S08000015,,S12000028,,All Inpatients and Day cases,d,,:,0,0,,z,0,0,,z
2019Q2,,S08000015,,S12000028,,All Inpatients and Day cases,d,,:,0,0,,z,0,0,,z
2021Q2,,S08000015,,S12000028,,All Inpatients and Day cases,d,,:,0,0,,z,0,0,,z
2018Q2,,S08000016,,S08000016,d,All Inpatients and Day cases,d,,:,0,0,,z,0,0,,z
2018Q3,,S08000016,,S08000016,d,All Inpatients and Day cases,d,,:,0,0,,z,0,0,,z
2019Q2,,S08000016,,S08000016,d,All Inpatients and Day cases,d,,:,0,0,,z,0,0,,z
2019Q3,,S08000016,,S08000016,d,All Inpatients and Day cases,d,,:,0,0,,z,0,0,,z
2019Q4,,S08000016,,S08000016,d,All Inpatients and Day cases,d,,:,0,0,,z,0,0,,z
2020Q1,,S08000016,,S08000016,d,All Inpatients and Day cases,d,,:,0,0,,z,0,0,,z
2020Q2,,S08000016,,S08000016,d,All Inpatients and Day cases,d,,:,0,0,,z,0,0,,z
2020Q3,,S08000016,,S08000016,d,All Inpatients and Day cases,d,,:,0,0,,z,0,0,,z
2020Q4,,S08000016,,S08000016,d,All Inpatients and Day cases,d,,:,0,0,,z,0,0,,z
2021Q1,,S08000016,,S08000016,d,All Inpatients and Day cases,d,,:,0,0,,z,0,0,,z
2021Q2,,S08000016,,S08000016,d,All Inpatients and Day cases,d,,:,0,0,,z,0,0,,z
2021Q4,,S08000016,,S08000016,d,All Inpatients and Day cases,d,,:,0,0,,z,0,0,,z
2022Q2,,S08000016,,S08000016,d,All Inpatients and Day cases,d,,:,0,0,,z,0,0,,z
2022Q4,p,S08000016,,S08000016,d,All Inpatients and Day cases,d,,:,0,0,,z,0,0,,z
2018Q2,,S08000016,,S12000026,,All Inpatients and Day cases,d,,:,0,0,,z,0,0,,z
2018Q3,,S08000016,,S12000026,,All Inpatients and Day cases,d,,:,0,0,,z,0,0,,z
2019Q2,,S08000016,,S12000026,,All Inpatients and Day cases,d,,:,0,0,,z,0,0,,z
2019Q3,,S08000016,,S12000026,,All Inpatients and Day cases,d,,:,0,0,,z,0,0,,z
2019Q4,,S08000016,,S12000026,,All Inpatients and Day cases,d,,:,0,0,,z,0,0,,z
2020Q1,,S08000016,,S12000026,,All Inpatients and Day cases,d,,:,0,0,,z,0,0,,z
2020Q2,,S08000016,,S12000026,,All Inpatients and Day cases,d,,:,0,0,,z,0,0,,z
2020Q3,,S08000016,,S12000026,,All Inpatients and Day cases,d,,:,0,0,,z,0,0,,z
2020Q4,,S08000016,,S12000026,,All Inpatients and Day cases,d,,:,0,0,,z,0,0,,z
2021Q1,,S08000016,,S12000026,,All Inpatients and Day cases,d,,:,0,0,,z,0,0,,z
2021Q2,,S08000016,,S12000026,,All Inpatients and Day cases,d,,:,0,0,,z,0,0,,z
2021Q4,,S08000016,,S12000026,,All Inpatients and Day cases,d,,:,0,0,,z,0,0,,z
2022Q2,,S08000016,,S12000026,,All Inpatients and Day cases,d,,:,0,0,,z,0,0,,z
2022Q4,p,S08000016,,S12000026,,All Inpatients and Day cases,d,,:,0,0,,z,0,0,,z
2017Q4,,S08000017,,S12000006,,All Inpatients and Day cases,d,,:,0,0,,z,0,0,,z
2018Q4,,S08000017,,S12000006,,All Inpatients and Day cases,d,,:,0,0,,z,0,0,,z
2019Q2,,S08000017,,S12000006,,All Inpatients and Day cases,d,,:,0,0,,z,0,0,,z
2019Q3,,S08000017,,S12000006,,All Inpatients and Day cases,d,,:,0,0,,z,0,0,,z
2019Q4,,S08000017,,S12000006,,All Inpatients and Day cases,d,,:,0,0,,z,0,0,,z
2020Q1,,S08000017,,S12000006,,All Inpatients and Day cases,d,,:,0,0,,z,0,0,,z
2020Q2,,S08000017,,S12000006,,All Inpatients and Day cases,d,,:,0,0,,z,0,0,,z
2021Q4,,S08000017,,S12000006,,All Inpatients and Day cases,d,,:,0,0,,z,0,0,,z
2022Q1,,S08000017,,S12000006,,All Inpatients and Day cases,d,,:,0,0,,z,0,0,,z
2017Q4,,S08000017,,S08000017,d,All Inpatients and Day cases,d,,:,0,0,,z,0,0,,z
2018Q4,,S08000017,,S08000017,d,All Inpatients and Day cases,d,,:,0,0,,z,0,0,,z
2019Q2,,S08000017,,S08000017,d,All Inpatients and Day cases,d,,:,0,0,,z,0,0,,z
2019Q3,,S08000017,,S08000017,d,All Inpatients and Day cases,d,,:,0,0,,z,0,0,,z
2019Q4,,S08000017,,S08000017,d,All Inpatients and Day cases,d,,:,0,0,,z,0,0,,z
2020Q1,,S08000017,,S08000017,d,All Inpatients and Day cases,d,,:,0,0,,z,0,0,,z
2020Q2,,S08000017,,S08000017,d,All Inpatients and Day cases,d,,:,0,0,,z,0,0,,z
2021Q4,,S08000017,,S08000017,d,All Inpatients and Day cases,d,,:,0,0,,z,0,0,,z
2022Q1,,S08000017,,S08000017,d,All Inpatients and Day cases,d,,:,0,0,,z,0,0,,z
2018Q2,,S08000029,,S12000047,,All Inpatients and Day cases,d,,:,0,0,,z,0,0,,z
2018Q3,,S08000029,,S12000047,,All Inpatients and Day cases,d,,:,0,0,,z,0,0,,z
2019Q1,,S08000029,,S12000047,,All Inpatients and Day cases,d,,:,0,0,,z,0,0,,z
2019Q2,,S08000029,,S12000047,,All Inpatients and Day cases,d,,:,0,0,,z,0,0,,z
2019Q3,,S08000029,,S12000047,,All Inpatients and Day cases,d,,:,0,0,,z,0,0,,z
2019Q4,,S08000029,,S12000047,,All Inpatients and Day cases,d,,:,0,0,,z,0,0,,z
2020Q1,,S08000029,,S12000047,,All Inpatients and Day cases,d,,:,0,0,,z,0,0,,z
2020Q2,,S08000029,,S12000047,,All Inpatients and Day cases,d,,:,0,0,,z,0,0,,z
2020Q3,,S08000029,,S12000047,,All Inpatients and Day cases,d,,:,0,0,,z,0,0,,z
2020Q4,,S08000029,,S12000047,,All Inpatients and Day cases,d,,:,0,0,,z,0,0,,z
2018Q2,,S08000029,,S08000029,d,All Inpatients and Day cases,d,,:,0,0,,z,0,0,,z
2018Q3,,S08000029,,S08000029,d,All Inpatients and Day cases,d,,:,0,0,,z,0,0,,z
2019Q1,,S08000029,,S08000029,d,All Inpatients and Day cases,d,,:,0,0,,z,0,0,,z
2019Q2,,S08000029,,S08000029,d,All Inpatients and Day cases,d,,:,0,0,,z,0,0,,z
2019Q3,,S08000029,,S08000029,d,All Inpatients and Day cases,d,,:,0,0,,z,0,0,,z
2019Q4,,S08000029,,S08000029,d,All Inpatients and Day cases,d,,:,0,0,,z,0,0,,z
2020Q1,,S08000029,,S08000029,d,All Inpatients and Day cases,d,,:,0,0,,z,0,0,,z
2020Q2,,S08000029,,S08000029,d,All Inpatients and Day cases,d,,:,0,0,,z,0,0,,z
2020Q3,,S08000029,,S08000029,d,All Inpatients and Day cases,d,,:,0,0,,z,0,0,,z
2020Q4,,S08000029,,S08000029,d,All Inpatients and Day cases,d,,:,0,0,,z,0,0,,z
2020Q3,,S08000019,,S12000005,,All Inpatients and Day cases,d,,:,0,0,,z,0,0,,z
2020Q4,,S08000019,,S12000005,,All Inpatients and Day cases,d,,:,0,0,,z,0,0,,z
2021Q2,,S08000019,,S12000005,,All Inpatients and Day cases,d,,:,0,0,,z,0,0,,z
2021Q3,,S08000019,,S12000005,,All Inpatients and Day cases,d,,:,0,0,,z,0,0,,z
2021Q4,,S08000019,,S12000005,,All Inpatients and Day cases,d,,:,0,0,,z,0,0,,z
2022Q1,,S08000019,,S12000005,,All Inpatients and Day cases,d,,:,0,0,,z,0,0,,z
2022Q3,,S08000019,,S12000005,,All Inpatients and Day cases,d,,:,0,0,,z,0,0,,z
2018Q2,,S08000019,,S12000014,,All Inpatients and Day cases,d,,:,0,0,,z,0,0,,z
2018Q4,,S08000019,,S12000014,,All Inpatients and Day cases,d,,:,0,0,,z,0,0,,z
2020Q2,,S08000019,,S12000014,,All Inpatients and Day cases,d,,:,0,0,,z,0,0,,z
2020Q3,,S08000019,,S12000014,,All Inpatients and Day cases,d,,:,0,0,,z,0,0,,z
2021Q2,,S08000019,,S12000014,,All Inpatients and Day cases,d,,:,0,0,,z,0,0,,z
2021Q3,,S08000019,,S12000014,,All Inpatients and Day cases,d,,:,0,0,,z,0,0,,z
2022Q4,p,S08000019,,S12000014,,All Inpatients and Day cases,d,,:,0,0,,z,0,0,,z
2018Q2,,S08000019,,S08000019,d,All Inpatients and Day cases,d,,:,0,0,,z,0,0,,z
2018Q4,,S08000019,,S08000019,d,All Inpatients and Day cases,d,,:,0,0,,z,0,0,,z
2019Q2,,S08000019,,S08000019,d,All Inpatients and Day cases,d,,:,0,0,,z,0,0,,z
2020Q2,,S08000019,,S08000019,d,All Inpatients and Day cases,d,,:,0,0,,z,0,0,,z
2020Q3,,S08000019,,S08000019,d,All Inpatients and Day cases,d,,:,0,0,,z,0,0,,z
2020Q4,,S08000019,,S08000019,d,All Inpatients and Day cases,d,,:,0,0,,z,0,0,,z
2021Q1,,S08000019,,S08000019,d,All Inpatients and Day cases,d,,:,0,0,,z,0,0,,z
2021Q2,,S08000019,,S08000019,d,All Inpatients and Day cases,d,,:,0,0,,z,0,0,,z
2021Q3,,S08000019,,S08000019,d,All Inpatients and Day cases,d,,:,0,0,,z,0,0,,z
2021Q4,,S08000019,,S08000019,d,All Inpatients and Day cases,d,,:,0,0,,z,0,0,,z
2022Q1,,S08000019,,S08000019,d,All Inpatients and Day cases,d,,:,0,0,,z,0,0,,z
2022Q3,,S08000019,,S08000019,d,All Inpatients and Day cases,d,,:,0,0,,z,0,0,,z
2022Q4,p,S08000019,,S08000019,d,All Inpatients and Day cases,d,,:,0,0,,z,0,0,,z
2018Q2,,S08000019,,S12000030,,All Inpatients and Day cases,d,,:,0,0,,z,0,0,,z
2019Q2,,S08000019,,S12000030,,All Inpatients and Day cases,d,,:,0,0,,z,0,0,,z
2020Q3,,S08000019,,S12000030,,All Inpatients and Day cases,d,,:,0,0,,z,0,0,,z
2020Q4,,S08000019,,S12000030,,All Inpatients and Day cases,d,,:,0,0,,z,0,0,,z
2021Q1,,S08000019,,S12000030,,All Inpatients and Day cases,d,,:,0,0,,z,0,0,,z
2021Q2,,S08000019,,S12000030,,All Inpatients and Day cases,d,,:,0,0,,z,0,0,,z
2021Q3,,S08000019,,S12000030,,All Inpatients and Day cases,d,,:,0,0,,z,0,0,,z
2021Q4,,S08000019,,S12000030,,All Inpatients and Day cases,d,,:,0,0,,z,0,0,,z
2022Q3,,S08000019,,S12000030,,All Inpatients and Day cases,d,,:,0,0,,z,0,0,,z
2022Q4,p,S08000019,,S12000030,,All Inpatients and Day cases,d,,:,0,0,,z,0,0,,z
2018Q1,,S08000020,,S12000033,,All Inpatients and Day cases,d,,:,0,0,,z,0,0,,z
2018Q4,,S08000020,,S12000033,,All Inpatients and Day cases,d,,:,0,0,,z,0,0,,z
2019Q3,,S08000020,,S12000034,,All Inpatients and Day cases,d,,:,0,0,,z,0,0,,z
2020Q1,,S08000020,,S12000034,,All Inpatients and Day cases,d,,:,0,0,,z,0,0,,z
2022Q4,p,S08000020,,S12000034,,All Inpatients and Day cases,d,,:,0,0,,z,0,0,,z
2018Q1,,S08000020,,S12000020,,All Inpatients and Day cases,d,,:,0,0,,z,0,0,,z
2021Q3,,S08000020,,S12000020,,All Inpatients and Day cases,d,,:,0,0,,z,0,0,,z
2018Q1,,S08000020,,S08000020,d,All Inpatients and Day cases,d,,:,0,0,,z,0,0,,z
2018Q4,,S08000020,,S08000020,d,All Inpatients and Day cases,d,,:,0,0,,z,0,0,,z
2019Q3,,S08000020,,S08000020,d,All Inpatients and Day cases,d,,:,0,0,,z,0,0,,z
2020Q1,,S08000020,,S08000020,d,All Inpatients and Day cases,d,,:,0,0,,z,0,0,,z
2021Q3,,S08000020,,S08000020,d,All Inpatients and Day cases,d,,:,0,0,,z,0,0,,z
2017Q4,,S08000031,,S12000045,,All Inpatients and Day cases,d,,:,0,0,,z,0,0,,z
2018Q3,,S08000031,,S12000045,,All Inpatients and Day cases,d,,:,0,0,,z,0,0,,z
2019Q3,,S08000031,,S12000045,,All Inpatients and Day cases,d,,:,0,0,,z,0,0,,z
2019Q4,,S08000031,,S12000045,,All Inpatients and Day cases,d,,:,0,0,,z,0,0,,z
2022Q1,,S08000031,,S12000045,,All Inpatients and Day cases,d,,:,0,0,,z,0,0,,z
2022Q4,p,S08000031,,S12000045,,All Inpatients and Day cases,d,,:,0,0,,z,0,0,,z
2018Q3,,S08000031,,S12000011,,All Inpatients and Day cases,d,,:,0,0,,z,0,0,,z
2017Q4,,S08000031,,S12000049,,All Inpatients and Day cases,d,,:,0,0,,z,0,0,,z
2018Q1,,S08000031,,S12000049,,All Inpatients and Day cases,d,,:,0,0,,z,0,0,,z
2018Q2,,S08000031,,S12000049,,All Inpatients and Day cases,d,,:,0,0,,z,0,0,,z
2018Q3,,S08000031,,S12000049,,All Inpatients and Day cases,d,,:,0,0,,z,0,0,,z
2018Q4,,S08000031,,S12000049,,All Inpatients and Day cases,d,,:,0,0,,z,0,0,,z
2019Q1,,S08000031,,S12000049,,All Inpatients and Day cases,d,,:,0,0,,z,0,0,,z
2019Q2,,S08000031,,S12000049,,All Inpatients and Day cases,d,,:,0,0,,z,0,0,,z
2019Q3,,S08000031,,S12000049,,All Inpatients and Day cases,d,,:,0,0,,z,0,0,,z
2019Q4,,S08000031,,S12000049,,All Inpatients and Day cases,d,,:,0,0,,z,0,0,,z
2020Q1,,S08000031,,S12000049,,All Inpatients and Day cases,d,,:,0,0,,z,0,0,,z
2020Q2,,S08000031,,S12000049,,All Inpatients and Day cases,d,,:,0,0,,z,0,0,,z
2020Q3,,S08000031,,S12000049,,All Inpatients and Day cases,d,,:,0,0,,z,0,0,,z
2020Q4,,S08000031,,S12000049,,All Inpatients and Day cases,d,,:,0,0,,z,0,0,,z
2021Q2,,S08000031,,S12000049,,All Inpatients and Day cases,d,,:,0,0,,z,0,0,,z
2021Q3,,S08000031,,S12000049,,All Inpatients and Day cases,d,,:,0,0,,z,0,0,,z
2021Q4,,S08000031,,S12000049,,All Inpatients and Day cases,d,,:,0,0,,z,0,0,,z
2022Q1,,S08000031,,S12000049,,All Inpatients and Day cases,d,,:,0,0,,z,0,0,,z
2018Q2,,S08000031,,S12000018,,All Inpatients and Day cases,d,,:,0,0,,z,0,0,,z
2017Q4,,S08000031,,S08000031,d,All Inpatients and Day cases,d,,:,0,0,,z,0,0,,z
2018Q1,,S08000031,,S08000031,d,All Inpatients and Day cases,d,,:,0,0,,z,0,0,,z
2018Q2,,S08000031,,S08000031,d,All Inpatients and Day cases,d,,:,0,0,,z,0,0,,z
2018Q3,,S08000031,,S08000031,d,All Inpatients and Day cases,d,,:,0,0,,z,0,0,,z
2018Q4,,S08000031,,S08000031,d,All Inpatients and Day cases,d,,:,0,0,,z,0,0,,z
2019Q1,,S08000031,,S08000031,d,All Inpatients and Day cases,d,,:,0,0,,z,0,0,,z
2019Q2,,S08000031,,S08000031,d,All Inpatients and Day cases,d,,:,0,0,,z,0,0,,z
2019Q3,,S08000031,,S08000031,d,All Inpatients and Day cases,d,,:,0,0,,z,0,0,,z
2019Q4,,S08000031,,S08000031,d,All Inpatients and Day cases,d,,:,0,0,,z,0,0,,z
2020Q1,,S08000031,,S08000031,d,All Inpatients and Day cases,d,,:,0,0,,z,0,0,,z
2020Q2,,S08000031,,S08000031,d,All Inpatients and Day cases,d,,:,0,0,,z,0,0,,z
2020Q3,,S08000031,,S08000031,d,All Inpatients and Day cases,d,,:,0,0,,z,0,0,,z
2020Q4,,S08000031,,S08000031,d,All Inpatients and Day cases,d,,:,0,0,,z,0,0,,z
2021Q2,,S08000031,,S08000031,d,All Inpatients and Day cases,d,,:,0,0,,z,0,0,,z
2021Q3,,S08000031,,S08000031,d,All Inpatients and Day cases,d,,:,0,0,,z,0,0,,z
2021Q4,,S08000031,,S08000031,d,All Inpatients and Day cases,d,,:,0,0,,z,0,0,,z
2022Q1,,S08000031,,S08000031,d,All Inpatients and Day cases,d,,:,0,0,,z,0,0,,z
2022Q2,,S08000031,,S08000031,d,All Inpatients and Day cases,d,,:,0,0,,z,0,0,,z
2018Q2,,S08000031,,S12000038,,All Inpatients and Day cases,d,,:,0,0,,z,0,0,,z
2018Q4,,S08000031,,S12000038,,All Inpatients and Day cases,d,,:,0,0,,z,0,0,,z
2019Q3,,S08000031,,S12000038,,All Inpatients and Day cases,d,,:,0,0,,z,0,0,,z
2019Q4,,S08000031,,S12000038,,All Inpatients and Day cases,d,,:,0,0,,z,0,0,,z
2022Q3,,S08000031,,S12000038,,All Inpatients and Day cases,d,,:,0,0,,z,0,0,,z
2018Q1,,S08000031,,S12000039,,All Inpatients and Day cases,d,,:,0,0,,z,0,0,,z
2018Q2,,S08000031,,S12000039,,All Inpatients and Day cases,d,,:,0,0,,z,0,0,,z
2018Q3,,S08000031,,S12000039,,All Inpatients and Day cases,d,,:,0,0,,z,0,0,,z
2019Q2,,S08000031,,S12000039,,All Inpatients and Day cases,d,,:,0,0,,z,0,0,,z
2020Q1,,S08000031,,S12000039,,All Inpatients and Day cases,d,,:,0,0,,z,0,0,,z
2021Q3,,S08000031,,S12000039,,All Inpatients and Day cases,d,,:,0,0,,z,0,0,,z
2022Q2,,S08000031,,S12000039,,All Inpatients and Day cases,d,,:,0,0,,z,0,0,,z
2022Q3,,S08000031,,S12000039,,All Inpatients and Day cases,d,,:,0,0,,z,0,0,,z
2018Q1,,S08000022,,S12000035,,All Inpatients and Day cases,d,,:,0,0,,z,0,0,,z
2018Q4,,S08000022,,S12000035,,All Inpatients and Day cases,d,,:,0,0,,z,0,0,,z
2019Q1,,S08000022,,S12000035,,All Inpatients and Day cases,d,,:,0,0,,z,0,0,,z
2019Q2,,S08000022,,S12000035,,All Inpatients and Day cases,d,,:,0,0,,z,0,0,,z
2019Q4,,S08000022,,S12000035,,All Inpatients and Day cases,d,,:,0,0,,z,0,0,,z
2020Q4,,S08000022,,S12000035,,All Inpatients and Day cases,d,,:,0,0,,z,0,0,,z
2021Q1,,S08000022,,S12000035,,All Inpatients and Day cases,d,,:,0,0,,z,0,0,,z
2021Q2,,S08000022,,S12000035,,All Inpatients and Day cases,d,,:,0,0,,z,0,0,,z
2017Q4,,S08000022,,S12000017,,All Inpatients and Day cases,d,,:,0,0,,z,0,0,,z
2018Q1,,S08000022,,S12000017,,All Inpatients and Day cases,d,,:,0,0,,z,0,0,,z
2019Q2,,S08000022,,S12000017,,All Inpatients and Day cases,d,,:,0,0,,z,0,0,,z
2019Q3,,S08000022,,S12000017,,All Inpatients and Day cases,d,,:,0,0,,z,0,0,,z
2019Q4,,S08000022,,S12000017,,All Inpatients and Day cases,d,,:,0,0,,z,0,0,,z
2020Q1,,S08000022,,S12000017,,All Inpatients and Day cases,d,,:,0,0,,z,0,0,,z
2020Q2,,S08000022,,S12000017,,All Inpatients and Day cases,d,,:,0,0,,z,0,0,,z
2020Q3,,S08000022,,S12000017,,All Inpatients and Day cases,d,,:,0,0,,z,0,0,,z
2020Q4,,S08000022,,S12000017,,All Inpatients and Day cases,d,,:,0,0,,z,0,0,,z
2021Q1,,S08000022,,S12000017,,All Inpatients and Day cases,d,,:,0,0,,z,0,0,,z
2021Q2,,S08000022,,S12000017,,All Inpatients and Day cases,d,,:,0,0,,z,0,0,,z
2021Q3,,S08000022,,S12000017,,All Inpatients and Day cases,d,,:,0,0,,z,0,0,,z
2021Q4,,S08000022,,S12000017,,All Inpatients and Day cases,d,,:,0,0,,z,0,0,,z
2022Q2,,S08000022,,S12000017,,All Inpatients and Day cases,d,,:,0,0,,z,0,0,,z
2022Q3,,S08000022,,S12000017,,All Inpatients and Day cases,d,,:,0,0,,z,0,0,,z
2022Q4,p,S08000022,,S12000017,,All Inpatients and Day cases,d,,:,0,0,,z,0,0,,z
2017Q4,,S08000022,,S08000022,d,All Inpatients and Day cases,d,,:,0,0,,z,0,0,,z
2018Q1,,S08000022,,S08000022,d,All Inpatients and Day cases,d,,:,0,0,,z,0,0,,z
2018Q4,,S08000022,,S08000022,d,All Inpatients and Day cases,d,,:,0,0,,z,0,0,,z
2019Q1,,S08000022,,S08000022,d,All Inpatients and Day cases,d,,:,0,0,,z,0,0,,z
2019Q2,,S08000022,,S08000022,d,All Inpatients and Day cases,d,,:,0,0,,z,0,0,,z
2019Q3,,S08000022,,S08000022,d,All Inpatients and Day cases,d,,:,0,0,,z,0,0,,z
2019Q4,,S08000022,,S08000022,d,All Inpatients and Day cases,d,,:,0,0,,z,0,0,,z
2020Q1,,S08000022,,S08000022,d,All Inpatients and Day cases,d,,:,0,0,,z,0,0,,z
2020Q2,,S08000022,,S08000022,d,All Inpatients and Day cases,d,,:,0,0,,z,0,0,,z
2020Q3,,S08000022,,S08000022,d,All Inpatients and Day cases,d,,:,0,0,,z,0,0,,z
2020Q4,,S08000022,,S08000022,d,All Inpatients and Day cases,d,,:,0,0,,z,0,0,,z
2021Q1,,S08000022,,S08000022,d,All Inpatients and Day cases,d,,:,0,0,,z,0,0,,z
2021Q2,,S08000022,,S08000022,d,All Inpatients and Day cases,d,,:,0,0,,z,0,0,,z
2021Q3,,S08000022,,S08000022,d,All Inpatients and Day cases,d,,:,0,0,,z,0,0,,z
2021Q4,,S08000022,,S08000022,d,All Inpatients and Day cases,d,,:,0,0,,z,0,0,,z
2022Q2,,S08000022,,S08000022,d,All Inpatients and Day cases,d,,:,0,0,,z,0,0,,z
2022Q3,,S08000022,,S08000022,d,All Inpatients and Day cases,d,,:,0,0,,z,0,0,,z
2022Q4,p,S08000022,,S08000022,d,All Inpatients and Day cases,d,,:,0,0,,z,0,0,,z
2018Q3,,S08000032,,S08000032,d,All Inpatients and Day cases,d,,:,0,0,,z,0,0,,z
2019Q2,,S08000032,,S08000032,d,All Inpatients and Day cases,d,,:,0,0,,z,0,0,,z
2019Q3,,S08000032,,S08000032,d,All Inpatients and Day cases,d,,:,0,0,,z,0,0,,z
2019Q4,,S08000032,,S08000032,d,All Inpatients and Day cases,d,,:,0,0,,z,0,0,,z
2020Q1,,S08000032,,S08000032,d,All Inpatients and Day cases,d,,:,0,0,,z,0,0,,z
2020Q3,,S08000032,,S08000032,d,All Inpatients and Day cases,d,,:,0,0,,z,0,0,,z
2021Q1,,S08000032,,S08000032,d,All Inpatients and Day cases,d,,:,0,0,,z,0,0,,z
2021Q3,,S08000032,,S08000032,d,All Inpatients and Day cases,d,,:,0,0,,z,0,0,,z
2021Q4,,S08000032,,S08000032,d,All Inpatients and Day cases,d,,:,0,0,,z,0,0,,z
2022Q3,,S08000032,,S08000032,d,All Inpatients and Day cases,d,,:,0,0,,z,0,0,,z
2018Q3,,S08000032,,S12000050,,All Inpatients and Day cases,d,,:,0,0,,z,0,0,,z
2019Q2,,S08000032,,S12000050,,All Inpatients and Day cases,d,,:,0,0,,z,0,0,,z
2019Q4,,S08000032,,S12000050,,All Inpatients and Day cases,d,,:,0,0,,z,0,0,,z
2020Q1,,S08000032,,S12000050,,All Inpatients and Day cases,d,,:,0,0,,z,0,0,,z
2020Q3,,S08000032,,S12000050,,All Inpatients and Day cases,d,,:,0,0,,z,0,0,,z
2021Q3,,S08000032,,S12000050,,All Inpatients and Day cases,d,,:,0,0,,z,0,0,,z
2022Q3,,S08000032,,S12000050,,All Inpatients and Day cases,d,,:,0,0,,z,0,0,,z
2018Q3,,S08000032,,S12000029,,All Inpatients and Day cases,d,,:,0,0,,z,0,0,,z
2019Q2,,S08000032,,S12000029,,All Inpatients and Day cases,d,,:,0,0,,z,0,0,,z
2019Q3,,S08000032,,S12000029,,All Inpatients and Day cases,d,,:,0,0,,z,0,0,,z
2019Q4,,S08000032,,S12000029,,All Inpatients and Day cases,d,,:,0,0,,z,0,0,,z
2020Q3,,S08000032,,S12000029,,All Inpatients and Day cases,d,,:,0,0,,z,0,0,,z
2021Q1,,S08000032,,S12000029,,All Inpatients and Day cases,d,,:,0,0,,z,0,0,,z
2021Q4,,S08000032,,S12000029,,All Inpatients and Day cases,d,,:,0,0,,z,0,0,,z
2018Q3,,S08000024,,S12000010,,All Inpatients and Day cases,d,,:,0,0,,z,0,0,,z
2018Q4,,S08000024,,S12000010,,All Inpatients and Day cases,d,,:,0,0,,z,0,0,,z
2019Q1,,S08000024,,S12000010,,All Inpatients and Day cases,d,,:,0,0,,z,0,0,,z
2019Q2,,S08000024,,S12000010,,All Inpatients and Day cases,d,,:,0,0,,z,0,0,,z
2019Q3,,S08000024,,S12000010,,All Inpatients and Day cases,d,,:,0,0,,z,0,0,,z
2020Q1,,S08000024,,S12000010,,All Inpatients and Day cases,d,,:,0,0,,z,0,0,,z
2020Q3,,S08000024,,S12000010,,All Inpatients and Day cases,d,,:,0,0,,z,0,0,,z
2020Q4,,S08000024,,S12000010,,All Inpatients and Day cases,d,,:,0,0,,z,0,0,,z
2021Q1,,S08000024,,S12000010,,All Inpatients and Day cases,d,,:,0,0,,z,0,0,,z
2018Q1,,S08000024,,S12000036,,All Inpatients and Day cases,d,,:,0,0,,z,0,0,,z
2018Q2,,S08000024,,S12000036,,All Inpatients and Day cases,d,,:,0,0,,z,0,0,,z
2018Q4,,S08000024,,S12000036,,All Inpatients and Day cases,d,,:,0,0,,z,0,0,,z
2019Q1,,S08000024,,S12000036,,All Inpatients and Day cases,d,,:,0,0,,z,0,0,,z
2019Q2,,S08000024,,S12000036,,All Inpatients and Day cases,d,,:,0,0,,z,0,0,,z
2019Q3,,S08000024,,S12000036,,All Inpatients and Day cases,d,,:,0,0,,z,0,0,,z
2019Q4,,S08000024,,S12000036,,All Inpatients and Day cases,d,,:,0,0,,z,0,0,,z
2020Q1,,S08000024,,S12000036,,All Inpatients and Day cases,d,,:,0,0,,z,0,0,,z
2020Q2,,S08000024,,S12000036,,All Inpatients and Day cases,d,,:,0,0,,z,0,0,,z
2020Q3,,S08000024,,S12000036,,All Inpatients and Day cases,d,,:,0,0,,z,0,0,,z
2020Q4,,S08000024,,S12000036,,All Inpatients and Day cases,d,,:,0,0,,z,0,0,,z
2021Q1,,S08000024,,S12000036,,All Inpatients and Day cases,d,,:,0,0,,z,0,0,,z
2021Q2,,S08000024,,S12000036,,All Inpatients and Day cases,d,,:,0,0,,z,0,0,,z
2021Q3,,S08000024,,S12000036,,All Inpatients and Day cases,d,,:,0,0,,z,0,0,,z
2021Q4,,S08000024,,S12000036,,All Inpatients and Day cases,d,,:,0,0,,z,0,0,,z
2022Q1,,S08000024,,S12000036,,All Inpatients and Day cases,d,,:,0,0,,z,0,0,,z
2022Q2,,S08000024,,S12000036,,All Inpatients and Day cases,d,,:,0,0,,z,0,0,,z
2018Q2,,S08000024,,S12000019,,All Inpatients and Day cases,d,,:,0,0,,z,0,0,,z
2019Q2,,S08000024,,S12000019,,All Inpatients and Day cases,d,,:,0,0,,z,0,0,,z
2022Q2,,S08000024,,S12000019,,All Inpatients and Day cases,d,,:,0,0,,z,0,0,,z
2017Q4,,S08000024,,S08000024,d,All Inpatients and Day cases,d,,:,0,0,,z,0,0,,z
2018Q1,,S08000024,,S08000024,d,All Inpatients and Day cases,d,,:,0,0,,z,0,0,,z
2018Q2,,S08000024,,S08000024,d,All Inpatients and Day cases,d,,:,0,0,,z,0,0,,z
2018Q3,,S08000024,,S08000024,d,All Inpatients and Day cases,d,,:,0,0,,z,0,0,,z
2018Q4,,S08000024,,S08000024,d,All Inpatients and Day cases,d,,:,0,0,,z,0,0,,z
2019Q1,,S08000024,,S08000024,d,All Inpatients and Day cases,d,,:,0,0,,z,0,0,,z
2019Q2,,S08000024,,S08000024,d,All Inpatients and Day cases,d,,:,0,0,,z,0,0,,z
2019Q3,,S08000024,,S08000024,d,All Inpatients and Day cases,d,,:,0,0,,z,0,0,,z
2019Q4,,S08000024,,S08000024,d,All Inpatients and Day cases,d,,:,0,0,,z,0,0,,z
2020Q1,,S08000024,,S08000024,d,All Inpatients and Day cases,d,,:,0,0,,z,0,0,,z
2020Q2,,S08000024,,S08000024,d,All Inpatients and Day cases,d,,:,0,0,,z,0,0,,z
2020Q3,,S08000024,,S08000024,d,All Inpatients and Day cases,d,,:,0,0,,z,0,0,,z
2020Q4,,S08000024,,S08000024,d,All Inpatients and Day cases,d,,:,0,0,,z,0,0,,z
2021Q1,,S08000024,,S08000024,d,All Inpatients and Day cases,d,,:,0,0,,z,0,0,,z
2021Q2,,S08000024,,S08000024,d,All Inpatients and Day cases,d,,:,0,0,,z,0,0,,z
2021Q3,,S08000024,,S08000024,d,All Inpatients and Day cases,d,,:,0,0,,z,0,0,,z
2021Q4,,S08000024,,S08000024,d,All Inpatients and Day cases,d,,:,0,0,,z,0,0,,z
2022Q1,,S08000024,,S08000024,d,All Inpatients and Day cases,d,,:,0,0,,z,0,0,,z
2022Q2,,S08000024,,S08000024,d,All Inpatients and Day cases,d,,:,0,0,,z,0,0,,z
2017Q4,,S08000024,,S12000040,,All Inpatients and Day cases,d,,:,0,0,,z,0,0,,z
2018Q1,,S08000024,,S12000040,,All Inpatients and Day cases,d,,:,0,0,,z,0,0,,z
2018Q4,,S08000024,,S12000040,,All Inpatients and Day cases,d,,:,0,0,,z,0,0,,z
2019Q1,,S08000024,,S12000040,,All Inpatients and Day cases,d,,:,0,0,,z,0,0,,z
2020Q3,,S08000024,,S12000040,,All Inpatients and Day cases,d,,:,0,0,,z,0,0,,z
2020Q4,,S08000024,,S12000040,,All Inpatients and Day cases,d,,:,0,0,,z,0,0,,z
2021Q3,,S08000024,,S12000040,,All Inpatients and Day cases,d,,:,0,0,,z,0,0,,z
2021Q4,,S08000024,,S12000040,,All Inpatients and Day cases,d,,:,0,0,,z,0,0,,z
2022Q1,,S08000024,,S12000040,,All Inpatients and Day cases,d,,:,0,0,,z,0,0,,z
2018Q1,,S08000025,,S08000025,d,All Inpatients and Day cases,d,1,,0,0,,z,0,0,,z
2022Q2,,S08000025,,S08000025,d,All Inpatients and Day cases,d,1,,0,0,,z,0,0,,z
2017Q4,,S08000025,,S08000025,d,All Inpatients and Day cases,d,5,,0,0,,z,0,0,,z
2017Q4,,S08000025,,S08000025,d,All Inpatients and Day cases,d,,:,0,0,,z,0,0,,z
2020Q1,,S08000025,,S08000025,d,All Inpatients and Day cases,d,,:,0,0,,z,0,0,,z
2018Q1,,S08000025,,S12000023,,All Inpatients and Day cases,d,1,,0,0,,z,0,0,,z
2022Q2,,S08000025,,S12000023,,All Inpatients and Day cases,d,1,,0,0,,z,0,0,,z
2017Q4,,S08000025,,S12000023,,All Inpatients and Day cases,d,5,,0,0,,z,0,0,,z
2017Q4,,S08000025,,S12000023,,All Inpatients and Day cases,d,,:,0,0,,z,0,0,,z
2020Q1,,S08000025,,S12000023,,All Inpatients and Day cases,d,,:,0,0,,z,0,0,,z
2018Q1,,S08000026,,S08000026,d,All Inpatients and Day cases,d,1,,0,0,,z,0,0,,z
2021Q1,,S08000026,,S08000026,d,All Inpatients and Day cases,d,,:,0,0,,z,0,0,,z
2021Q4,,S08000026,,S08000026,d,All Inpatients and Day cases,d,,:,0,0,,z,0,0,,z
2018Q1,,S08000026,,S12000027,,All Inpatients and Day cases,d,1,,0,0,,z,0,0,,z
2021Q1,,S08000026,,S12000027,,All Inpatients and Day cases,d,,:,0,0,,z,0,0,,z
2021Q4,,S08000026,,S12000027,,All Inpatients and Day cases,d,,:,0,0,,z,0,0,,z
2020Q4,,S08000030,,S12000041,,All Inpatients and Day cases,d,,:,0,0,,z,0,0,,z
2021Q3,,S08000030,,S12000041,,All Inpatients and Day cases,d,,:,0,0,,z,0,0,,z
2022Q3,,S08000030,,S12000041,,All Inpatients and Day cases,d,,:,0,0,,z,0,0,,z
2018Q3,,S08000030,,S12000042,,All Inpatients and Day cases,d,,:,0,0,,z,0,0,,z
2019Q4,,S08000030,,S12000042,,All Inpatients and Day cases,d,,:,0,0,,z,0,0,,z
2020Q1,,S08000030,,S12000042,,All Inpatients and Day cases,d,,:,0,0,,z,0,0,,z
2021Q1,,S08000030,,S12000042,,All Inpatients and Day cases,d,,:,0,0,,z,0,0,,z
2021Q2,,S08000030,,S12000042,,All Inpatients and Day cases,d,,:,0,0,,z,0,0,,z
2017Q4,,S08000030,,S08000030,d,All Inpatients and Day cases,d,,:,0,0,,z,0,0,,z
2018Q3,,S08000030,,S08000030,d,All Inpatients and Day cases,d,,:,0,0,,z,0,0,,z
2019Q4,,S08000030,,S08000030,d,All Inpatients and Day cases,d,,:,0,0,,z,0,0,,z
2020Q1,,S08000030,,S08000030,d,All Inpatients and Day cases,d,,:,0,0,,z,0,0,,z
2020Q3,,S08000030,,S08000030,d,All Inpatients and Day cases,d,,:,0,0,,z,0,0,,z
2020Q4,,S08000030,,S08000030,d,All Inpatients and Day cases,d,,:,0,0,,z,0,0,,z
2021Q1,,S08000030,,S08000030,d,All Inpatients and Day cases,d,,:,0,0,,z,0,0,,z
2021Q2,,S08000030,,S08000030,d,All Inpatients and Day cases,d,,:,0,0,,z,0,0,,z
2021Q3,,S08000030,,S08000030,d,All Inpatients and Day cases,d,,:,0,0,,z,0,0,,z
2022Q1,,S08000030,,S08000030,d,All Inpatients and Day cases,d,,:,0,0,,z,0,0,,z
2022Q3,,S08000030,,S08000030,d,All Inpatients and Day cases,d,,:,0,0,,z,0,0,,z
2017Q4,,S08000030,,S12000048,,All Inpatients and Day cases,d,,:,0,0,,z,0,0,,z
2018Q3,,S08000030,,S12000048,,All Inpatients and Day cases,d,,:,0,0,,z,0,0,,z
2020Q3,,S08000030,,S12000048,,All Inpatients and Day cases,d,,:,0,0,,z,0,0,,z
2021Q1,,S08000030,,S12000048,,All Inpatients and Day cases,d,,:,0,0,,z,0,0,,z
2021Q2,,S08000030,,S12000048,,All Inpatients and Day cases,d,,:,0,0,,z,0,0,,z
2022Q1,,S08000030,,S12000048,,All Inpatients and Day cases,d,,:,0,0,,z,0,0,,z
2018Q2,,S08000028,,S08000028,d,All Inpatients and Day cases,d,1,,0,0,,z,0,0,,z
2022Q3,,S08000028,,S08000028,d,All Inpatients and Day cases,d,1,,0,0,,z,0,0,,z
2022Q4,p,S08000028,,S08000028,d,All Inpatients and Day cases,d,1,,0,0,,z,0,0,,z
2020Q1,,S08000028,,S08000028,d,All Inpatients and Day cases,d,4,,0,0,,z,0,0,,z
2021Q3,,S08000028,,S08000028,d,All Inpatients and Day cases,d,4,,0,0,,z,0,0,,z
2019Q2,,S08000028,,S08000028,d,All Inpatients and Day cases,d,5,,0,0,,z,0,0,,z
2020Q4,,S08000028,,S08000028,d,All Inpatients and Day cases,d,5,,0,0,,z,0,0,,z
2022Q3,,S08000028,,S08000028,d,All Inpatients and Day cases,d,5,,0,0,,z,0,0,,z
2018Q4,,S08000028,,S08000028,d,All Inpatients and Day cases,d,,:,0,0,,z,0,0,,z
2019Q2,,S08000028,,S08000028,d,All Inpatients and Day cases,d,,:,0,0,,z,0,0,,z
2019Q3,,S08000028,,S08000028,d,All Inpatients and Day cases,d,,:,0,0,,z,0,0,,z
2022Q3,,S08000028,,S08000028,d,All Inpatients and Day cases,d,,:,0,0,,z,0,0,,z
2022Q4,p,S08000028,,S08000028,d,All Inpatients and Day cases,d,,:,0,0,,z,0,0,,z
2018Q2,,S08000028,,S12000013,,All Inpatients and Day cases,d,1,,0,0,,z,0,0,,z
2022Q3,,S08000028,,S12000013,,All Inpatients and Day cases,d,1,,0,0,,z,0,0,,z
2022Q4,p,S08000028,,S12000013,,All Inpatients and Day cases,d,1,,0,0,,z,0,0,,z
2020Q1,,S08000028,,S12000013,,All Inpatients and Day cases,d,4,,0,0,,z,0,0,,z
2021Q3,,S08000028,,S12000013,,All Inpatients and Day cases,d,4,,0,0,,z,0,0,,z
2019Q2,,S08000028,,S12000013,,All Inpatients and Day cases,d,5,,0,0,,z,0,0,,z
2020Q4,,S08000028,,S12000013,,All Inpatients and Day cases,d,5,,0,0,,z,0,0,,z
2022Q3,,S08000028,,S12000013,,All Inpatients and Day cases,d,5,,0,0,,z,0,0,,z
2018Q4,,S08000028,,S12000013,,All Inpatients and Day cases,d,,:,0,0,,z,0,0,,z
2019Q2,,S08000028,,S12000013,,All Inpatients and Day cases,d,,:,0,0,,z,0,0,,z
2019Q3,,S08000028,,S12000013,,All Inpatients and Day cases,d,,:,0,0,,z,0,0,,z
2022Q3,,S08000028,,S12000013,,All Inpatients and Day cases,d,,:,0,0,,z,0,0,,z
2022Q4,p,S08000028,,S12000013,,All Inpatients and Day cases,d,,:,0,0,,z,0,0,,z
2017Q4,,RA2701,,RA2701,,All Inpatients and Day cases,d,1,,0,0,,z,0,0,,z
2018Q2,,RA2701,,RA2701,,All Inpatients and Day cases,d,1,,0,0,,z,0,0,,z
2018Q3,,RA2701,,RA2701,,All Inpatients and Day cases,d,1,,0,0,,z,0,0,,z
2019Q1,,RA2701,,RA2701,,All Inpatients and Day cases,d,1,,0,0,,z,0,0,,z
2019Q3,,RA2701,,RA2701,,All Inpatients and Day cases,d,1,,0,0,,z,0,0,,z
2021Q1,,RA2701,,RA2701,,All Inpatients and Day cases,d,1,,0,0,,z,0,0,,z
2022Q4,p,RA2701,,RA2701,,All Inpatients and Day cases,d,1,,0,0,,z,0,0,,z
2017Q4,,RA2701,,RA2701,,All Inpatients and Day cases,d,2,,0,0,,z,0,0,,z
2020Q2,,RA2701,,RA2701,,All Inpatients and Day cases,d,2,,0,0,,z,0,0,,z
2020Q3,,RA2701,,RA2701,,All Inpatients and Day cases,d,2,,0,0,,z,0,0,,z
2020Q4,,RA2701,,RA2701,,All Inpatients and Day cases,d,2,,0,0,,z,0,0,,z
2022Q1,,RA2701,,RA2701,,All Inpatients and Day cases,d,2,,0,0,,z,0,0,,z
2018Q2,,RA2701,,RA2701,,All Inpatients and Day cases,d,3,,0,0,,z,0,0,,z
2018Q3,,RA2701,,RA2701,,All Inpatients and Day cases,d,3,,0,0,,z,0,0,,z
2019Q3,,RA2701,,RA2701,,All Inpatients and Day cases,d,3,,0,0,,z,0,0,,z
2020Q3,,RA2701,,RA2701,,All Inpatients and Day cases,d,3,,0,0,,z,0,0,,z
2019Q4,,RA2701,,RA2701,,All Inpatients and Day cases,d,4,,0,0,,z,0,0,,z
2020Q4,,RA2701,,RA2701,,All Inpatients and Day cases,d,4,,0,0,,z,0,0,,z
2021Q2,,RA2701,,RA2701,,All Inpatients and Day cases,d,4,,0,0,,z,0,0,,z
2017Q4,,RA2703,,RA2703,,All Inpatients and Day cases,d,1,,0,0,,z,0,0,,z
2018Q1,,RA2703,,RA2703,,All Inpatients and Day cases,d,1,,0,0,,z,0,0,,z
2018Q4,,RA2703,,RA2703,,All Inpatients and Day cases,d,1,,0,0,,z,0,0,,z
2019Q2,,RA2703,,RA2703,,All Inpatients and Day cases,d,1,,0,0,,z,0,0,,z
2019Q4,,RA2703,,RA2703,,All Inpatients and Day cases,d,1,,0,0,,z,0,0,,z
2022Q2,,RA2703,,RA2703,,All Inpatients and Day cases,d,1,,0,0,,z,0,0,,z
2022Q4,p,RA2703,,RA2703,,All Inpatients and Day cases,d,1,,0,0,,z,0,0,,z
2018Q1,,RA2703,,RA2703,,All Inpatients and Day cases,d,2,,0,0,,z,0,0,,z
2018Q2,,RA2703,,RA2703,,All Inpatients and Day cases,d,2,,0,0,,z,0,0,,z
2018Q3,,RA2703,,RA2703,,All Inpatients and Day cases,d,2,,0,0,,z,0,0,,z
2019Q2,,RA2703,,RA2703,,All Inpatients and Day cases,d,2,,0,0,,z,0,0,,z
2019Q3,,RA2703,,RA2703,,All Inpatients and Day cases,d,2,,0,0,,z,0,0,,z
2021Q1,,RA2703,,RA2703,,All Inpatients and Day cases,d,2,,0,0,,z,0,0,,z
2021Q3,,RA2703,,RA2703,,All Inpatients and Day cases,d,2,,0,0,,z,0,0,,z
2022Q2,,RA2703,,RA2703,,All Inpatients and Day cases,d,2,,0,0,,z,0,0,,z
2022Q3,,RA2703,,RA2703,,All Inpatients and Day cases,d,2,,0,0,,z,0,0,,z
2022Q4,p,RA2703,,RA2703,,All Inpatients and Day cases,d,2,,0,0,,z,0,0,,z
2017Q4,,RA2703,,RA2703,,All Inpatients and Day cases,d,3,,0,0,,z,0,0,,z
2019Q3,,RA2703,,RA2703,,All Inpatients and Day cases,d,3,,0,0,,z,0,0,,z
2022Q3,,RA2703,,RA2703,,All Inpatients and Day cases,d,3,,0,0,,z,0,0,,z
2022Q4,p,RA2703,,RA2703,,All Inpatients and Day cases,d,3,,0,0,,z,0,0,,z
2017Q4,,RA2703,,RA2703,,All Inpatients and Day cases,d,4,,0,0,,z,0,0,,z
2018Q4,,RA2703,,RA2703,,All Inpatients and Day cases,d,4,,0,0,,z,0,0,,z
2019Q1,,RA2703,,RA2703,,All Inpatients and Day cases,d,4,,0,0,,z,0,0,,z
2020Q1,,RA2703,,RA2703,,All Inpatients and Day cases,d,4,,0,0,,z,0,0,,z
2020Q2,,RA2703,,RA2703,,All Inpatients and Day cases,d,4,,0,0,,z,0,0,,z
2021Q3,,RA2703,,RA2703,,All Inpatients and Day cases,d,4,,0,0,,z,0,0,,z
2022Q1,,RA2703,,RA2703,,All Inpatients and Day cases,d,4,,0,0,,z,0,0,,z
2022Q2,,RA2703,,RA2703,,All Inpatients and Day cases,d,4,,0,0,,z,0,0,,z
2022Q3,,RA2703,,RA2703,,All Inpatients and Day cases,d,4,,0,0,,z,0,0,,z
2017Q4,,RA2703,,RA2703,,All Inpatients and Day cases,d,5,,0,0,,z,0,0,,z
2018Q1,,RA2703,,RA2703,,All Inpatients and Day cases,d,5,,0,0,,z,0,0,,z
2018Q3,,RA2703,,RA2703,,All Inpatients and Day cases,d,5,,0,0,,z,0,0,,z
2019Q2,,RA2703,,RA2703,,All Inpatients and Day cases,d,5,,0,0,,z,0,0,,z
2019Q3,,RA2703,,RA2703,,All Inpatients and Day cases,d,5,,0,0,,z,0,0,,z
2021Q1,,RA2703,,RA2703,,All Inpatients and Day cases,d,5,,0,0,,z,0,0,,z
2022Q1,,RA2703,,RA2703,,All Inpatients and Day cases,d,5,,0,0,,z,0,0,,z
2022Q4,p,RA2703,,RA2703,,All Inpatients and Day cases,d,5,,0,0,,z,0,0,,z
2018Q1,,RA2702,,RA2702,,All Inpatients and Day cases,d,1,,0,0,,z,0,0,,z
2019Q1,,RA2702,,RA2702,,All Inpatients and Day cases,d,1,,0,0,,z,0,0,,z
2019Q2,,RA2702,,RA2702,,All Inpatients and Day cases,d,1,,0,0,,z,0,0,,z
2019Q3,,RA2702,,RA2702,,All Inpatients and Day cases,d,1,,0,0,,z,0,0,,z
2019Q4,,RA2702,,RA2702,,All Inpatients and Day cases,d,1,,0,0,,z,0,0,,z
2020Q2,,RA2702,,RA2702,,All Inpatients and Day cases,d,1,,0,0,,z,0,0,,z
2020Q4,,RA2702,,RA2702,,All Inpatients and Day cases,d,1,,0,0,,z,0,0,,z
2021Q1,,RA2702,,RA2702,,All Inpatients and Day cases,d,1,,0,0,,z,0,0,,z
2021Q2,,RA2702,,RA2702,,All Inpatients and Day cases,d,1,,0,0,,z,0,0,,z
2021Q3,,RA2702,,RA2702,,All Inpatients and Day cases,d,1,,0,0,,z,0,0,,z
2022Q1,,RA2702,,RA2702,,All Inpatients and Day cases,d,1,,0,0,,z,0,0,,z
2022Q2,,RA2702,,RA2702,,All Inpatients and Day cases,d,1,,0,0,,z,0,0,,z
2022Q3,,RA2702,,RA2702,,All Inpatients and Day cases,d,1,,0,0,,z,0,0,,z
2018Q1,,RA2702,,RA2702,,All Inpatients and Day cases,d,2,,0,0,,z,0,0,,z
2018Q2,,RA2702,,RA2702,,All Inpatients and Day cases,d,2,,0,0,,z,0,0,,z
2019Q1,,RA2702,,RA2702,,All Inpatients and Day cases,d,2,,0,0,,z,0,0,,z
2019Q2,,RA2702,,RA2702,,All Inpatients and Day cases,d,2,,0,0,,z,0,0,,z
2019Q3,,RA2702,,RA2702,,All Inpatients and Day cases,d,2,,0,0,,z,0,0,,z
2019Q4,,RA2702,,RA2702,,All Inpatients and Day cases,d,2,,0,0,,z,0,0,,z
2020Q2,,RA2702,,RA2702,,All Inpatients and Day cases,d,2,,0,0,,z,0,0,,z
2020Q3,,RA2702,,RA2702,,All Inpatients and Day cases,d,2,,0,0,,z,0,0,,z
2020Q4,,RA2702,,RA2702,,All Inpatients and Day cases,d,2,,0,0,,z,0,0,,z
2021Q2,,RA2702,,RA2702,,All Inpatients and Day cases,d,2,,0,0,,z,0,0,,z
2022Q4,p,RA2702,,RA2702,,All Inpatients and Day cases,d,2,,0,0,,z,0,0,,z
2017Q4,,RA2702,,RA2702,,All Inpatients and Day cases,d,3,,0,0,,z,0,0,,z
2018Q1,,RA2702,,RA2702,,All Inpatients and Day cases,d,3,,0,0,,z,0,0,,z
2018Q3,,RA2702,,RA2702,,All Inpatients and Day cases,d,3,,0,0,,z,0,0,,z
2018Q4,,RA2702,,RA2702,,All Inpatients and Day cases,d,3,,0,0,,z,0,0,,z
2019Q1,,RA2702,,RA2702,,All Inpatients and Day cases,d,3,,0,0,,z,0,0,,z
2019Q3,,RA2702,,RA2702,,All Inpatients and Day cases,d,3,,0,0,,z,0,0,,z
2020Q1,,RA2702,,RA2702,,All Inpatients and Day cases,d,3,,0,0,,z,0,0,,z
2020Q3,,RA2702,,RA2702,,All Inpatients and Day cases,d,3,,0,0,,z,0,0,,z
2021Q4,,RA2702,,RA2702,,All Inpatients and Day cases,d,3,,0,0,,z,0,0,,z
2022Q1,,RA2702,,RA2702,,All Inpatients and Day cases,d,3,,0,0,,z,0,0,,z
2022Q2,,RA2702,,RA2702,,All Inpatients and Day cases,d,3,,0,0,,z,0,0,,z
2022Q3,,RA2702,,RA2702,,All Inpatients and Day cases,d,3,,0,0,,z,0,0,,z
2022Q4,p,RA2702,,RA2702,,All Inpatients and Day cases,d,3,,0,0,,z,0,0,,z
2018Q1,,RA2702,,RA2702,,All Inpatients and Day cases,d,4,,0,0,,z,0,0,,z
2018Q2,,RA2702,,RA2702,,All Inpatients and Day cases,d,4,,0,0,,z,0,0,,z
2019Q1,,RA2702,,RA2702,,All Inpatients and Day cases,d,4,,0,0,,z,0,0,,z
2019Q2,,RA2702,,RA2702,,All Inpatients and Day cases,d,4,,0,0,,z,0,0,,z
2019Q3,,RA2702,,RA2702,,All Inpatients and Day cases,d,4,,0,0,,z,0,0,,z
2019Q4,,RA2702,,RA2702,,All Inpatients and Day cases,d,4,,0,0,,z,0,0,,z
2020Q1,,RA2702,,RA2702,,All Inpatients and Day cases,d,4,,0,0,,z,0,0,,z
2020Q3,,RA2702,,RA2702,,All Inpatients and Day cases,d,4,,0,0,,z,0,0,,z
2020Q4,,RA2702,,RA2702,,All Inpatients and Day cases,d,4,,0,0,,z,0,0,,z
2021Q2,,RA2702,,RA2702,,All Inpatients and Day cases,d,4,,0,0,,z,0,0,,z
2021Q4,,RA2702,,RA2702,,All Inpatients and Day cases,d,4,,0,0,,z,0,0,,z
2022Q1,,RA2702,,RA2702,,All Inpatients and Day cases,d,4,,0,0,,z,0,0,,z
2022Q2,,RA2702,,RA2702,,All Inpatients and Day cases,d,4,,0,0,,z,0,0,,z
2022Q4,p,RA2702,,RA2702,,All Inpatients and Day cases,d,4,,0,0,,z,0,0,,z
2017Q4,,RA2702,,RA2702,,All Inpatients and Day cases,d,5,,0,0,,z,0,0,,z
2018Q3,,RA2702,,RA2702,,All Inpatients and Day cases,d,5,,0,0,,z,0,0,,z
2018Q4,,RA2702,,RA2702,,All Inpatients and Day cases,d,5,,0,0,,z,0,0,,z
2019Q2,,RA2702,,RA2702,,All Inpatients and Day cases,d,5,,0,0,,z,0,0,,z
2020Q1,,RA2702,,RA2702,,All Inpatients and Day cases,d,5,,0,0,,z,0,0,,z
2021Q1,,RA2702,,RA2702,,All Inpatients and Day cases,d,5,,0,0,,z,0,0,,z
2021Q2,,RA2702,,RA2702,,All Inpatients and Day cases,d,5,,0,0,,z,0,0,,z
2021Q3,,RA2702,,RA2702,,All Inpatients and Day cases,d,5,,0,0,,z,0,0,,z
2021Q4,,RA2702,,RA2702,,All Inpatients and Day cases,d,5,,0,0,,z,0,0,,z
2022Q1,,RA2702,,RA2702,,All Inpatients and Day cases,d,5,,0,0,,z,0,0,,z
2017Q4,,RA2704,,RA2704,,All Inpatients and Day cases,d,1,,0,0,,z,0,0,,z
2018Q1,,RA2704,,RA2704,,All Inpatients and Day cases,d,1,,0,0,,z,0,0,,z
2018Q2,,RA2704,,RA2704,,All Inpatients and Day cases,d,1,,0,0,,z,0,0,,z
2018Q3,,RA2704,,RA2704,,All Inpatients and Day cases,d,1,,0,0,,z,0,0,,z
2018Q4,,RA2704,,RA2704,,All Inpatients and Day cases,d,1,,0,0,,z,0,0,,z
2019Q1,,RA2704,,RA2704,,All Inpatients and Day cases,d,1,,0,0,,z,0,0,,z
2019Q2,,RA2704,,RA2704,,All Inpatients and Day cases,d,1,,0,0,,z,0,0,,z
2019Q3,,RA2704,,RA2704,,All Inpatients and Day cases,d,1,,0,0,,z,0,0,,z
2019Q4,,RA2704,,RA2704,,All Inpatients and Day cases,d,1,,0,0,,z,0,0,,z
2020Q1,,RA2704,,RA2704,,All Inpatients and Day cases,d,1,,0,0,,z,0,0,,z
2020Q2,,RA2704,,RA2704,,All Inpatients and Day cases,d,1,,0,0,,z,0,0,,z
2020Q3,,RA2704,,RA2704,,All Inpatients and Day cases,d,1,,0,0,,z,0,0,,z
2020Q4,,RA2704,,RA2704,,All Inpatients and Day cases,d,1,,0,0,,z,0,0,,z
2021Q1,,RA2704,,RA2704,,All Inpatients and Day cases,d,1,,0,0,,z,0,0,,z
2021Q2,,RA2704,,RA2704,,All Inpatients and Day cases,d,1,,0,0,,z,0,0,,z
2021Q3,,RA2704,,RA2704,,All Inpatients and Day cases,d,1,,0,0,,z,0,0,,z
2021Q4,,RA2704,,RA2704,,All Inpatients and Day cases,d,1,,0,0,,z,0,0,,z
2022Q1,,RA2704,,RA2704,,All Inpatients and Day cases,d,1,,0,0,,z,0,0,,z
2022Q2,,RA2704,,RA2704,,All Inpatients and Day cases,d,1,,0,0,,z,0,0,,z
2022Q3,,RA2704,,RA2704,,All Inpatients and Day cases,d,1,,0,0,,z,0,0,,z
2022Q4,p,RA2704,,RA2704,,All Inpatients and Day cases,d,1,,0,0,,z,0,0,,z
2017Q4,,RA2704,,RA2704,,All Inpatients and Day cases,d,2,,0,0,,z,0,0,,z
2018Q1,,RA2704,,RA2704,,All Inpatients and Day cases,d,2,,0,0,,z,0,0,,z
2018Q2,,RA2704,,RA2704,,All Inpatients and Day cases,d,2,,0,0,,z,0,0,,z
2018Q3,,RA2704,,RA2704,,All Inpatients and Day cases,d,2,,0,0,,z,0,0,,z
2018Q4,,RA2704,,RA2704,,All Inpatients and Day cases,d,2,,0,0,,z,0,0,,z
2019Q2,,RA2704,,RA2704,,All Inpatients and Day cases,d,2,,0,0,,z,0,0,,z
2019Q3,,RA2704,,RA2704,,All Inpatients and Day cases,d,2,,0,0,,z,0,0,,z
2019Q4,,RA2704,,RA2704,,All Inpatients and Day cases,d,2,,0,0,,z,0,0,,z
2020Q1,,RA2704,,RA2704,,All Inpatients and Day cases,d,2,,0,0,,z,0,0,,z
2020Q2,,RA2704,,RA2704,,All Inpatients and Day cases,d,2,,0,0,,z,0,0,,z
2020Q3,,RA2704,,RA2704,,All Inpatients and Day cases,d,2,,0,0,,z,0,0,,z
2020Q4,,RA2704,,RA2704,,All Inpatients and Day cases,d,2,,0,0,,z,0,0,,z
2021Q1,,RA2704,,RA2704,,All Inpatients and Day cases,d,2,,0,0,,z,0,0,,z
2021Q3,,RA2704,,RA2704,,All Inpatients and Day cases,d,2,,0,0,,z,0,0,,z
2021Q4,,RA2704,,RA2704,,All Inpatients and Day cases,d,2,,0,0,,z,0,0,,z
2022Q1,,RA2704,,RA2704,,All Inpatients and Day cases,d,2,,0,0,,z,0,0,,z
2022Q2,,RA2704,,RA2704,,All Inpatients and Day cases,d,2,,0,0,,z,0,0,,z
2022Q3,,RA2704,,RA2704,,All Inpatients and Day cases,d,2,,0,0,,z,0,0,,z
2022Q4,p,RA2704,,RA2704,,All Inpatients and Day cases,d,2,,0,0,,z,0,0,,z
2017Q4,,RA2704,,RA2704,,All Inpatients and Day cases,d,3,,0,0,,z,0,0,,z
2018Q1,,RA2704,,RA2704,,All Inpatients and Day cases,d,3,,0,0,,z,0,0,,z
2018Q2,,RA2704,,RA2704,,All Inpatients and Day cases,d,3,,0,0,,z,0,0,,z
2018Q4,,RA2704,,RA2704,,All Inpatients and Day cases,d,3,,0,0,,z,0,0,,z
2019Q1,,RA2704,,RA2704,,All Inpatients and Day cases,d,3,,0,0,,z,0,0,,z
2019Q2,,RA2704,,RA2704,,All Inpatients and Day cases,d,3,,0,0,,z,0,0,,z
2019Q3,,RA2704,,RA2704,,All Inpatients and Day cases,d,3,,0,0,,z,0,0,,z
2019Q4,,RA2704,,RA2704,,All Inpatients and Day cases,d,3,,0,0,,z,0,0,,z
2020Q1,,RA2704,,RA2704,,All Inpatients and Day cases,d,3,,0,0,,z,0,0,,z
2020Q2,,RA2704,,RA2704,,All Inpatients and Day cases,d,3,,0,0,,z,0,0,,z
2020Q3,,RA2704,,RA2704,,All Inpatients and Day cases,d,3,,0,0,,z,0,0,,z
2020Q4,,RA2704,,RA2704,,All Inpatients and Day cases,d,3,,0,0,,z,0,0,,z
2021Q1,,RA2704,,RA2704,,All Inpatients and Day cases,d,3,,0,0,,z,0,0,,z
2021Q2,,RA2704,,RA2704,,All Inpatients and Day cases,d,3,,0,0,,z,0,0,,z
2021Q3,,RA2704,,RA2704,,All Inpatients and Day cases,d,3,,0,0,,z,0,0,,z
2021Q4,,RA2704,,RA2704,,All Inpatients and Day cases,d,3,,0,0,,z,0,0,,z
2022Q1,,RA2704,,RA2704,,All Inpatients and Day cases,d,3,,0,0,,z,0,0,,z
2022Q2,,RA2704,,RA2704,,All Inpatients and Day cases,d,3,,0,0,,z,0,0,,z
2022Q3,,RA2704,,RA2704,,All Inpatients and Day cases,d,3,,0,0,,z,0,0,,z
2017Q4,,RA2704,,RA2704,,All Inpatients and Day cases,d,4,,0,0,,z,0,0,,z
2018Q1,,RA2704,,RA2704,,All Inpatients and Day cases,d,4,,0,0,,z,0,0,,z
2018Q2,,RA2704,,RA2704,,All Inpatients and Day cases,d,4,,0,0,,z,0,0,,z
2018Q3,,RA2704,,RA2704,,All Inpatients and Day cases,d,4,,0,0,,z,0,0,,z
2018Q4,,RA2704,,RA2704,,All Inpatients and Day cases,d,4,,0,0,,z,0,0,,z
2019Q2,,RA2704,,RA2704,,All Inpatients and Day cases,d,4,,0,0,,z,0,0,,z
2019Q3,,RA2704,,RA2704,,All Inpatients and Day cases,d,4,,0,0,,z,0,0,,z
2020Q1,,RA2704,,RA2704,,All Inpatients and Day cases,d,4,,0,0,,z,0,0,,z
2020Q3,,RA2704,,RA2704,,All Inpatients and Day cases,d,4,,0,0,,z,0,0,,z
2020Q4,,RA2704,,RA2704,,All Inpatients and Day cases,d,4,,0,0,,z,0,0,,z
2021Q1,,RA2704,,RA2704,,All Inpatients and Day cases,d,4,,0,0,,z,0,0,,z
2021Q3,,RA2704,,RA2704,,All Inpatients and Day cases,d,4,,0,0,,z,0,0,,z
2021Q4,,RA2704,,RA2704,,All Inpatients and Day cases,d,4,,0,0,,z,0,0,,z
2022Q1,,RA2704,,RA2704,,All Inpatients and Day cases,d,4,,0,0,,z,0,0,,z
2022Q2,,RA2704,,RA2704,,All Inpatients and Day cases,d,4,,0,0,,z,0,0,,z
2022Q3,,RA2704,,RA2704,,All Inpatients and Day cases,d,4,,0,0,,z,0,0,,z
2022Q4,p,RA2704,,RA2704,,All Inpatients and Day cases,d,4,,0,0,,z,0,0,,z
2017Q4,,RA2704,,RA2704,,All Inpatients and Day cases,d,5,,0,0,,z,0,0,,z
2018Q2,,RA2704,,RA2704,,All Inpatients and Day cases,d,5,,0,0,,z,0,0,,z
2018Q4,,RA2704,,RA2704,,All Inpatients and Day cases,d,5,,0,0,,z,0,0,,z
2019Q1,,RA2704,,RA2704,,All Inpatients and Day cases,d,5,,0,0,,z,0,0,,z
2019Q3,,RA2704,,RA2704,,All Inpatients and Day cases,d,5,,0,0,,z,0,0,,z
2020Q1,,RA2704,,RA2704,,All Inpatients and Day cases,d,5,,0,0,,z,0,0,,z
2020Q2,,RA2704,,RA2704,,All Inpatients and Day cases,d,5,,0,0,,z,0,0,,z
2020Q4,,RA2704,,RA2704,,All Inpatients and Day cases,d,5,,0,0,,z,0,0,,z
2021Q1,,RA2704,,RA2704,,All Inpatients and Day cases,d,5,,0,0,,z,0,0,,z
2021Q2,,RA2704,,RA2704,,All Inpatients and Day cases,d,5,,0,0,,z,0,0,,z
2021Q4,,RA2704,,RA2704,,All Inpatients and Day cases,d,5,,0,0,,z,0,0,,z
2022Q3,,RA2704,,RA2704,,All Inpatients and Day cases,d,5,,0,0,,z,0,0,,z
2022Q4,p,RA2704,,RA2704,,All Inpatients and Day cases,d,5,,0,0,,z,0,0,,z
